250.000,168.000,106.000,105.000
245.431,174.230,106.000,105.000
237.539,190.429,106.000,105.000
218.849,207.459,106.000,105.000
214.280,213.689,106.000,105.000
219.679,211.612,106.000,105.000
219.264,200.398,106.000,105.000
215.075,202.252,108.345,107.323
197.919,208.388,103.660,102.682
153.131,245.741,103.545,102.568
229.935,248.036,101.927,100.965
243.934,228.102,108.345,107.323
228.226,210.696,108.345,107.323
219.310,203.478,108.345,107.323
208.697,205.601,108.345,107.323
192.989,212.818,108.345,107.323
194.262,219.186,108.345,107.323
203.178,220.460,108.345,107.323
218.886,190.318,108.345,107.323
215.914,159.326,108.345,107.323
199.357,147.863,108.345,107.323
205.725,165.270,108.345,107.323
232.471,197.959,108.345,107.323
258.368,230.649,108.345,107.323
268.982,240.414,108.345,107.323
260.066,245.084,108.345,107.323
243.509,251.452,108.345,107.323
237.990,250.178,108.345,107.323
231.622,245.508,108.345,107.323
226.103,228.951,108.345,107.323
224.829,219.186,108.345,107.323
231.198,214.516,108.345,107.323
240.113,203.903,108.345,107.323
237.990,182.251,108.345,107.323
227.377,162.298,108.345,107.323
221.008,140.646,108.345,107.323
229.075,123.240,108.345,107.323
244.783,132.155,108.345,107.323
253.698,131.731,108.345,107.323
254.123,142.344,108.345,107.323
262.189,175.883,108.345,107.323
273.115,216.636,100.742,99.792
274.634,233.474,108.345,107.323
277.606,238.144,108.345,107.323
272.087,239.418,108.345,107.323
264.869,227.106,108.345,107.323
262.747,218.191,108.345,107.323
267.417,211.823,108.345,107.323
266.992,178.284,108.345,107.323
269.115,169.368,108.345,107.323
271.238,184.227,108.345,107.323
268.266,186.350,108.345,107.323
264.865,179.437,110.742,109.698
267.902,181.606,110.742,109.698
274.411,188.115,110.742,109.698
283.524,198.964,110.742,109.698
280.487,215.019,110.742,109.698
260.092,217.189,110.742,109.698
224.943,211.548,110.742,109.698
201.076,209.378,110.742,109.698
204.114,208.076,110.742,109.698
225.377,211.982,110.742,109.698
260.526,215.887,110.742,109.698
303.485,215.453,110.742,109.698
329.087,220.227,110.742,109.698
327.786,223.264,110.742,109.698
316.937,218.491,110.742,109.698
296.542,203.303,110.742,109.698
264.865,178.569,110.742,109.698
243.602,159.910,110.742,109.698
240.564,169.890,110.742,109.698
250.545,187.681,110.742,109.698
255.318,198.530,110.742,109.698
272.242,216.321,110.742,109.698
296.108,226.302,110.742,109.698
307.825,232.811,110.742,109.698
304.787,243.659,110.742,109.698
298.278,250.168,110.742,109.698
288.297,247.999,110.742,109.698
264.431,238.886,110.742,109.698
231.018,228.905,110.742,109.698
213.227,230.207,110.742,109.698
210.651,232.145,113.193,112.125
218.191,234.363,113.193,112.125
236.376,214.404,113.193,112.125
248.351,183.800,113.193,112.125
264.762,161.179,113.193,112.125
294.479,141.220,113.193,112.125
317.987,144.325,113.193,112.125
325.527,154.526,113.193,112.125
324.196,171.824,113.193,112.125
313.995,181.138,113.193,112.125
292.262,196.662,113.193,112.125
268.754,214.847,113.193,112.125
248.795,225.936,113.193,112.125
235.045,229.040,113.193,112.125
220.409,218.839,113.193,112.125
211.094,205.976,113.193,112.125
204.441,200.210,113.193,112.125
211.981,198.880,113.193,112.125
230.166,181.582,113.193,112.125
243.029,165.171,113.193,112.125
259.440,173.598,113.193,112.125
277.625,191.783,113.193,112.125
296.697,214.404,113.193,112.125
305.124,221.944,113.193,112.125
294.923,213.517,113.193,112.125
258.996,191.783,113.193,112.125
223.305,196.309,100.723,99.772
179.096,213.366,113.193,112.125
162.685,233.325,113.193,112.125
164.015,237.317,113.193,112.125
177.765,228.002,113.193,112.125
200.385,196.511,113.193,112.125
223.006,175.665,113.193,112.125
232.320,175.222,113.193,112.125
227.441,194.294,113.193,112.125
223.449,204.495,113.193,112.125
220.344,203.164,113.193,112.125
228.772,194.737,113.193,112.125
238.086,194.294,113.193,112.125
234.094,207.156,113.193,112.125
223.893,222.680,113.193,112.125
208.369,221.349,113.193,112.125
201.716,212.035,113.193,112.125
198.611,192.963,113.193,112.125
194.619,188.971,113.193,112.125
198.611,206.269,113.193,112.125
206.151,228.890,113.193,112.125
204.821,252.397,113.193,112.125
199.942,249.292,113.193,112.125
197.724,228.446,113.193,112.125
201.716,205.826,113.193,112.125
194.176,186.754,113.193,112.125
173.330,173.891,113.193,112.125
162.241,184.979,113.193,112.125
170.668,196.068,113.193,112.125
183.531,201.834,113.193,112.125
201.716,202.277,113.193,112.125
226.110,211.592,113.193,112.125
249.618,224.454,113.193,112.125
276.674,238.204,113.193,112.125
295.746,242.196,113.193,112.125
287.318,238.204,113.193,112.125
251.392,228.890,113.193,112.125
202.742,217.065,115.697,114.605
169.648,212.985,115.697,114.605
138.367,221.599,115.697,114.605
107.086,220.239,115.697,114.605
116.606,214.345,115.697,114.605
166.928,202.105,115.697,114.605
214.529,192.584,115.697,114.605
224.957,183.971,115.697,114.605
226.317,187.144,115.697,114.605
234.024,198.478,115.697,114.605
239.917,209.812,115.697,114.605
230.397,214.798,115.697,114.605
196.395,217.972,115.697,114.605
172.368,222.052,115.697,114.605
174.635,222.505,115.697,114.605
211.262,220.669,113.230,112.161
258.736,211.351,113.230,112.161
275.153,211.795,113.230,112.161
269.385,214.901,113.230,112.161
258.293,208.246,113.230,112.161
252.525,194.491,113.230,112.161
246.209,188.187,115.735,114.643
250.290,182.292,115.735,114.643
264.349,190.908,115.735,114.643
272.965,196.804,115.735,114.643
265.256,199.978,115.735,114.643
240.313,207.688,115.735,114.643
212.271,227.579,103.038,102.066
192.442,244.570,102.389,101.424
175.024,243.542,115.735,114.643
180.920,241.274,115.735,114.643
201.327,235.379,115.735,114.643
207.105,228.935,118.296,117.180
189.027,226.617,118.296,117.180
170.949,223.373,118.296,117.180
167.704,217.347,118.296,117.180
188.563,213.175,118.296,117.180
233.526,212.712,118.296,117.180
273.853,195.561,118.296,117.180
272.463,189.535,118.296,117.180
246.041,186.290,118.296,117.180
210.349,179.337,118.296,117.180
193.199,175.165,118.296,117.180
176.975,179.337,118.296,117.180
166.314,181.655,118.296,117.180
170.485,184.900,118.296,117.180
204.323,189.998,118.296,117.180
255.775,191.389,118.296,117.180
290.540,186.290,118.296,117.180
288.223,183.973,118.296,117.180
271.072,188.144,118.296,117.180
252.067,192.316,118.296,117.180
231.208,202.977,118.296,117.180
207.568,207.149,118.296,117.180
173.730,202.977,118.296,117.180
142.674,183.973,118.296,117.180
138.502,179.801,118.296,117.180
156.580,182.118,118.296,117.180
181.147,188.144,118.296,117.180
191.808,189.535,118.296,117.180
186.709,184.436,118.296,117.180
194.589,176.556,118.296,117.180
204.323,164.041,118.296,117.180
212.203,166.358,118.296,117.180
211.740,177.020,118.296,117.180
205.714,187.681,118.296,117.180
197.834,201.123,118.296,117.180
221.049,231.725,99.234,98.298
219.044,242.789,118.296,117.180
208.383,246.034,118.296,117.180
188.451,240.008,118.296,117.180
180.571,210.806,118.296,117.180
176.399,176.041,118.296,117.180
184.228,150.218,120.913,119.772
196.073,151.639,120.913,119.772
215.498,166.326,120.913,119.772
234.923,177.224,120.913,119.772
240.322,179.871,118.334,117.218
232.440,177.552,118.334,117.218
211.574,186.362,118.334,117.218
189.781,196.100,118.334,117.218
181.898,205.837,118.334,117.218
186.071,209.083,118.334,117.218
180.043,205.837,118.334,117.218
181.752,188.763,115.811,114.718
197.635,164.712,115.811,114.718
229.925,160.249,113.341,112.272
278.133,170.681,99.696,98.755
301.250,189.580,98.122,97.196
293.808,207.968,113.341,112.272
290.700,216.407,113.341,112.272
293.808,219.515,113.341,112.272
297.805,215.518,113.341,112.272
290.255,222.180,113.341,112.272
264.941,226.177,113.341,112.272
239.626,223.068,113.341,112.272
230.299,233.283,113.341,112.272
219.196,237.280,113.341,112.272
205.429,232.395,113.341,112.272
206.761,216.851,113.341,112.272
212.535,204.859,113.341,112.272
219.196,198.198,113.341,112.272
234.741,197.754,113.341,112.272
248.508,196.421,113.341,112.272
255.170,179.989,113.341,112.272
259.167,162.668,113.341,112.272
281.111,184.998,97.194,96.277
291.521,223.578,97.767,96.845
286.468,251.638,96.594,95.683
261.385,254.170,113.341,112.272
251.171,236.849,113.341,112.272
247.174,200.876,113.341,112.272
241.400,167.567,113.341,112.272
237.403,152.911,113.341,112.272
222.747,161.349,113.341,112.272
207.203,165.346,113.341,112.272
215.641,170.231,113.341,112.272
243.621,160.017,113.341,112.272
264.494,143.584,113.341,112.272
276.485,137.811,113.341,112.272
274.265,156.908,113.341,112.272
259.609,176.005,113.341,112.272
242.288,181.779,113.341,112.272
237.403,183.111,113.341,112.272
238.735,179.114,113.341,112.272
246.285,183.999,113.341,112.272
238.735,200.432,113.341,112.272
208.979,207.982,113.341,112.272
201.429,204.873,113.341,112.272
208.979,205.317,113.341,112.272
228.076,187.108,113.341,112.272
239.130,181.884,110.924,109.878
241.304,191.881,110.924,109.878
238.261,197.531,110.924,109.878
236.088,201.443,110.924,109.878
230.438,207.094,110.924,109.878
212.617,224.045,110.924,109.878
207.836,233.173,110.924,109.878
217.833,237.954,110.924,109.878
220.875,231.434,110.924,109.878
216.963,224.045,110.924,109.878
212.182,221.002,110.924,109.878
221.310,218.829,110.924,109.878
251.301,195.793,110.924,109.878
274.337,164.933,110.924,109.878
279.987,157.544,110.924,109.878
276.945,169.279,110.924,109.878
280.835,195.072,97.007,96.092
267.118,220.539,110.924,109.878
261.467,225.320,110.924,109.878
241.039,223.147,110.924,109.878
219.741,225.320,110.924,109.878
214.960,235.317,110.924,109.878
224.957,243.575,110.924,109.878
234.954,243.140,110.924,109.878
234.519,227.059,110.924,109.878
241.039,210.977,110.924,109.878
251.905,211.411,110.924,109.878
284.504,211.846,110.924,109.878
300.586,208.803,110.924,109.878
293.197,203.153,110.924,109.878
281.461,200.110,110.924,109.878
268.856,210.977,110.924,109.878
264.075,227.928,110.924,109.878
256.686,237.055,110.924,109.878
252.774,240.098,110.924,109.878
261.033,234.448,110.924,109.878
264.945,226.189,110.924,109.878
260.163,217.062,110.924,109.878
254.878,206.376,113.378,112.309
255.322,202.378,113.378,112.309
257.294,196.987,115.887,114.793
262.289,192.900,115.887,114.793
266.376,184.272,115.887,114.793
264.106,192.900,115.887,114.793
272.733,206.977,115.887,114.793
281.361,221.054,115.887,114.793
288.287,226.217,113.415,112.345
272.732,224.884,113.415,112.345
248.290,231.550,113.415,112.345
223.847,234.661,113.415,112.345
209.182,219.107,113.415,112.345
200.738,196.442,113.415,112.345
200.294,172.888,113.415,112.345
206.960,159.111,113.415,112.345
220.591,170.161,110.997,109.950
238.124,180.137,108.630,107.605
245.360,181.414,108.630,107.605
251.745,186.948,108.630,107.605
264.089,200.994,108.630,107.605
293.330,237.780,90.160,89.309
291.129,247.584,108.630,107.605
284.744,243.753,108.630,107.605
274.954,215.234,108.630,107.605
266.015,202.890,108.630,107.605
246.860,196.505,108.630,107.605
224.301,202.039,108.630,107.605
215.362,212.680,108.630,107.605
222.598,228.429,108.630,107.605
243.455,223.747,108.630,107.605
261.758,226.727,108.630,107.605
271.549,232.260,108.630,107.605
272.826,241.199,108.630,107.605
269.846,255.246,108.630,107.605
267.718,259.928,108.630,107.605
269.846,254.394,108.630,107.605
271.123,250.563,108.630,107.605
273.251,242.476,108.630,107.605
273.677,231.835,108.630,107.605
270.322,235.854,106.313,105.310
260.741,242.936,106.313,105.310
252.826,243.352,106.313,105.310
249.910,235.437,106.313,105.310
251.159,220.857,106.313,105.310
247.410,215.441,106.313,105.310
242.828,220.024,106.313,105.310
247.410,227.106,106.313,105.310
259.491,229.189,106.313,105.310
275.738,223.773,106.313,105.310
288.652,210.859,106.313,105.310
291.568,193.779,106.313,105.310
286.985,189.197,106.313,105.310
281.570,197.112,106.313,105.310
277.821,205.860,106.313,105.310
260.741,209.609,106.313,105.310
240.328,205.027,106.313,105.310
224.082,193.779,106.313,105.310
219.499,197.528,106.313,105.310
235.323,220.685,88.547,87.711
261.915,272.668,87.149,86.327
273.838,282.262,104.046,103.064
297.893,269.623,104.046,103.064
313.793,247.200,104.046,103.064
311.754,233.746,104.046,103.064
295.039,224.369,104.046,103.064
275.062,232.931,104.046,103.064
247.746,237.415,104.046,103.064
223.692,235.377,104.046,103.064
242.853,233.338,104.046,103.064
281.585,237.823,104.046,103.064
308.900,238.231,104.046,103.064
327.247,230.485,104.046,103.064
336.624,229.261,104.046,103.064
345.199,238.613,101.827,100.867
347.194,236.618,101.827,100.867
349.189,229.036,101.827,100.867
340.012,235.022,101.827,100.867
318.067,252.977,101.827,100.867
297.718,261.356,101.827,100.867
294.127,258.563,101.827,100.867
303.304,247.790,101.827,100.867
311.683,240.209,101.827,100.867
326.446,251.780,101.827,100.867
344.069,259.393,99.656,98.716
353.831,252.755,99.656,98.716
344.069,235.963,99.656,98.716
319.993,196.983,86.390,85.575
286.354,165.750,99.656,98.716
281.278,173.950,99.656,98.716
278.544,191.523,99.656,98.716
271.906,211.438,99.656,98.716
249.648,233.696,99.656,98.716
228.951,240.334,99.656,98.716
219.189,242.287,99.656,98.716
219.580,245.020,99.656,98.716
229.342,248.535,99.656,98.716
245.352,242.677,99.656,98.716
250.429,213.390,99.656,98.716
239.885,184.103,99.656,98.716
233.247,172.779,99.656,98.716
227.389,181.760,99.656,98.716
209.817,197.770,99.656,98.716
193.807,205.971,99.656,98.716
188.731,207.923,99.656,98.716
184.435,213.781,99.656,98.716
179.359,229.010,99.656,98.716
182.873,234.086,99.656,98.716
202.007,236.039,99.656,98.716
233.637,232.524,99.656,98.716
266.048,224.324,99.656,98.716
293.773,216.124,99.656,98.716
309.003,225.105,99.656,98.716
310.174,241.896,99.656,98.716
284.792,246.192,99.656,98.716
243.790,237.210,99.656,98.716
211.379,220.419,99.656,98.716
188.340,214.562,99.656,98.716
179.359,227.448,99.656,98.716
202.398,230.962,99.656,98.716
230.123,223.543,99.656,98.716
244.571,205.190,99.656,98.716
260.581,193.084,99.656,98.716
287.525,196.599,99.656,98.716
318.374,203.237,99.656,98.716
331.261,206.752,99.656,98.716
323.841,202.456,99.656,98.716
301.583,199.723,99.656,98.716
278.300,190.621,87.596,86.770
234.330,158.423,99.656,98.716
245.654,147.098,99.656,98.716
276.503,141.241,99.656,98.716
294.075,133.040,99.656,98.716
300.714,117.030,99.656,98.716
297.980,125.231,99.656,98.716
296.809,144.365,99.656,98.716
312.486,204.455,85.917,85.107
303.603,224.532,99.656,98.716
304.774,227.266,99.656,98.716
300.479,217.504,99.656,98.716
294.621,202.274,99.656,98.716
288.764,192.512,99.656,98.716
285.250,174.940,99.656,98.716
293.476,151.703,86.035,85.223
292.757,108.857,86.372,85.557
303.625,75.272,99.656,98.716
330.794,103.784,85.552,84.745
338.381,147.682,85.594,84.787
317.620,168.381,99.656,98.716
301.610,185.953,99.656,98.716
288.724,204.306,99.656,98.716
278.962,219.536,99.656,98.716
271.542,226.174,99.656,98.716
266.466,228.907,99.656,98.716
270.761,234.765,99.656,98.716
278.181,235.155,99.656,98.716
286.381,225.393,99.656,98.716
291.457,215.631,99.656,98.716
303.563,200.401,99.656,98.716
313.325,187.515,99.656,98.716
318.401,190.249,99.656,98.716
328.164,198.449,99.656,98.716
330.116,216.021,99.656,98.716
314.887,237.498,99.656,98.716
294.972,255.851,99.656,98.716
272.714,260.928,99.656,98.716
262.170,258.975,99.656,98.716
257.094,257.023,99.656,98.716
252.940,245.834,83.754,82.964
237.233,208.791,97.531,96.610
258.252,180.893,97.531,96.610
277.743,175.160,97.531,96.610
291.883,181.657,97.531,96.610
307.552,197.326,97.531,96.610
324.749,212.995,97.531,96.610
349.528,241.680,80.217,79.460
345.811,253.331,97.531,96.610
341.607,260.592,97.531,96.610
325.938,263.267,97.531,96.610
296.511,267.471,97.531,96.610
253.007,269.971,99.688,98.748
217.460,268.799,99.688,98.748
212.382,252.783,99.688,98.748
219.023,226.612,99.688,98.748
217.851,200.440,99.688,98.748
234.648,188.331,99.688,98.748
265.507,180.909,99.688,98.748
287.772,184.424,99.688,98.748
306.132,182.471,99.688,98.748
313.553,189.112,99.688,98.748
318.631,198.877,99.688,98.748
323.710,214.112,99.688,98.748
309.257,230.127,99.688,98.748
279.960,232.861,99.688,98.748
248.701,235.374,85.438,84.632
204.095,235.667,85.828,85.018
178.743,225.224,99.688,98.748
188.508,227.177,99.688,98.748
238.403,234.213,85.509,84.703
248.048,225.175,99.688,98.748
253.126,221.659,99.688,98.748
277.414,229.290,85.964,85.153
358.384,220.723,85.752,84.943
363.462,207.899,99.688,98.748
357.135,207.238,86.757,85.939
304.192,207.327,85.848,85.038
210.536,215.064,101.894,100.933
158.233,213.068,101.894,100.933
156.236,210.273,101.894,100.933
201.179,189.148,82.777,81.996
213.483,162.414,101.894,100.933
215.479,154.030,101.894,100.933
226.492,174.726,83.588,82.799
239.697,206.820,83.407,82.620
243.411,234.167,83.133,82.349
229.541,244.342,101.894,100.933
235.530,257.518,101.894,100.933
244.698,263.597,99.721,98.780
242.507,261.681,83.873,83.082
218.499,251.815,99.721,98.780
231.646,274.885,83.292,82.506
260.047,290.996,84.243,83.448
269.828,282.094,99.721,98.780
278.028,277.703,83.806,83.015
275.366,257.953,84.528,83.730
284.313,220.705,85.026,84.224
277.980,166.989,84.501,83.704
251.941,147.274,99.721,98.780
235.921,157.043,99.721,98.780
226.933,174.627,99.721,98.780
221.854,207.059,99.721,98.780
220.681,237.928,99.721,98.780
229.669,251.604,99.721,98.780
239.437,246.525,99.721,98.780
242.954,231.285,99.721,98.780
243.345,224.643,99.721,98.780
253.114,221.126,99.721,98.780
276.168,214.483,99.721,98.780
277.340,200.025,99.721,98.780
266.008,186.349,99.721,98.780
275.777,179.706,99.721,98.780
289.453,175.408,99.721,98.780
292.188,192.992,99.721,98.780
279.294,222.298,99.721,98.780
267.962,250.823,99.721,98.780
280.075,258.247,99.721,98.780
285.155,253.949,99.721,98.780
272.260,240.273,99.721,98.780
267.181,234.411,99.721,98.780
269.916,234.802,99.721,98.780
271.870,231.285,99.721,98.780
263.664,225.424,99.721,98.780
257.021,217.218,99.721,98.780
254.286,216.828,99.721,98.780
248.425,221.907,99.721,98.780
236.311,223.861,99.721,98.780
237.484,220.344,99.721,98.780
271.600,222.644,85.225,84.421
283.435,217.355,99.721,98.780
276.792,228.686,99.721,98.780
256.083,233.766,99.721,98.780
253.347,235.720,99.721,98.780
259.209,228.296,99.721,98.780
264.288,213.056,99.721,98.780
263.898,208.758,99.721,98.780
268.977,214.619,99.721,98.780
277.183,217.355,99.721,98.780
274.448,218.527,99.721,98.780
268.587,217.355,99.721,98.780
266.633,213.056,99.721,98.780
270.931,218.136,99.721,98.780
272.103,226.342,99.721,98.780
274.768,247.723,83.541,82.753
262.317,244.726,99.721,98.780
270.523,238.865,99.721,98.780
280.292,222.844,99.721,98.780
279.901,216.201,99.721,98.780
274.040,228.314,99.721,98.780
265.052,236.520,99.721,98.780
263.099,235.348,99.721,98.780
275.307,217.866,84.244,83.449
269.460,204.276,99.721,98.780
272.195,213.263,99.721,98.780
271.023,227.721,99.721,98.780
266.724,233.582,99.721,98.780
260.863,237.881,99.721,98.780
264.380,232.019,99.721,98.780
263.208,226.940,99.721,98.780
258.128,228.893,99.721,98.780
256.691,245.071,84.481,83.684
246.272,247.228,99.721,98.780
245.100,246.838,99.721,98.780
250.961,240.195,99.721,98.780
249.008,234.334,99.721,98.780
245.491,242.539,99.721,98.780
245.100,252.308,99.721,98.780
250.180,258.169,99.721,98.780
249.008,261.686,99.721,98.780
248.617,259.732,99.721,98.780
254.471,260.353,85.057,84.254
243.002,252.619,95.513,94.612
239.634,248.502,95.513,94.612
241.505,236.152,95.513,94.612
241.131,224.549,95.513,94.612
240.008,221.181,95.513,94.612
242.628,226.047,95.513,94.612
248.242,222.678,95.513,94.612
250.862,215.567,95.513,94.612
252.733,209.953,95.513,94.612
259.882,222.291,85.209,84.405
253.610,236.278,95.513,94.612
256.230,241.892,95.513,94.612
253.610,240.769,95.513,94.612
254.733,234.407,95.513,94.612
264.838,225.799,95.513,94.612
265.960,229.916,95.513,94.612
262.592,236.278,95.513,94.612
254.733,240.395,95.513,94.612
251.364,239.272,95.513,94.612
253.984,232.910,95.513,94.612
252.113,226.547,95.513,94.612
248.369,239.411,83.979,83.187
236.243,252.041,95.513,94.612
238.863,256.157,95.513,94.612
248.968,255.783,95.513,94.612
268.804,248.672,95.513,94.612
278.909,231.830,95.513,94.612
263.564,238.193,95.513,94.612
245.974,252.789,95.513,94.612
264.312,256.157,95.513,94.612
290.452,254.669,82.387,81.610
279.775,241.059,95.513,94.612
258.442,230.954,95.513,94.612
240.852,230.580,95.513,94.612
236.735,233.200,95.513,94.612
240.103,229.832,95.513,94.612
239.729,227.960,95.513,94.612
236.361,229.083,95.513,94.612
233.741,229.457,95.513,94.612
241.600,236.568,95.513,94.612
241.974,245.176,95.513,94.612
258.011,255.177,83.974,83.182
317.013,254.544,83.484,82.696
318.861,245.969,95.513,94.612
301.786,247.039,84.000,83.207
249.012,261.286,82.964,82.182
219.162,271.915,95.513,94.612
224.776,274.535,95.513,94.612
249.103,268.172,95.513,94.612
256.214,261.061,95.513,94.612
246.109,263.681,95.513,94.612
227.770,262.559,95.513,94.612
215.419,265.178,95.513,94.612
224.027,268.547,95.513,94.612
239.372,267.424,95.513,94.612
245.735,263.307,95.513,94.612
245.360,256.196,95.513,94.612
239.525,253.237,93.476,92.595
236.228,249.208,93.476,92.595
245.385,241.516,93.476,92.595
250.147,233.824,93.476,92.595
246.851,228.330,93.476,92.595
245.752,222.836,93.476,92.595
251.246,217.341,93.476,92.595
259.210,226.570,83.977,83.185
252.230,254.931,83.359,82.573
239.964,290.676,81.749,80.977
239.081,291.760,81.851,81.079
241.061,272.603,91.483,90.620
247.872,253.604,91.483,90.620
256.116,236.039,91.483,90.620
261.493,219.191,91.483,90.620
257.286,203.918,89.532,88.687
249.919,188.833,89.532,88.687
251.673,174.449,89.532,88.687
256.935,165.678,89.532,88.687
270.312,170.997,81.947,81.174
278.615,187.292,81.529,80.760
281.853,212.661,81.315,80.548
285.613,245.164,81.194,80.428
278.749,245.197,87.623,86.796
275.659,226.313,87.623,86.796
278.062,207.429,87.623,86.796
293.513,201.592,87.623,86.796
320.526,210.562,82.214,81.439
318.292,220.026,87.623,86.796
306.275,223.803,87.623,86.796
294.945,227.580,87.623,86.796
294.601,232.730,87.623,86.796
306.052,250.107,82.812,82.031
316.987,277.264,80.963,80.200
317.561,281.989,87.623,86.796
315.191,274.894,80.110,79.354
304.115,256.481,79.679,78.928
294.433,237.910,87.623,86.796
290.657,213.532,87.623,86.796
288.940,206.322,87.623,86.796
287.223,212.845,87.623,86.796
303.955,225.308,80.098,79.342
308.903,231.665,87.623,86.796
312.680,236.129,87.623,86.796
308.216,241.965,87.623,86.796
301.693,255.356,87.623,86.796
295.856,253.639,87.623,86.796
292.766,247.802,87.623,86.796
292.422,233.038,87.623,86.796
296.886,218.275,87.623,86.796
299.976,206.944,87.623,86.796
298.259,201.794,87.623,86.796
302.723,203.511,87.623,86.796
310.619,208.661,87.623,86.796
335.499,224.799,77.961,77.226
340.522,243.367,77.678,76.945
321.492,257.919,78.213,77.475
286.934,258.879,78.820,78.077
261.029,257.736,87.623,86.796
251.733,247.646,77.646,76.913
240.107,227.293,76.928,76.202
238.436,192.227,77.245,76.517
253.818,181.538,77.001,76.274
275.175,189.049,75.792,75.077
285.917,201.562,75.920,75.203
278.507,211.120,87.652,86.825
282.972,213.524,87.652,86.825
287.437,216.615,87.652,86.825
291.901,218.332,87.652,86.825
290.871,220.736,87.652,86.825
289.154,223.827,87.652,86.825
