478.000,143.000,80.000,111.000
474.627,146.373,80.000,111.000
474.253,143.749,80.000,111.000
474.627,140.377,80.000,111.000
472.004,139.253,80.000,111.000
473.128,136.629,80.000,111.000
471.255,134.756,80.000,111.000
470.880,133.631,80.000,111.000
469.006,132.507,80.000,111.000
470.130,131.383,80.000,111.000
468.257,129.509,80.000,111.000
468.631,129.134,80.000,111.000
466.008,128.760,80.000,111.000
467.882,129.134,80.000,111.000
466.758,128.010,80.000,111.000
467.132,125.387,80.000,111.000
467.507,125.762,80.000,111.000
464.884,126.886,80.000,111.000
463.760,127.261,80.000,111.000
461.886,128.385,80.000,111.000
461.511,129.509,80.000,111.000
458.139,131.383,80.000,111.000
454.766,130.259,80.000,111.000
450.644,130.633,80.000,111.000
446.522,132.507,80.000,111.000
441.650,134.381,80.000,111.000
420.653,127.393,90.317,125.314
414.211,130.664,90.755,125.922
406.686,133.597,91.610,127.108
398.196,137.866,91.726,127.270
388.936,142.635,92.331,128.110
379.172,146.982,93.299,129.453
368.499,150.303,93.839,130.201
358.958,154.190,95.162,132.038
347.058,157.571,95.462,132.453
350.193,164.574,83.579,115.966
342.754,169.664,83.579,115.966
311.020,161.944,98.660,136.891
297.403,163.614,99.456,137.996
286.049,165.205,99.335,137.828
274.264,163.827,100.347,139.231
265.414,164.757,100.945,140.061
257.582,165.085,101.390,140.679
273.936,184.090,83.607,116.004
246.118,165.814,103.448,143.534
244.327,166.203,104.916,145.572
242.296,166.639,106.193,147.343
242.789,166.853,107.480,149.129
271.147,188.101,85.456,118.571
246.901,166.271,110.174,152.866
248.990,164.118,111.146,154.216
272.773,177.560,87.347,121.194
254.584,158.692,112.160,155.622
255.935,154.751,112.543,156.153
258.195,148.302,112.793,156.500
280.366,157.199,89.280,123.876
261.268,127.588,113.609,157.632
261.299,116.595,114.162,158.399
261.645,104.565,113.277,157.172
263.021,92.359,113.240,157.120
263.011,82.930,112.502,156.097
263.331,73.726,111.607,154.855
263.992,63.711,110.842,153.793
264.172,55.335,109.511,151.946
264.610,49.232,108.665,150.772
264.269,43.997,107.089,148.586
265.362,39.766,105.523,146.413
265.617,35.314,103.343,143.389
266.338,31.713,101.465,140.782
268.961,30.264,99.620,138.223
270.553,28.811,97.423,135.175
274.685,28.423,95.710,132.798
277.741,28.839,93.461,129.677
282.381,31.076,91.325,126.714
286.784,32.379,89.654,124.395
292.151,34.189,88.105,122.246
297.667,36.406,86.716,120.319
304.110,39.194,85.601,118.771
310.344,40.891,84.683,117.498
318.033,44.042,84.211,116.843
325.552,45.999,83.737,116.184
333.060,46.126,83.578,115.965
342.356,46.282,83.711,116.149
351.280,46.144,83.974,116.514
361.162,46.214,84.577,117.351
371.249,46.053,84.889,117.784
382.888,47.032,85.551,118.702
395.445,48.193,86.442,119.938
407.778,49.341,86.994,120.705
421.301,51.718,86.951,120.644
433.934,54.983,86.902,120.576
447.068,58.745,86.205,119.610
460.060,62.985,86.598,120.154
473.805,67.803,86.375,119.845
484.481,71.781,87.367,121.222
492.913,73.850,88.378,122.624
502.077,77.698,88.943,123.408
507.709,79.859,90.594,125.699
510.932,83.839,91.616,127.118
512.954,88.474,92.067,127.743
512.262,92.453,92.600,128.483
510.772,96.034,92.985,129.016
507.378,99.419,92.696,128.615
502.741,103.503,92.662,128.568
497.087,107.996,92.115,127.809
490.251,111.655,91.667,127.188
482.912,114.854,91.698,127.230
477.892,126.222,87.519,121.433
471.742,129.092,87.519,121.433
467.233,130.322,87.519,121.433
462.239,135.963,85.653,118.843
454.615,133.957,85.653,118.843
443.782,140.778,85.653,118.843
423.948,135.483,96.153,133.412
416.498,138.783,96.511,133.909
408.500,142.297,97.502,135.284
400.964,146.915,98.357,136.470
393.804,150.732,99.249,137.708
385.787,154.607,99.910,138.624
378.545,159.366,100.703,139.725
370.852,164.779,101.180,140.387
363.329,168.986,101.983,141.502
355.696,172.944,102.747,142.562
347.674,177.133,102.643,142.418
339.012,180.504,103.314,143.348
330.299,182.360,103.965,144.251
323.292,185.654,104.017,144.323
337.507,198.493,89.485,124.160
310.323,187.559,104.880,145.522
326.646,196.806,89.485,124.160
303.841,186.921,103.945,144.224
322.213,195.519,89.485,124.160
304.265,187.548,102.897,142.769
328.603,198.446,87.576,121.512
334.757,200.497,87.576,121.512
319.612,189.739,101.344,140.614
345.635,197.918,87.576,121.512
353.430,204.072,87.576,121.512
348.076,196.614,98.894,137.216
359.832,201.315,97.826,135.734
371.625,205.342,97.243,134.925
383.225,208.677,96.805,134.317
395.553,213.264,96.374,133.719
408.857,218.241,95.773,132.885
420.795,221.598,95.668,132.740
430.867,224.627,95.962,133.147
439.485,230.061,96.414,133.774
445.476,235.413,97.357,135.083
452.907,246.551,91.495,126.949
456.765,249.552,91.495,126.949
459.765,249.123,91.495,126.949
459.336,247.837,91.495,126.949
455.479,245.694,91.495,126.949
451.622,243.551,91.495,126.949
446.907,239.694,91.495,126.949
444.764,233.265,91.495,126.949
442.621,231.979,91.495,126.949
434.295,217.980,99.558,138.137
432.896,216.162,100.268,139.122
433.158,212.861,101.651,141.041
433.295,208.680,103.115,143.072
433.801,205.209,104.526,145.030
434.250,200.036,105.841,146.855
434.510,196.669,107.400,149.017
433.293,195.216,108.725,150.856
432.880,196.426,109.628,152.109
429.875,196.679,109.946,152.550
426.866,195.613,111.508,154.717
420.513,193.455,112.840,156.565
418.619,203.752,106.641,147.964
412.125,200.255,106.641,147.964
407.629,196.758,106.641,147.964
400.136,199.256,106.641,147.964
391.182,195.028,109.000,151.238
352.925,184.899,114.810,159.298
339.134,184.998,113.735,157.808
323.833,183.617,112.157,155.617
309.577,181.096,111.004,154.019
315.723,179.077,106.711,148.061
281.117,174.996,108.309,150.278
289.914,173.106,106.711,148.061
256.095,170.326,106.561,147.853
256.021,167.223,106.711,148.061
236.831,168.641,103.569,143.702
228.706,169.055,102.794,142.627
220.558,169.420,101.990,141.512
212.285,171.856,100.875,139.964
204.084,173.610,100.686,139.702
210.069,172.430,106.711,148.061
204.571,176.929,106.711,148.061
199.072,182.427,106.711,148.061
194.574,184.926,106.711,148.061
189.075,188.425,106.711,148.061
185.576,190.925,106.711,148.061
181.077,191.425,106.711,148.061
176.578,195.923,106.711,148.061
175.079,192.424,106.711,148.061
169.580,199.922,106.711,148.061
170.080,196.423,106.711,148.061
166.581,199.922,106.711,148.061
167.081,194.424,106.711,148.061
164.582,199.922,106.711,148.061
165.081,195.424,106.711,148.061
162.582,197.923,106.711,148.061
162.082,193.424,106.711,148.061
162.582,188.925,106.711,148.061
157.084,183.427,106.711,148.061
158.583,176.929,106.711,148.061
153.085,170.430,106.711,148.061
147.586,164.932,106.711,148.061
140.088,156.434,106.711,148.061
111.495,150.184,100.991,140.125
108.521,139.551,102.049,141.593
105.683,127.216,102.811,142.650
112.738,112.621,109.072,151.337
103.427,102.253,103.264,143.278
102.516,90.703,103.184,143.168
104.638,79.565,103.364,143.417
105.593,68.601,103.034,142.960
108.613,58.649,102.049,141.593
112.290,46.433,100.674,139.685
116.799,36.390,100.611,139.598
124.536,27.556,99.350,137.848
133.955,19.374,99.493,138.047
142.614,13.604,99.345,137.842
154.635,8.919,98.728,136.985
165.150,7.110,98.205,136.259
176.942,4.286,96.494,133.885
190.527,2.512,95.184,132.068
202.978,2.344,94.202,130.705
207.642,5.872,100.061,138.835
219.360,1.654,100.061,138.835
229.203,-0.690,100.061,138.835
237.171,-1.158,100.061,138.835
244.111,3.484,97.927,135.874
248.250,3.607,95.839,132.977
251.393,7.647,95.839,132.977
255.433,9.892,95.839,132.977
253.426,13.473,93.795,130.141
257.381,14.791,93.795,130.141
253.426,18.746,93.795,130.141
257.381,17.428,93.795,130.141
252.548,20.503,93.795,130.141
254.818,20.620,91.795,127.366
250.409,26.537,89.837,124.650
249.147,27.800,89.837,124.650
248.076,30.346,87.922,121.991
247.029,35.219,86.047,119.390
249.889,39.212,84.212,116.844
248.706,41.973,84.212,116.844
249.873,42.461,79.610,110.459
252.699,42.726,79.189,109.875
255.164,44.150,78.669,109.154
252.890,47.994,82.416,114.352
258.606,52.562,80.658,111.913
262.762,53.696,80.658,111.913
267.674,56.340,80.658,111.913
271.074,52.940,80.658,111.913
275.986,51.051,80.658,111.913
279.387,48.406,80.658,111.913
282.031,51.051,80.658,111.913
284.676,49.917,80.658,111.913
283.543,54.074,80.658,111.913
286.943,52.184,80.658,111.913
283.543,54.074,80.658,111.913
286.943,51.429,80.658,111.913
284.298,55.585,80.658,111.913
283.338,58.599,78.938,109.527
282.968,59.708,78.938,109.527
282.598,62.297,78.938,109.527
280.749,64.885,78.938,109.527
279.640,68.213,78.938,109.527
277.051,69.322,78.938,109.527
278.900,70.432,78.938,109.527
277.051,72.280,78.938,109.527
279.640,74.129,78.938,109.527
278.530,78.197,78.938,109.527
281.867,81.860,77.255,107.191
279.919,85.404,74.011,102.690
280.419,87.474,73.718,102.284
286.245,92.216,72.417,100.479
280.469,92.642,73.429,101.882
280.373,95.819,73.416,101.865
286.133,100.079,70.873,98.336
280.880,100.553,73.274,101.667
281.021,102.015,73.477,101.949
281.932,105.424,73.607,102.129
281.054,108.573,73.374,101.806
281.127,111.424,73.266,101.657
288.139,116.244,70.873,98.336
282.377,118.731,73.491,101.969
284.607,122.843,73.275,101.670
286.425,125.541,73.152,101.498
289.001,129.115,73.145,101.488
291.300,132.184,73.077,101.394
293.503,135.465,72.615,100.754
294.792,138.614,72.670,100.830
296.155,142.570,72.541,100.651
296.243,145.787,72.839,101.064
297.664,149.334,72.822,101.041
298.919,152.287,73.228,101.604
300.995,154.981,72.923,101.181
303.554,157.198,72.657,100.812
306.025,159.959,72.117,100.063
307.064,160.838,71.732,99.528
307.473,161.928,71.525,99.241
308.012,163.492,71.918,99.786
306.925,165.227,72.305,100.323
306.197,166.891,71.885,99.740
305.791,167.168,72.340,100.372
305.348,168.231,71.953,99.835
304.525,168.869,72.387,100.437
304.678,169.150,71.451,99.139
306.364,169.049,71.497,99.201
306.945,167.768,71.598,99.342
307.107,165.462,71.104,98.656
308.223,162.978,71.484,99.184
308.093,159.100,72.278,100.286
307.576,156.258,72.396,100.449
306.486,152.336,72.262,100.263
306.389,147.801,72.706,100.880
305.364,141.614,72.583,100.709
304.619,135.127,72.558,100.675
303.691,128.693,72.769,100.967
305.094,121.704,72.861,101.095
305.523,115.021,72.765,100.961
306.705,108.763,73.203,101.569
307.334,101.255,73.548,102.048
309.381,95.210,73.813,102.416
311.015,89.095,74.268,103.047
313.188,83.738,74.646,103.572
315.957,78.027,75.149,104.269
319.344,72.438,75.497,104.753
336.246,83.637,57.205,79.372
338.671,79.144,58.470,81.128
327.815,56.174,76.051,105.521
330.931,50.022,76.380,105.978
335.847,45.439,76.883,106.675
339.615,40.457,77.226,107.151
345.880,36.203,77.318,107.279
352.726,32.173,77.516,107.554
360.221,28.182,77.727,107.847
366.981,22.784,78.723,109.228
374.888,19.377,78.815,109.356
382.995,14.180,79.530,110.348
391.873,10.497,80.507,111.704
400.163,10.513,80.497,111.689
409.387,10.949,80.656,111.910
419.033,14.218,80.076,111.105
428.196,18.310,79.638,110.498
437.837,23.160,79.947,110.927
446.278,27.603,80.319,111.443
453.712,33.493,80.308,111.428
461.610,39.803,80.272,111.377
469.126,46.459,80.111,111.154
474.686,52.991,79.618,110.470
478.306,61.454,79.610,110.459
479.094,68.851,78.563,109.006
477.229,76.989,77.832,107.992
475.073,85.437,76.852,106.632
472.468,90.397,75.953,105.385
469.380,95.286,75.433,104.663
465.627,101.380,75.043,104.122
461.886,108.102,74.170,102.911
458.955,113.733,73.087,101.409
456.761,119.648,72.561,100.679
454.027,123.859,72.401,100.456
453.871,128.905,71.730,99.526
459.973,137.111,71.199,98.788
460.973,141.447,71.199,98.788
459.973,146.449,71.199,98.788
461.640,152.119,71.199,98.788
455.960,158.622,71.354,99.004
456.310,163.109,71.741,99.541
458.629,166.891,71.850,99.692
461.788,170.805,72.446,100.518
466.921,175.831,69.680,96.682
466.742,175.873,72.414,100.475
468.548,177.403,72.441,100.512
469.756,178.526,73.036,101.338
471.523,179.018,73.313,101.722
472.652,178.364,72.869,101.106
473.209,178.641,72.556,100.672
473.305,178.421,72.553,100.667
472.582,177.452,73.050,101.357
472.562,176.078,73.342,101.762
471.933,173.202,73.650,102.189
471.827,172.560,69.680,96.682
472.154,168.970,69.680,96.682
473.133,164.726,69.680,96.682
471.501,159.830,69.680,96.682
473.778,153.004,71.222,98.821
474.028,147.411,72.798,101.007
475.733,142.978,72.798,101.007
473.346,139.227,72.798,101.007
475.051,134.112,72.798,101.007
476.015,127.687,74.409,103.242
479.572,114.116,76.429,106.045
480.226,109.522,76.789,106.545
479.993,105.368,77.533,107.577
480.151,101.124,78.557,108.999
479.064,96.145,78.918,109.499
478.289,90.630,79.721,110.613
477.158,84.212,80.408,111.566
475.440,78.505,80.941,112.305
472.480,72.763,81.618,113.244
468.683,67.853,82.085,113.893
463.663,63.993,82.211,114.068
457.694,58.453,82.901,115.025
449.054,53.337,82.901,115.025
441.464,49.511,82.567,114.561
432.791,46.505,81.764,113.447
423.290,42.471,81.122,112.557
415.363,38.604,81.356,112.881
405.571,35.723,81.352,112.876
395.638,31.943,81.566,113.172
387.030,28.868,81.319,112.830
376.454,25.079,81.034,112.435
374.319,29.235,72.846,101.073
363.058,27.529,72.846,101.073
356.575,25.823,72.846,101.073
348.726,22.752,72.846,101.073
337.466,21.046,72.846,101.073
329.617,20.022,72.846,101.073
319.961,19.258,74.457,103.310
312.636,18.212,74.457,103.310
305.312,17.863,74.457,103.310
294.500,19.607,74.457,103.310
286.478,18.561,74.457,103.310
281.246,19.607,74.457,103.310
276.712,17.863,74.457,103.310
267.480,8.407,77.920,108.115
259.899,18.936,74.457,103.310
256.760,22.075,74.457,103.310
252.923,20.331,74.457,103.310
251.180,23.470,74.457,103.310
249.436,23.819,74.457,103.310
246.994,26.958,74.457,103.310
244.553,28.004,74.457,103.310
242.111,30.446,74.457,103.310
242.460,33.585,74.457,103.310
238.623,36.026,74.457,103.310
234.089,39.165,74.457,103.310
230.950,40.909,74.457,103.310
226.702,43.692,72.870,101.107
222.947,47.446,72.870,101.107
220.763,52.143,71.316,98.950
212.284,50.043,74.733,103.692
221.728,59.799,69.795,96.840
208.887,59.681,73.888,102.519
211.452,65.655,69.795,96.840
195.465,70.200,72.992,101.277
192.662,76.805,72.237,100.229
190.651,82.643,71.956,99.839
207.735,86.355,68.306,94.775
190.706,95.120,71.365,99.020
211.777,96.818,65.424,90.776
214.543,98.672,64.029,88.840
212.443,100.772,64.029,88.840
224.740,169.456,64.029,88.840
223.241,173.955,64.029,88.840
226.540,176.654,64.029,88.840
225.040,172.755,64.029,88.840
223.541,165.857,64.029,88.840
222.778,162.468,62.664,86.946
223.163,164.244,61.327,85.092
225.174,166.255,61.327,85.092
223.163,165.967,61.327,85.092
222.986,163.829,60.019,83.277
225.517,164.672,60.019,83.277
223.549,163.829,60.019,83.277
225.002,163.904,58.739,81.501
225.363,165.568,57.487,79.763
226.170,167.992,57.487,79.763
228.055,170.416,57.487,79.763
226.709,172.839,57.487,79.763
226.440,174.724,57.487,79.763
224.016,173.916,57.487,79.763
223.816,113.499,68.039,94.404
228.874,109.274,67.272,93.340
229.959,106.892,66.276,91.958
233.082,104.932,65.948,91.503
235.591,100.230,66.190,91.839
238.275,96.183,66.305,91.998
240.142,90.960,66.386,92.111
240.998,84.351,66.781,92.658
243.909,78.551,67.374,93.481
252.194,85.202,58.759,81.528
254.671,82.174,58.759,81.528
252.744,78.596,58.759,81.528
252.380,73.982,60.059,83.332
252.099,70.325,60.059,83.332
251.817,67.230,60.059,83.332
253.780,61.930,61.388,85.175
257.576,57.706,62.746,87.060
258.553,43.721,72.161,100.123
265.225,41.841,72.884,101.126
273.129,41.786,72.904,101.155
281.091,38.826,73.737,102.309
288.623,35.839,74.674,103.610
295.261,34.015,75.140,104.257
303.346,30.950,76.514,106.163
309.792,29.906,75.999,105.449
316.720,29.763,75.531,104.799
324.253,29.985,75.810,105.187
329.882,31.188,76.003,105.454
334.809,32.418,76.313,105.884
341.422,35.441,76.790,106.547
347.597,39.676,77.249,107.183
354.223,44.991,77.914,108.106
362.080,51.635,78.041,108.282
369.301,57.774,78.225,108.537
375.909,64.722,78.562,109.005
380.665,72.099,78.711,109.212
386.830,79.219,79.256,109.967
389.824,98.454,71.573,99.308
342.929,95.379,81.116,112.548
349.612,103.613,82.016,113.797
355.737,108.886,82.811,114.900
363.093,112.952,83.828,116.311
385.119,132.115,76.430,106.046
377.595,121.953,86.479,119.990
384.945,123.449,87.976,122.067
391.667,125.969,89.544,124.242
397.308,128.800,90.216,125.174
403.806,131.190,90.269,125.248
409.959,131.034,90.965,126.214
415.647,131.300,90.774,125.948
423.068,132.548,90.994,126.254
429.545,133.163,90.507,125.578
437.970,133.185,90.879,126.094
447.007,134.740,91.179,126.511
464.643,141.540,85.267,118.309
472.232,145.135,85.267,118.309
481.419,149.528,85.267,118.309
488.209,153.123,85.267,118.309
498.194,157.517,85.267,118.309
506.782,160.766,87.154,120.926
518.574,161.788,93.796,130.142
526.197,165.319,94.408,130.992
533.744,169.249,95.085,131.930
540.903,173.331,95.683,132.760
548.708,186.872,87.154,120.926
551.566,193.812,87.154,120.926
553.608,199.119,87.154,120.926
551.566,202.794,87.154,120.926
555.241,207.284,87.154,120.926
554.016,206.060,87.154,120.926
554.424,208.101,87.154,120.926
556.465,205.243,87.154,120.926
556.981,190.555,98.643,136.867
551.053,192.363,99.265,137.730
548.402,205.939,87.154,120.926
529.833,188.891,101.837,141.299
516.834,186.533,102.497,142.215
497.637,184.226,104.451,144.926
491.549,187.660,91.053,126.336
457.822,179.101,105.022,145.718
437.860,176.197,104.673,145.233
417.549,171.545,104.362,144.803
446.380,180.438,93.068,129.132
440.375,177.652,95.127,131.989
430.538,174.805,97.232,134.909
419.539,174.730,99.383,137.894
426.361,171.232,104.326,144.752
420.519,171.230,104.821,145.439
412.190,170.169,105.191,145.953
404.364,170.104,105.331,146.147
399.592,169.345,105.405,146.249
390.741,170.169,105.774,146.762
384.407,171.190,105.727,146.696
378.986,169.776,105.567,146.474
370.708,169.496,105.134,145.873
313.351,174.472,104.309,144.728
335.598,172.927,110.911,153.889
331.273,173.065,108.546,150.607
327.714,175.607,108.546,150.607
321.104,172.048,108.546,150.607
311.443,169.506,108.546,150.607
284.548,178.350,104.618,145.157
286.626,173.566,108.546,150.607
267.813,174.074,108.546,150.607
253.068,171.532,108.546,150.607
241.989,176.936,102.789,142.619
235.006,177.519,102.170,141.761
230.776,172.053,108.546,150.607
224.166,172.562,108.546,150.607
217.556,173.070,108.546,150.607
211.963,170.528,108.546,150.607
206.370,173.070,108.546,150.607
202.811,167.477,108.546,150.607
202.302,171.036,108.546,150.607
205.861,166.460,108.546,150.607
210.438,164.935,108.546,150.607
215.014,162.393,108.546,150.607
220.607,159.850,108.546,150.607
227.217,157.308,108.546,150.607
234.844,156.800,108.546,150.607
243.487,151.207,108.546,150.607
254.254,160.925,102.333,141.987
258.241,151.505,108.546,150.607
261.800,154.048,108.546,150.607
264.343,154.556,108.546,150.607
266.885,155.065,108.546,150.607
269.427,151.505,108.546,150.607
269.936,153.031,108.546,150.607
271.461,149.472,108.546,150.607
270.168,151.567,106.231,147.395
267.680,147.089,106.231,147.395
265.192,144.601,106.231,147.395
267.680,140.122,106.231,147.395
240.512,153.246,97.011,134.603
237.790,149.835,96.101,133.340
260.598,131.867,106.231,147.395
265.077,124.403,106.231,147.395
267.565,119.924,106.231,147.395
227.201,136.410,96.447,133.821
264.850,116.777,108.581,150.656
295.559,120.396,95.044,131.874
297.829,118.630,94.585,131.237
297.524,115.447,94.440,131.035
298.510,112.326,94.384,130.957
297.948,109.781,94.034,130.472
289.631,95.594,108.581,150.656
297.374,103.601,93.416,129.614
292.817,88.985,108.581,150.656
294.343,86.442,108.581,150.656
292.817,84.916,108.581,150.656
292.309,83.390,108.581,150.656
294.852,83.899,108.581,150.656
293.326,82.373,108.581,150.656
297.904,82.882,108.581,150.656
295.361,83.390,108.581,150.656
301.973,83.899,108.581,150.656
304.967,102.303,86.088,119.447
307.376,102.566,85.781,119.022
309.784,104.749,85.746,118.972
310.438,92.124,103.999,144.299
317.652,96.949,101.782,141.222
321.943,97.426,101.782,141.222
328.083,102.149,99.611,138.211
329.483,105.415,99.611,138.211
333.682,107.748,99.611,138.211
338.792,114.169,97.487,135.263
341.075,116.452,97.487,135.263
344.272,122.388,97.487,135.263
346.555,127.412,97.487,135.263
348.838,131.522,97.487,135.263
347.468,136.545,97.487,135.263
350.709,142.829,95.408,132.379
347.849,148.979,93.373,129.556
346.737,155.841,91.382,126.793
347.165,161.405,91.382,126.793
345.025,166.970,91.382,126.793
342.884,170.823,91.382,126.793
339.032,176.388,91.382,126.793
335.179,181.952,91.382,126.793
330.470,186.661,91.382,126.793
324.906,191.370,91.382,126.793
303.236,200.031,89.835,124.646
310.383,200.886,91.382,126.793
301.394,203.882,91.382,126.793
296.685,207.735,91.382,126.793
296.257,212.443,91.382,126.793
300.120,217.508,89.433,124.089
298.247,220.043,87.526,121.443
301.156,224.104,85.660,118.853
305.550,224.211,83.833,116.318
309.085,226.960,83.833,116.318
313.385,232.364,82.045,113.838
310.695,231.211,82.045,113.838
312.681,232.795,80.296,111.410
311.724,234.346,78.583,109.034
314.336,235.863,76.907,106.709
313.255,235.503,76.907,106.709
314.336,236.584,76.907,106.709
313.255,236.223,76.907,106.709
315.057,235.142,76.907,106.709
312.535,236.944,76.907,106.709
315.057,235.142,76.907,106.709
312.535,236.944,76.907,106.709
315.057,235.142,76.907,106.709
312.535,236.944,76.907,106.709
315.057,235.142,76.907,106.709
312.535,236.944,76.907,106.709
315.057,235.142,76.907,106.709
312.535,236.944,76.907,106.709
315.057,235.142,76.907,106.709
312.535,236.944,76.907,106.709
315.057,235.863,76.907,106.709
312.535,236.223,76.907,106.709
315.057,235.142,76.907,106.709
312.535,236.944,76.907,106.709
315.057,235.142,76.907,106.709
312.535,236.944,76.907,106.709
315.057,235.142,76.907,106.709
312.535,236.944,76.907,106.709
315.057,235.142,76.907,106.709
312.535,236.944,76.907,106.709
315.057,235.863,76.907,106.709
312.535,236.223,76.907,106.709
315.057,235.142,76.907,106.709
312.535,236.944,76.907,106.709
315.057,235.142,76.907,106.709
312.535,236.944,76.907,106.709
315.057,235.142,76.907,106.709
312.535,236.944,76.907,106.709
315.057,235.142,76.907,106.709
312.535,236.944,76.907,106.709
315.057,235.863,76.907,106.709
312.535,235.503,76.907,106.709
315.057,236.584,76.907,106.709
313.255,236.223,76.907,106.709
315.057,235.142,76.907,106.709
312.535,236.944,76.907,106.709
315.057,235.142,76.907,106.709
312.535,236.944,76.907,106.709
315.057,235.863,76.907,106.709
312.535,235.503,76.907,106.709
315.057,235.863,76.907,106.709
312.535,236.223,76.907,106.709
315.057,235.142,76.907,106.709
313.255,236.944,76.907,106.709
315.812,238.429,75.267,104.434
314.915,240.562,73.662,102.206
314.570,239.527,73.662,102.206
316.295,238.492,73.662,102.206
314.753,241.909,72.091,100.027
315.090,240.896,72.091,100.027
316.779,240.559,72.091,100.027
315.269,242.602,70.554,97.894
316.261,242.271,70.554,97.894
316.591,241.941,70.554,97.894
316.921,242.932,70.554,97.894
315.269,243.924,70.554,97.894
314.939,242.932,70.554,97.894
315.930,242.602,70.554,97.894
316.261,242.271,70.554,97.894
315.930,241.941,70.554,97.894
315.600,243.593,70.554,97.894
315.930,242.602,70.554,97.894
315.600,242.932,70.554,97.894
316.591,243.263,70.554,97.894
315.751,243.351,69.049,95.806
314.928,246.555,67.577,93.763
317.777,243.706,67.577,93.763
315.752,247.451,66.136,91.764
317.920,245.283,66.136,91.764
315.752,246.832,66.136,91.764
317.920,244.663,66.136,91.764
316.535,247.732,64.725,89.807
319.264,245.610,64.725,89.807
316.535,247.732,64.725,89.807
319.264,245.003,64.725,89.807
316.535,248.338,64.725,89.807
319.264,245.610,64.725,89.807
316.535,247.732,64.725,89.807
319.264,245.610,64.725,89.807
316.535,247.732,64.725,89.807
319.264,245.003,64.725,89.807
316.535,248.338,64.725,89.807
319.264,245.610,64.725,89.807
316.535,247.732,64.725,89.807
319.264,245.003,64.725,89.807
316.535,248.338,64.725,89.807
319.264,245.610,64.725,89.807
316.535,247.732,64.725,89.807
319.264,245.003,64.725,89.807
316.535,248.338,64.725,89.807
319.264,245.610,64.725,89.807
316.535,247.732,64.725,89.807
319.264,245.003,64.725,89.807
316.535,248.338,64.725,89.807
319.264,245.003,64.725,89.807
316.535,248.338,64.725,89.807
319.264,245.003,64.725,89.807
316.535,248.338,64.725,89.807
319.264,245.610,64.725,89.807
316.535,247.732,64.725,89.807
319.264,245.003,64.725,89.807
316.535,248.338,64.725,89.807
319.264,245.610,64.725,89.807
316.535,248.338,64.725,89.807
319.264,245.003,64.725,89.807
316.535,248.338,64.725,89.807
319.264,245.003,64.725,89.807
316.535,248.338,64.725,89.807
319.264,245.003,64.725,89.807
316.535,248.338,64.725,89.807
319.264,245.610,64.725,89.807
316.535,247.732,64.725,89.807
319.264,245.003,64.725,89.807
316.535,248.338,64.725,89.807
319.264,245.610,64.725,89.807
316.535,247.732,64.725,89.807
319.264,245.610,64.725,89.807
316.535,248.338,64.725,89.807
319.264,245.610,64.725,89.807
316.535,248.338,64.725,89.807
319.264,245.610,64.725,89.807
316.535,247.732,64.725,89.807
319.264,245.003,64.725,89.807
316.535,248.338,64.725,89.807
319.264,245.003,64.725,89.807
316.535,246.519,64.725,89.807
318.657,241.971,64.725,89.807
315.322,240.455,64.725,89.807
314.413,237.726,64.725,89.807
314.716,234.998,64.725,89.807
313.806,231.663,64.725,89.807
296.227,208.269,86.473,119.981
316.787,221.521,64.725,89.807
300.522,197.315,87.133,120.897
304.575,191.677,87.949,122.029
324.660,205.953,64.725,89.807
329.814,202.012,64.725,89.807
333.755,196.857,64.725,89.807
337.758,190.516,66.158,91.794
330.630,163.097,90.473,125.532
352.237,176.913,67.621,93.825
357.733,170.946,69.117,95.900
364.533,165.442,69.117,95.900
370.684,161.233,69.117,95.900
363.525,134.042,95.047,131.877
372.740,129.603,95.102,131.954
381.376,126.722,94.889,131.658
388.791,123.429,94.939,131.728
396.148,120.198,95.587,132.628
405.025,120.018,94.504,131.124
412.208,118.489,94.585,131.236
419.086,117.610,95.558,132.587
439.480,138.367,75.440,104.673
446.194,138.720,75.440,104.673
451.495,141.194,75.440,104.673
455.382,142.254,75.440,104.673
459.269,144.021,75.440,104.673
462.450,147.202,75.440,104.673
467.044,146.848,75.440,104.673
469.518,150.029,75.440,104.673
471.991,152.502,75.440,104.673
473.758,155.683,75.440,104.673
476.939,159.570,75.440,104.673
477.204,160.245,77.109,106.989
479.732,164.219,77.109,106.989
482.261,167.469,77.109,106.989
484.789,170.720,77.109,106.989
487.318,172.526,77.109,106.989
488.401,174.332,77.109,106.989
490.207,173.249,77.109,106.989
492.013,177.222,77.109,106.989
490.930,176.138,77.109,106.989
489.846,180.834,77.109,106.989
488.040,184.085,77.109,106.989
485.512,183.001,77.109,106.989
484.428,186.252,77.109,106.989
481.900,184.446,77.109,106.989
480.816,184.807,77.109,106.989
477.565,183.723,77.109,106.989
475.759,182.640,77.109,106.989
473.231,181.556,77.109,106.989
470.702,180.473,77.109,106.989
471.064,179.389,77.109,106.989
468.535,177.583,77.109,106.989
469.619,178.667,77.109,106.989
467.813,176.861,77.109,106.989
468.896,175.777,77.109,106.989
469.258,174.693,77.109,106.989
469.619,173.610,77.109,106.989
472.147,171.081,77.109,106.989
472.508,168.553,77.109,106.989
474.314,166.747,77.109,106.989
476.120,165.663,77.109,106.989
477.204,163.857,77.109,106.989
479.010,163.496,77.109,106.989
477.926,163.135,77.109,106.989
480.455,162.051,77.109,106.989
477.926,160.968,77.109,106.989
476.120,160.606,77.109,106.989
472.147,159.523,77.109,106.989
470.532,162.404,75.465,104.708
472.300,160.637,75.465,104.708
469.118,158.869,75.465,104.708
468.765,157.102,75.465,104.708
469.118,156.041,75.465,104.708
471.593,154.274,75.465,104.708
471.946,155.334,75.465,104.708
475.128,152.860,75.465,104.708
476.127,152.802,77.135,107.024
478.656,153.163,77.135,107.024
479.017,155.692,77.135,107.024
480.101,153.163,77.135,107.024
480.463,156.415,77.135,107.024
481.484,151.857,78.841,109.392
480.995,149.498,80.586,111.813
478.352,150.630,80.586,111.813
479.485,147.988,80.586,111.813
480.551,144.793,82.369,114.287
476.307,145.950,82.369,114.287
481.323,145.564,82.369,114.287
478.622,147.493,82.369,114.287
477.465,145.564,82.369,114.287
472.449,146.722,82.369,114.287
467.433,144.021,82.369,114.287
461.645,148.265,82.369,114.287
455.858,145.564,82.369,114.287
450.070,149.037,82.369,114.287
443.511,151.738,82.369,114.287
429.510,144.504,91.937,127.562
425.850,144.248,91.979,127.620
422.634,142.391,93.048,129.104
420.631,141.644,93.489,129.716
429.833,142.847,92.866,128.852
389.437,142.612,89.904,124.742
381.436,145.560,89.904,124.742
368.750,143.647,93.160,129.260
369.453,144.390,93.310,129.468
367.782,144.457,93.703,130.013
379.832,154.006,86.110,119.478
363.890,147.115,93.247,129.380
390.009,157.604,84.274,116.930
404.231,155.081,86.138,119.517
420.917,153.463,92.924,128.932
420.549,156.697,93.560,129.814
420.981,159.847,93.783,130.124
418.473,161.116,94.593,131.248
413.353,164.443,95.664,132.734
406.100,167.472,96.425,133.790
396.549,170.727,96.446,133.819
386.622,171.626,96.829,134.350
372.228,172.047,98.111,136.129
354.713,171.225,100.123,138.921
339.962,171.779,101.137,140.328
324.510,173.342,100.872,139.959
336.905,184.004,92.013,127.669
329.577,180.987,92.013,127.669
296.555,174.494,100.922,140.029
308.974,184.329,92.013,127.669
300.785,183.036,92.013,127.669
275.195,171.767,101.544,140.892
284.477,181.171,92.013,127.669
277.150,179.878,92.013,127.669
272.409,177.723,92.013,127.669
268.530,175.568,92.013,127.669
268.961,175.137,92.013,127.669
272.840,172.120,92.013,127.669
274.995,168.241,92.013,127.669
279.736,165.224,92.013,127.669
283.615,160.482,92.013,127.669
287.495,154.017,92.013,127.669
278.439,134.538,102.416,142.102
286.312,126.574,102.608,142.368
293.513,118.453,103.518,143.631
298.969,110.739,104.106,144.447
319.876,115.025,92.013,127.669
324.618,109.422,92.013,127.669
325.049,102.957,92.013,127.669
326.342,95.629,92.013,127.669
304.420,76.704,104.532,145.038
321.230,83.009,92.013,127.669
301.374,66.659,102.505,142.225
299.007,62.276,101.289,140.538
296.426,57.541,99.918,138.636
293.675,53.066,98.947,137.289
289.162,48.052,97.343,135.063
284.882,43.765,95.840,132.979
280.757,40.830,94.853,131.608
276.195,39.849,93.394,129.584
272.017,40.839,92.274,128.030
269.748,43.411,90.725,125.881
267.677,45.776,89.366,123.996
267.269,47.618,88.321,122.546
268.436,49.559,87.634,121.593
269.494,50.337,87.261,121.074
271.834,51.989,87.051,120.784
276.615,54.298,86.596,120.151
281.004,55.992,86.536,120.068
286.048,60.879,86.492,120.008
291.980,67.110,86.896,120.568
297.737,74.069,87.400,121.268
303.964,81.569,88.138,122.292
309.940,88.629,88.829,123.251
317.072,95.882,89.305,123.911
324.468,102.927,90.216,125.175
338.348,109.106,94.111,130.579
344.875,119.422,92.104,127.794
351.263,130.349,90.140,125.069
355.073,140.229,88.218,122.402
358.802,149.898,86.336,119.792
349.890,148.177,98.820,137.113
347.709,153.849,99.702,138.337
345.737,159.464,99.886,138.591
341.736,164.347,100.625,139.618
335.658,167.285,100.520,139.472
328.317,168.874,99.162,137.588
322.721,171.289,98.222,136.283
316.579,171.727,96.668,134.127
309.658,170.129,95.206,132.098
303.575,168.166,93.590,129.856
297.925,166.019,91.765,127.325
291.441,163.084,89.940,124.791
287.132,160.016,88.932,123.393
272.571,157.333,88.304,122.522
276.294,155.265,88.304,122.522
281.671,155.679,88.304,122.522
284.566,155.265,88.304,122.522
284.153,153.197,88.304,122.522
305.185,149.870,85.091,118.064
307.485,148.019,84.989,117.923
308.126,144.814,84.850,117.729
309.342,141.764,84.646,117.446
310.604,139.967,84.415,117.126
310.167,137.563,84.389,117.089
309.775,136.217,84.788,117.643
308.111,135.087,85.188,118.198
306.393,133.807,85.665,118.860
302.930,132.411,85.618,118.795
299.785,131.210,85.528,118.670
296.362,130.888,85.539,118.685
291.703,131.695,85.251,118.286
287.920,131.031,85.528,118.671
286.071,130.606,85.430,118.534
269.731,132.484,90.288,125.274
270.154,130.369,90.288,125.274
284.096,125.828,85.536,118.681
288.127,126.416,85.180,118.188
289.826,124.467,84.894,117.790
291.604,122.198,84.821,117.689
291.696,121.436,85.074,118.041
291.456,121.589,84.900,117.799
289.511,120.628,85.252,118.287
288.474,120.672,84.905,117.806
288.068,120.589,84.984,117.916
288.887,119.900,84.901,117.800
290.870,119.322,84.939,117.852
293.419,118.983,85.000,117.937
295.253,119.028,84.604,117.387
295.688,119.090,84.722,117.552
295.444,119.187,84.721,117.550
295.179,119.656,84.400,117.105
296.091,118.711,84.511,117.259
296.388,118.054,84.623,117.415
297.724,117.773,84.320,116.994
298.078,117.047,83.915,116.433
298.848,116.929,83.150,115.371
299.131,116.278,83.203,115.443
298.124,115.703,83.501,115.858
299.241,116.815,83.376,115.684
299.031,116.977,83.550,115.926
299.764,118.618,83.436,115.768
300.649,119.299,82.898,115.021
300.322,118.176,82.557,114.548
300.539,118.359,82.438,114.382
301.353,118.675,82.476,114.435
306.124,113.466,90.317,125.315
301.506,119.038,82.231,114.095
306.154,112.812,90.317,125.315
309.962,112.389,90.317,125.315
309.539,112.812,90.317,125.315
310.808,112.389,90.317,125.315
308.693,112.812,90.317,125.315
311.654,111.543,90.317,125.315
310.579,114.102,88.391,122.643
312.718,114.213,86.506,120.028
313.123,113.808,86.506,120.028
311.097,115.834,86.506,120.028
312.313,113.808,86.506,120.028
311.097,113.402,86.506,120.028
309.882,111.376,86.506,120.028
307.045,110.161,86.506,120.028
300.387,114.075,81.688,113.342
298.448,112.197,82.789,114.870
297.951,112.272,82.942,115.082
295.817,111.770,83.759,116.215
294.201,112.426,84.043,116.609
292.944,111.795,84.544,117.305
291.552,111.386,85.108,118.088
291.394,111.172,85.211,118.231
290.361,109.445,85.417,118.516
290.702,108.450,85.449,118.560
290.496,107.510,85.407,118.502
289.755,107.281,85.697,118.905
289.420,106.559,85.923,119.218
291.484,107.015,85.904,119.192
291.936,106.866,86.182,119.577
292.311,105.735,86.086,119.444
293.913,105.539,85.910,119.200
295.122,104.918,86.080,119.435
295.849,103.430,86.022,119.355
297.168,102.325,86.227,119.640
298.980,101.576,86.527,120.056
300.307,100.572,86.458,119.960
302.052,100.209,86.055,119.401
305.595,99.482,86.182,119.577
308.895,99.025,86.115,119.485
312.940,98.889,86.209,119.615
316.901,100.226,86.654,120.232
320.141,100.594,87.270,121.087
325.158,100.368,87.878,121.931
329.935,102.419,88.444,122.716
333.092,103.286,89.163,123.714
337.698,104.530,89.864,124.687
341.459,104.032,90.855,126.061
346.180,104.133,91.621,127.124
349.679,104.855,92.720,128.649
354.053,105.670,93.982,130.401
357.486,105.464,94.747,131.462
361.240,104.984,95.708,132.795
364.011,104.644,96.531,133.937
367.430,106.068,97.253,134.938
369.783,107.202,97.630,135.462
372.027,107.779,97.976,135.941
374.353,108.586,98.190,136.239
375.964,107.698,97.955,135.913
377.301,107.450,97.932,135.881
377.877,108.694,97.484,135.259
377.457,109.561,97.150,134.795
377.826,110.054,96.725,134.206
376.630,109.799,96.154,133.413
375.922,109.060,95.387,132.350
375.821,109.253,94.785,131.514
376.447,110.315,94.184,130.680
376.259,110.180,93.711,130.024
376.556,110.914,93.119,129.203
378.129,112.403,92.243,127.987
379.126,113.367,91.553,127.030
382.331,113.932,91.411,126.832
384.304,115.253,91.441,126.875
387.749,117.348,91.234,126.587
390.244,118.078,91.547,127.022
394.299,119.812,91.489,126.941
396.769,120.872,92.017,127.673
399.776,121.980,92.730,128.663
403.331,124.696,93.285,129.433
405.476,126.830,93.844,130.208
408.129,129.938,94.469,131.075
409.646,130.886,95.210,132.104
411.257,132.163,96.444,133.816
411.095,134.884,97.030,134.630
411.991,136.768,98.185,136.232
410.985,137.753,99.218,137.665
409.218,139.215,100.463,139.392
406.914,141.133,101.034,140.184
404.375,142.256,102.072,141.624
400.437,141.863,102.835,142.684
396.945,141.478,103.505,143.613
392.691,141.838,103.965,144.251
387.504,141.212,104.213,144.596
381.132,139.862,104.343,144.776
375.863,139.262,103.950,144.231
370.963,137.275,103.654,143.820
365.977,135.396,102.732,142.541
361.398,134.151,101.994,141.516
356.984,132.401,100.521,139.472
352.562,130.566,98.734,136.993
361.966,143.294,77.820,107.976
359.415,140.013,77.820,107.976
357.592,137.462,77.820,107.976
344.674,124.987,91.614,127.114
344.333,124.954,89.693,124.449
344.380,124.414,88.175,122.343
345.827,124.301,86.908,120.585
