141.000,73.000,27.000,34.000
142.079,74.079,27.000,34.000
141.240,73.959,27.000,34.000
142.079,74.319,27.000,34.000
141.719,73.719,27.000,34.000
143.038,73.839,27.000,34.000
142.439,73.480,27.000,34.000
143.518,74.558,27.000,34.000
144.117,73.480,27.000,34.000
144.477,74.798,27.000,34.000
145.555,73.719,27.000,34.000
146.155,74.319,27.000,34.000
145.555,74.199,27.000,34.000
146.874,74.319,27.000,34.000
147.953,74.678,27.000,34.000
148.073,73.360,27.000,34.000
147.713,74.199,27.000,34.000
149.272,74.558,27.000,34.000
149.871,73.480,27.000,34.000
151.430,75.038,27.000,34.000
153.231,72.041,27.113,34.142
153.199,71.983,27.162,34.204
154.452,71.899,27.172,34.216
155.811,71.693,27.408,34.514
157.114,71.443,27.706,34.889
157.993,70.918,27.764,34.962
159.398,70.684,27.873,35.100
161.402,71.275,27.859,35.081
162.685,71.235,27.980,35.234
164.041,71.281,27.958,35.207
166.874,71.613,27.618,34.779
166.343,71.158,27.733,34.923
167.476,70.984,27.892,35.124
169.222,71.280,28.118,35.408
169.576,71.134,28.018,35.282
171.174,71.362,28.007,35.268
172.293,71.507,27.848,35.068
172.995,71.595,27.810,35.020
173.043,70.982,28.020,35.284
173.637,70.966,28.042,35.312
174.805,70.667,28.048,35.319
174.889,70.543,28.053,35.326
175.096,70.477,28.075,35.353
175.431,70.519,28.076,35.354
175.462,70.560,27.958,35.206
175.954,70.998,27.952,35.198
175.735,71.043,28.000,35.259
174.935,71.011,28.133,35.427
173.747,70.441,28.190,35.499
172.852,70.460,28.235,35.555
171.566,71.041,28.305,35.643
171.491,71.082,28.374,35.730
170.284,70.948,28.465,35.845
168.259,70.558,28.440,35.813
166.786,70.498,28.372,35.728
165.615,70.832,28.368,35.722
163.638,70.783,28.333,35.678
161.979,70.880,28.250,35.574
160.332,70.860,28.227,35.546
158.574,70.836,28.269,35.598
154.932,71.081,28.273,35.603
154.860,71.096,28.269,35.598
153.182,71.345,28.079,35.358
150.664,70.877,28.103,35.389
149.008,71.012,28.214,35.528
147.106,71.016,28.303,35.641
145.815,71.760,28.146,35.443
143.097,71.323,28.091,35.373
142.385,72.911,27.000,34.000
140.586,73.510,27.000,34.000
136.454,72.278,27.849,35.069
136.287,72.337,27.814,35.025
134.010,72.018,27.825,35.039
132.765,72.630,27.834,35.050
130.951,72.855,27.756,34.952
128.596,72.282,27.989,35.246
127.285,73.082,27.865,35.089
125.583,73.278,27.840,35.058
124.062,73.634,27.738,34.929
121.890,73.110,27.813,35.023
119.555,73.377,27.891,35.122
120.003,73.956,27.801,35.009
118.614,73.449,27.869,35.094
118.426,74.319,27.727,34.915
117.603,74.100,27.613,34.772
117.373,74.294,27.465,34.586
117.734,74.762,27.472,34.594
117.612,75.187,27.449,34.565
117.487,75.577,27.397,34.500
116.871,75.126,27.314,34.396
117.122,75.644,27.138,34.174
117.573,76.017,27.088,34.110
117.590,76.487,26.908,33.884
117.685,76.491,26.848,33.808
117.980,76.631,26.696,33.617
118.975,77.148,26.575,33.465
118.833,77.188,26.424,33.275
115.058,79.694,28.208,35.521
113.056,79.431,28.832,36.307
113.696,79.815,28.832,36.307
122.414,78.253,25.619,32.261
122.400,77.732,25.543,32.166
122.945,78.406,25.458,32.058
123.559,78.368,25.455,32.055
123.717,78.552,25.437,32.032
121.087,76.250,28.832,36.307
124.746,78.721,25.455,32.054
125.993,78.668,25.525,32.143
126.875,79.060,25.428,32.021
127.663,79.377,25.416,32.006
130.611,78.846,25.514,32.129
130.410,78.865,25.614,32.255
131.208,78.197,25.611,32.251
132.537,78.119,25.652,32.302
133.794,77.803,25.688,32.348
134.678,77.709,25.765,32.445
135.793,77.535,25.846,32.547
136.910,78.002,25.959,32.689
137.967,77.565,26.141,32.918
138.536,77.101,26.078,32.840
140.865,76.790,26.048,32.801
140.671,76.712,26.025,32.772
142.030,76.280,26.256,33.063
143.498,76.648,26.280,33.093
144.455,76.545,26.363,33.197
145.365,76.310,26.507,33.379
145.689,75.780,26.559,33.444
146.523,75.653,26.616,33.517
147.740,76.158,26.646,33.554
148.442,76.082,26.606,33.504
149.752,75.975,26.603,33.500
149.696,76.008,26.581,33.473
149.839,75.607,26.621,33.523
151.207,76.121,26.682,33.599
151.855,76.232,26.722,33.650
152.612,76.270,26.799,33.747
152.934,75.911,26.879,33.847
153.675,75.970,27.010,34.013
154.906,76.675,26.895,33.868
154.984,76.487,26.888,33.859
156.007,76.535,26.928,33.909
155.860,76.526,26.953,33.941
156.171,76.636,26.981,33.976
156.235,76.908,27.033,34.041
156.935,77.971,26.733,33.664
156.987,78.582,26.567,33.455
156.407,78.534,26.562,33.448
156.327,79.386,26.467,33.328
156.302,80.075,26.425,33.276
156.356,80.840,26.298,33.116
156.564,82.805,26.251,33.057
156.496,82.636,26.221,33.019
156.697,83.308,26.035,32.785
156.237,83.755,25.862,32.567
156.829,84.738,25.835,32.533
156.527,85.317,25.873,32.581
156.501,86.289,25.879,32.589
156.338,87.286,25.906,32.623
156.699,88.286,25.891,32.603
156.585,88.931,25.927,32.649
156.576,90.415,25.891,32.603
156.702,90.452,25.893,32.606
156.555,90.851,25.886,32.597
156.375,91.364,25.897,32.612
156.216,91.488,25.887,32.599
154.825,88.944,28.851,36.331
156.335,91.912,25.932,32.655
156.088,92.036,25.932,32.655
156.119,91.849,25.939,32.664
155.992,91.585,26.046,32.798
155.137,90.867,25.918,32.638
155.927,91.431,25.953,32.681
155.604,91.102,25.953,32.682
155.501,90.836,26.017,32.762
154.781,90.144,25.929,32.651
154.731,89.996,26.020,32.766
154.245,89.222,25.907,32.624
154.269,89.176,26.129,32.903
153.193,88.273,26.043,32.794
152.844,87.712,26.001,32.742
151.913,86.164,26.051,32.805
151.696,86.085,26.093,32.858
151.014,85.173,26.118,32.889
150.543,84.206,26.171,32.956
150.050,83.337,26.266,33.076
149.939,82.854,26.534,33.413
149.404,81.381,26.708,33.633
149.654,80.837,26.989,33.986
149.195,79.792,27.073,34.092
149.821,79.710,27.061,34.076
149.924,78.895,27.168,34.212
150.047,78.865,27.113,34.142
150.067,78.718,27.065,34.082
150.121,78.347,27.098,34.123
150.336,78.061,27.116,34.147
150.516,77.933,27.011,34.014
150.804,77.735,26.994,33.993
150.475,76.923,26.955,33.943
150.637,76.870,26.831,33.787
150.738,76.609,26.777,33.719
151.580,76.456,26.782,33.725
151.720,76.529,26.697,33.619
151.912,76.300,26.702,33.625
152.087,76.041,26.639,33.545
152.136,75.924,26.574,33.463
151.893,75.404,26.609,33.507
152.679,75.675,26.565,33.452
152.091,75.090,26.631,33.535
152.315,75.493,26.571,33.459
151.490,75.138,26.625,33.528
150.839,75.840,26.656,33.567
150.840,75.919,26.681,33.598
149.803,76.093,26.677,33.593
148.523,76.324,26.682,33.599
147.216,76.360,26.757,33.693
145.437,76.583,26.702,33.625
143.262,76.720,26.731,33.661
141.038,77.073,26.724,33.653
138.445,77.110,26.754,33.690
136.018,77.205,26.781,33.724
130.611,77.423,26.756,33.693
130.645,77.319,26.848,33.809
127.465,76.992,26.917,33.895
124.771,76.939,26.981,33.976
122.122,76.947,27.030,34.038
120.325,77.702,26.822,33.776
117.555,77.212,26.843,33.802
115.345,77.010,26.877,33.846
113.253,76.918,26.941,33.925
111.472,76.690,26.967,33.958
108.167,76.516,26.904,33.879
107.971,76.359,26.910,33.887
106.769,76.253,26.869,33.836
105.570,76.152,26.818,33.771
104.671,76.042,26.870,33.837
103.847,76.004,26.882,33.851
103.418,76.198,26.729,33.659
103.288,76.729,26.681,33.598
102.793,77.035,26.589,33.482
101.922,76.747,26.519,33.394
101.236,77.016,26.484,33.350
101.276,77.137,26.457,33.317
101.033,77.249,26.511,33.384
101.153,77.703,26.346,33.177
101.709,78.610,26.121,32.893
101.090,78.269,26.089,32.852
101.270,78.767,26.003,32.745
101.379,79.242,25.882,32.592
102.062,79.931,26.053,32.807
102.018,80.154,25.832,32.529
103.169,81.990,25.876,32.584
103.214,81.909,25.881,32.591
103.530,82.751,25.825,32.520
103.772,83.422,25.765,32.445
103.119,83.318,25.858,32.562
103.415,84.217,25.792,32.479
102.589,84.362,25.726,32.395
101.165,84.044,25.693,32.354
100.180,84.046,25.595,32.231
98.872,83.814,25.684,32.343
95.982,83.350,25.648,32.297
95.950,83.341,25.609,32.248
94.527,83.240,25.542,32.164
93.148,83.597,25.435,32.029
91.403,83.543,25.386,31.968
89.460,83.517,25.318,31.882
86.819,82.721,25.304,31.864
84.610,82.652,25.232,31.774
82.418,82.639,25.201,31.734
79.882,82.689,25.117,31.628
73.035,81.036,29.499,37.147
75.029,83.317,24.969,31.443
69.942,81.048,29.499,37.147
67.191,81.179,29.499,37.147
64.179,81.834,29.499,37.147
62.899,83.353,25.023,31.511
57.053,81.118,29.499,37.147
56.462,83.364,24.888,31.340
52.683,82.611,25.137,31.654
50.298,83.062,25.148,31.668
44.553,83.110,25.246,31.791
43.907,82.650,25.244,31.788
41.452,82.712,25.285,31.841
37.309,81.428,29.499,37.147
35.344,81.035,29.499,37.147
34.534,82.881,25.328,31.895
31.198,82.410,29.499,37.147
31.150,83.552,25.281,31.835
28.814,83.215,25.144,31.662
27.590,83.629,25.146,31.665
21.805,81.471,29.499,37.147
23.573,83.279,25.236,31.779
22.036,83.298,25.152,31.673
21.129,83.646,25.215,31.752
19.213,83.071,25.262,31.812
17.823,82.855,25.335,31.904
16.520,82.654,25.404,31.991
16.072,83.027,25.385,31.966
15.173,82.913,25.414,32.003
14.337,82.726,25.486,32.093
13.358,82.381,25.502,32.114
13.278,82.376,25.441,32.037
12.988,82.256,25.389,31.972
12.684,82.173,25.355,31.928
12.069,81.631,25.321,31.886
11.941,81.593,25.318,31.881
11.764,81.511,25.349,31.921
11.678,81.354,25.376,31.955
12.292,81.776,25.324,31.890
11.895,81.419,25.280,31.834
12.194,81.226,25.276,31.829
12.196,81.228,25.274,31.826
12.371,81.035,25.331,31.898
12.493,80.912,25.421,32.012
13.283,81.413,25.423,32.015
13.692,81.419,25.518,32.134
14.098,81.477,25.558,32.184
14.637,81.695,25.671,32.326
15.006,81.580,25.656,32.307
16.082,81.926,25.560,32.187
19.622,83.234,25.588,32.222
19.046,82.973,25.502,32.113
21.483,83.928,25.604,32.242
23.030,84.380,25.563,32.191
26.177,85.750,25.637,32.283
28.245,86.572,25.787,32.472
31.794,88.451,25.811,32.502
34.981,90.203,25.795,32.482
38.280,92.083,25.836,32.534
41.747,94.500,25.886,32.597
48.951,99.594,26.030,32.778
48.418,99.291,25.937,32.662
52.429,102.303,25.993,32.731
55.188,104.399,26.047,32.800
58.393,107.082,26.021,32.767
61.563,109.970,25.981,32.717
64.524,112.438,26.014,32.759
67.327,114.901,25.935,32.659
70.502,117.747,25.993,32.732
72.680,119.389,25.929,32.651
77.739,123.824,25.906,32.622
77.719,123.720,25.974,32.707
79.965,125.649,26.083,32.845
81.497,126.754,25.901,32.617
84.037,128.677,26.027,32.775
85.266,129.443,25.895,32.609
87.644,130.977,26.062,32.819
88.822,131.560,25.894,32.608
90.990,133.090,25.883,32.594
92.392,133.970,25.971,32.704
95.547,135.534,26.004,32.745
95.093,135.310,25.811,32.503
97.009,136.205,25.766,32.446
98.078,136.155,25.708,32.373
99.471,136.597,25.850,32.552
101.156,137.724,25.962,32.693
102.923,138.337,25.810,32.502
104.332,138.788,25.950,32.678
105.945,139.629,25.818,32.512
107.372,140.129,25.891,32.603
110.173,141.257,26.024,32.770
109.906,141.281,25.712,32.378
111.115,140.840,25.864,32.570
112.794,141.323,25.906,32.623
113.547,141.169,25.941,32.667
114.140,140.218,25.963,32.695
114.700,139.158,25.982,32.719
114.671,137.485,25.897,32.611
115.494,136.169,26.007,32.750
115.501,134.392,26.014,32.758
116.327,131.798,25.945,32.671
116.798,132.292,25.932,32.655
117.371,131.128,26.033,32.782
117.431,129.578,26.143,32.920
117.935,128.515,26.268,33.078
119.080,128.165,26.460,33.320
119.215,126.441,26.686,33.605
120.530,125.981,26.978,33.972
120.708,124.246,27.277,34.349
121.500,123.593,27.355,34.448
123.152,122.370,27.449,34.566
123.609,122.767,27.498,34.627
124.267,122.480,27.600,34.755
125.019,121.828,27.674,34.849
125.219,121.058,27.722,34.909
125.631,120.433,27.876,35.103
126.186,120.342,28.037,35.305
127.081,117.901,29.509,37.159
125.729,118.697,28.196,35.506
125.656,118.302,28.234,35.554
126.326,115.508,30.162,37.981
125.389,114.571,30.162,37.981
125.034,117.140,28.636,36.060
126.081,117.728,28.620,36.040
126.220,116.305,28.655,36.084
127.030,116.627,28.556,35.959
127.377,115.630,28.457,35.835
128.649,112.762,30.829,38.822
129.719,115.061,28.205,35.518
131.960,112.308,30.829,38.822
134.616,114.795,27.883,35.112
136.423,111.839,30.829,38.822
137.691,114.439,27.901,35.135
140.500,114.156,27.853,35.074
142.292,108.991,30.829,38.822
145.793,113.115,27.712,34.897
149.774,112.586,27.522,34.657
153.393,111.973,27.586,34.737
158.336,106.367,30.829,38.822
160.389,104.314,30.829,38.822
166.082,106.451,27.452,34.569
167.946,103.224,30.829,38.822
168.702,105.846,27.428,34.539
171.664,105.362,27.391,34.492
174.040,103.920,27.124,34.157
176.289,98.023,30.829,38.822
177.746,103.615,27.161,34.203
179.815,103.581,27.175,34.220
180.665,103.570,27.174,34.219
181.565,102.835,27.321,34.405
181.630,102.438,27.422,34.531
181.915,102.742,27.611,34.770
181.756,101.811,27.614,34.773
181.476,101.796,27.586,34.738
181.536,101.959,27.692,34.871
180.630,101.497,27.633,34.798
179.787,101.343,27.674,34.849
178.721,101.122,27.750,34.944
177.579,101.364,27.831,35.046
176.550,101.784,28.211,35.525
173.509,100.921,28.097,35.382
173.359,101.468,28.217,35.532
172.093,101.406,28.300,35.637
171.116,101.858,28.366,35.720
173.956,93.646,30.171,37.994
169.399,101.775,28.437,35.810
168.348,101.129,28.474,35.856
168.024,101.199,28.588,36.000
168.022,100.872,28.568,35.975
168.418,100.040,28.359,35.711
170.295,99.665,28.508,35.899
170.048,98.295,28.293,35.629
171.533,98.904,28.365,35.719
172.579,97.970,28.733,36.182
174.363,96.900,28.865,36.349
175.828,95.770,28.595,36.008
178.351,94.631,28.239,35.560
181.008,94.723,28.332,35.677
183.852,93.691,28.360,35.713
186.591,93.200,28.160,35.461
191.809,91.819,28.036,35.304
191.923,92.257,27.972,35.224
195.420,91.712,28.076,35.355
198.241,91.094,27.870,35.096
201.243,91.293,28.249,35.573
204.472,91.144,27.953,35.199
207.329,91.023,27.857,35.079
210.188,90.715,27.919,35.157
212.545,90.697,27.921,35.160
214.735,90.822,27.943,35.187
219.297,90.517,27.727,34.916
218.964,90.108,27.494,34.622
221.599,90.091,27.439,34.553
223.798,89.493,27.369,34.465
225.597,87.911,27.230,34.290
227.980,86.834,26.924,33.904
230.216,85.241,26.940,33.925
232.441,83.629,26.805,33.755
234.917,82.172,26.820,33.773
237.288,76.846,29.538,37.196
241.353,75.666,29.538,37.196
242.271,76.059,29.538,37.196
243.452,74.354,29.538,37.196
244.894,73.174,29.538,37.196
246.075,72.256,29.538,37.196
247.255,71.600,29.538,37.196
248.697,72.256,29.538,37.196
250.934,71.803,26.455,33.314
249.712,72.281,29.538,37.196
252.448,71.679,26.224,33.023
252.821,72.208,26.203,32.996
252.794,72.525,26.224,33.022
252.035,72.514,26.323,33.148
251.377,72.595,26.401,33.246
249.546,72.279,26.346,33.176
249.316,73.260,26.407,33.253
247.307,73.327,26.262,33.070
246.855,73.929,26.218,33.015
245.303,74.658,26.161,32.944
243.566,74.832,25.887,32.598
241.497,76.333,25.788,32.473
241.487,76.394,25.779,32.463
240.056,76.916,25.677,32.334
238.149,76.813,25.492,32.101
237.235,77.975,25.342,31.912
235.065,77.908,25.185,31.714
233.736,78.367,25.132,31.648
232.361,79.679,24.949,31.417
230.405,79.286,24.821,31.257
228.625,79.843,24.822,31.257
225.214,80.549,24.761,31.181
225.364,80.533,24.698,31.101
223.831,81.382,24.784,31.210
221.562,81.214,24.890,31.343
219.729,81.298,24.890,31.343
217.978,81.524,24.695,31.098
216.788,81.866,24.688,31.089
215.110,81.892,24.653,31.045
213.712,81.958,24.501,30.853
211.624,81.320,24.439,30.775
209.072,81.122,24.449,30.788
209.123,81.101,24.458,30.799
208.197,81.007,24.441,30.777
207.280,80.767,24.445,30.783
206.536,80.690,24.382,30.704
205.897,80.497,24.539,30.901
205.427,80.320,24.610,30.991
205.474,80.732,24.580,30.952
205.237,80.609,24.615,30.997
205.071,80.380,24.805,31.235
204.574,79.481,24.758,31.177
204.601,79.451,24.725,31.135
205.173,79.766,24.751,31.169
205.429,79.595,24.709,31.115
205.756,79.534,24.672,31.068
205.987,79.354,24.802,31.232
205.877,78.633,24.826,31.263
206.194,78.746,24.817,31.252
206.853,78.705,24.773,31.195
207.496,78.636,24.628,31.013
209.506,78.902,24.510,30.864
209.048,78.391,24.590,30.965
210.170,78.861,24.501,30.853
207.446,76.534,29.538,37.196
208.889,77.190,29.538,37.196
211.540,77.892,24.428,30.761
209.305,76.306,29.538,37.196
