167.000,69.000,24.000,127.000
168.397,65.926,24.000,127.000
169.235,67.323,24.000,127.000
170.074,68.162,24.000,127.000
170.912,69.000,24.000,127.000
172.868,66.485,24.000,127.000
173.706,69.000,24.000,127.000
174.544,67.044,24.000,127.000
174.824,69.559,24.000,127.000
176.780,66.485,24.000,127.000
177.059,69.559,24.000,127.000
177.339,67.044,24.000,127.000
177.618,69.559,24.000,127.000
179.015,69.838,24.000,127.000
178.177,71.794,24.000,127.000
179.574,68.162,24.000,127.000
179.295,71.794,24.000,127.000
179.574,74.868,24.000,127.000
174.630,78.658,23.716,125.496
179.620,75.214,24.000,127.000
177.664,77.729,24.000,127.000
180.738,72.979,24.000,127.000
183.253,69.346,24.000,127.000
180.738,73.538,24.000,127.000
180.763,74.162,24.531,129.810
183.904,71.021,24.531,129.810
185.707,71.066,25.074,132.682
184.831,70.190,25.074,132.682
186.875,66.395,25.074,132.682
183.080,67.271,25.074,132.682
181.036,64.060,25.074,132.682
184.831,64.352,25.074,132.682
185.123,61.141,25.074,132.682
183.664,63.184,25.074,132.682
185.707,60.557,25.074,132.682
186.583,61.433,25.074,132.682
185.707,61.141,25.074,132.682
186.583,62.600,25.074,132.682
186.291,62.308,25.074,132.682
187.750,62.016,25.074,132.682
188.626,63.476,25.074,132.682
189.502,62.016,25.074,132.682
188.626,63.476,25.074,132.682
190.086,62.600,25.074,132.682
189.794,63.476,25.074,132.682
191.254,64.936,25.074,132.682
191.545,65.228,25.074,132.682
191.837,62.600,25.074,132.682
192.713,64.644,25.074,132.682
193.005,65.520,25.074,132.682
192.129,64.644,25.074,132.682
193.005,66.103,25.074,132.682
192.129,66.979,25.074,132.682
192.678,64.173,24.539,129.852
192.392,65.602,24.539,129.852
193.249,64.173,24.539,129.852
193.535,63.888,24.539,129.852
194.392,65.887,24.539,129.852
194.678,66.173,24.539,129.852
197.249,64.745,24.539,129.852
199.249,66.745,24.539,129.852
197.249,68.744,24.539,129.852
195.821,70.744,24.539,129.852
193.821,73.316,24.539,129.852
192.392,74.744,24.539,129.852
190.964,76.744,24.539,129.852
189.535,75.887,24.539,129.852
189.821,74.458,24.539,129.852
186.678,75.887,24.539,129.852
184.332,76.525,25.082,132.725
183.146,77.178,25.637,135.662
183.745,75.291,22.980,121.604
180.846,73.525,26.204,138.663
183.008,78.287,23.198,122.758
180.259,75.190,26.204,138.663
181.785,74.275,26.204,138.663
180.259,71.529,26.204,138.663
182.395,74.275,26.204,138.663
181.479,71.529,26.204,138.663
184.225,74.275,26.204,138.663
185.751,72.749,26.204,138.663
186.056,70.614,26.204,138.663
185.140,72.139,26.204,138.663
186.666,70.003,26.204,138.663
183.920,68.478,26.204,138.663
186.056,65.732,26.204,138.663
187.581,62.987,26.204,138.663
188.496,64.512,26.204,138.663
190.022,61.156,26.204,138.663
187.790,76.130,22.840,120.859
189.606,75.123,22.821,120.761
191.550,59.434,26.204,138.663
192.466,56.078,26.204,138.663
191.550,58.214,26.204,138.663
192.466,56.688,26.204,138.663
192.161,56.994,26.204,138.663
192.466,58.519,26.204,138.663
193.381,57.604,26.204,138.663
192.466,59.129,26.204,138.663
193.991,58.824,26.204,138.663
192.466,60.349,26.204,138.663
192.161,62.485,26.204,138.663
190.635,59.129,26.204,138.663
190.330,61.265,26.204,138.663
188.805,62.790,26.204,138.663
191.363,62.839,26.784,141.731
190.428,58.785,26.784,141.731
190.740,61.591,26.784,141.731
191.052,62.527,26.784,141.731
190.116,60.344,26.784,141.731
189.181,58.785,26.784,141.731
188.869,60.344,26.784,141.731
190.428,57.538,26.784,141.731
188.245,60.344,26.784,141.731
190.635,57.948,26.213,138.709
189.109,59.474,26.213,138.709
189.414,56.117,26.213,138.709
189.109,57.643,26.213,138.709
189.414,57.948,26.213,138.709
189.719,56.422,26.213,138.709
190.024,57.948,26.213,138.709
189.719,58.864,26.213,138.709
191.245,57.338,26.213,138.709
190.329,60.084,26.213,138.709
190.635,60.389,26.213,138.709
190.940,57.032,26.213,138.709
190.024,59.169,26.213,138.709
190.940,60.695,26.213,138.709
190.024,57.948,26.213,138.709
190.329,60.084,26.213,138.709
189.414,61.610,26.213,138.709
189.109,60.084,26.213,138.709
187.583,62.221,26.213,138.709
189.109,63.747,26.213,138.709
187.583,62.831,26.213,138.709
189.719,59.474,26.213,138.709
190.024,63.441,26.213,138.709
190.940,60.695,26.213,138.709
190.635,63.441,26.213,138.709
192.161,60.695,26.213,138.709
191.245,64.052,26.213,138.709
193.992,60.084,26.213,138.709
199.144,77.365,23.604,124.906
200.669,76.337,23.249,123.029
202.287,76.878,23.012,121.771
197.841,63.695,26.793,141.778
196.281,63.383,26.793,141.778
192.850,63.695,26.793,141.778
188.795,62.136,26.793,141.778
187.859,64.943,26.793,141.778
191.770,64.993,27.385,144.915
197.828,65.312,27.385,144.915
201.335,65.631,27.385,144.915
207.787,71.283,21.684,114.745
207.802,70.838,21.634,114.478
201.644,61.264,27.385,144.915
199.412,61.583,27.385,144.915
198.456,61.264,27.385,144.915
198.774,62.221,27.385,144.915
199.731,61.902,27.385,144.915
200.687,63.496,27.385,144.915
201.006,65.090,27.385,144.915
204.342,62.495,27.991,148.121
203.364,62.821,27.991,148.121
204.342,63.147,27.991,148.121
201.409,64.124,27.991,148.121
198.476,63.147,27.991,148.121
192.541,71.865,21.182,112.090
195.525,62.845,27.991,148.121
198.458,64.475,27.991,148.121
203.347,62.845,27.991,148.121
208.235,64.475,27.991,148.121
211.820,66.756,27.991,148.121
210.190,64.475,27.991,148.121
212.472,68.059,27.991,148.121
218.234,79.992,21.413,113.312
218.740,80.631,21.446,113.486
213.383,69.050,27.991,148.121
216.967,70.027,27.991,148.121
218.597,71.005,27.991,148.121
219.770,80.940,21.703,114.844
221.646,80.293,21.784,115.274
221.999,78.675,21.970,116.258
223.051,78.510,22.095,116.919
223.232,66.039,27.991,148.121
224.861,65.713,27.991,148.121
223.884,65.387,27.991,148.121
224.861,66.365,27.991,148.121
223.884,65.387,27.991,148.121
223.558,67.017,27.991,148.121
222.580,66.691,27.991,148.121
222.254,68.972,27.991,148.121
221.928,69.950,27.991,148.121
221.602,68.972,27.991,148.121
219.973,71.253,27.991,148.121
219.647,68.972,27.991,148.121
218.018,71.905,27.991,148.121
217.692,69.624,27.991,148.121
216.062,69.950,27.991,148.121
217.040,70.927,27.991,148.121
215.410,69.950,27.991,148.121
213.781,68.972,27.991,148.121
214.107,70.601,27.991,148.121
213.129,67.668,27.991,148.121
212.151,68.646,27.991,148.121
211.174,67.668,27.991,148.121
210.848,69.950,27.991,148.121
208.567,67.668,27.991,148.121
207.589,69.950,27.991,148.121
205.960,67.668,27.991,148.121
205.634,69.298,27.991,148.121
204.004,68.320,27.991,148.121
202.375,68.646,27.991,148.121
201.397,65.713,27.991,148.121
199.768,67.994,27.991,148.121
198.138,68.972,27.991,148.121
198.464,67.994,27.991,148.121
197.486,68.972,27.991,148.121
196.509,67.342,27.991,148.121
194.879,68.320,27.991,148.121
193.902,68.646,27.991,148.121
193.576,67.017,27.991,148.121
191.946,68.646,27.991,148.121
191.620,66.365,27.991,148.121
190.643,67.994,27.991,148.121
189.013,67.668,27.991,148.121
189.339,66.039,27.991,148.121
189.013,67.017,27.991,148.121
187.384,67.994,27.991,148.121
187.710,67.017,27.991,148.121
186.732,67.994,27.991,148.121
186.406,67.668,27.991,148.121
188.036,68.646,27.991,148.121
187.058,67.017,27.991,148.121
188.036,68.646,27.991,148.121
189.013,67.017,27.991,148.121
188.036,69.298,27.991,148.121
189.665,69.624,27.991,148.121
189.991,69.950,27.991,148.121
191.620,69.624,27.991,148.121
191.946,69.298,27.991,148.121
194.227,70.275,27.991,148.121
195.205,69.950,27.991,148.121
196.183,68.972,27.991,148.121
197.160,69.298,27.991,148.121
198.138,68.320,27.991,148.121
198.464,68.646,27.991,148.121
200.093,65.713,27.991,148.121
200.419,63.432,27.991,148.121
204.129,78.767,20.111,106.421
202.015,64.957,27.991,148.121
202.341,65.935,27.991,148.121
203.318,64.957,27.991,148.121
203.644,63.979,27.991,148.121
203.318,64.305,27.991,148.121
211.113,79.450,20.066,106.184
210.455,78.665,19.740,104.457
213.144,79.903,19.906,105.336
212.331,78.131,20.013,105.901
212.021,79.541,20.130,106.520
211.328,78.262,20.054,106.117
209.249,78.476,20.333,107.597
207.139,77.953,20.275,107.287
205.761,77.820,20.539,108.688
206.731,77.882,20.904,110.619
206.765,77.840,20.935,110.783
207.926,77.746,20.851,110.334
203.575,62.634,27.991,148.121
209.303,78.560,20.240,107.101
210.331,78.195,19.913,105.374
209.472,78.718,20.049,106.094
208.589,78.586,20.244,107.124
208.609,78.923,20.055,106.126
207.360,78.833,20.171,106.739
206.453,78.915,20.057,106.134
200.401,61.051,27.991,148.121
200.727,58.118,27.991,148.121
199.098,57.792,27.991,148.121
200.727,60.074,27.991,148.121
198.446,59.096,27.991,148.121
200.075,61.377,27.991,148.121
199.098,63.658,27.991,148.121
197.468,62.029,27.991,148.121
199.098,63.007,27.991,148.121
198.120,63.984,27.991,148.121
197.794,64.310,27.991,148.121
198.120,63.332,27.991,148.121
199.098,61.703,27.991,148.121
199.424,60.074,27.991,148.121
199.749,61.703,27.991,148.121
199.424,59.422,27.991,148.121
200.401,62.355,27.991,148.121
200.727,62.029,27.991,148.121
199.749,61.051,27.991,148.121
200.727,62.681,27.991,148.121
201.705,61.051,27.991,148.121
202.683,63.332,27.991,148.121
203.008,63.658,27.991,148.121
204.638,62.681,27.991,148.121
204.964,63.007,27.991,148.121
207.245,63.984,27.991,148.121
208.223,63.658,27.991,148.121
207.897,63.984,27.991,148.121
208.874,63.007,27.991,148.121
209.852,62.029,27.991,148.121
209.526,62.355,27.991,148.121
209.852,61.377,27.991,148.121
210.830,62.355,27.991,148.121
211.156,61.377,27.991,148.121
211.482,63.007,27.991,148.121
211.807,61.377,27.991,148.121
210.830,63.007,27.991,148.121
211.807,60.725,27.991,148.121
212.133,62.355,27.991,148.121
213.111,63.332,27.991,148.121
215.977,82.375,18.989,100.486
215.257,63.642,27.991,148.121
217.538,65.272,27.991,148.121
216.561,66.249,27.991,148.121
219.494,67.227,27.991,148.121
222.427,66.249,27.991,148.121
224.056,64.620,27.991,148.121
223.730,61.687,27.991,148.121
222.753,62.665,27.991,148.121
224.382,60.383,27.991,148.121
226.012,61.361,27.991,148.121
227.641,61.687,27.991,148.121
227.315,60.709,27.991,148.121
229.596,61.687,27.991,148.121
228.619,62.013,27.991,148.121
229.596,62.339,27.991,148.121
229.270,62.013,27.991,148.121
230.900,61.035,27.991,148.121
231.226,62.013,27.991,148.121
232.855,62.339,27.991,148.121
233.181,62.013,27.991,148.121
234.159,62.339,27.991,148.121
234.485,63.968,27.991,148.121
235.462,64.294,27.991,148.121
237.092,65.924,27.991,148.121
238.069,64.946,27.991,148.121
239.047,65.924,27.991,148.121
240.677,66.901,27.991,148.121
241.003,68.531,27.991,148.121
242.632,66.901,27.991,148.121
244.913,68.531,27.991,148.121
245.891,66.901,27.991,148.121
246.869,67.227,27.991,148.121
248.498,68.205,27.991,148.121
249.476,66.575,27.991,148.121
251.105,66.249,27.991,148.121
237.559,95.952,20.038,106.033
240.022,96.045,20.111,106.423
241.741,95.984,20.332,107.592
246.907,69.724,27.991,148.121
248.537,67.443,27.991,148.121
244.952,69.724,27.991,148.121
242.671,66.791,27.991,148.121
246.230,89.638,21.627,114.443
239.659,68.758,27.991,148.121
236.726,65.825,27.991,148.121
234.445,66.803,27.991,148.121
234.119,67.781,27.991,148.121
233.142,66.803,27.991,148.121
230.209,66.477,27.991,148.121
228.579,64.196,27.991,148.121
225.646,66.477,27.991,148.121
222.713,62.892,27.991,148.121
228.819,79.306,20.131,106.529
220.197,64.246,27.991,148.121
223.927,78.902,20.317,107.510
214.746,64.985,27.991,148.121
211.813,65.311,27.991,148.121
210.184,65.637,27.991,148.121
208.554,64.659,27.991,148.121
205.621,64.333,27.991,148.121
203.340,65.963,27.991,148.121
203.014,64.985,27.991,148.121
201.385,65.311,27.991,148.121
199.755,65.637,27.991,148.121
197.474,64.659,27.991,148.121
197.800,66.289,27.991,148.121
196.170,67.266,27.991,148.121
196.496,68.244,27.991,148.121
199.262,80.917,20.196,106.871
197.907,81.592,20.281,107.321
195.459,81.577,20.216,106.975
193.755,82.631,20.043,106.061
192.927,82.531,20.038,106.034
184.910,65.269,27.991,148.121
180.673,63.639,27.991,148.121
177.088,65.269,27.991,148.121
174.807,64.943,27.991,148.121
174.481,65.269,27.991,148.121
175.094,67.162,27.394,144.962
175.413,66.843,27.394,144.962
174.456,65.887,27.394,144.962
174.137,67.481,27.394,144.962
176.369,69.076,27.394,144.962
175.413,66.843,27.394,144.962
174.456,67.162,27.394,144.962
176.051,66.206,27.394,144.962
176.369,66.524,27.394,144.962
176.688,64.930,27.394,144.962
176.369,66.524,27.394,144.962
176.051,64.292,27.394,144.962
177.007,66.524,27.394,144.962
176.051,64.292,27.394,144.962
175.732,67.162,27.394,144.962
177.326,65.568,27.394,144.962
177.645,68.438,27.394,144.962
179.240,67.481,27.394,144.962
180.835,68.438,27.394,144.962
179.878,66.206,27.394,144.962
180.197,67.800,27.394,144.962
179.878,65.568,27.394,144.962
179.248,69.265,26.810,141.871
180.184,67.705,26.810,141.871
179.872,67.392,26.810,141.871
180.184,69.577,26.810,141.871
179.248,67.392,26.810,141.871
180.184,69.577,26.810,141.871
179.248,67.392,26.810,141.871
180.808,69.577,26.810,141.871
181.121,66.768,26.810,141.871
180.184,66.456,26.810,141.871
181.745,67.392,26.810,141.871
182.057,65.207,26.810,141.871
182.369,65.520,26.810,141.871
182.681,66.456,26.810,141.871
184.866,64.895,26.810,141.871
183.930,65.832,26.810,141.871
186.115,64.895,26.810,141.871
185.178,64.583,26.810,141.871
186.739,64.895,26.810,141.871
188.300,64.583,26.810,141.871
188.612,63.022,26.810,141.871
190.173,64.583,26.810,141.871
189.860,64.895,26.810,141.871
191.421,64.583,26.810,141.871
191.109,65.520,26.810,141.871
190.797,65.832,26.810,141.871
192.358,63.022,26.810,141.871
190.173,65.207,26.810,141.871
189.236,66.144,26.810,141.871
190.797,64.583,26.810,141.871
191.109,65.520,26.810,141.871
189.548,67.080,26.810,141.871
191.109,64.895,26.810,141.871
190.797,65.207,26.810,141.871
192.358,66.768,26.810,141.871
192.670,64.583,26.810,141.871
193.606,65.520,26.810,141.871
193.918,66.456,26.810,141.871
196.103,65.520,26.810,141.871
195.791,66.456,26.810,141.871
197.352,64.895,26.810,141.871
197.040,63.959,26.810,141.871
198.600,64.271,26.810,141.871
198.913,63.959,26.810,141.871
199.849,64.271,26.810,141.871
201.410,64.583,26.810,141.871
202.346,64.271,26.810,141.871
202.658,63.959,26.810,141.871
203.595,65.520,26.810,141.871
204.531,65.832,26.810,141.871
205.467,64.271,26.810,141.871
205.155,64.583,26.810,141.871
206.092,63.647,26.810,141.871
207.652,63.959,26.810,141.871
207.340,65.520,26.810,141.871
207.652,65.207,26.810,141.871
209.213,64.271,26.810,141.871
208.901,65.832,26.810,141.871
210.462,64.895,26.810,141.871
210.150,65.832,26.810,141.871
211.086,64.895,26.810,141.871
211.398,65.832,26.810,141.871
211.710,64.895,26.810,141.871
211.398,65.832,26.810,141.871
212.335,66.144,26.810,141.871
213.271,65.832,26.810,141.871
212.959,64.895,26.810,141.871
213.895,65.832,26.810,141.871
214.207,65.520,26.810,141.871
212.647,67.080,26.810,141.871
214.207,65.520,26.810,141.871
212.647,67.705,26.810,141.871
212.959,64.895,26.810,141.871
212.022,67.705,26.810,141.871
212.959,65.520,26.810,141.871
211.398,67.705,26.810,141.871
212.335,64.271,26.810,141.871
211.398,64.583,26.810,141.871
213.583,63.647,26.810,141.871
213.271,63.335,26.810,141.871
216.080,62.398,26.810,141.871
217.017,62.086,26.810,141.871
217.329,61.150,26.810,141.871
215.144,63.335,26.810,141.871
214.207,60.525,26.810,141.871
215.144,63.335,26.810,141.871
215.456,61.150,26.810,141.871
215.144,63.335,26.810,141.871
214.207,61.774,26.810,141.871
215.144,61.462,26.810,141.871
215.456,63.647,26.810,141.871
216.392,60.837,26.810,141.871
217.329,64.271,26.810,141.871
215.768,63.335,26.810,141.871
217.329,63.022,26.810,141.871
215.144,62.710,26.810,141.871
217.329,62.398,26.810,141.871
215.768,64.583,26.810,141.871
218.425,85.819,18.746,99.197
218.078,63.797,26.810,141.871
217.142,64.110,26.810,141.871
216.205,64.422,26.810,141.871
217.766,64.110,26.810,141.871
216.830,65.046,26.810,141.871
218.659,86.153,18.828,99.630
218.602,85.522,19.052,100.819
219.260,85.121,19.083,100.982
216.280,63.778,26.239,138.845
216.586,65.916,26.239,138.845
215.058,65.000,26.239,138.845
215.364,64.083,26.239,138.845
214.447,62.556,26.239,138.845
212.920,63.472,26.239,138.845
214.447,61.945,26.239,138.845
214.142,63.472,26.239,138.845
214.447,63.778,26.239,138.845
213.531,63.472,26.239,138.845
213.836,62.556,26.239,138.845
214.753,63.472,26.239,138.845
213.225,63.167,26.239,138.845
214.142,62.250,26.239,138.845
213.836,63.778,26.239,138.845
212.920,65.305,26.239,138.845
214.447,63.167,26.239,138.845
212.309,64.083,26.239,138.845
214.447,61.334,26.239,138.845
212.309,62.861,26.239,138.845
213.836,63.778,26.239,138.845
213.531,64.083,26.239,138.845
212.614,62.556,26.239,138.845
212.920,64.083,26.239,138.845
212.003,63.167,26.239,138.845
212.920,64.083,26.239,138.845
212.003,63.167,26.239,138.845
211.087,64.694,26.239,138.845
212.003,65.611,26.239,138.845
211.087,63.472,26.239,138.845
212.003,65.611,26.239,138.845
211.698,63.472,26.239,138.845
212.003,63.167,26.239,138.845
212.920,62.250,26.239,138.845
213.225,63.167,26.239,138.845
217.879,82.254,19.416,102.744
214.440,62.343,26.239,138.845
215.968,60.205,26.239,138.845
215.662,57.456,26.239,138.845
215.968,61.427,26.239,138.845
216.884,58.677,26.239,138.845
215.968,60.816,26.239,138.845
216.884,58.677,26.239,138.845
215.968,58.983,26.239,138.845
216.273,59.899,26.239,138.845
216.579,60.816,26.239,138.845
216.273,61.121,26.239,138.845
217.190,60.816,26.239,138.845
216.273,62.343,26.239,138.845
217.801,61.427,26.239,138.845
216.273,62.954,26.239,138.845
217.190,63.871,26.239,138.845
215.662,62.954,26.239,138.845
215.357,63.871,26.239,138.845
215.662,64.787,26.239,138.845
214.746,64.482,26.239,138.845
214.440,64.787,26.239,138.845
213.524,65.093,26.239,138.845
214.440,65.398,26.239,138.845
216.559,83.269,20.070,106.205
215.841,83.036,20.056,106.130
215.876,82.467,20.011,105.890
215.643,81.936,20.243,107.121
215.530,81.341,20.211,106.951
213.711,65.977,26.239,138.845
213.406,65.672,26.239,138.845
212.489,65.977,26.239,138.845
214.016,67.505,26.239,138.845
214.574,81.355,20.413,108.021
215.318,81.391,20.516,108.562
214.564,80.770,20.530,108.636
215.007,80.727,20.471,108.326
212.707,64.829,26.239,138.845
212.401,65.134,26.239,138.845
212.096,63.607,26.239,138.845
213.623,63.912,26.239,138.845
212.707,62.996,26.239,138.845
213.012,63.301,26.239,138.845
213.929,62.385,26.239,138.845
213.623,63.912,26.239,138.845
213.318,63.607,26.239,138.845
214.845,63.301,26.239,138.845
213.318,62.385,26.239,138.845
215.070,65.337,25.679,135.885
214.173,63.843,25.679,135.885
213.874,64.740,25.679,135.885
215.369,63.245,25.679,135.885
213.874,64.740,25.679,135.885
215.967,63.245,25.679,135.885
214.472,65.337,25.679,135.885
214.173,63.245,25.679,135.885
213.276,64.740,25.679,135.885
213.575,65.039,25.679,135.885
213.276,65.935,25.679,135.885
212.379,65.039,25.679,135.885
212.678,65.935,25.679,135.885
212.379,64.441,25.679,135.885
212.080,66.533,25.679,135.885
213.575,66.234,25.679,135.885
212.080,67.131,25.679,135.885
214.173,68.028,25.679,135.885
212.080,70.719,25.679,135.885
213.575,67.430,25.679,135.885
211.482,65.935,25.679,135.885
209.389,68.028,25.679,135.885
209.090,67.131,25.679,135.885
207.595,68.028,25.679,135.885
205.503,70.121,25.679,135.885
206.997,69.224,25.679,135.885
205.503,70.719,25.679,135.885
206.997,71.018,25.679,135.885
208.492,69.523,25.679,135.885
205.204,72.214,25.679,135.885
206.698,70.719,25.679,135.885
206.400,72.214,25.679,135.885
207.296,70.121,25.679,135.885
204.606,71.018,25.679,135.885
206.698,70.719,25.679,135.885
204.606,71.616,25.679,135.885
206.101,70.719,25.679,135.885
205.802,72.214,25.679,135.885
201.011,82.557,19.602,103.726
205.153,70.668,25.679,135.885
208.441,68.576,25.679,135.885
209.936,66.483,25.679,135.885
207.843,69.771,25.679,135.885
209.338,71.266,25.679,135.885
209.637,71.565,25.679,135.885
210.534,69.472,25.679,135.885
209.039,70.369,25.679,135.885
211.736,83.690,19.997,105.817
209.498,66.868,25.679,135.885
209.797,67.765,25.679,135.885
211.292,66.868,25.679,135.885
210.993,67.765,25.679,135.885
212.488,67.466,25.679,135.885
210.395,67.765,25.679,135.885
210.096,69.259,25.679,135.885
211.591,67.765,25.679,135.885
208.900,69.857,25.679,135.885
209.199,68.960,25.679,135.885
206.508,70.455,25.679,135.885
206.209,68.960,25.679,135.885
204.117,71.053,25.679,135.885
206.209,70.156,25.679,135.885
203.519,70.455,25.679,135.885
203.220,68.960,25.679,135.885
199.931,71.053,25.679,135.885
197.240,70.156,25.679,135.885
193.952,70.455,25.679,135.885
191.859,71.352,25.679,135.885
188.570,69.857,25.679,135.885
185.282,71.950,25.679,135.885
181.993,71.651,25.679,135.885
180.498,73.146,25.679,135.885
177.209,73.445,25.679,135.885
174.519,74.342,25.679,135.885
176.925,92.103,18.967,100.365
171.780,74.349,25.679,135.885
173.471,93.635,19.023,100.662
174.028,92.312,18.923,100.132
175.438,72.049,25.679,135.885
172.149,73.544,25.679,135.885
171.252,73.843,25.679,135.885
168.562,72.946,25.679,135.885
170.654,71.451,25.679,135.885
172.149,72.946,25.679,135.885
174.242,74.440,25.679,135.885
177.531,71.750,25.679,135.885
177.232,72.049,25.679,135.885
177.531,71.750,25.679,135.885
179.026,69.657,25.679,135.885
180.520,68.162,25.679,135.885
188.066,88.362,18.299,96.833
187.604,86.969,18.223,96.429
187.585,86.325,18.159,96.091
187.973,86.548,17.915,94.799
187.163,86.974,18.173,96.163
187.640,86.628,18.199,96.305
188.176,86.901,18.176,96.183
188.981,86.584,18.345,97.074
190.204,86.114,18.433,97.540
190.976,84.658,18.382,97.272
192.936,84.334,18.351,97.107
193.711,84.403,18.323,96.959
189.440,63.152,25.679,135.885
195.932,84.299,18.026,95.390
193.307,62.861,25.679,135.885
195.399,61.964,25.679,135.885
196.894,64.655,25.679,135.885
200.183,66.150,25.679,135.885
198.688,63.459,25.679,135.885
199.585,64.954,25.679,135.885
200.482,64.057,25.679,135.885
201.379,63.160,25.679,135.885
202.646,61.967,26.247,138.891
201.729,62.884,26.247,138.891
202.646,63.190,26.247,138.891
203.562,61.051,26.247,138.891
203.257,61.967,26.247,138.891
204.174,59.828,26.247,138.891
205.090,58.300,26.247,138.891
206.618,59.217,26.247,138.891
206.313,62.579,26.247,138.891
206.618,64.718,26.247,138.891
205.702,65.023,26.247,138.891
207.229,67.773,26.247,138.891
209.369,69.913,26.247,138.891
207.229,68.996,26.247,138.891
206.924,68.079,26.247,138.891
206.007,66.551,26.247,138.891
205.090,69.913,26.247,138.891
206.618,67.773,26.247,138.891
204.479,71.746,26.247,138.891
205.396,72.052,26.247,138.891
204.479,74.191,26.247,138.891
205.396,74.496,26.247,138.891
206.313,73.580,26.247,138.891
207.229,75.107,26.247,138.891
208.146,72.968,26.247,138.891
207.841,73.274,26.247,138.891
208.757,72.968,26.247,138.891
209.063,73.885,26.247,138.891
211.202,73.580,26.247,138.891
216.240,85.907,20.477,108.355
216.482,86.419,20.239,107.095
211.005,75.383,26.247,138.891
217.324,86.256,19.848,105.028
211.041,75.409,26.247,138.891
215.411,86.322,19.802,104.784
215.909,86.289,19.883,105.212
214.694,87.140,19.931,105.467
215.359,86.912,20.005,105.858
214.443,87.965,20.042,106.054
215.321,87.216,20.159,106.672
212.530,87.797,20.446,108.192
212.839,87.134,20.661,109.330
211.950,87.183,20.691,109.490
212.513,87.012,20.781,109.964
212.724,87.223,20.940,110.807
207.598,77.431,26.247,138.891
207.293,76.515,26.247,138.891
208.209,76.820,26.247,138.891
207.293,75.292,26.247,138.891
