326.000,414.000,15.000,42.000
326.981,415.635,15.000,42.000
326.000,416.616,15.000,42.000
326.109,415.853,15.000,42.000
325.346,416.398,15.000,42.000
325.237,416.725,15.000,42.000
324.038,418.361,15.000,42.000
322.185,419.778,15.000,42.000
320.331,420.323,15.000,42.000
319.132,419.124,15.000,42.000
318.587,419.015,15.000,42.000
316.516,419.560,15.000,42.000
315.099,420.541,15.000,42.000
315.644,420.432,15.000,42.000
315.971,420.323,15.000,42.000
316.080,420.432,15.000,42.000
316.843,421.195,15.000,42.000
316.952,421.522,15.000,42.000
317.061,422.067,15.000,42.000
317.606,421.522,15.000,42.000
316.407,422.939,15.000,42.000
315.862,423.702,15.000,42.000
317.061,422.067,15.000,42.000
318.478,420.868,15.000,42.000
319.241,422.285,15.000,42.000
318.914,423.048,15.000,42.000
319.459,424.247,15.000,42.000
323.057,426.754,15.000,42.000
324.256,431.006,15.000,42.000
322.839,431.987,15.000,42.000
321.422,431.006,15.000,42.000
321.095,429.153,15.000,42.000
320.986,428.390,15.000,42.000
320.440,427.190,15.000,42.000
319.895,425.991,15.000,42.000
318.042,427.627,15.000,42.000
316.189,428.390,15.000,42.000
314.990,430.025,15.000,42.000
314.445,431.878,15.000,42.000
313.682,436.784,15.000,42.000
312.046,438.855,15.000,42.000
311.719,440.708,15.000,42.000
309.430,439.945,15.000,42.000
308.667,436.348,15.000,42.000
309.430,431.878,15.000,42.000
308.231,429.371,15.000,42.000
305.506,424.683,15.000,42.000
300.382,420.868,15.000,42.000
301.145,422.285,15.000,42.000
299.292,422.830,15.000,42.000
299.183,424.029,15.000,42.000
301.472,426.754,15.000,42.000
302.017,425.773,15.000,42.000
300.600,426.318,15.000,42.000
298.965,424.247,15.000,42.000
298.638,422.830,15.000,42.000
297.221,424.465,15.000,42.000
294.932,423.484,15.000,42.000
293.078,423.375,15.000,42.000
292.315,422.612,15.000,42.000
291.116,421.631,15.000,42.000
287.519,419.560,15.000,42.000
286.102,418.361,15.000,42.000
285.775,417.597,15.000,42.000
285.012,418.797,15.000,42.000
284.684,419.560,15.000,42.000
285.666,420.541,15.000,42.000
287.301,421.958,15.000,42.000
288.500,422.503,15.000,42.000
289.481,421.522,15.000,42.000
288.936,421.631,15.000,42.000
288.827,421.958,15.000,42.000
288.064,421.413,15.000,42.000
287.519,419.560,15.000,42.000
286.320,417.488,15.000,42.000
287.519,415.199,15.000,42.000
285.666,413.346,15.000,42.000
285.557,411.929,15.000,42.000
285.011,409.858,15.000,42.000
284.248,407.132,15.000,42.000
283.267,402.445,15.000,42.000
282.722,399.501,15.000,42.000
281.523,394.814,15.000,42.000
280.978,391.871,15.000,42.000
279.997,388.273,15.000,42.000
279.234,385.330,15.000,42.000
279.779,384.349,15.000,42.000
278.580,383.150,15.000,42.000
277.381,380.424,15.000,42.000
278.362,378.353,15.000,42.000
278.253,377.372,15.000,42.000
277.926,377.481,15.000,42.000
279.343,377.372,15.000,42.000
280.324,377.263,15.000,42.000
280.433,378.026,15.000,42.000
280.760,379.225,15.000,42.000
279.997,380.642,15.000,42.000
280.324,382.495,15.000,42.000
280.215,384.785,15.000,42.000
280.324,386.638,15.000,42.000
279.561,385.657,15.000,42.000
279.016,386.638,15.000,42.000
278.689,385.657,15.000,42.000
277.272,384.894,15.000,42.000
276.727,386.311,15.000,42.000
274.437,385.548,15.000,42.000
273.674,386.529,15.000,42.000
269.423,385.766,15.000,42.000
267.788,386.311,15.000,42.000
265.716,384.676,15.000,42.000
263.645,385.221,15.000,42.000
263.318,386.202,15.000,42.000
263.209,386.965,15.000,42.000
263.100,388.164,15.000,42.000
262.119,386.747,15.000,42.000
262.882,388.164,15.000,42.000
262.337,386.965,15.000,42.000
261.792,388.600,15.000,42.000
260.811,388.055,15.000,42.000
260.484,387.074,15.000,42.000
261.029,386.311,15.000,42.000
260.484,387.728,15.000,42.000
260.157,389.145,15.000,42.000
259.612,388.382,15.000,42.000
259.721,389.799,15.000,42.000
261.356,392.088,15.000,42.000
262.555,394.160,15.000,42.000
262.228,396.449,15.000,42.000
263.209,397.866,15.000,42.000
262.882,399.283,15.000,42.000
263.645,398.738,15.000,42.000
262.882,399.501,15.000,42.000
263.427,398.084,15.000,42.000
263.754,396.667,15.000,42.000
263.645,397.648,15.000,42.000
263.536,395.795,15.000,42.000
262.991,394.814,15.000,42.000
263.754,395.795,15.000,42.000
262.773,395.032,15.000,42.000
262.446,394.923,15.000,42.000
261.901,396.776,15.000,42.000
260.484,397.975,15.000,42.000
261.247,397.866,15.000,42.000
260.266,398.193,15.000,42.000
259.503,396.994,15.000,42.000
258.522,396.667,15.000,42.000
258.631,395.032,15.000,42.000
257.649,394.051,15.000,42.000
255.796,393.724,15.000,42.000
255.033,392.961,15.000,42.000
253.834,391.107,15.000,42.000
251.327,389.908,15.000,42.000
250.143,389.557,15.332,42.929
248.026,386.994,15.332,42.929
244.794,384.654,15.332,42.929
242.232,380.086,15.332,42.929
239.892,378.414,15.332,42.929
237.552,380.086,15.332,42.929
238.109,385.323,15.332,42.929
235.992,390.337,15.332,42.929
234.766,392.231,15.332,42.929
238.443,395.239,15.332,42.929
244.794,400.253,15.332,42.929
252.483,401.925,15.332,42.929
258.611,400.476,15.332,42.929
267.636,399.028,15.332,42.929
275.993,400.031,15.332,42.929
279.893,400.811,15.332,42.929
278.667,398.693,15.332,42.929
277.219,392.788,15.332,42.929
277.553,386.883,15.332,42.929
278.333,384.988,15.332,42.929
272.873,387.774,15.332,42.929
263.578,390.593,16.497,46.192
255.743,398.070,15.332,42.929
242.740,392.603,16.650,46.619
239.662,392.716,15.332,42.929
236.654,387.034,15.332,42.929
231.417,382.911,15.332,42.929
225.351,383.014,15.671,43.879
220.454,385.633,15.671,43.879
217.607,388.025,15.671,43.879
212.482,389.050,15.671,43.879
208.268,390.531,15.671,43.879
203.371,392.922,15.671,43.879
200.068,395.314,15.671,43.879
195.626,396.795,15.671,43.879
192.972,395.718,16.018,44.850
191.691,397.232,16.018,44.850
187.420,396.376,17.458,48.883
186.327,398.458,17.360,48.608
185.474,400.640,17.326,48.514
186.348,402.459,16.018,44.850
186.934,398.838,17.229,48.240
187.491,399.046,16.998,47.595
189.487,399.600,16.841,47.154
193.304,400.129,16.811,47.070
196.555,397.839,16.906,47.336
199.674,393.249,16.845,47.166
202.242,390.697,16.906,47.337
204.535,388.392,16.947,47.452
206.732,387.831,16.835,47.137
208.949,389.619,16.921,47.380
211.263,392.626,16.809,47.066
215.920,396.001,16.835,47.138
218.951,397.478,16.882,47.268
220.616,395.529,16.943,47.440
221.939,394.649,16.914,47.359
220.799,394.093,16.875,47.249
216.632,395.451,16.372,45.842
211.143,397.537,16.734,46.856
208.832,400.334,16.734,46.856
207.981,401.915,16.734,46.856
207.645,402.217,16.846,47.168
206.591,404.384,16.976,47.534
205.076,404.428,16.903,47.330
206.217,405.351,16.833,47.131
207.203,408.062,16.755,46.915
206.108,406.608,16.765,46.941
208.463,406.714,16.831,47.126
211.154,407.742,16.908,47.342
211.673,405.324,16.945,47.445
211.975,405.482,17.105,47.893
211.657,406.113,17.483,48.953
215.182,405.507,16.985,47.558
217.194,405.324,17.030,47.683
217.848,405.916,17.128,47.957
218.643,407.924,17.219,48.213
219.664,409.912,17.295,48.426
219.867,412.623,17.455,48.875
219.093,415.641,17.484,48.955
221.014,418.376,17.614,49.318
220.712,422.535,17.747,49.691
218.320,424.327,17.974,50.327
216.195,426.127,18.254,51.112
213.218,429.112,18.669,52.274
211.455,434.946,18.669,52.274
209.419,433.996,18.669,52.274
207.656,431.961,18.669,52.274
209.691,430.740,18.669,52.274
210.188,428.613,19.083,53.431
209.545,425.864,19.505,54.613
210.947,425.995,19.936,55.821
209.064,423.822,19.936,55.821
210.658,425.995,19.936,55.821
209.986,423.724,20.377,57.057
209.607,422.017,20.828,58.319
210.476,424.356,21.289,59.609
212.178,428.533,21.289,59.609
213.880,430.854,21.289,59.609
215.089,429.071,21.760,60.928
216.981,430.858,22.241,62.276
221.005,427.339,22.522,63.060
221.225,434.747,22.734,63.654
222.174,433.186,23.237,65.062
224.031,436.395,23.237,65.062
226.295,434.068,23.992,67.179
224.013,435.886,24.333,68.132
222.629,435.685,24.719,69.214
222.228,436.637,25.333,70.932
219.761,438.310,25.743,72.080
217.321,440.527,25.842,72.358
214.385,441.858,26.164,73.258
215.502,442.270,26.540,74.311
216.855,443.266,26.828,75.119
214.452,443.033,27.402,76.727
211.859,445.596,28.333,79.333
209.214,446.142,28.428,79.598
207.203,446.559,28.929,81.002
207.688,445.177,29.141,81.594
208.357,440.645,29.284,81.994
205.985,440.733,28.921,80.979
202.685,430.483,29.478,82.539
200.000,429.468,29.561,82.770
198.067,426.675,29.561,82.770
196.133,422.164,29.561,82.770
196.348,419.801,29.561,82.770
195.704,419.156,29.561,82.770
198.496,422.379,29.561,82.770
200.860,423.023,29.561,82.770
203.319,414.137,30.122,84.341
204.959,414.575,29.926,83.794
206.471,414.815,30.234,84.655
205.085,422.199,29.561,82.770
204.870,424.992,29.561,82.770
203.796,423.058,29.561,82.770
202.722,420.265,29.561,82.770
197.351,422.199,29.561,82.770
185.211,419.277,30.215,84.601
181.478,423.010,30.215,84.601
172.914,427.621,30.215,84.601
170.074,425.546,30.883,86.473
165.361,430.260,30.883,86.473
154.540,426.742,31.567,88.386
151.558,428.348,31.567,88.386
149.543,430.464,32.265,90.342
152.122,432.574,32.265,90.342
151.888,435.154,32.265,90.342
150.715,437.733,32.265,90.342
156.577,440.781,32.265,90.342
161.501,441.954,32.265,90.342
167.364,442.188,32.265,90.342
169.943,441.954,32.265,90.342
172.991,441.250,32.265,90.342
176.509,445.705,32.265,90.342
176.743,449.692,32.265,90.342
178.384,451.333,32.265,90.342
178.150,450.630,32.265,90.342
176.509,449.926,32.265,90.342
180.026,452.037,32.265,90.342
179.426,449.334,32.979,92.341
176.789,445.260,32.979,92.341
174.632,440.706,32.979,92.341
167.202,430.400,32.979,92.341
163.607,423.929,32.979,92.341
164.486,419.177,33.709,94.384
165.221,415.503,33.709,94.384
171.835,417.218,33.709,94.384
180.899,421.872,33.709,94.384
190.453,424.567,33.709,94.384
197.067,423.342,33.709,94.384
207.601,427.017,33.709,94.384
217.156,432.161,33.709,94.384
221.103,434.929,34.454,96.472
226.863,438.685,34.454,96.472
232.622,441.941,34.454,96.472
239.382,437.684,34.454,96.472
245.141,434.929,34.454,96.472
248.897,430.673,34.454,96.472
250.854,425.189,35.217,98.607
252.134,421.862,35.217,98.607
255.973,419.047,35.217,98.607
258.788,417.767,35.217,98.607
258.021,414.952,35.217,98.607
258.788,415.208,35.217,98.607
258.021,419.047,35.217,98.607
260.324,421.350,35.217,98.607
259.556,420.070,35.217,98.607
256.229,417.255,35.217,98.607
255.461,420.070,35.217,98.607
252.151,414.465,35.996,100.788
250.320,415.250,35.996,100.788
251.821,411.150,36.792,103.018
254.228,407.139,36.792,103.018
258.238,409.011,36.792,103.018
255.832,405.535,36.792,103.018
253.426,407.941,36.792,103.018
254.762,407.674,36.792,103.018
251.286,403.128,36.792,103.018
252.623,400.187,36.792,103.018
251.286,396.711,36.792,103.018
249.415,392.165,36.792,103.018
248.613,392.968,36.792,103.018
248.880,389.491,36.792,103.018
250.752,385.481,36.792,103.018
252.287,379.070,37.606,105.297
255.839,374.971,37.606,105.297
259.392,373.058,37.606,105.297
260.212,373.331,37.606,105.297
257.811,369.047,38.438,107.627
259.208,367.650,38.438,107.627
261.164,371.840,38.438,107.627
263.119,374.913,38.438,107.627
263.957,375.751,38.438,107.627
263.678,376.589,38.438,107.627
264.516,379.103,38.438,107.627
262.002,384.970,38.438,107.627
260.046,391.954,38.438,107.627
257.532,396.144,38.438,107.627
256.694,400.893,38.438,107.627
254.739,404.524,38.438,107.627
253.901,405.362,38.438,107.627
255.297,405.083,38.438,107.627
258.929,408.156,38.438,107.627
259.767,410.111,38.438,107.627
259.052,405.733,39.289,110.008
261.051,407.731,39.289,110.008
262.478,407.446,39.289,110.008
264.710,401.193,40.158,112.442
267.336,399.734,40.158,112.442
265.877,405.279,40.158,112.442
265.130,407.365,41.046,114.930
264.366,403.309,41.955,117.473
263.452,400.564,41.955,117.473
258.878,400.869,41.955,117.473
259.183,401.784,41.955,117.473
260.933,402.699,42.883,120.072
258.128,403.634,42.883,120.072
256.037,403.922,43.832,122.729
257.866,406.200,44.801,125.444
252.979,403.123,45.793,128.219
253.508,402.050,46.806,131.056
251.226,405.894,47.841,133.956
248.893,401.166,48.900,136.920
250.195,404.444,49.982,139.949
253.034,408.549,51.088,143.045
254.395,414.285,52.218,146.210
250.274,416.999,53.373,149.445
252.989,420.490,53.373,149.445
252.801,427.288,54.554,152.752
254.784,433.235,54.554,152.752
252.946,437.715,55.761,156.131
248.488,434.878,55.761,156.131
243.220,431.231,55.761,156.131
237.978,427.402,56.995,159.586
234.340,424.347,58.256,163.117
228.836,415.456,58.256,163.117
223.332,398.945,58.256,163.117
219.613,384.402,59.545,166.726
221.777,379.642,59.545,166.726
222.465,382.736,60.862,170.414
224.676,382.294,60.862,170.414
227.773,378.313,60.862,170.414
227.330,374.332,60.862,170.414
228.657,381.851,60.862,170.414
229.984,377.871,60.862,170.414
232.196,383.621,60.862,170.414
234.407,382.294,60.862,170.414
235.734,381.851,60.862,170.414
234.407,380.524,60.862,170.414
233.275,378.180,62.209,174.185
231.919,377.728,62.209,174.185
234.179,376.372,62.209,174.185
235.536,380.441,62.209,174.185
240.509,389.031,62.209,174.185
246.386,399.429,62.209,174.185
245.030,414.348,62.209,174.185
248.194,416.609,62.209,174.185
245.934,413.444,62.209,174.185
249.099,414.801,62.209,174.185
244.126,413.444,62.209,174.185
238.248,410.280,62.209,174.185
229.586,411.636,63.585,178.039
222.655,402.856,63.585,178.039
220.344,395.000,63.585,178.039
222.655,388.069,63.585,178.039
221.268,385.758,63.585,178.039
218.033,387.144,63.585,178.039
222.192,382.986,63.585,178.039
222.655,388.069,63.585,178.039
219.420,390.379,63.585,178.039
221.730,395.462,63.585,178.039
224.041,395.000,63.585,178.039
227.276,396.387,63.585,178.039
243.837,416.325,50.348,140.975
246.835,417.317,49.400,138.321
237.789,405.766,60.902,170.526
246.685,420.394,48.178,134.899
244.710,414.456,47.751,133.704
243.101,408.756,46.936,131.421
242.270,407.537,45.181,126.508
239.662,404.958,44.066,123.386
236.397,401.974,43.218,121.009
224.016,386.915,57.088,159.848
228.562,404.253,42.753,119.709
224.282,403.772,42.148,118.015
221.442,405.633,41.859,117.206
221.414,407.820,41.189,115.330
220.679,408.419,41.143,115.200
220.175,409.473,40.361,113.010
218.811,408.757,39.947,111.851
217.357,406.024,38.809,108.666
218.704,402.598,38.294,107.222
218.919,400.103,37.834,105.935
220.316,401.189,37.680,105.505
220.653,400.065,37.249,104.297
221.394,403.898,36.265,101.543
220.303,403.674,36.298,101.634
223.126,402.086,35.310,98.869
224.161,404.155,34.716,97.204
227.039,403.480,34.212,95.793
229.183,405.796,33.630,94.164
229.947,406.191,33.636,94.182
232.179,406.187,32.662,91.455
234.943,408.036,32.845,91.965
237.762,410.168,32.338,90.546
244.022,412.557,32.015,89.643
247.311,416.835,31.582,88.429
249.632,418.655,31.412,87.955
251.094,418.981,30.430,85.204
253.552,422.878,29.994,83.983
254.659,424.492,30.087,84.244
255.615,425.723,30.248,84.694
254.865,427.218,30.197,84.551
255.889,430.557,30.095,84.265
256.616,432.343,29.932,83.810
256.767,434.526,29.958,83.882
257.898,436.666,30.388,85.087
258.667,439.706,30.036,84.100
257.830,439.935,30.765,86.141
257.153,439.951,31.465,88.101
256.662,443.237,30.379,85.060
255.679,445.162,30.142,84.398
256.991,444.583,30.674,85.887
256.437,441.966,29.888,83.687
257.366,438.546,30.339,84.950
257.593,435.586,29.924,83.787
256.434,429.869,30.473,85.323
255.072,424.614,30.732,86.051
256.810,424.405,31.257,87.519
257.438,423.309,30.821,86.299
258.641,421.812,30.074,84.208
260.314,421.428,30.260,84.729
262.458,421.637,30.771,86.158
264.044,421.802,30.847,86.371
265.539,419.344,30.180,84.503
266.086,418.302,30.462,85.293
267.186,417.547,31.239,87.470
266.969,418.296,31.437,88.025
267.039,418.839,31.197,87.352
268.076,420.631,30.867,86.428
266.998,421.502,31.245,87.485
268.065,422.946,31.154,87.230
266.514,425.484,31.266,87.545
263.648,429.616,31.858,89.203
262.175,434.472,32.153,90.029
259.201,440.036,32.010,89.627
253.731,443.226,31.640,88.591
247.453,446.296,31.995,89.587
242.622,448.510,32.105,89.895
239.620,452.842,32.717,91.607
237.325,455.163,32.606,91.297
234.061,455.886,33.213,92.998
233.528,457.363,33.024,92.467
231.081,458.532,33.017,92.448
217.114,431.190,50.278,140.777
230.323,460.110,32.448,90.856
219.488,435.827,48.156,134.837
230.604,459.406,33.400,93.521
230.870,460.880,33.201,92.962
231.047,461.551,33.424,93.587
230.392,461.977,33.700,94.361
231.194,463.907,33.308,93.263
233.161,463.664,32.965,92.301
234.490,463.028,33.504,93.810
235.330,462.762,34.154,95.630
231.013,448.558,45.141,126.394
237.663,462.791,34.008,95.223
239.138,463.213,34.053,95.350
232.044,448.291,44.178,123.698
234.062,453.014,43.236,121.060
235.633,450.815,43.236,121.060
239.720,464.501,33.110,92.708
240.752,465.561,33.045,92.527
240.699,466.952,33.155,92.835
241.967,466.235,33.775,94.570
244.397,466.693,33.694,94.343
246.378,467.745,33.739,94.469
248.271,468.296,33.902,94.925
247.738,467.645,34.569,96.793
244.942,466.698,34.792,97.418
237.680,464.617,34.936,97.821
229.648,452.405,42.314,118.479
241.527,459.727,33.627,94.154
243.296,444.453,42.314,118.479
247.294,439.225,42.314,118.479
246.371,441.377,42.314,118.479
244.834,445.375,42.314,118.479
247.601,449.988,42.314,118.479
244.834,451.525,42.314,118.479
243.911,449.373,42.314,118.479
247.403,462.052,35.098,98.273
246.570,456.744,35.234,98.654
251.557,453.227,34.447,96.450
253.773,452.017,34.686,97.122
256.574,449.993,34.277,95.975
258.707,446.940,34.285,95.998
260.516,445.440,35.610,99.708
260.201,434.172,42.314,118.479
262.969,432.020,42.314,118.479
265.122,431.712,42.314,118.479
262.969,435.095,42.314,118.479
263.892,433.557,42.314,118.479
262.969,430.790,42.314,118.479
266.352,427.407,42.314,118.479
267.889,423.409,42.314,118.479
269.427,425.562,42.314,118.479
266.659,428.944,42.314,118.479
269.679,442.116,35.390,99.091
268.181,444.627,36.028,100.879
262.540,441.325,42.314,118.479
265.154,445.300,37.075,103.809
258.807,438.543,42.314,118.479
254.194,438.851,42.314,118.479
249.581,435.468,42.314,118.479
245.583,433.315,42.314,118.479
241.586,433.623,42.314,118.479
238.818,434.545,42.314,118.479
239.741,432.393,42.314,118.479
240.048,429.625,42.314,118.479
240.971,432.393,42.314,118.479
240.663,429.010,42.314,118.479
244.165,437.896,37.224,104.228
246.851,439.389,37.111,103.912
249.136,439.762,37.108,103.903
249.989,432.529,41.411,115.952
252.096,432.830,41.411,115.952
249.989,434.937,41.411,115.952
248.484,435.839,41.411,115.952
246.377,439.150,41.411,115.952
247.882,440.053,41.411,115.952
246.377,443.965,41.411,115.952
247.995,453.080,37.914,106.159
246.241,446.373,41.411,115.952
244.638,459.441,37.329,104.522
244.167,464.681,37.367,104.628
245.180,466.752,37.449,104.857
245.598,468.495,37.584,105.234
245.457,469.786,38.092,106.658
246.267,471.671,38.026,106.473
245.987,471.015,38.715,108.403
246.966,470.761,39.015,109.241
247.480,469.518,38.520,107.856
249.845,463.534,42.328,118.517
249.537,465.688,42.328,118.517
247.384,467.841,42.328,118.517
248.307,471.225,42.328,118.517
249.845,473.378,42.328,118.517
247.692,473.070,42.328,118.517
249.845,477.069,42.328,118.517
247.076,479.838,42.328,118.517
249.230,480.146,42.328,118.517
248.922,483.529,42.328,118.517
249.845,485.683,42.328,118.517
247.692,488.451,42.328,118.517
249.230,492.450,42.328,118.517
248.307,495.834,42.328,118.517
246.769,501.679,42.328,118.517
245.231,505.062,42.328,118.517
244.923,507.216,42.328,118.517
246.325,505.928,39.522,110.661
242.806,506.973,39.739,111.270
239.831,506.356,39.593,110.862
237.835,503.235,39.152,109.626
237.565,500.607,39.801,111.444
239.074,499.012,39.829,111.520
241.233,496.850,39.847,111.572
243.624,495.943,39.805,111.453
244.774,495.057,40.725,114.030
245.858,495.105,40.443,113.241
246.732,496.340,40.465,113.302
246.459,498.448,40.321,112.899
245.719,499.563,41.056,114.958
244.976,499.767,41.069,114.994
244.947,501.347,40.940,114.632
243.850,503.632,40.727,114.036
243.937,505.184,40.797,114.231
246.297,507.052,40.853,114.389
245.541,508.618,40.762,114.132
245.763,509.327,40.932,114.609
247.038,513.147,40.790,114.211
245.896,518.626,40.875,114.450
246.695,520.627,40.879,114.461
247.728,522.524,41.043,114.920
246.750,523.781,41.311,115.672
245.737,523.417,41.497,116.192
246.671,523.369,41.610,116.509
247.334,523.202,41.918,117.369
244.790,517.299,44.221,123.820
247.359,522.310,41.741,116.876
248.261,522.228,41.851,117.184
248.852,519.202,41.351,115.782
250.035,518.791,41.482,116.150
249.781,518.405,41.031,114.888
249.970,519.087,41.032,114.889
249.389,520.191,41.121,115.139
249.140,519.895,41.419,115.974
249.936,516.961,41.656,116.636
250.480,515.561,42.017,117.647
250.469,512.856,41.870,117.237
248.899,506.997,42.184,118.114
250.765,504.028,42.089,117.849
249.509,500.419,41.809,117.064
248.173,495.219,41.938,117.428
248.005,490.098,42.389,118.690
247.236,488.711,42.533,119.092
247.302,487.413,42.864,120.020
249.271,486.654,42.342,118.558
252.774,485.249,41.913,117.356
256.832,483.865,42.964,120.300
258.673,483.748,43.239,121.070
261.455,485.239,43.114,120.719
264.050,487.640,42.900,120.119
264.570,488.370,43.474,121.729
266.492,488.610,43.909,122.946
268.034,489.932,44.034,123.295
267.793,490.038,43.979,123.140
269.637,488.354,43.843,122.759
271.168,486.731,43.752,122.505
272.541,486.910,44.041,123.314
273.573,488.677,43.797,122.632
274.350,488.900,43.600,122.079
274.182,490.725,43.664,122.258
272.613,493.260,43.479,121.742
267.241,479.750,49.335,138.137
271.840,499.017,42.796,119.829
272.383,501.217,43.138,120.788
270.562,502.538,43.468,121.711
263.004,479.790,50.426,141.193
268.126,502.407,44.886,125.680
259.892,478.926,50.426,141.193
264.500,501.002,45.117,126.327
263.202,499.553,44.400,124.319
262.347,498.425,44.574,124.807
261.835,496.136,44.026,123.273
257.494,465.102,49.351,138.182
263.561,495.216,45.078,126.218
256.827,463.117,49.351,138.182
258.620,460.606,49.351,138.182
256.727,464.500,48.298,135.236
251.462,469.765,48.298,135.236
249.707,475.030,48.298,135.236
249.356,473.977,48.298,135.236
