225.000,135.000,61.000,71.000
222.144,137.337,61.000,71.000
223.184,136.524,61.759,71.884
218.572,137.687,61.000,71.000
213.639,134.831,61.000,71.000
210.263,137.687,61.000,71.000
207.926,139.504,61.000,71.000
206.628,136.129,61.000,71.000
202.990,132.380,62.350,72.571
199.540,120.968,62.350,72.571
196.620,108.494,62.350,72.571
194.232,103.982,62.350,72.571
192.905,101.594,62.350,72.571
191.578,97.613,62.350,72.571
191.714,98.187,63.729,74.177
188.188,94.117,63.729,74.177
184.118,91.133,63.729,74.177
191.547,85.011,59.714,69.504
192.234,85.063,60.336,70.227
187.426,87.572,63.729,74.177
186.069,90.556,63.729,74.177
188.511,91.912,63.729,74.177
190.627,87.228,61.654,71.761
191.393,88.365,62.161,72.351
192.681,91.685,61.953,72.109
190.851,102.188,63.729,74.177
194.378,106.257,63.729,74.177
195.080,109.095,65.139,75.818
197.634,104.748,63.597,74.022
199.888,106.211,63.962,74.447
201.677,104.468,64.978,75.630
200.047,107.261,65.139,75.818
202.930,93.415,64.199,74.723
205.329,87.008,63.934,74.415
206.469,79.838,63.811,74.272
207.924,74.099,63.973,74.461
209.181,69.690,64.511,75.087
210.991,69.807,64.070,74.573
212.018,70.039,64.302,74.843
210.050,72.992,65.139,75.818
210.881,73.824,65.139,75.818
211.713,75.765,65.139,75.818
215.260,75.306,64.244,74.776
213.817,82.108,65.139,75.818
215.221,81.160,64.422,74.983
213.313,91.947,65.139,75.818
213.590,98.325,65.139,75.818
212.758,104.147,65.139,75.818
215.254,110.525,65.139,75.818
217.194,116.347,65.139,75.818
219.135,121.061,65.139,75.818
219.967,125.775,65.139,75.818
222.463,126.052,65.139,75.818
224.958,121.893,65.139,75.818
229.424,110.822,65.152,75.832
231.262,101.430,64.563,75.147
234.049,94.785,64.335,74.882
236.490,88.001,64.293,74.833
233.962,83.186,65.139,75.818
231.467,79.027,65.139,75.818
232.853,81.522,65.139,75.818
234.240,83.463,65.139,75.818
235.626,87.067,65.139,75.818
237.567,91.227,65.139,75.818
237.844,93.722,65.139,75.818
240.340,95.663,65.139,75.818
240.062,96.495,65.139,75.818
238.676,98.436,65.139,75.818
238.399,99.822,65.139,75.818
240.894,100.654,65.139,75.818
240.062,102.040,65.139,75.818
242.558,104.536,65.139,75.818
242.835,108.140,65.139,75.818
242.003,112.299,65.139,75.818
243.390,115.350,65.139,75.818
243.667,117.290,65.139,75.818
242.281,114.795,65.139,75.818
245.331,112.299,65.139,75.818
246.162,107.031,65.139,75.818
245.885,100.654,65.139,75.818
247.826,89.286,65.139,75.818
181.737,-44.521,60.353,70.247
180.616,-48.794,60.514,70.435
181.363,-46.591,60.608,70.544
125.420,-6.414,65.139,75.818
124.033,-6.691,65.139,75.818
125.974,-10.296,65.139,75.818
125.697,-10.019,65.139,75.818
126.529,-9.187,65.139,75.818
178.770,-54.257,61.349,71.407
177.641,-55.523,61.812,71.945
191.064,-15.754,65.139,75.818
256.796,60.216,66.580,77.495
254.812,72.402,66.580,77.495
255.095,76.087,66.580,77.495
174.787,-57.419,64.379,74.933
173.519,-57.885,64.769,75.387
171.933,-60.278,65.433,76.160
172.183,-59.669,65.468,76.200
172.336,-58.904,65.468,76.201
172.277,-58.161,65.081,75.751
171.525,-58.614,65.105,75.779
171.086,-59.408,65.060,75.726
171.607,-60.197,65.142,75.821
171.469,-61.619,64.955,75.603
172.072,-60.761,64.715,75.324
170.680,-60.712,64.537,75.117
170.222,-58.865,64.465,75.033
169.758,-56.799,63.899,74.374
169.028,-56.012,63.848,74.315
168.949,-56.727,64.168,74.687
169.902,-57.777,64.089,74.595
170.955,-57.576,63.599,74.025
171.018,-58.143,63.800,74.259
170.334,-58.751,63.793,74.251
170.691,-58.039,63.681,74.121
170.977,-57.267,63.661,74.097
170.874,-57.202,63.587,74.011
171.011,-57.454,63.451,73.852
170.466,-58.251,63.609,74.036
171.173,-58.388,63.454,73.856
170.235,-59.223,63.507,73.918
171.498,-58.768,63.421,73.818
170.296,-58.508,63.753,74.204
170.045,-58.144,63.921,74.400
169.819,-58.736,64.616,75.209
171.014,-60.071,64.540,75.120
171.686,-60.717,64.051,74.551
171.312,-60.637,63.308,73.687
169.457,-60.030,63.513,73.926
168.636,-58.273,63.392,73.784
166.923,-57.630,63.729,74.177
166.529,-57.842,63.756,74.208
166.202,-58.712,63.932,74.413
165.960,-59.869,64.329,74.875
165.958,-61.009,63.976,74.463
166.622,-60.719,63.673,74.112
166.399,-61.098,63.363,73.751
165.971,-60.930,63.217,73.581
166.156,-60.026,62.703,72.983
166.427,-58.798,62.003,72.168
166.140,-58.917,61.687,71.800
166.364,-59.274,61.644,71.749
166.839,-58.380,60.878,70.858
167.590,-57.918,60.204,70.074
167.910,-56.288,59.390,69.126
167.753,-56.113,58.954,68.618
167.805,-55.806,58.602,68.208
168.177,-55.533,57.625,67.072
168.344,-54.973,57.387,66.795
168.648,-54.798,57.113,66.476
168.948,-53.942,56.518,65.784
169.080,-53.793,55.875,65.035
168.769,-53.551,55.326,64.396
168.602,-52.411,54.565,63.510
165.977,-51.970,54.175,63.056
164.233,-51.538,53.989,62.839
163.548,-50.656,53.579,62.363
163.288,-50.589,53.513,62.285
163.425,-50.389,52.706,61.347
163.941,-49.981,52.231,60.794
165.015,-49.455,51.437,59.869
165.360,-49.129,50.986,59.344
165.598,-47.951,50.266,58.507
164.502,-48.398,49.849,58.021
165.148,-47.595,49.622,57.756
165.719,-47.108,49.543,57.665
166.130,-46.995,49.541,57.663
166.294,-47.087,49.614,57.748
166.631,-47.326,49.810,57.976
165.930,-48.387,50.311,58.559
166.185,-48.341,50.349,58.603
166.400,-48.429,50.380,58.639
166.618,-48.540,50.140,58.360
167.113,-48.468,50.111,58.326
167.110,-48.557,50.160,58.383
167.009,-48.306,50.170,58.395
166.141,-48.473,50.389,58.650
164.661,-48.434,50.055,58.260
164.279,-47.625,49.722,57.874
164.356,-46.819,49.543,57.665
164.347,-46.694,49.299,57.381
164.467,-47.181,48.873,56.885
165.272,-46.555,48.852,56.860
165.604,-46.596,48.729,56.717
165.546,-46.925,49.158,57.217
165.175,-47.380,49.054,57.095
163.907,-47.572,49.095,57.143
164.224,-46.781,49.279,57.357
165.268,-46.033,48.968,56.995
164.327,-47.029,48.803,56.804
165.080,-46.475,48.893,56.908
164.736,-47.382,48.906,56.923
164.383,-47.316,48.872,56.884
164.344,-47.196,48.983,57.014
163.971,-47.076,48.979,57.009
163.580,-47.047,48.930,56.952
163.834,-47.117,49.036,57.075
164.488,-48.160,49.517,57.634
164.657,-47.220,49.667,57.809
165.365,-46.803,50.010,58.209
209.746,28.192,77.653,90.383
205.449,47.033,77.653,90.383
203.135,48.686,77.653,90.383
206.110,51.000,77.653,90.383
205.118,52.652,77.653,90.383
206.771,56.288,77.653,90.383
162.785,-48.565,51.465,59.902
164.182,-48.189,51.483,59.923
210.099,29.650,81.127,94.427
204.228,67.291,81.127,94.427
201.811,75.924,81.127,94.427
203.537,81.104,81.127,94.427
203.192,86.284,81.127,94.427
202.156,92.154,81.127,94.427
205.955,96.644,81.127,94.427
208.372,100.442,81.127,94.427
210.099,102.860,81.127,94.427
211.135,105.277,81.127,94.427
213.552,102.169,81.127,94.427
215.279,96.298,81.127,94.427
216.315,87.665,81.127,94.427
214.588,81.795,81.127,94.427
216.315,75.233,81.127,94.427
216.660,68.672,81.127,94.427
219.768,61.420,81.127,94.427
220.804,53.477,81.127,94.427
223.221,46.225,81.127,94.427
224.948,38.974,81.127,94.427
147.408,-49.926,50.983,59.341
228.599,28.647,82.922,96.516
231.776,23.352,82.922,96.516
234.361,22.000,81.154,94.458
235.398,24.418,81.154,94.458
237.125,23.382,81.154,94.458
238.161,25.109,81.154,94.458
238.507,28.218,81.154,94.458
238.852,31.327,81.154,94.458
239.198,35.127,81.154,94.458
236.780,40.999,81.154,94.458
238.507,47.563,81.154,94.458
235.398,55.508,81.154,94.458
138.260,-48.703,50.196,58.425
137.474,-49.538,49.966,58.158
220.600,30.581,86.660,100.867
221.880,41.256,84.812,98.716
144.807,-48.519,50.766,59.088
209.624,32.081,86.689,100.900
205.924,27.822,84.840,98.748
141.050,-47.745,51.141,59.525
199.011,30.566,84.840,98.748
194.316,25.871,84.840,98.748
191.066,29.122,84.840,98.748
189.260,30.927,84.840,98.748
185.287,33.455,84.840,98.748
182.037,35.983,84.840,98.748
178.787,39.956,84.840,98.748
174.814,43.206,84.840,98.748
170.842,46.456,84.840,98.748
166.870,49.706,84.840,98.748
162.897,53.679,84.840,98.748
158.202,56.929,84.840,98.748
154.952,60.902,84.840,98.748
152.424,65.596,84.840,98.748
148.452,70.291,84.840,98.748
145.640,72.571,86.717,100.933
149.700,72.940,86.717,100.933
153.022,68.880,86.717,100.933
141.439,-49.216,50.914,59.260
164.289,32.583,88.636,103.166
141.899,-51.146,51.270,59.675
171.878,29.346,88.636,103.166
142.408,-49.522,51.144,59.528
179.115,19.578,88.636,103.166
183.265,17.691,88.636,103.166
186.661,15.805,88.636,103.166
190.811,13.918,88.636,103.166
194.962,12.786,88.636,103.166
199.112,11.655,88.636,103.166
202.507,15.050,88.636,103.166
206.658,17.691,88.636,103.166
210.053,20.332,88.636,103.166
211.940,24.482,88.636,103.166
138.795,-49.692,50.668,58.974
222.049,30.449,88.636,103.166
217.144,39.127,88.636,103.166
136.843,-50.344,50.886,59.228
223.002,32.560,90.597,105.449
214.904,61.483,90.597,105.449
134.155,-50.156,50.494,58.771
133.711,-49.010,50.239,58.475
197.659,35.834,94.650,110.167
134.952,-49.051,50.219,58.452
187.161,34.164,94.650,110.167
133.198,-49.496,50.052,58.257
131.369,-49.686,50.270,58.511
129.672,-48.696,50.250,58.488
167.596,10.240,90.656,105.518
130.471,-47.026,50.638,58.939
165.423,12.752,88.723,103.268
127.255,-47.246,50.666,58.971
156.179,20.857,88.723,103.268
155.046,25.011,88.723,103.268
152.403,29.165,88.723,103.268
148.248,33.319,88.723,103.268
145.605,35.963,88.723,103.268
142.961,40.117,88.723,103.268
140.317,45.782,88.723,103.268
137.674,51.447,88.723,103.268
135.030,57.868,88.723,103.268
135.408,65.799,88.723,103.268
132.764,74.485,88.723,103.268
133.142,78.639,88.723,103.268
136.541,79.017,88.723,103.268
138.429,74.107,88.723,103.268
141.073,66.176,88.723,103.268
127.745,-48.221,51.136,59.519
147.085,32.241,88.723,103.268
150.484,30.353,88.723,103.268
153.883,25.443,88.723,103.268
155.771,19.778,88.723,103.268
159.265,16.147,86.831,101.066
162.592,16.516,86.831,101.066
164.440,16.147,86.831,101.066
168.506,16.516,86.831,101.066
171.093,17.625,86.831,101.066
172.941,19.473,86.831,101.066
175.528,19.843,86.831,101.066
176.637,22.430,86.831,101.066
177.007,25.757,86.831,101.066
178.855,29.083,86.831,101.066
178.485,33.888,86.831,101.066
179.594,38.693,86.831,101.066
178.485,44.237,86.831,101.066
181.072,50.521,86.831,101.066
178.485,55.326,86.831,101.066
180.333,58.652,86.831,101.066
177.007,56.065,86.831,101.066
175.898,53.477,86.831,101.066
174.789,48.673,86.831,101.066
175.159,43.128,86.831,101.066
175.528,37.584,86.831,101.066
175.159,32.040,86.831,101.066
174.050,27.974,86.831,101.066
175.159,29.822,86.831,101.066
173.310,28.714,86.831,101.066
172.941,29.822,86.831,101.066
171.093,28.714,86.831,101.066
172.202,31.301,86.831,101.066
170.354,31.670,86.831,101.066
169.984,27.605,86.831,101.066
168.875,27.974,86.831,101.066
168.506,30.562,86.831,101.066
167.397,30.192,86.831,101.066
164.070,35.736,86.831,101.066
142.994,-45.335,49.735,57.888
156.814,35.845,88.752,103.302
130.861,-45.125,49.861,58.035
130.510,-46.444,50.201,58.430
128.921,-47.443,50.103,58.317
126.531,-46.521,50.071,58.279
129.030,-44.573,49.802,57.967
201.615,38.916,92.723,107.923
125.069,-46.943,50.568,58.858
199.877,38.164,94.775,110.311
