347.000,58.000,103.000,251.000
338.141,54.593,103.000,251.000
338.823,55.274,103.000,251.000
332.689,54.593,103.000,251.000
330.645,56.637,103.000,251.000
323.149,60.044,103.000,251.000
321.105,59.363,103.000,251.000
312.246,64.133,103.000,251.000
306.113,63.452,103.000,251.000
299.980,64.133,103.000,251.000
299.298,64.815,103.000,251.000
290.439,66.859,103.000,251.000
288.395,68.903,103.000,251.000
289.076,68.222,103.000,251.000
284.306,64.815,103.000,251.000
286.351,62.770,103.000,251.000
280.217,60.726,103.000,251.000
276.810,65.496,103.000,251.000
278.855,59.363,103.000,251.000
271.359,65.496,103.000,251.000
277.492,62.089,103.000,251.000
274.084,68.222,103.000,251.000
284.306,56.637,103.000,251.000
283.625,58.681,103.000,251.000
284.306,67.540,103.000,251.000
282.262,75.036,103.000,251.000
288.395,79.807,103.000,251.000
284.988,88.666,103.000,251.000
297.935,78.444,103.000,251.000
309.520,68.222,103.000,251.000
317.016,59.363,103.000,251.000
312.246,62.770,103.000,251.000
307.476,58.000,103.000,251.000
301.343,62.770,103.000,251.000
296.572,56.637,103.000,251.000
289.076,62.770,103.000,251.000
302.024,51.185,103.000,251.000
309.520,46.415,103.000,251.000
307.334,57.630,100.803,245.647
306.667,66.300,100.803,245.647
304.666,77.638,100.803,245.647
312.003,76.971,100.803,245.647
323.340,69.635,100.803,245.647
336.012,64.966,100.803,245.647
351.424,48.186,106.866,260.422
347.285,59.074,100.803,245.647
347.952,65.076,100.803,245.647
341.950,61.742,100.803,245.647
337.281,62.408,100.803,245.647
341.950,61.742,100.803,245.647
343.951,55.739,100.803,245.647
340.616,60.408,100.803,245.647
342.617,58.407,100.803,245.647
339.282,57.740,100.803,245.647
351.954,58.407,100.803,245.647
353.955,60.408,100.803,245.647
359.957,65.076,100.803,245.647
357.956,55.072,100.803,245.647
362.625,59.741,100.803,245.647
360.624,53.738,100.803,245.647
354.621,59.741,100.803,245.647
353.955,53.738,100.803,245.647
358.623,47.736,100.803,245.647
352.621,45.735,100.803,245.647
359.957,54.405,100.803,245.647
357.956,55.072,100.803,245.647
350.620,46.402,100.803,245.647
341.950,49.737,100.803,245.647
331.946,43.735,100.803,245.647
323.276,49.737,100.803,245.647
314.606,50.404,100.803,245.647
308.604,49.737,100.803,245.647
306.603,43.735,100.803,245.647
304.602,48.403,100.803,245.647
307.937,42.401,100.803,245.647
301.935,37.732,100.803,245.647
298.600,38.399,100.803,245.647
292.641,39.141,103.034,251.082
286.506,39.823,103.034,251.082
283.098,43.231,103.034,251.082
289.233,38.460,103.034,251.082
294.005,44.595,103.034,251.082
299.456,35.587,112.145,273.284
301.324,32.944,111.328,271.293
303.834,32.589,110.398,269.029
306.644,29.302,109.973,267.992
307.476,26.100,109.403,266.604
307.270,25.483,109.320,266.401
316.685,46.230,103.034,251.082
313.276,55.092,103.034,251.082
319.411,62.591,103.034,251.082
317.225,63.297,100.837,245.728
320.560,70.635,100.837,245.728
315.890,69.968,100.837,245.728
317.892,73.304,100.837,245.728
322.562,71.302,100.837,245.728
329.900,75.972,100.837,245.728
326.565,77.974,100.837,245.728
329.900,82.644,100.837,245.728
325.230,75.305,100.837,245.728
323.229,67.967,100.837,245.728
317.225,64.631,100.837,245.728
312.555,66.632,100.837,245.728
309.219,60.628,100.837,245.728
300.546,53.290,100.837,245.728
294.542,45.951,100.837,245.728
287.203,41.281,100.837,245.728
285.202,44.617,100.837,245.728
279.198,46.618,100.837,245.728
283.868,43.283,100.837,245.728
276.529,49.287,100.837,245.728
271.859,53.957,100.837,245.728
275.195,46.618,100.837,245.728
270.483,51.167,98.686,240.488
275.053,45.291,98.686,240.488
275.706,51.167,98.686,240.488
280.276,45.291,98.686,240.488
279.623,47.250,98.686,240.488
289.417,46.597,98.686,240.488
291.376,47.250,98.686,240.488
297.252,51.820,98.686,240.488
296.599,49.862,98.686,240.488
303.781,46.597,98.686,240.488
305.740,48.556,98.686,240.488
310.310,46.597,98.686,240.488
309.658,48.556,98.686,240.488
315.534,49.209,98.686,240.488
317.493,51.167,98.686,240.488
319.451,55.738,98.686,240.488
320.104,55.085,98.686,240.488
322.063,60.961,98.686,240.488
321.410,65.532,98.686,240.488
318.145,59.655,98.686,240.488
324.022,55.085,98.686,240.488
318.145,62.267,98.686,240.488
316.187,59.002,98.686,240.488
318.145,53.126,98.686,240.488
322.716,45.944,98.686,240.488
319.451,42.680,98.686,240.488
313.618,40.697,100.870,245.808
310.281,36.025,100.870,245.808
305.609,38.027,100.870,245.808
299.603,45.368,100.870,245.808
302.940,39.362,100.870,245.808
303.607,46.703,100.870,245.808
302.940,42.031,100.870,245.808
300.938,37.360,100.870,245.808
294.932,50.040,100.870,245.808
284.921,56.046,100.870,245.808
291.422,41.556,103.101,251.247
286.647,32.688,103.101,251.247
291.422,36.099,103.101,251.247
286.647,43.602,103.101,251.247
291.422,47.013,103.101,251.247
297.561,42.238,103.101,251.247
299.607,45.649,103.101,251.247
305.309,54.245,100.903,245.889
310.889,56.223,98.751,240.645
307.622,50.343,98.751,240.645
301.742,48.383,98.751,240.645
305.009,42.503,98.751,240.645
308.275,35.316,98.751,240.645
301.089,26.823,98.751,240.645
304.355,24.863,98.751,240.645
311.542,35.970,98.751,240.645
318.729,43.156,98.751,240.645
292.559,19.564,93.459,227.749
315.587,28.336,98.751,240.645
322.774,25.069,98.751,240.645
331.267,30.949,98.751,240.645
331.921,30.296,98.751,240.645
337.801,28.336,98.751,240.645
334.445,39.088,96.645,235.514
341.479,34.612,96.645,235.514
338.282,35.252,96.645,235.514
346.594,34.612,96.645,235.514
337.003,32.694,96.645,235.514
344.037,37.170,96.645,235.514
352.349,31.415,96.645,235.514
347.873,38.449,96.645,235.514
353.628,33.973,96.645,235.514
349.152,30.776,96.645,235.514
355.781,31.169,93.584,228.054
353.832,25.742,96.645,235.514
352.958,32.461,94.506,230.302
350.191,28.158,96.645,235.514
348.273,33.913,96.645,235.514
356.083,35.808,94.584,230.491
354.206,37.685,94.584,230.491
348.574,42.066,94.584,230.491
356.709,37.685,94.584,230.491
349.876,43.159,92.567,225.576
353.815,48.515,90.593,220.765
348.420,44.320,90.593,220.765
346.622,49.714,90.593,220.765
344.824,45.519,90.593,220.765
340.629,49.714,90.593,220.765
341.017,48.024,88.661,216.058
340.430,48.611,88.661,216.058
343.363,50.371,88.661,216.058
335.738,48.611,88.661,216.058
339.844,50.371,88.661,216.058
336.911,53.303,88.661,216.058
332.805,52.717,88.661,216.058
347.112,19.898,96.052,234.068
341.163,55.626,88.661,216.058
335.883,53.867,88.661,216.058
338.816,53.280,88.661,216.058
346.197,25.648,96.624,235.463
337.014,50.342,88.661,216.058
332.908,46.236,88.661,216.058
338.187,44.476,88.661,216.058
331.735,41.543,88.661,216.058
332.321,43.303,88.661,216.058
331.949,39.087,90.623,220.838
334.947,45.682,90.623,220.838
333.148,43.884,90.623,220.838
330.151,51.678,90.623,220.838
324.754,57.074,90.623,220.838
320.520,63.474,88.690,216.128
323.454,60.540,88.690,216.128
319.346,62.301,88.690,216.128
325.801,57.020,88.690,216.128
319.394,71.201,86.799,211.519
316.523,70.627,86.799,211.519
320.543,65.458,86.799,211.519
318.820,68.330,86.799,211.519
325.834,66.711,84.948,207.009
332.016,68.397,84.948,207.009
340.446,63.338,84.948,207.009
342.132,67.273,84.948,207.009
349.439,59.966,84.948,207.009
347.753,57.156,84.948,207.009
346.067,52.098,84.948,207.009
343.256,53.784,84.948,207.009
335.950,57.718,84.948,207.009
333.140,60.528,84.948,207.009
335.950,57.718,84.948,207.009
330.892,59.404,84.948,207.009
334.826,55.470,84.948,207.009
337.968,50.265,86.827,211.589
327.053,45.095,86.827,211.589
317.153,36.198,88.748,216.270
311.907,29.541,90.712,221.055
314.908,37.343,90.712,221.055
310.707,43.945,90.712,221.055
306.505,46.946,90.712,221.055
312.952,15.107,100.460,244.811
312.789,15.195,100.584,245.113
309.033,41.066,88.777,216.341
307.271,47.527,88.777,216.341
311.383,43.415,88.777,216.341
312.895,50.817,86.884,211.727
306.572,43.344,86.884,211.727
302.548,40.470,86.884,211.727
307.722,49.093,86.884,211.727
310.596,54.266,86.884,211.727
314.620,53.691,86.884,211.727
308.297,49.668,86.884,211.727
313.470,57.140,86.884,211.727
314.045,61.164,86.884,211.727
318.069,61.739,86.884,211.727
317.494,61.164,86.884,211.727
321.518,68.637,86.884,211.727
320.943,64.613,86.884,211.727
320.368,69.787,86.884,211.727
318.644,68.062,86.884,211.727
321.518,70.936,86.884,211.727
317.458,68.207,85.031,207.212
314.645,75.521,85.031,207.212
312.957,79.459,85.031,207.212
258.197,59.452,101.154,246.502
257.259,60.597,101.201,246.615
247.377,62.040,101.353,246.986
246.799,64.985,101.332,246.936
240.702,66.566,101.033,246.206
239.499,67.057,101.221,246.666
281.161,80.971,85.031,207.212
282.848,84.909,85.031,207.212
291.287,77.595,85.031,207.212
283.973,86.034,85.031,207.212
284.536,88.847,85.031,207.212
280.598,87.159,85.031,207.212
284.536,83.221,85.031,207.212
288.474,83.784,85.031,207.212
278.910,84.346,85.031,207.212
273.847,84.909,85.031,207.212
274.410,79.846,85.031,207.212
276.097,78.158,85.031,207.212
281.161,78.720,85.031,207.212
287.349,78.158,85.031,207.212
299.163,73.095,85.031,207.212
298.443,78.015,83.218,202.793
296.677,76.463,81.443,198.469
300.449,73.769,81.443,198.469
300.987,71.075,81.443,198.469
297.216,77.002,81.443,198.469
303.143,74.308,81.443,198.469
305.837,79.157,81.443,198.469
304.220,82.929,81.443,198.469
305.837,77.002,81.443,198.469
299.910,82.929,81.443,198.469
302.604,86.701,81.443,198.469
294.521,93.706,81.443,198.469
293.832,93.225,79.707,194.236
291.195,97.971,79.707,194.236
292.777,94.280,79.707,194.236
288.031,95.862,79.707,194.236
283.285,91.116,79.707,194.236
276.429,85.315,79.707,194.236
271.683,80.569,79.707,194.236
269.047,72.659,79.707,194.236
269.806,65.586,81.470,198.534
268.189,75.827,81.470,198.534
269.806,75.288,81.470,198.534
267.111,76.905,81.470,198.534
275.196,75.288,81.470,198.534
277.891,81.217,81.470,198.534
275.196,87.146,81.470,198.534
280.047,83.373,81.470,198.534
277.279,82.892,79.733,194.300
284.137,82.365,79.733,194.300
287.830,78.672,79.733,194.300
282.027,83.420,79.733,194.300
287.830,76.562,79.733,194.300
280.972,83.420,79.733,194.300
284.665,82.892,79.733,194.300
279.917,87.640,79.733,194.300
247.791,83.481,101.445,247.211
250.520,83.328,101.500,247.345
286.642,74.952,79.733,194.300
294.555,65.985,79.733,194.300
298.598,58.909,81.497,198.599
295.902,63.762,81.497,198.599
300.755,61.066,81.497,198.599
305.608,62.684,81.497,198.599
307.225,56.753,81.497,198.599
306.686,51.900,81.497,198.599
311.938,53.619,83.300,202.993
304.774,53.068,83.300,202.993
310.142,54.825,85.143,207.484
275.012,40.558,99.723,243.013
294.505,55.879,85.143,207.484
291.688,60.949,85.143,207.484
289.998,63.766,85.143,207.484
288.309,66.582,85.143,207.484
292.252,73.905,85.143,207.484
286.055,76.722,85.143,207.484
279.859,82.918,85.143,207.484
275.916,91.368,85.143,207.484
271.973,100.944,85.143,207.484
278.169,97.001,85.143,207.484
274.226,100.944,85.143,207.484
280.422,94.748,85.143,207.484
275.358,104.019,83.327,203.060
281.422,97.954,83.327,203.060
273.152,104.019,83.327,203.060
267.088,108.980,83.327,203.060
263.229,99.608,83.327,203.060
218.325,79.654,103.100,251.245
257.827,94.771,83.327,203.060
260.584,97.528,83.327,203.060
262.238,91.464,83.327,203.060
267.199,86.502,83.327,203.060
277.145,76.820,85.171,207.552
270.941,78.616,87.055,212.144
246.106,51.513,103.084,251.205
270.019,81.183,87.055,212.144
277.507,82.911,87.055,212.144
279.234,86.943,87.055,212.144
285.570,81.759,87.055,212.144
286.146,82.335,87.055,212.144
295.937,85.215,87.055,212.144
301.121,88.094,87.055,212.144
309.121,81.565,88.981,216.838
312.065,85.686,88.981,216.838
316.186,83.919,88.981,216.838
313.242,84.508,88.981,216.838
317.363,75.678,88.981,216.838
312.065,79.799,88.981,216.838
319.718,81.565,88.981,216.838
322.662,79.799,88.981,216.838
319.718,85.097,88.981,216.838
327.314,72.019,106.202,258.803
327.072,73.532,107.271,261.409
320.241,82.092,90.950,221.636
312.368,72.773,92.962,226.539
314.530,64.524,95.019,231.551
312.644,58.866,95.019,231.551
314.854,51.739,97.121,236.675
319.352,58.807,97.121,236.675
319.995,63.305,97.121,236.675
328.348,57.522,97.121,236.675
322.565,53.024,97.121,236.675
311.641,54.952,97.121,236.675
303.288,49.169,97.121,236.675
307.786,40.816,97.121,236.675
300.718,38.888,97.121,236.675
301.360,47.241,97.121,236.675
303.288,55.595,97.121,236.675
281.452,8.642,115.044,280.350
299.506,40.695,99.270,241.911
290.967,43.979,99.270,241.911
283.743,44.636,99.270,241.911
288.340,40.038,99.270,241.911
287.684,39.381,99.270,241.911
283.086,38.725,99.270,241.911
285.056,42.008,99.270,241.911
276.518,47.920,99.270,241.911
271.921,43.322,99.270,241.911
267.282,52.865,97.153,236.752
270.496,54.793,97.153,236.752
263.425,58.007,97.153,236.752
250.470,69.514,112.491,274.128
240.919,66.577,112.270,273.590
238.830,64.396,111.940,272.787
234.539,56.002,112.162,273.328
232.712,51.202,111.905,272.701
234.446,57.475,95.081,231.703
228.785,53.071,95.081,231.703
224.381,61.249,95.081,231.703
226.268,66.911,95.081,231.703
221.865,71.314,95.081,231.703
223.752,73.201,95.081,231.703
221.865,68.798,95.081,231.703
220.715,27.311,110.461,269.181
216.811,31.582,110.211,268.572
217.794,61.745,91.069,221.926
212.371,62.348,91.069,221.926
208.154,66.565,91.069,221.926
215.987,68.373,91.069,221.926
200.861,63.268,110.861,270.155
200.834,70.825,109.842,267.674
203.003,74.114,108.852,265.260
201.943,75.922,107.551,262.090
219.043,85.351,89.127,217.194
197.807,76.992,107.018,260.791
196.530,73.524,107.237,261.325
206.495,85.885,89.127,217.194
211.802,77.040,89.127,217.194
197.436,62.950,107.318,261.521
197.248,64.335,107.506,261.980
201.033,68.998,107.503,261.972
220.566,81.683,89.127,217.194
225.873,88.170,89.127,217.194
218.085,80.224,107.497,261.960
232.563,96.761,87.227,212.562
228.523,92.721,87.227,212.562
220.609,85.932,108.666,264.807
220.514,85.255,108.876,265.318
216.888,86.053,108.965,265.535
216.100,85.354,109.290,266.328
213.218,84.626,109.580,267.035
211.056,85.954,109.733,267.407
208.426,86.478,109.815,267.608
207.724,88.325,110.192,268.526
203.876,87.694,110.731,269.840
202.862,85.929,111.398,271.464
202.686,83.563,112.217,273.460
202.282,81.709,112.798,274.876
208.194,77.378,112.573,274.328
212.775,71.761,111.815,272.482
220.253,59.733,111.911,272.714
278.448,100.582,78.340,190.906
296.588,90.735,78.340,190.906
304.363,85.033,78.340,190.906
311.101,74.149,78.340,190.906
308.509,70.521,78.340,190.906
306.954,77.259,78.340,190.906
223.834,125.370,111.196,270.972
302.403,94.859,78.340,190.906
281.053,53.912,111.776,272.385
317.591,76.705,76.669,186.835
