302.000,135.000,67.000,81.000
299.381,138.201,67.000,81.000
297.344,143.148,67.000,81.000
299.381,149.842,67.000,81.000
302.000,153.043,67.000,81.000
302.291,150.424,67.000,81.000
305.492,146.641,67.000,81.000
307.529,144.021,67.000,81.000
305.882,145.239,68.482,82.792
306.775,149.106,68.482,82.792
309.412,151.584,69.998,84.624
307.319,145.932,71.798,86.801
317.928,145.176,69.998,84.624
324.313,140.007,69.998,84.624
329.481,133.623,69.998,84.624
332.218,130.887,69.998,84.624
334.346,130.582,69.998,84.624
335.258,132.103,69.998,84.624
338.602,133.015,69.998,84.624
341.339,126.630,69.998,84.624
344.683,119.637,69.998,84.624
348.027,113.861,69.998,84.624
351.354,110.717,71.546,86.496
356.688,112.661,73.129,88.410
361.481,115.967,74.747,90.366
372.444,127.431,76.401,92.365
376.735,125.635,76.546,92.540
372.726,118.422,75.712,91.533
362.269,105.430,74.943,90.602
352.469,93.599,74.053,89.527
343.805,87.800,79.819,96.498
337.218,84.680,79.819,96.498
336.178,85.027,79.819,96.498
336.843,84.375,74.287,89.809
340.670,91.823,74.453,90.010
351.718,106.257,74.433,89.986
366.339,122.727,74.998,90.670
375.017,130.746,76.242,92.173
375.151,127.946,76.611,92.619
369.456,115.661,75.658,91.467
361.676,98.717,75.152,90.855
357.970,98.497,83.390,100.815
356.884,92.339,83.390,100.815
358.695,89.804,83.390,100.815
360.943,83.145,74.935,90.593
363.956,89.988,74.537,90.112
369.087,100.438,74.041,89.513
349.583,117.343,85.235,103.046
381.457,136.055,74.978,90.645
381.803,136.734,74.936,90.595
369.145,139.703,87.121,105.325
370.280,122.675,87.121,105.325
363.090,115.485,87.121,105.325
361.198,110.566,87.121,105.325
357.386,112.054,85.263,103.079
357.756,117.609,85.263,103.079
350.720,129.830,85.263,103.079
338.499,141.310,85.263,103.079
322.571,156.692,87.150,105.360
305.537,183.568,87.150,105.360
297.587,188.489,87.150,105.360
254.813,158.585,87.150,105.360
240.808,141.551,87.150,105.360
319.450,124.067,85.291,103.113
316.116,119.251,85.291,103.113
310.559,118.139,85.291,103.113
306.826,122.452,83.472,100.914
299.213,130.791,83.472,100.914
284.348,126.078,83.472,100.914
280.791,139.632,85.319,103.147
284.127,157.790,85.319,103.147
282.274,174.466,85.319,103.147
277.869,179.092,87.207,105.429
266.127,165.078,87.207,105.429
267.128,145.441,89.136,107.762
268.289,131.890,89.136,107.762
268.866,127.442,87.235,105.464
270.003,124.032,87.235,105.464
271.298,127.713,85.375,103.215
256.095,123.634,85.375,103.215
249.499,127.951,83.554,101.014
242.604,135.572,83.554,101.014
240.789,151.903,83.554,101.014
238.974,167.509,83.554,101.014
234.982,172.227,83.554,101.014
238.249,170.412,83.554,101.014
233.893,166.942,81.773,98.859
234.422,163.546,80.029,96.751
232.260,166.252,78.322,94.688
229.198,170.675,78.322,94.688
228.394,177.914,76.652,92.669
217.980,177.940,75.017,90.692
217.002,179.569,75.017,90.692
220.587,175.985,75.017,90.692
222.867,176.962,75.017,90.692
210.811,170.771,75.017,90.692
207.879,173.052,75.017,90.692
213.472,166.302,76.677,92.699
209.514,155.256,78.373,94.750
206.175,147.498,80.107,96.846
200.956,143.670,80.107,96.846
214.889,153.087,78.399,94.781
220.678,155.471,78.399,94.781
292.081,160.092,76.727,92.760
296.413,126.432,76.727,92.760
296.746,128.098,76.727,92.760
345.341,184.814,78.425,94.812
339.550,179.023,78.425,94.812
326.947,184.133,78.425,94.812
330.694,172.211,78.425,94.812
323.540,178.683,78.425,94.812
320.475,172.892,78.425,94.812
316.046,168.464,78.425,94.812
315.024,172.211,78.425,94.812
310.596,174.595,78.425,94.812
306.168,181.749,78.425,94.812
311.277,175.276,78.425,94.812
308.643,156.204,80.160,96.910
313.865,162.819,80.160,96.910
307.946,159.685,80.160,96.910
336.845,163.515,80.160,96.910
332.319,160.382,80.160,96.910
318.043,166.997,80.160,96.910
335.104,172.916,80.160,96.910
320.857,185.024,78.451,94.843
317.109,188.090,78.451,94.843
314.333,184.832,76.778,92.821
317.334,181.831,76.778,92.821
297.659,195.503,76.778,92.821
270.647,247.193,76.778,92.821
306.996,274.205,76.778,92.821
280.198,246.537,78.476,94.874
274.403,248.923,78.476,94.874
261.113,255.520,76.803,92.851
256.776,259.857,76.803,92.851
261.113,264.193,76.803,92.851
258.778,263.193,76.803,92.851
264.449,258.189,76.803,92.851
262.114,269.864,76.803,92.851
266.450,269.531,76.803,92.851
266.784,268.530,76.803,92.851
264.449,273.534,76.803,92.851
259.445,267.863,76.803,92.851
257.110,276.870,76.803,92.851
258.778,275.869,76.803,92.851
258.444,262.192,76.803,92.851
245.434,267.196,76.803,92.851
238.858,266.578,75.165,90.871
230.043,253.845,75.165,90.871
228.410,256.131,75.165,90.871
218.943,265.599,75.165,90.871
214.045,267.884,75.165,90.871
208.811,257.733,76.828,92.882
204.472,252.060,76.828,92.882
198.132,254.396,76.828,92.882
224.494,245.386,76.828,92.882
230.138,248.628,75.190,90.901
53.414,160.197,60.845,73.559
20.539,139.002,76.853,92.912
11.030,133.472,78.554,94.968
5.559,125.695,80.292,97.069
12.269,120.641,82.068,99.216
2.116,123.612,83.884,101.412
59.955,154.463,61.641,74.521
19.364,129.765,83.884,101.412
24.101,115.556,83.884,101.412
23.008,111.548,83.884,101.412
38.675,108.998,83.884,101.412
55.513,115.814,85.740,103.655
157.726,111.190,87.637,105.949
158.107,116.900,87.637,105.949
164.578,121.087,87.637,105.949
170.288,124.513,87.637,105.949
163.055,127.938,87.637,105.949
172.572,121.467,87.637,105.949
174.475,121.848,87.637,105.949
183.378,126.600,89.576,108.293
156.533,155.002,89.576,108.293
153.809,172.510,89.576,108.293
158.139,185.290,87.665,105.984
166.781,191.925,85.796,103.723
172.371,165.467,85.796,103.723
178.674,169.087,83.966,101.511
176.121,151.946,83.966,101.511
174.297,166.169,83.966,101.511
128.709,138.816,83.966,101.511
129.803,142.828,83.966,101.511
151.955,148.894,85.824,103.757
170.221,133.611,85.824,103.757
189.233,142.930,85.824,103.757
194.079,144.794,85.824,103.757
189.649,152.541,87.723,106.053
185.810,161.384,85.852,103.791
194.827,168.012,65.162,78.778
169.286,162.066,84.021,101.578
175.490,148.563,84.021,101.578
186.804,144.549,84.021,101.578
203.226,141.994,84.021,101.578
196.292,147.468,84.021,101.578
209.795,153.672,84.021,101.578
201.194,166.363,82.230,99.412
200.741,178.520,64.511,77.990
198.739,189.668,82.230,99.412
202.714,184.187,80.476,97.292
201.888,174.106,78.760,95.217
197.440,157.344,78.760,95.217
205.993,142.634,78.760,95.217
207.019,140.239,78.760,95.217
201.888,146.055,78.760,95.217
204.282,162.133,78.760,95.217
208.735,185.569,80.502,97.324
213.974,190.314,78.786,95.248
210.895,186.550,78.786,95.248
217.396,169.098,78.786,95.248
224.583,152.330,78.786,95.248
226.294,149.934,78.786,95.248
223.898,161.911,78.786,95.248
227.662,168.413,78.786,95.248
226.636,170.809,78.786,95.248
222.872,166.360,78.786,95.248
206.788,140.010,78.786,95.248
213.290,134.877,78.786,95.248
232.796,96.893,78.786,95.248
234.507,87.653,78.786,95.248
234.849,95.524,78.786,95.248
230.741,104.785,77.106,93.217
232.416,109.809,77.106,93.217
194.384,201.551,78.812,95.280
196.780,195.047,78.812,95.280
194.651,184.515,77.131,93.248
193.646,172.789,77.131,93.248
193.441,314.034,59.216,71.590
211.024,269.211,75.486,91.259
225.123,255.769,75.486,91.259
230.697,248.227,75.486,91.259
245.451,213.801,75.486,91.259
261.517,202.981,75.486,91.259
269.058,199.375,75.486,91.259
273.976,175.440,75.486,91.259
186.872,335.971,57.849,69.937
92.012,253.039,75.486,91.259
98.241,246.809,75.486,91.259
103.159,234.022,75.486,91.259
200.045,307.085,58.870,71.171
219.139,276.574,75.486,91.259
227.335,274.934,75.486,91.259
228.319,273.951,75.486,91.259
224.712,277.557,75.486,91.259
219.139,281.820,75.486,91.259
221.755,307.558,59.801,72.297
220.330,282.856,75.486,91.259
222.593,281.591,59.826,72.327
225.168,270.105,59.773,72.263
226.253,269.085,73.876,89.313
227.333,258.703,60.309,72.911
229.784,260.149,60.578,73.236
228.700,266.027,60.808,73.514
226.554,271.500,73.876,89.313
225.200,281.758,60.929,73.660
222.988,271.669,60.937,73.670
223.432,260.096,75.511,91.289
223.104,258.456,75.511,91.289
220.808,256.160,75.511,91.289
217.857,257.144,75.511,91.289
213.346,254.569,61.678,74.566
212.849,259.187,75.511,91.289
210.553,266.075,75.511,91.289
207.601,271.650,75.511,91.289
194.666,275.106,62.550,75.620
193.949,264.507,75.511,91.289
195.589,259.588,75.511,91.289
192.637,260.572,75.511,91.289
198.184,263.758,73.900,89.342
192.728,262.795,73.900,89.342
178.256,260.142,75.536,91.319
166.117,266.375,75.536,91.319
162.774,283.672,61.706,74.600
156.430,288.230,61.336,74.153
157.064,278.194,75.536,91.319
158.818,275.056,73.925,89.372
159.431,273.917,60.847,73.561
152.981,271.293,72.348,87.466
154.552,269.721,72.348,87.466
156.752,268.779,72.348,87.466
153.319,277.789,59.865,72.374
150.026,276.878,73.949,89.401
155.539,280.222,75.585,91.379
155.804,288.060,58.996,71.323
174.181,271.963,73.973,89.430
180.285,266.501,73.973,89.430
185.105,264.894,73.973,89.430
182.620,261.572,75.610,91.409
167.251,267.055,59.885,72.399
167.528,274.186,60.175,72.749
167.465,283.202,60.295,72.894
164.921,278.401,75.610,91.409
165.788,277.730,77.283,93.431
174.688,284.679,59.528,71.967
176.466,270.273,59.638,72.100
176.583,259.464,59.679,72.149
178.379,256.069,59.887,72.401
180.040,256.234,59.830,72.332
182.840,261.037,59.971,72.502
180.566,268.481,60.101,72.659
183.887,280.455,59.889,72.403
186.240,294.165,59.336,71.734
187.237,298.488,58.682,70.944
192.749,286.049,58.202,70.364
196.146,274.597,57.811,69.891
196.814,263.841,57.641,69.686
197.871,260.858,57.646,69.691
199.216,260.922,57.734,69.797
199.313,265.465,57.664,69.713
199.880,273.963,57.597,69.632
198.658,286.682,57.558,69.585
208.947,276.577,74.095,89.577
197.887,297.067,56.359,68.136
199.433,286.567,55.877,67.553
200.265,275.640,54.972,66.458
200.003,268.112,54.472,65.854
200.801,264.138,54.005,65.290
200.430,266.215,53.389,64.545
200.603,271.879,52.647,63.647
199.622,282.976,52.175,63.077
198.381,292.934,51.924,62.774
197.207,293.365,51.745,62.557
209.090,275.868,74.119,89.606
200.273,275.241,51.356,62.087
200.572,268.532,51.221,61.924
207.685,262.952,74.119,89.606
210.583,266.493,74.119,89.606
209.617,265.527,74.119,89.606
208.651,269.068,74.119,89.606
212.193,273.254,74.119,89.606
216.378,277.439,74.119,89.606
212.552,272.105,75.759,91.589
210.248,267.170,75.759,91.589
213.868,263.550,75.759,91.589
217.530,263.575,74.143,89.636
217.208,262.609,74.143,89.636
219.462,266.151,74.143,89.636
215.199,276.805,47.897,57.905
216.405,283.750,47.833,57.828
217.668,286.627,47.819,57.811
219.952,281.051,47.954,57.974
221.592,272.402,47.915,57.927
223.597,266.911,48.092,58.141
223.978,265.063,47.998,58.028
224.715,266.489,47.925,57.940
224.789,270.918,48.022,58.056
221.878,277.465,47.725,57.697
221.575,288.016,47.553,57.490
225.225,274.408,71.015,85.853
228.001,266.697,71.015,85.853
228.639,263.292,47.601,57.548
230.083,262.768,47.754,57.733
228.898,256.685,71.015,85.853
232.506,265.727,47.317,57.204
232.385,272.695,47.141,56.992
232.902,281.324,46.493,56.208
234.079,287.703,46.007,55.620
235.105,270.693,71.015,85.853
232.945,268.534,71.015,85.853
236.955,266.992,71.015,85.853
240.348,269.151,71.015,85.853
238.806,267.609,71.015,85.853
237.482,271.200,69.500,84.023
237.350,275.878,68.018,82.231
238.827,279.128,68.018,82.231
240.407,284.276,66.568,80.477
241.953,282.069,65.148,78.761
243.368,278.956,65.148,78.761
244.782,275.844,65.148,78.761
246.841,274.774,63.759,77.081
248.225,276.713,63.759,77.081
250.774,280.471,62.399,75.438
253.213,284.536,62.399,75.438
256.752,291.349,61.068,73.829
259.670,297.450,61.068,73.829
263.707,313.665,46.684,56.439
268.977,305.361,46.483,56.196
272.784,294.997,59.766,72.254
276.674,292.514,58.492,70.714
279.685,300.849,46.942,56.751
283.315,307.109,46.723,56.486
286.822,316.967,45.902,55.493
286.877,263.126,57.244,69.206
294.088,268.347,57.244,69.206
297.320,249.202,57.244,69.206
300.552,251.937,57.244,69.206
300.304,254.672,57.244,69.206
300.552,254.424,57.244,69.206
