122.000,51.000,51.000,61.000
121.339,52.542,51.000,61.000
122.000,52.762,51.000,61.000
121.780,53.423,51.000,61.000
121.560,55.405,51.000,61.000
121.339,56.506,51.000,61.000
122.000,57.167,51.000,61.000
121.339,58.709,51.000,61.000
122.441,58.489,51.000,61.000
121.780,60.030,51.000,61.000
121.119,60.691,51.000,61.000
121.780,59.590,51.000,61.000
120.679,60.691,51.000,61.000
120.899,60.911,51.000,61.000
121.119,61.572,51.000,61.000
121.339,60.911,51.000,61.000
121.119,62.013,51.000,61.000
120.899,62.673,51.000,61.000
119.798,62.894,51.000,61.000
120.458,63.554,51.000,61.000
121.119,62.013,51.000,61.000
120.018,63.554,51.000,61.000
119.357,62.894,51.000,61.000
120.458,64.435,51.000,61.000
119.357,65.537,51.000,61.000
119.577,63.114,51.000,61.000
118.035,65.096,51.000,61.000
119.577,64.435,51.000,61.000
117.595,65.537,51.000,61.000
117.815,62.673,51.000,61.000
117.154,64.215,51.000,61.000
116.934,62.233,51.000,61.000
115.392,62.013,51.000,61.000
113.851,60.471,51.000,61.000
111.428,60.691,51.000,61.000
109.886,57.828,51.000,61.000
108.785,58.048,51.000,61.000
107.684,57.387,51.000,61.000
107.023,58.048,51.000,61.000
106.803,56.506,51.000,61.000
107.023,56.727,51.000,61.000
107.684,56.066,51.000,61.000
107.904,56.727,51.000,61.000
108.565,54.304,51.000,61.000
109.225,54.965,51.000,61.000
110.767,52.542,51.000,61.000
110.987,52.762,51.000,61.000
112.529,52.101,51.000,61.000
111.868,52.762,51.000,61.000
112.970,52.982,51.000,61.000
113.190,54.084,51.000,61.000
113.851,55.185,51.000,61.000
113.190,57.167,51.000,61.000
114.732,59.149,51.000,61.000
113.630,61.572,51.000,61.000
114.732,63.995,51.000,61.000
114.511,66.858,51.000,61.000
114.732,69.281,51.000,61.000
114.511,71.263,51.000,61.000
113.851,73.246,51.000,61.000
114.952,74.787,51.000,61.000
112.970,76.770,51.000,61.000
114.071,78.311,51.000,61.000
115.613,80.294,51.000,61.000
113.630,81.835,51.000,61.000
116.494,82.056,51.000,61.000
118.476,82.716,51.000,61.000
118.696,84.258,51.000,61.000
118.916,85.359,51.000,61.000
119.577,86.901,51.000,61.000
121.559,86.240,51.000,61.000
123.101,87.782,51.000,61.000
125.084,85.800,51.000,61.000
126.625,86.461,51.000,61.000
126.846,86.240,51.000,61.000
127.066,83.377,51.000,61.000
125.524,81.395,51.000,61.000
124.423,79.853,51.000,61.000
124.202,76.990,51.000,61.000
123.542,75.008,51.000,61.000
122.440,73.466,51.000,61.000
123.542,71.484,51.000,61.000
122.000,69.942,51.000,61.000
123.101,68.400,51.000,61.000
122.000,69.501,51.000,61.000
122.661,67.078,51.000,61.000
121.559,68.180,51.000,61.000
120.899,67.078,51.000,61.000
121.559,65.977,51.000,61.000
120.458,65.316,51.000,61.000
121.119,64.215,51.000,61.000
120.018,62.673,51.000,61.000
118.916,60.691,51.000,61.000
117.375,59.149,51.000,61.000
115.833,58.489,51.000,61.000
113.851,57.828,51.000,61.000
111.868,55.846,51.000,61.000
110.327,56.506,51.000,61.000
108.785,54.524,51.000,61.000
106.803,55.185,51.000,61.000
105.261,55.405,51.000,61.000
105.922,56.066,51.000,61.000
104.820,54.524,51.000,61.000
103.719,54.304,51.000,61.000
103.499,54.965,51.000,61.000
104.600,53.863,51.000,61.000
103.058,53.643,51.000,61.000
103.719,53.423,51.000,61.000
103.058,54.084,51.000,61.000
104.600,52.982,51.000,61.000
105.261,54.084,51.000,61.000
106.362,55.185,51.000,61.000
107.023,55.846,51.000,61.000
107.243,56.947,51.000,61.000
108.344,57.608,51.000,61.000
109.446,58.709,51.000,61.000
110.547,60.251,51.000,61.000
110.327,62.673,51.000,61.000
111.428,63.775,51.000,61.000
111.648,65.316,51.000,61.000
110.547,66.858,51.000,61.000
110.767,67.078,51.000,61.000
110.987,68.180,51.000,61.000
112.089,67.519,51.000,61.000
112.309,68.180,51.000,61.000
113.410,69.722,51.000,61.000
113.630,68.180,51.000,61.000
112.529,70.162,51.000,61.000
112.309,68.180,51.000,61.000
113.410,69.281,51.000,61.000
112.749,67.739,51.000,61.000
112.089,67.960,51.000,61.000
112.749,67.299,51.000,61.000
112.089,68.400,51.000,61.000
112.749,67.739,51.000,61.000
112.089,67.519,51.000,61.000
112.749,67.739,51.000,61.000
112.089,68.841,51.000,61.000
111.428,67.299,51.000,61.000
111.208,68.841,51.000,61.000
110.106,67.739,51.000,61.000
109.005,67.960,51.000,61.000
107.904,67.739,51.000,61.000
106.362,66.197,51.000,61.000
105.261,67.299,51.000,61.000
103.719,65.757,51.000,61.000
101.737,67.299,51.000,61.000
101.957,66.197,51.000,61.000
102.618,67.299,51.000,61.000
101.957,65.757,51.000,61.000
102.618,66.858,51.000,61.000
102.838,66.638,51.000,61.000
103.939,66.858,51.000,61.000
104.160,67.960,51.000,61.000
104.820,67.739,51.000,61.000
105.041,68.841,51.000,61.000
106.142,68.180,51.000,61.000
106.803,69.722,51.000,61.000
105.701,67.739,51.000,61.000
106.803,68.400,51.000,61.000
107.023,68.620,51.000,61.000
106.803,67.078,51.000,61.000
107.023,67.739,51.000,61.000
107.243,66.638,51.000,61.000
107.463,67.299,51.000,61.000
107.684,67.960,51.000,61.000
107.023,66.418,51.000,61.000
107.684,67.960,51.000,61.000
106.582,66.418,51.000,61.000
106.803,67.960,51.000,61.000
106.142,66.858,51.000,61.000
106.803,66.638,51.000,61.000
105.701,65.977,51.000,61.000
105.481,66.197,51.000,61.000
106.142,65.977,51.000,61.000
105.040,64.876,51.000,61.000
104.380,65.096,51.000,61.000
104.600,64.435,51.000,61.000
103.058,65.537,51.000,61.000
103.719,63.554,51.000,61.000
102.618,64.656,51.000,61.000
102.838,63.554,51.000,61.000
103.058,64.656,51.000,61.000
102.838,65.316,51.000,61.000
103.058,66.418,51.000,61.000
103.278,66.197,51.000,61.000
103.058,66.858,51.000,61.000
102.397,65.757,51.000,61.000
103.499,66.418,51.000,61.000
103.278,67.519,51.000,61.000
103.939,65.096,51.000,61.000
102.838,67.078,51.000,61.000
103.939,66.418,51.000,61.000
103.719,67.960,51.000,61.000
104.820,66.418,51.000,61.000
104.600,67.960,51.000,61.000
104.820,68.620,51.000,61.000
106.362,67.078,51.000,61.000
106.142,68.620,51.000,61.000
106.362,69.281,51.000,61.000
107.023,70.382,51.000,61.000
105.921,71.043,51.000,61.000
107.463,70.382,51.000,61.000
108.124,71.484,51.000,61.000
106.582,72.585,51.000,61.000
107.684,71.043,51.000,61.000
107.023,72.585,51.000,61.000
107.684,72.365,51.000,61.000
105.701,74.347,51.000,61.000
107.731,73.511,49.912,59.699
106.222,75.020,49.912,59.699
108.209,74.202,48.848,58.426
106.732,75.257,48.848,58.426
105.255,75.890,48.848,58.426
107.576,73.569,48.848,58.426
106.099,75.468,48.848,58.426
107.154,73.991,48.848,58.426
105.677,74.624,48.848,58.426
106.310,73.991,48.848,58.426
106.221,73.598,47.806,57.180
105.189,74.630,47.806,57.180
106.221,73.185,47.806,57.180
104.363,74.630,47.806,57.180
105.395,72.772,47.806,57.180
104.363,73.804,47.806,57.180
104.569,74.011,47.806,57.180
104.363,74.217,47.806,57.180
103.330,74.423,47.806,57.180
104.776,72.152,47.806,57.180
103.330,73.598,47.806,57.180
104.363,72.152,47.806,57.180
102.505,73.598,47.806,57.180
103.950,72.565,47.806,57.180
104.569,73.598,47.806,57.180
103.686,73.610,46.787,55.961
104.292,74.217,46.787,55.961
104.090,74.823,46.787,55.961
104.292,74.621,46.787,55.961
102.878,74.823,46.787,55.961
103.484,75.429,46.787,55.961
102.474,76.439,46.787,55.961
103.484,74.217,46.787,55.961
102.878,75.227,46.787,55.961
104.292,73.812,46.787,55.961
104.494,74.419,46.787,55.961
104.292,75.025,46.787,55.961
104.898,73.610,46.787,55.961
105.505,74.217,46.787,55.961
103.686,75.227,46.787,55.961
105.100,74.217,46.787,55.961
103.686,74.823,46.787,55.961
104.696,73.004,46.787,55.961
103.282,72.398,46.787,55.961
103.484,70.984,46.787,55.961
102.878,68.761,46.787,55.961
103.888,66.538,46.787,55.961
103.282,64.720,46.787,55.961
102.676,63.305,46.787,55.961
103.686,63.103,46.787,55.961
103.080,60.477,46.787,55.961
103.686,58.658,46.787,55.961
102.676,56.031,46.787,55.961
102.070,55.021,46.787,55.961
102.676,52.394,46.787,55.961
102.070,51.384,46.787,55.961
101.867,49.566,46.787,55.961
101.665,47.343,46.787,55.961
101.463,47.949,46.787,55.961
101.665,45.322,46.787,55.961
102.272,45.524,46.787,55.961
101.665,43.302,46.787,55.961
102.676,44.716,46.787,55.961
102.474,43.302,46.787,55.961
103.484,44.716,46.787,55.961
104.494,44.514,46.787,55.961
105.100,46.333,46.787,55.961
106.515,48.151,46.787,55.961
107.121,49.566,46.787,55.961
107.323,50.980,46.787,55.961
108.333,51.990,46.787,55.961
109.748,53.000,46.787,55.961
111.566,54.011,46.787,55.961
112.576,55.425,46.787,55.961
113.587,56.435,46.787,55.961
114.597,56.638,46.787,55.961
115.203,56.031,46.787,55.961
115.001,57.042,46.787,55.961
116.011,57.648,46.787,55.961
116.214,57.850,46.787,55.961
116.011,58.860,46.787,55.961
117.426,59.870,46.787,55.961
117.224,60.881,46.787,55.961
117.426,62.295,46.787,55.961
118.840,64.518,46.787,55.961
119.851,66.336,46.787,55.961
120.053,67.751,46.787,55.961
120.255,68.761,46.787,55.961
118.840,69.771,46.787,55.961
118.638,71.186,46.787,55.961
118.032,73.004,46.787,55.961
117.426,74.823,46.787,55.961
117.628,76.237,46.787,55.961
117.426,78.056,46.787,55.961
116.820,79.470,46.787,55.961
117.426,80.480,46.787,55.961
115.607,80.682,46.787,55.961
115.809,79.672,46.787,55.961
115.203,80.682,46.787,55.961
113.789,80.480,46.787,55.961
114.799,81.491,46.787,55.961
113.789,80.076,46.787,55.961
113.991,80.682,46.787,55.961
113.789,79.268,46.787,55.961
113.183,80.682,46.787,55.961
111.768,78.864,46.787,55.961
112.374,77.449,46.787,55.961
110.556,78.864,46.787,55.961
109.546,77.045,46.787,55.961
108.131,76.439,46.787,55.961
106.313,77.045,46.787,55.961
104.898,75.227,46.787,55.961
104.292,75.833,46.787,55.961
102.070,74.014,46.787,55.961
101.059,73.812,46.787,55.961
99.645,71.994,46.787,55.961
97.422,72.196,46.787,55.961
95.604,70.377,46.787,55.961
94.998,71.388,46.787,55.961
93.987,69.569,46.787,55.961
92.573,68.155,46.787,55.961
90.754,69.165,46.787,55.961
90.148,68.559,46.787,55.961
87.926,66.740,46.787,55.961
88.532,67.347,46.787,55.961
85.905,67.144,46.787,55.961
85.299,66.538,46.787,55.961
82.672,65.124,46.787,55.961
82.874,66.538,46.787,55.961
76.357,65.016,56.409,67.469
74.626,65.261,56.747,67.874
73.559,65.606,57.073,68.263
71.728,65.725,57.331,68.572
70.241,65.186,57.309,68.546
69.115,65.112,57.164,68.372
68.066,65.584,57.593,68.886
66.020,65.697,57.834,69.174
64.602,65.227,57.726,69.045
62.823,65.494,57.569,68.857
61.757,65.899,57.898,69.250
59.038,65.754,58.131,69.530
58.084,65.931,58.226,69.643
56.398,65.920,58.495,69.965
55.227,66.754,58.646,70.146
52.428,66.294,58.872,70.416
52.189,66.703,59.162,70.762
49.756,66.383,59.043,70.620
49.266,65.862,59.222,70.834
48.422,65.486,59.718,71.428
47.620,64.951,59.943,71.697
46.863,64.220,59.823,71.554
46.790,64.530,60.122,71.911
46.901,64.655,60.259,72.075
47.492,64.216,60.306,72.131
48.176,62.820,60.583,72.462
49.865,61.809,60.403,72.246
52.016,59.973,59.699,71.404
54.365,59.506,59.319,70.951
56.001,58.777,59.187,70.792
56.806,57.917,58.895,70.443
58.686,57.229,58.138,69.537
59.867,55.081,57.968,69.335
61.259,53.555,57.960,69.325
62.144,51.871,57.940,69.301
63.662,50.007,57.893,69.245
64.332,48.200,57.245,68.470
66.252,46.887,56.882,68.036
67.579,44.816,56.493,67.570
69.073,43.947,56.041,67.030
70.670,42.376,55.465,66.341
72.608,42.209,55.523,66.409
74.495,40.820,55.618,66.524
76.611,39.780,55.249,66.082
78.554,38.951,54.897,65.662
85.037,40.759,47.822,57.199
86.896,40.552,47.822,57.199
88.755,40.346,47.822,57.199
90.614,41.791,47.822,57.199
92.059,41.585,47.822,57.199
93.918,42.204,47.822,57.199
95.777,44.063,47.822,57.199
96.809,45.096,47.822,57.199
97.842,46.128,47.822,57.199
99.288,47.574,47.822,57.199
99.907,49.020,47.822,57.199
101.353,50.465,47.822,57.199
101.973,51.911,47.822,57.199
103.418,54.183,47.822,57.199
103.212,56.042,47.822,57.199
103.831,57.900,47.822,57.199
105.277,60.172,47.822,57.199
104.244,62.857,47.822,57.199
105.690,64.716,47.822,57.199
106.310,66.988,47.822,57.199
106.103,69.672,47.822,57.199
106.310,71.531,47.822,57.199
106.929,73.390,47.822,57.199
107.549,75.662,47.822,57.199
106.516,77.934,47.822,57.199
107.549,79.792,47.822,57.199
106.929,82.064,47.822,57.199
107.549,84.749,47.822,57.199
106.516,87.021,47.822,57.199
107.136,90.119,47.822,57.199
105.690,92.804,47.822,57.199
105.071,95.901,47.822,57.199
106.103,98.173,47.822,57.199
105.484,101.271,47.822,57.199
105.690,103.543,47.822,57.199
106.723,104.989,47.822,57.199
107.342,107.261,47.822,57.199
106.310,109.945,47.822,57.199
106.516,112.630,47.822,57.199
106.310,114.902,47.822,57.199
106.516,118.000,47.822,57.199
107.136,120.685,47.822,57.199
105.690,123.783,47.822,57.199
107.136,125.228,47.822,57.199
102.662,122.531,55.964,66.937
105.961,127.867,47.822,57.199
101.814,127.140,56.588,67.684
105.838,132.024,47.822,57.199
101.171,130.621,56.752,67.880
100.998,133.458,56.971,68.142
100.158,134.707,57.214,68.432
99.771,137.095,57.344,68.588
98.790,139.243,57.293,68.527
98.219,140.772,57.317,68.556
97.746,142.006,57.402,68.657
97.281,143.302,57.236,68.459
96.902,145.317,57.511,68.787
96.263,146.467,57.452,68.717
95.324,146.836,57.032,68.215
94.557,148.612,56.915,68.075
94.335,149.524,56.833,67.977
93.179,151.100,56.996,68.172
91.924,152.780,56.968,68.138
91.109,153.842,56.947,68.113
89.788,154.339,57.028,68.210
89.022,154.756,56.994,68.170
87.552,155.064,57.427,68.687
87.241,154.488,57.281,68.512
85.934,155.030,57.509,68.786
85.426,156.245,57.959,69.324
84.529,156.560,58.533,70.010
83.584,156.433,58.655,70.156
82.147,155.312,58.740,70.258
81.177,153.706,59.309,70.938
80.388,151.483,60.003,71.768
79.498,147.876,60.332,72.162
78.952,144.669,60.702,72.605
78.655,141.737,61.415,73.457
78.326,138.244,62.145,74.331
77.632,133.544,62.282,74.495
78.000,129.347,63.122,75.499
78.164,124.586,63.475,75.921
77.839,120.099,63.855,76.376
78.339,116.042,63.996,76.544
78.968,113.761,63.985,76.531
79.532,110.428,64.139,76.715
79.929,107.020,64.751,77.447
80.554,102.259,64.981,77.723
81.952,100.120,64.912,77.640
82.718,97.213,65.098,77.862
83.665,95.009,64.578,77.241
85.486,94.422,64.582,77.246
86.859,93.713,64.614,77.283
88.016,91.750,63.954,76.494
90.171,90.007,63.964,76.506
91.849,88.851,63.400,75.831
93.314,87.392,62.979,75.328
95.578,86.585,62.635,74.917
98.017,86.447,62.249,74.455
100.570,87.760,62.124,74.305
104.051,95.023,49.962,59.758
104.533,88.813,61.460,73.511
108.114,95.248,49.962,59.758
108.762,95.895,49.962,59.758
110.671,92.771,51.067,61.080
112.215,93.433,51.067,61.080
114.641,92.330,51.067,61.080
114.421,92.992,51.067,61.080
117.288,91.007,51.067,61.080
119.272,89.904,51.067,61.080
121.698,88.802,51.067,61.080
123.242,89.463,51.067,61.080
126.109,87.920,51.067,61.080
128.094,89.463,51.067,61.080
129.638,88.361,51.067,61.080
131.623,89.022,51.067,61.080
133.167,87.478,51.067,61.080
136.034,87.258,51.067,61.080
138.019,87.920,51.067,61.080
140.444,87.258,51.067,61.080
142.870,87.920,51.067,61.080
144.855,87.258,51.067,61.080
146.840,88.802,51.067,61.080
149.266,88.581,51.067,61.080
151.251,89.684,51.067,61.080
151.913,91.228,51.067,61.080
152.574,93.213,51.067,61.080
151.913,94.756,51.067,61.080
154.339,97.182,51.067,61.080
154.559,100.049,51.067,61.080
155.662,102.475,51.067,61.080
156.765,104.460,51.067,61.080
156.671,107.450,49.978,59.777
159.477,110.256,49.978,59.777
161.420,111.767,49.978,59.777
163.362,110.256,49.978,59.777
164.873,111.335,49.978,59.777
164.226,110.256,49.978,59.777
166.168,108.745,49.978,59.777
166.384,106.371,49.978,59.777
166.600,103.996,49.978,59.777
166.816,101.190,49.978,59.777
167.463,97.521,49.978,59.777
168.542,94.284,49.978,59.777
167.032,90.614,49.978,59.777
168.542,87.808,49.978,59.777
168.327,85.434,49.978,59.777
169.838,83.492,49.978,59.777
168.327,81.981,49.978,59.777
169.838,79.175,49.978,59.777
168.327,77.232,49.978,59.777
169.406,74.426,49.978,59.777
168.758,72.052,49.978,59.777
168.111,68.815,49.978,59.777
169.622,65.145,49.978,59.777
169.838,61.476,49.978,59.777
170.485,58.239,49.978,59.777
171.996,55.433,49.978,59.777
170.485,53.922,49.978,59.777
171.996,51.548,49.978,59.777
170.053,51.763,49.978,59.777
169.406,48.526,49.978,59.777
169.190,49.605,49.978,59.777
167.247,50.684,49.978,59.777
172.758,47.232,55.361,66.216
166.373,53.462,49.978,59.777
163.135,56.268,49.978,59.777
161.015,57.174,51.084,61.100
159.470,58.719,51.084,61.100
157.044,60.263,51.084,61.100
156.382,62.248,51.084,61.100
154.838,64.234,51.084,61.100
152.852,66.219,51.084,61.100
150.867,67.323,51.084,61.100
149.322,68.867,51.084,61.100
147.778,67.323,51.084,61.100
145.351,68.867,51.084,61.100
143.366,66.440,51.084,61.100
141.380,67.984,51.084,61.100
139.395,66.440,51.084,61.100
136.968,66.219,51.084,61.100
133.659,67.323,51.084,61.100
130.349,68.867,51.084,61.100
127.923,69.087,51.084,61.100
124.613,71.955,51.084,61.100
121.304,73.941,51.084,61.100
121.966,73.720,51.084,61.100
123.069,72.617,51.084,61.100
125.496,71.073,51.084,61.100
127.923,72.176,51.084,61.100
131.232,71.514,51.084,61.100
134.982,70.411,51.084,61.100
136.968,72.397,51.084,61.100
139.395,72.176,51.084,61.100
140.939,71.955,51.084,61.100
142.924,70.411,51.084,61.100
151.785,67.044,56.303,67.343
145.526,69.238,51.084,61.100
154.089,64.983,56.329,67.374
146.519,66.311,51.084,61.100
141.004,69.179,51.084,61.100
138.577,70.282,51.084,61.100
136.150,71.826,51.084,61.100
134.606,73.811,51.084,61.100
132.179,75.797,51.084,61.100
130.635,77.341,51.084,61.100
128.649,79.768,51.084,61.100
127.105,80.430,51.084,61.100
125.561,82.857,51.084,61.100
122.693,83.518,51.084,61.100
118.942,81.974,51.084,61.100
116.074,84.401,51.084,61.100
114.089,86.828,51.084,61.100
112.986,88.372,51.084,61.100
112.765,90.357,51.084,61.100
104.193,90.547,57.178,68.389
115.579,91.941,51.084,61.100
118.006,93.044,51.084,61.100
119.614,95.610,49.994,59.797
118.534,98.416,49.994,59.797
116.159,102.950,49.994,59.797
117.239,107.053,49.994,59.797
114.864,115.473,49.994,59.797
116.807,119.144,49.994,59.797
114.432,121.950,49.994,59.797
124.148,120.007,49.994,59.797
129.114,121.087,49.994,59.797
116.375,89.780,49.994,59.797
114.864,88.269,49.994,59.797
112.057,90.644,49.994,59.797
113.568,87.837,49.994,59.797
110.761,90.644,49.994,59.797
112.273,87.837,49.994,59.797
102.480,113.548,56.733,67.857
102.482,112.272,56.588,67.683
109.222,93.749,49.994,59.797
101.237,118.297,56.398,67.456
99.489,117.360,56.823,67.964
99.866,115.970,57.155,68.362
106.026,114.627,49.994,59.797
98.602,109.447,57.322,68.561
98.295,106.641,57.173,68.384
104.896,108.764,49.994,59.797
102.953,105.093,49.994,59.797
101.010,102.718,49.994,59.797
100.362,100.775,49.994,59.797
99.714,98.400,49.994,59.797
98.635,96.889,49.994,59.797
99.283,94.514,49.994,59.797
99.498,93.434,49.994,59.797
100.578,91.059,49.994,59.797
99.930,88.252,49.994,59.797
101.010,86.309,49.994,59.797
100.794,83.502,49.994,59.797
100.578,81.127,49.994,59.797
99.498,77.889,49.994,59.797
100.578,75.082,49.994,59.797
99.498,72.707,49.994,59.797
101.010,69.900,49.994,59.797
99.930,68.389,49.994,59.797
100.578,66.877,49.994,59.797
99.067,64.934,49.994,59.797
99.283,62.991,49.994,59.797
97.771,61.048,49.994,59.797
95.828,59.968,49.994,59.797
93.885,58.457,49.994,59.797
91.942,58.673,49.994,59.797
89.567,56.729,49.994,59.797
87.192,56.082,49.994,59.797
86.544,55.866,49.994,59.797
84.169,54.354,49.994,59.797
84.385,54.570,49.994,59.797
82.873,53.923,49.994,59.797
79.841,53.175,54.859,65.616
79.533,53.270,54.705,65.432
79.114,54.188,54.726,65.457
79.515,55.353,54.804,65.549
78.753,57.252,54.852,65.607
78.297,56.864,55.407,66.271
77.014,62.511,55.844,66.793
75.554,64.154,55.660,66.573
73.954,64.602,55.741,66.670
72.973,65.811,55.851,66.803
72.465,67.780,56.052,67.043
70.628,68.815,56.149,67.159
69.370,70.617,56.004,66.985
76.250,65.995,49.994,59.797
77.762,68.802,49.994,59.797
76.250,70.745,49.994,59.797
76.466,72.257,49.994,59.797
76.250,75.064,49.994,59.797
75.025,75.522,51.100,61.120
74.804,77.067,51.100,61.120
73.701,79.053,51.100,61.120
74.804,80.598,51.100,61.120
75.025,81.260,51.100,61.120
75.246,81.922,51.100,61.120
76.349,79.936,51.100,61.120
77.453,78.391,51.100,61.120
78.490,75.196,52.231,62.472
76.022,73.312,57.088,68.282
77.725,71.465,57.847,69.189
79.325,68.816,58.188,69.598
81.164,66.257,58.733,70.249
83.494,64.063,58.855,70.395
86.434,62.354,59.272,70.894
89.448,59.863,59.816,71.545
92.596,57.446,60.230,72.040
94.623,55.557,60.224,72.032
96.392,53.758,60.245,72.057
97.389,52.890,60.027,71.797
97.374,52.058,59.891,71.635
97.373,51.232,60.060,71.837
98.047,51.032,60.224,72.032
99.968,54.085,53.387,63.855
98.853,49.492,59.167,70.769
100.035,52.686,52.248,62.493
98.455,51.558,52.248,62.493
97.327,49.527,52.248,62.493
98.455,48.850,52.248,62.493
97.327,46.819,52.248,62.493
98.455,45.691,52.248,62.493
97.327,44.111,52.248,62.493
98.004,43.434,52.248,62.493
96.876,41.404,52.248,62.493
95.747,41.629,52.248,62.493
94.619,41.404,52.248,62.493
93.491,40.275,52.248,62.493
91.460,40.501,52.248,62.493
89.881,40.727,52.248,62.493
89.204,40.952,52.248,62.493
84.666,41.797,55.318,66.164
83.021,41.088,55.110,65.916
80.634,40.134,54.988,65.770
79.849,39.862,55.098,65.901
78.581,38.553,55.141,65.953
76.767,36.734,55.025,65.814
75.767,35.221,55.183,66.003
73.989,33.042,55.283,66.123
73.089,31.382,55.117,65.925
71.856,29.840,55.007,65.792
71.252,28.727,54.968,65.746
69.626,27.229,55.014,65.801
68.275,26.222,55.153,65.967
66.251,25.244,54.869,65.627
65.597,25.667,54.936,65.708
65.371,25.699,55.055,65.850
66.140,26.534,54.990,65.772
66.267,27.663,54.870,65.629
66.414,28.526,54.711,65.439
66.768,30.138,54.585,65.288
68.074,32.788,54.659,65.376
68.729,34.950,54.661,65.379
70.003,37.223,54.697,65.422
70.996,39.464,54.438,65.112
72.462,41.903,54.361,65.020
73.989,43.812,54.305,64.953
74.873,45.984,54.291,64.936
75.960,47.624,54.104,64.713
77.799,49.376,53.992,64.578
78.540,49.804,53.908,64.478
80.190,50.630,53.800,64.349
82.387,51.066,54.079,64.683
84.287,50.904,54.090,64.696
87.736,49.804,53.422,63.896
89.813,49.112,53.422,63.896
91.889,47.036,53.422,63.896
94.888,46.805,53.422,63.896
96.965,44.729,53.422,63.896
99.502,42.191,53.422,63.896
101.629,40.426,52.282,62.534
104.580,40.005,51.167,61.200
107.469,39.592,50.076,59.895
110.713,38.079,50.076,59.895
113.524,36.132,50.076,59.895
115.903,35.483,50.076,59.895
118.282,34.402,50.076,59.895
120.228,33.321,50.076,59.895
122.607,32.672,50.076,59.895
124.986,32.888,50.076,59.895
126.932,32.672,50.076,59.895
129.311,31.591,50.076,59.895
131.258,32.239,50.076,59.895
133.636,31.591,50.076,59.895
135.583,32.672,50.076,59.895
137.529,32.456,50.076,59.895
139.476,33.537,50.076,59.895
141.422,32.888,50.076,59.895
142.936,33.970,50.076,59.895
145.315,33.321,50.076,59.895
146.829,32.239,50.076,59.895
148.342,32.456,50.076,59.895
149.424,31.807,50.076,59.895
151.370,33.753,50.076,59.895
152.884,34.835,50.076,59.895
154.830,35.916,50.076,59.895
156.344,36.565,50.076,59.895
156.560,36.348,50.076,59.895
157.642,37.862,50.076,59.895
157.858,38.944,50.076,59.895
158.939,40.890,50.076,59.895
160.021,41.971,50.076,59.895
159.804,44.350,50.076,59.895
162.616,45.432,50.076,59.895
163.265,46.945,50.076,59.895
162.616,49.324,50.076,59.895
164.995,50.838,50.076,59.895
163.481,53.217,50.076,59.895
165.427,55.163,50.076,59.895
164.346,57.110,50.076,59.895
165.860,58.624,50.076,59.895
165.643,60.137,50.076,59.895
164.562,60.786,50.076,59.895
163.913,62.300,50.076,59.895
164.130,62.949,50.076,59.895
161.318,63.598,50.076,59.895
159.804,62.949,50.076,59.895
159.588,63.598,50.076,59.895
158.074,60.786,50.076,59.895
156.560,59.705,50.076,59.895
157.642,58.191,50.076,59.895
156.128,57.542,50.076,59.895
154.181,58.624,50.076,59.895
152.668,58.840,50.076,59.895
151.154,59.489,50.076,59.895
148.342,57.975,50.076,59.895
145.531,59.921,50.076,59.895
142.287,60.137,50.076,59.895
139.476,59.489,50.076,59.895
136.664,61.003,50.076,59.895
133.853,62.516,50.076,59.895
131.041,62.733,50.076,59.895
127.365,64.246,50.076,59.895
124.121,62.733,50.076,59.895
120.444,64.679,50.076,59.895
116.768,66.625,50.076,59.895
113.524,67.707,50.076,59.895
110.713,68.355,50.076,59.895
108.334,68.572,50.076,59.895
105.522,67.490,50.076,59.895
103.576,68.139,50.076,59.895
101.197,68.355,50.076,59.895
96.217,69.408,56.377,67.432
93.962,71.249,56.340,67.387
91.683,72.804,56.355,67.405
89.390,74.313,56.239,67.266
87.475,75.084,56.382,67.437
85.707,75.441,56.608,67.708
84.492,75.122,56.378,67.433
84.437,75.544,56.696,67.812
84.603,76.232,56.448,67.516
84.952,77.109,56.236,67.263
86.379,79.737,56.448,67.517
89.552,84.832,50.076,59.895
87.694,86.092,56.713,67.834
92.296,93.940,50.076,59.895
93.810,97.617,50.076,59.895
89.757,98.551,57.494,68.767
90.104,102.411,57.956,69.320
90.072,105.797,58.200,69.612
89.654,108.864,58.025,69.402
89.806,112.622,58.337,69.776
89.754,115.896,58.392,69.841
90.157,118.780,58.591,70.079
100.023,122.993,50.076,59.895
98.942,125.805,50.076,59.895
89.754,125.583,58.564,70.047
89.954,126.108,58.423,69.879
100.956,128.444,49.008,58.618
90.777,123.094,58.661,70.163
90.293,119.274,58.569,70.053
100.594,116.544,49.008,58.618
88.393,109.080,58.826,70.360
87.364,103.735,58.678,70.183
85.960,97.460,58.468,69.932
86.331,92.398,58.180,69.587
90.089,91.128,49.008,58.618
90.301,87.107,49.008,58.618
90.089,82.662,49.008,58.618
89.031,78.641,49.008,58.618
89.242,75.043,49.008,58.618
89.877,72.291,49.008,58.618
90.936,69.117,49.008,58.618
92.417,68.482,49.008,58.618
94.322,66.153,49.008,58.618
96.650,66.788,49.008,58.618
99.825,64.884,49.008,58.618
103.000,65.942,49.008,58.618
105.751,64.884,49.008,58.618
109.349,65.942,49.008,58.618
112.101,66.577,49.008,58.618
114.429,66.788,49.008,58.618
117.180,67.847,49.008,58.618
119.085,68.482,49.008,58.618
120.080,68.053,50.093,59.915
121.595,68.269,50.093,59.915
123.109,68.918,50.093,59.915
125.056,69.134,50.093,59.915
123.109,67.187,50.093,59.915
122.893,68.269,50.093,59.915
122.676,66.755,50.093,59.915
121.162,67.836,50.093,59.915
119.648,67.620,50.093,59.915
118.566,67.404,50.093,59.915
116.619,68.053,50.093,59.915
114.239,68.269,50.093,59.915
110.994,68.485,50.093,59.915
108.182,68.269,50.093,59.915
105.369,67.620,50.093,59.915
103.422,69.134,50.093,59.915
101.043,68.918,50.093,59.915
98.230,70.432,50.093,59.915
96.283,70.649,50.093,59.915
91.576,70.099,56.483,67.558
88.989,71.262,56.700,67.817
87.030,72.878,57.052,68.238
84.974,74.099,57.325,68.566
83.068,74.645,57.240,68.464
82.120,76.433,57.454,68.720
80.896,77.381,57.314,68.552
80.333,79.004,57.420,68.678
80.051,81.882,57.296,68.531
80.366,84.052,57.697,69.010
81.539,87.288,57.420,68.678
86.054,92.520,50.093,59.915
85.837,96.198,50.093,59.915
88.217,99.876,50.093,59.915
88.433,103.121,50.093,59.915
89.515,105.500,50.093,59.915
88.866,107.015,50.093,59.915
91.678,105.068,50.093,59.915
90.597,103.986,50.093,59.915
92.976,102.039,50.093,59.915
90.086,115.409,57.841,69.183
93.946,104.885,50.093,59.915
95.893,103.803,50.093,59.915
96.975,101.856,50.093,59.915
96.758,102.938,50.093,59.915
100.003,104.452,50.093,59.915
101.950,101.640,50.093,59.915
105.628,103.587,50.093,59.915
108.440,106.399,50.093,59.915
110.037,99.093,60.030,71.801
110.599,95.620,59.965,71.723
114.223,99.779,50.093,59.915
113.142,95.669,50.093,59.915
111.627,92.857,50.093,59.915
110.546,90.044,50.093,59.915
109.897,87.232,50.093,59.915
109.680,84.852,50.093,59.915
107.301,83.338,50.093,59.915
105.354,80.526,50.093,59.915
103.839,79.444,50.093,59.915
101.892,77.064,50.093,59.915
99.945,74.685,50.093,59.915
93.015,70.485,58.455,69.917
91.621,70.302,58.321,69.757
89.332,68.116,57.884,69.234
88.052,67.334,57.241,68.464
87.680,66.455,56.994,68.169
87.128,64.599,56.757,67.886
90.446,64.244,50.093,59.915
91.095,61.864,50.093,59.915
91.311,61.215,50.093,59.915
92.826,58.836,50.093,59.915
93.907,60.350,50.093,59.915
95.854,59.701,50.093,59.915
97.369,61.215,50.093,59.915
98.883,60.134,50.093,59.915
101.263,60.783,50.093,59.915
102.344,60.134,50.093,59.915
103.426,58.619,50.093,59.915
104.508,60.134,50.093,59.915
105.157,58.619,50.093,59.915
106.238,60.134,50.093,59.915
107.753,58.187,50.093,59.915
110.132,58.836,50.093,59.915
111.214,59.052,50.093,59.915
112.728,57.538,50.093,59.915
114.243,59.485,50.093,59.915
114.892,58.836,50.093,59.915
115.108,60.783,50.093,59.915
116.190,61.432,50.093,59.915
116.839,62.081,50.093,59.915
117.920,60.999,50.093,59.915
118.489,62.805,51.201,61.240
119.152,61.700,51.201,61.240
119.815,61.921,51.201,61.240
121.805,59.931,51.201,61.240
122.469,59.709,51.201,61.240
123.132,59.931,51.201,61.240
120.700,59.267,51.201,61.240
123.574,58.604,51.201,61.240
125.122,59.709,51.201,61.240
126.228,58.604,51.201,61.240
126.891,60.152,51.201,61.240
133.682,53.995,57.990,69.361
134.884,54.654,58.305,69.737
134.734,54.397,58.574,70.059
135.485,55.280,58.250,69.672
135.669,56.051,57.862,69.207
136.759,57.750,57.893,69.245
137.607,66.286,50.109,59.934
138.052,64.574,58.408,69.860
136.127,72.552,50.109,59.934
134.828,72.458,58.277,69.704
133.791,75.649,58.395,69.844
133.720,78.569,58.290,69.720
133.729,80.142,58.718,70.231
134.047,81.381,59.107,70.697
134.788,82.903,59.272,70.894
134.539,84.845,59.868,71.607
134.033,87.020,60.168,71.965
133.097,89.099,60.821,72.747
131.957,90.164,61.128,73.114
132.106,92.361,61.641,73.727
131.096,92.850,62.086,74.260
130.644,92.935,62.365,74.594
130.799,92.465,62.648,74.932
130.489,90.267,62.674,74.963
130.086,88.126,62.851,75.175
129.733,85.709,63.067,75.433
128.929,82.790,62.776,75.085
128.756,80.796,62.695,74.988
128.403,78.286,62.283,74.496
128.220,74.707,62.304,74.520
127.306,71.585,62.348,74.573
127.082,68.854,62.329,74.551
126.661,66.134,62.459,74.706
125.992,62.264,62.464,74.712
125.185,58.923,62.412,74.650
123.931,57.147,62.516,74.774
122.075,54.263,62.355,74.581
120.626,53.170,62.805,75.120
118.692,52.410,62.432,74.674
115.876,51.993,62.209,74.407
113.740,51.492,62.085,74.258
111.190,50.546,62.252,74.458
109.052,50.556,62.378,74.609
105.854,49.171,62.477,74.728
102.494,48.098,62.121,74.301
99.329,46.875,62.180,74.372
95.945,46.234,62.508,74.765
92.614,45.734,62.530,74.791
89.464,45.186,62.632,74.912
86.630,45.080,62.676,74.965
83.707,45.635,62.833,75.154
80.645,45.761,62.974,75.322
77.508,46.237,62.880,75.209
74.829,46.863,62.789,75.100
72.145,48.220,62.758,75.064
69.914,48.710,62.893,75.225
67.838,48.772,62.616,74.894
67.063,48.519,62.550,74.815
66.506,48.434,62.461,74.709
65.392,48.986,62.330,74.552
64.930,49.455,62.450,74.695
63.802,49.754,62.220,74.420
63.919,50.505,62.148,74.334
64.450,50.717,62.229,74.431
67.448,50.887,62.209,74.406
70.135,50.887,62.123,74.304
73.862,51.779,61.815,73.935
77.999,53.269,61.861,73.990
81.840,54.894,61.801,73.919
85.742,55.585,62.534,74.795
89.045,56.139,62.611,74.888
93.292,57.634,62.600,74.875
97.012,58.895,62.729,75.029
101.382,59.985,62.740,75.042
105.248,60.963,62.874,75.202
108.913,60.955,62.783,75.094
113.340,62.045,62.743,75.046
117.385,62.184,62.817,75.134
121.886,61.638,63.087,75.457
126.473,61.002,63.385,75.814
130.295,60.231,63.220,75.616
134.848,60.339,63.309,75.723
137.793,60.157,63.221,75.617
142.252,60.937,62.857,75.182
146.244,60.890,62.642,74.925
149.162,60.406,62.150,74.337
152.012,61.173,61.581,73.655
155.963,61.962,61.327,73.351
158.835,63.742,61.343,73.372
161.306,66.336,61.247,73.256
163.117,68.539,61.096,73.075
165.162,72.687,61.111,73.093
164.829,83.285,49.089,58.714
167.684,79.152,61.557,73.627
168.110,82.200,61.795,73.911
169.118,85.803,62.037,74.201
168.383,88.747,61.977,74.129
175.398,102.523,48.042,57.462
168.985,96.290,62.705,75.000
169.202,100.570,62.951,75.295
167.589,104.731,62.912,75.248
166.976,108.417,62.877,75.205
175.577,121.382,49.105,58.733
178.334,130.925,49.105,58.733
182.363,140.468,49.105,58.733
185.544,144.498,49.105,58.733
183.211,148.103,49.105,58.733
181.128,150.753,50.191,60.033
185.295,148.065,51.302,61.361
187.716,144.858,52.437,62.719
188.781,142.519,53.597,64.106
188.428,144.932,54.783,65.525
186.772,143.749,54.783,65.525
184.448,144.252,55.995,66.974
183.238,145.461,55.995,66.974
182.029,147.154,55.995,66.974
184.206,144.494,55.995,66.974
167.222,130.195,65.549,78.401
183.166,140.933,57.234,68.456
183.907,139.697,57.234,68.456
184.649,138.461,57.234,68.456
185.885,137.225,57.234,68.456
162.831,112.833,66.621,79.684
162.525,108.158,66.593,79.651
160.974,103.763,67.034,80.178
158.679,97.920,67.296,80.491
155.641,92.916,67.676,80.945
153.962,90.109,67.417,80.636
152.933,87.584,67.312,80.510
151.669,83.779,67.175,80.346
150.090,81.912,66.883,79.997
147.783,79.319,66.797,79.894
145.648,77.354,66.844,79.951
143.729,76.059,66.788,79.883
140.806,75.772,67.189,80.363
138.562,75.190,67.179,80.351
136.487,74.976,67.454,80.680
135.106,75.411,67.590,80.843
131.510,75.952,67.506,80.742
130.229,75.816,67.817,81.114
127.173,75.516,67.604,80.860
125.602,75.852,67.856,81.161
121.619,77.423,67.540,80.783
116.251,77.178,67.139,80.303
109.664,84.074,58.539,70.017
102.838,86.349,58.539,70.017
98.034,90.141,58.539,70.017
94.242,93.934,58.539,70.017
91.461,97.220,58.539,70.017
90.197,98.990,58.539,70.017
88.933,94.692,58.539,70.017
86.390,92.271,57.290,68.524
84.658,92.023,57.290,68.524
85.895,88.312,57.290,68.524
84.658,86.085,57.290,68.524
86.885,82.869,57.290,68.524
84.658,85.591,57.290,68.524
86.390,81.879,57.290,68.524
85.331,84.756,56.068,67.062
87.995,82.093,56.068,67.062
85.816,83.788,56.068,67.062
87.995,80.640,56.068,67.062
86.300,80.882,56.068,67.062
87.511,78.703,56.068,67.062
87.753,77.008,56.068,67.062
88.584,76.089,54.873,65.632
87.570,79.301,53.703,64.233
89.194,76.286,53.703,64.233
88.962,75.591,53.703,64.233
89.657,75.359,53.703,64.233
87.771,77.608,52.557,62.863
89.360,74.658,52.557,62.863
87.317,75.793,52.557,62.863
87.090,74.204,52.557,62.863
84.139,75.793,52.557,62.863
83.793,75.804,53.720,64.254
81.241,76.964,53.720,64.254
81.937,74.412,53.720,64.254
80.313,75.108,53.720,64.254
79.617,73.484,53.720,64.254
78.921,74.644,53.720,64.254
80.545,72.556,53.720,64.254
78.921,72.788,53.720,64.254
80.545,72.556,53.720,64.254
81.241,71.860,53.720,64.254
82.401,72.556,53.720,64.254
84.953,70.004,53.720,64.254
86.113,68.844,53.720,64.254
88.665,70.932,53.720,64.254
91.681,68.380,53.720,64.254
93.769,66.756,53.720,64.254
95.393,66.988,53.720,64.254
96.553,63.972,53.720,64.254
97.714,61.884,53.720,64.254
98.874,59.796,53.720,64.254
100.498,60.028,53.720,64.254
100.266,56.084,53.720,64.254
101.426,53.532,53.720,64.254
102.586,51.444,53.720,64.254
103.282,48.892,53.720,64.254
102.586,46.340,53.720,64.254
104.210,46.108,53.720,64.254
103.978,44.020,53.720,64.254
106.066,44.252,53.720,64.254
105.834,43.092,53.720,64.254
107.922,43.324,53.720,64.254
107.376,42.891,52.575,62.883
109.874,43.572,52.575,62.883
111.917,42.891,52.575,62.883
112.598,44.026,52.575,62.883
113.734,44.253,52.575,62.883
114.869,42.209,52.575,62.883
115.550,43.345,52.575,62.883
117.594,42.209,52.575,62.883
118.729,43.345,52.575,62.883
120.772,43.118,52.575,62.883
122.362,43.799,52.575,62.883
123.951,45.388,52.575,62.883
125.995,46.069,52.575,62.883
127.584,46.750,52.575,62.883
129.173,48.340,52.575,62.883
131.671,47.205,52.575,62.883
130.536,47.886,52.575,62.883
136.343,40.510,59.603,71.290
134.282,40.717,59.347,70.984
128.951,47.857,52.575,62.883
126.454,48.992,52.575,62.883
123.956,49.674,52.575,62.883
121.913,50.809,52.575,62.883
119.869,51.490,52.575,62.883
117.826,51.717,52.575,62.883
115.782,51.944,52.575,62.883
114.193,52.625,52.575,62.883
113.058,52.398,52.575,62.883
110.560,53.534,52.575,62.883
108.517,53.761,52.575,62.883
106.019,55.350,52.575,62.883
103.521,56.939,52.575,62.883
100.116,58.529,52.575,62.883
97.618,60.118,52.575,62.883
94.666,62.162,52.575,62.883
92.623,63.751,52.575,62.883
91.034,65.340,52.575,62.883
89.444,65.567,52.575,62.883
87.401,67.157,52.575,62.883
86.265,67.384,52.575,62.883
84.676,68.519,52.575,62.883
83.995,70.562,52.575,62.883
83.314,72.606,52.575,62.883
83.656,74.808,51.453,61.542
83.990,76.964,50.356,60.230
84.207,78.921,50.356,60.230
84.860,80.878,50.356,60.230
85.077,82.836,50.356,60.230
86.165,83.923,50.356,60.230
87.252,85.010,50.356,60.230
87.904,85.228,50.356,60.230
88.557,85.880,50.356,60.230
89.209,86.098,50.356,60.230
90.732,87.185,50.356,60.230
91.384,87.402,50.356,60.230
92.471,86.315,50.356,60.230
93.124,87.402,50.356,60.230
94.646,86.315,50.356,60.230
94.864,86.968,50.356,60.230
95.951,85.880,50.356,60.230
96.603,86.098,50.356,60.230
97.256,85.445,50.356,60.230
98.778,83.488,50.356,60.230
98.996,83.705,50.356,60.230
99.213,81.313,50.356,60.230
100.300,81.096,50.356,60.230
100.518,78.269,50.356,60.230
99.430,75.876,50.356,60.230
100.083,73.919,50.356,60.230
101.605,72.832,50.356,60.230
101.823,70.440,50.356,60.230
103.345,68.917,50.356,60.230
104.867,68.700,50.356,60.230
107.694,68.917,50.356,60.230
109.652,70.440,50.356,60.230
112.044,71.527,50.356,60.230
114.001,73.049,50.356,60.230
115.523,74.572,50.356,60.230
116.611,75.224,50.356,60.230
118.133,76.311,50.356,60.230
119.220,76.964,50.356,60.230
119.873,77.181,50.356,60.230
119.655,77.399,50.356,60.230
120.308,75.442,50.356,60.230
120.525,76.094,50.356,60.230
119.873,76.746,50.356,60.230
121.830,76.529,50.356,60.230
123.787,77.616,50.356,60.230
127.049,79.139,50.356,60.230
130.746,82.401,50.356,60.230
134.443,84.793,50.356,60.230
138.575,87.185,50.356,60.230
146.622,90.882,50.356,60.230
152.059,94.144,50.356,60.230
160.752,97.313,51.470,61.563
168.532,97.091,51.470,61.563
171.422,99.092,51.470,61.563
174.312,100.648,51.470,61.563
176.757,102.204,51.470,61.563
179.202,104.204,51.470,61.563
182.092,105.760,51.470,61.563
184.981,107.316,51.470,61.563
187.871,105.021,52.609,62.925
190.825,106.611,52.609,62.925
188.780,108.202,52.609,62.925
191.262,105.384,53.773,64.317
188.708,107.010,53.773,64.317
188.940,104.920,53.773,64.317
187.141,105.413,54.963,65.740
188.327,104.226,54.963,65.740
186.191,105.888,54.963,65.740
187.378,103.277,54.963,65.740
184.553,104.766,56.179,67.194
182.370,104.038,56.179,67.194
181.642,104.280,56.179,67.194
188.028,93.514,72.552,86.778
187.811,92.554,72.841,87.123
186.679,93.361,72.652,86.897
187.978,93.566,72.874,87.162
186.292,94.374,73.102,87.436
183.394,104.781,56.179,67.194
187.808,93.995,72.760,87.027
189.585,93.794,72.912,87.208
188.769,93.854,73.030,87.350
190.204,94.695,73.025,87.344
189.883,94.749,73.099,87.432
189.983,95.050,73.134,87.475
189.709,94.855,73.026,87.345
189.261,95.161,73.513,87.928
189.072,95.232,73.048,87.371
188.218,95.774,72.981,87.290
188.312,95.102,72.837,87.119
188.242,95.172,72.727,86.987
188.244,95.648,72.959,87.265
187.786,95.645,72.894,87.186
188.543,95.284,72.657,86.903
189.156,95.875,72.834,87.115
188.517,95.811,72.655,86.901
189.601,96.363,72.883,87.174
188.664,95.539,72.866,87.153
189.030,95.684,72.696,86.951
189.857,95.946,72.751,87.015
189.547,96.624,72.498,86.714
189.225,95.778,72.176,86.328
190.054,96.361,72.321,86.502
189.776,96.665,72.453,86.659
189.130,95.818,72.078,86.211
189.288,95.927,72.396,86.591
189.302,95.696,72.188,86.342
189.641,96.550,72.523,86.743
188.656,96.400,72.407,86.605
189.086,95.885,72.626,86.867
189.150,96.308,73.171,87.518
188.952,96.344,73.271,87.638
188.841,96.571,72.219,86.380
189.422,96.319,73.063,87.389
189.276,96.229,73.221,87.578
189.071,96.671,72.351,86.538
189.170,96.455,72.235,86.398
189.801,96.749,72.794,87.068
