146.000,54.000,68.000,101.000
146.993,57.642,68.000,101.000
146.662,56.649,68.000,101.000
147.655,57.642,68.000,101.000
149.973,55.987,68.000,101.000
152.207,53.091,67.793,100.692
152.705,52.357,67.667,100.506
154.842,52.178,67.422,100.141
156.730,50.636,68.949,102.409
159.617,51.637,67.854,100.783
162.235,53.988,66.460,98.713
162.629,56.783,65.252,96.918
162.839,57.931,65.878,97.848
163.356,58.998,65.206,96.850
167.922,60.195,63.294,94.010
172.959,60.532,63.560,94.405
173.826,61.742,63.804,94.768
176.471,64.247,62.264,92.480
181.493,62.995,62.407,92.692
185.094,62.385,61.954,92.019
185.904,60.424,61.018,90.630
189.068,58.496,59.902,88.973
191.841,57.587,59.075,87.744
193.907,59.280,58.146,86.365
196.346,63.592,57.209,84.972
196.914,67.396,56.465,83.867
196.342,70.764,55.695,82.724
194.557,71.450,55.496,82.427
194.285,74.553,54.337,80.707
192.799,76.229,54.169,80.457
189.236,76.258,53.390,79.300
185.278,74.155,52.773,78.384
176.602,62.802,63.804,94.768
171.942,60.007,63.804,94.768
164.468,59.280,65.216,96.865
158.435,57.693,65.216,96.865
154.942,59.916,65.216,96.865
151.449,59.598,65.216,96.865
148.591,58.010,65.216,96.865
150.179,60.868,65.216,96.865
147.321,58.010,65.216,96.865
147.639,60.233,65.216,96.865
147.321,58.010,65.216,96.865
145.098,60.868,65.216,96.865
142.240,59.280,65.216,96.865
140.018,60.233,65.216,96.865
138.430,61.186,65.216,96.865
140.653,62.138,65.216,96.865
143.511,61.186,65.216,96.865
143.828,62.138,65.216,96.865
142.876,59.280,65.216,96.865
145.098,58.328,65.216,96.865
147.956,59.280,65.216,96.865
145.098,56.423,65.216,96.865
147.203,71.273,51.810,76.952
148.176,74.464,51.270,76.152
147.791,77.570,51.166,75.996
147.959,79.535,50.520,75.037
148.929,81.495,50.592,75.144
149.150,67.372,65.216,96.865
146.927,65.149,65.216,96.865
149.765,64.039,63.825,94.799
151.319,60.621,63.825,94.799
152.873,57.203,63.825,94.799
156.291,56.270,63.825,94.799
159.709,54.095,63.825,94.799
163.749,53.784,63.825,94.799
165.925,55.338,63.825,94.799
168.100,58.756,63.825,94.799
170.278,62.463,62.464,92.778
172.410,66.091,61.132,90.799
175.089,67.579,61.132,90.799
174.196,65.495,61.132,90.799
174.493,64.007,61.132,90.799
176.577,65.495,61.132,90.799
178.660,62.816,61.132,90.799
176.577,60.733,61.132,90.799
175.089,58.649,61.132,90.799
176.577,57.756,61.132,90.799
174.493,59.840,61.132,90.799
171.815,60.138,61.132,90.799
170.326,62.221,61.132,90.799
168.243,63.114,61.132,90.799
166.159,62.816,61.132,90.799
167.672,63.498,59.829,88.863
166.798,64.954,59.829,88.863
165.341,64.080,59.829,88.863
166.260,63.062,58.553,86.968
164.264,63.348,58.553,86.968
162.839,60.782,58.553,86.968
161.984,58.216,58.553,86.968
157.707,60.212,58.553,86.968
154.001,57.646,58.553,86.968
152.006,55.650,58.553,86.968
151.720,59.356,58.553,86.968
153.716,63.633,58.553,86.968
152.861,66.198,58.553,86.968
151.435,68.194,58.553,86.968
150.010,67.339,58.553,86.968
147.444,65.913,58.553,86.968
148.870,67.339,58.553,86.968
152.516,69.090,57.304,85.113
150.005,66.021,57.304,85.113
152.516,65.184,57.304,85.113
155.028,65.463,57.304,85.113
156.981,64.068,57.304,85.113
160.050,66.579,57.304,85.113
164.235,66.858,57.304,85.113
167.862,68.811,57.304,85.113
169.280,72.139,56.082,83.298
172.283,71.320,56.082,83.298
172.557,73.232,56.082,83.298
170.099,70.774,56.082,83.298
170.372,67.224,56.082,83.298
179.438,71.025,53.269,79.121
181.881,71.349,53.555,79.545
185.578,70.992,53.803,79.914
186.436,69.953,53.657,79.696
187.306,69.604,53.908,80.069
187.713,67.977,53.566,79.561
188.021,67.989,53.670,79.716
189.389,69.297,54.145,80.422
189.452,72.388,53.828,79.951
190.242,75.279,53.781,79.881
192.498,77.106,53.561,79.554
192.335,77.747,53.684,79.736
191.916,76.399,53.682,79.733
190.049,73.873,53.529,79.506
186.075,71.205,53.852,79.986
182.940,68.757,53.734,79.810
176.591,63.512,58.591,87.025
175.291,61.415,57.342,85.169
176.172,60.439,56.119,83.353
173.713,63.445,56.119,83.353
171.253,66.451,56.119,83.353
166.608,65.631,56.119,83.353
163.056,66.451,56.119,83.353
160.597,67.270,56.119,83.353
157.592,66.451,56.119,83.353
157.865,63.445,56.119,83.353
158.138,62.079,56.119,83.353
156.225,61.806,56.119,83.353
155.952,60.986,56.119,83.353
157.318,62.352,56.119,83.353
158.684,60.439,56.119,83.353
162.180,60.538,54.922,81.575
164.587,64.549,54.922,81.575
165.924,67.491,54.922,81.575
169.633,71.850,52.079,77.353
171.743,71.308,52.591,78.113
172.855,70.769,52.458,77.916
175.994,69.771,53.077,78.835
179.134,67.387,53.742,79.823
181.063,65.907,53.769,79.863
181.036,63.599,54.587,81.078
180.795,58.894,58.649,87.111
183.432,66.811,54.737,81.301
180.406,62.836,58.649,87.111
180.692,63.693,58.649,87.111
181.548,66.263,58.649,87.111
180.692,67.119,58.649,87.111
179.264,69.689,58.649,87.111
177.836,69.975,58.649,87.111
175.837,71.974,58.649,87.111
176.123,71.117,58.649,87.111
175.837,71.403,58.649,87.111
174.980,68.833,58.649,87.111
179.602,68.732,53.782,79.882
178.743,66.131,54.154,80.435
175.483,65.720,54.490,80.934
172.567,66.376,54.516,80.972
170.407,67.091,54.475,80.912
169.223,68.113,54.989,81.675
166.650,69.017,55.218,82.016
164.327,69.632,59.946,89.038
161.557,71.968,55.878,82.996
157.275,66.694,59.966,89.067
151.727,62.899,59.966,89.067
146.180,61.439,59.966,89.067
145.304,62.315,59.966,89.067
147.931,63.191,59.966,89.067
149.391,65.234,59.966,89.067
151.435,64.942,59.966,89.067
155.815,67.570,59.966,89.067
156.107,70.782,59.966,89.067
158.150,72.242,59.966,89.067
158.442,74.286,59.966,89.067
160.486,75.745,59.966,89.067
162.530,72.534,59.966,89.067
165.742,69.906,59.966,89.067
176.620,82.205,52.660,78.215
179.967,81.958,52.474,77.940
184.252,79.749,52.306,77.690
189.408,74.817,52.817,78.448
184.878,69.424,58.687,87.168
188.021,66.852,58.687,87.168
192.307,68.281,58.687,87.168
197.736,70.853,58.687,87.168
200.308,69.995,58.687,87.168
202.308,71.996,58.687,87.168
205.412,72.099,57.436,85.309
209.048,75.734,57.436,85.309
210.446,74.336,57.436,85.309
211.844,72.938,57.436,85.309
213.243,71.540,57.436,85.309
215.760,70.141,57.436,85.309
213.997,72.566,54.000,80.207
212.672,74.963,53.879,80.026
209.757,69.734,58.706,87.196
207.184,68.876,58.706,87.196
209.874,74.725,54.325,80.688
209.430,73.952,54.787,81.375
206.519,76.549,57.455,85.337
207.622,71.863,54.997,81.687
206.841,70.495,55.257,82.073
206.403,67.845,57.455,85.337
204.033,69.077,56.025,83.213
201.663,71.276,56.117,83.350
198.464,73.641,56.064,83.272
196.600,73.770,55.979,83.145
197.801,74.637,55.530,82.478
196.453,74.217,55.571,82.539
195.838,72.832,55.466,82.384
195.870,72.347,55.293,82.127
194.789,71.201,55.175,81.951
197.616,73.156,55.064,81.786
201.088,74.853,54.778,81.361
202.914,76.448,54.718,81.272
202.522,76.957,54.320,80.681
203.259,77.912,53.802,79.911
206.341,77.701,53.877,80.023
207.071,75.748,53.686,79.739
208.726,73.798,53.933,80.106
211.843,74.105,53.493,79.453
214.368,72.762,53.168,78.970
221.520,71.390,52.929,78.615
224.459,71.559,52.648,78.197
227.775,74.272,52.696,78.269
232.906,78.236,52.749,78.348
235.209,82.310,53.102,78.871
235.364,84.576,53.318,79.193
235.965,86.334,53.090,78.854
235.873,88.330,52.985,78.699
237.387,88.877,52.717,78.300
240.612,88.326,52.883,78.546
243.678,89.644,52.779,78.392
245.932,90.065,52.402,77.832
245.943,90.056,52.526,78.017
241.033,87.878,53.162,78.962
238.978,85.008,53.324,79.201
238.581,84.858,53.955,80.139
235.963,87.721,54.406,80.809
232.764,88.177,55.091,81.826
228.202,86.839,56.112,83.342
224.443,84.601,57.218,84.985
221.486,83.426,57.817,85.876
217.775,81.235,57.992,86.135
214.351,76.563,57.766,85.799
216.099,70.976,57.378,85.224
218.217,65.062,57.179,84.928
222.198,61.490,57.074,84.771
226.552,63.332,57.077,84.777
230.033,68.449,56.806,84.373
232.459,73.883,56.509,83.933
237.432,77.574,56.123,83.360
242.054,80.767,56.090,83.310
246.618,84.901,55.840,82.939
253.127,84.782,56.056,83.260
256.150,79.631,55.704,82.737
257.408,73.813,55.146,81.908
262.956,70.183,55.287,82.117
267.291,65.572,54.904,81.549
269.616,62.083,54.483,80.924
270.700,59.873,53.806,79.917
270.587,61.326,53.711,79.777
266.939,64.860,53.532,79.510
264.597,67.720,53.531,79.509
262.819,68.315,53.524,79.500
262.105,67.924,53.315,79.189
261.928,66.359,53.075,78.831
260.626,64.925,53.020,78.751
261.086,63.869,53.200,79.018
263.576,63.255,53.379,79.284
261.063,62.134,53.775,79.871
260.604,61.427,54.084,80.330
261.660,60.324,54.475,80.911
262.023,58.448,54.717,81.271
263.903,58.933,54.763,81.340
263.057,59.701,54.955,81.625
262.688,59.904,55.192,81.976
261.965,60.222,55.248,82.059
261.170,60.028,55.387,82.266
261.416,60.609,55.507,82.444
262.920,62.115,55.817,82.905
262.124,62.032,56.391,83.757
261.545,64.033,56.979,84.631
255.288,64.278,57.237,85.013
249.324,67.842,57.098,84.807
243.103,69.021,57.113,84.830
236.867,69.308,56.971,84.619
231.386,68.166,56.920,84.542
223.165,67.257,56.894,84.504
219.769,67.723,57.062,84.753
214.424,67.424,57.055,84.743
212.276,67.009,57.146,84.879
211.608,66.279,57.217,84.984
207.422,67.013,57.226,84.997
204.799,68.811,57.291,85.094
200.880,69.016,57.307,85.118
198.575,69.043,57.540,85.464
194.690,69.651,57.478,85.371
189.741,68.232,57.554,85.485
185.618,65.803,57.819,85.879
180.646,65.382,57.744,85.767
172.659,62.523,57.708,85.713
162.141,60.159,57.820,85.879
154.947,58.702,57.368,85.209
147.565,57.020,56.801,84.366
142.387,55.990,56.302,83.625
140.254,56.063,56.052,83.254
137.254,56.713,55.483,82.409
134.726,58.574,55.105,81.847
132.738,58.278,54.573,81.056
133.433,59.033,54.366,80.749
133.949,62.172,54.114,80.375
130.690,64.240,54.001,80.207
129.711,65.455,53.818,79.935
132.735,64.953,53.839,79.967
136.621,64.424,54.209,80.516
138.915,65.990,54.063,80.300
139.717,68.868,54.069,80.309
141.075,69.233,54.217,80.528
144.838,68.295,54.259,80.590
148.292,67.966,54.695,81.238
153.016,68.918,55.566,82.532
157.956,70.661,55.935,83.079
162.640,71.960,56.264,83.568
164.994,71.461,56.201,83.475
166.309,68.103,56.322,83.655
169.128,64.851,56.120,83.355
168.112,59.801,56.298,83.619
167.566,56.634,56.268,83.574
169.208,53.400,56.399,83.770
169.295,51.131,56.880,84.483
167.267,53.392,57.061,84.753
168.170,60.009,57.379,85.225
171.859,70.036,57.574,85.514
174.204,78.897,58.265,86.541
181.391,86.529,58.519,86.918
185.868,92.695,58.616,87.062
193.052,97.486,58.697,87.183
196.024,101.439,58.550,86.964
200.085,103.034,58.637,87.093
203.380,104.417,58.804,87.341
206.744,104.095,59.207,87.940
209.342,103.733,59.301,88.080
207.082,103.175,59.359,88.166
204.247,101.260,59.289,88.062
201.307,97.729,59.239,87.987
201.064,92.910,58.462,86.833
196.655,87.574,57.522,85.437
192.041,83.412,56.692,84.205
186.205,78.365,56.213,83.493
180.518,75.032,55.383,82.260
178.865,73.893,54.405,80.808
176.068,75.553,53.568,79.564
173.543,75.997,52.912,78.591
171.407,77.154,52.613,78.146
170.196,80.031,51.635,76.693
170.833,83.360,51.249,76.119
168.523,84.338,50.689,75.288
165.723,84.000,50.315,74.733
162.925,83.827,49.942,74.179
161.766,82.129,49.465,73.469
160.513,80.528,49.086,72.907
159.363,42.345,71.886,106.771
160.500,77.939,48.477,72.003
157.369,76.527,48.702,72.337
160.032,45.164,70.353,104.494
161.643,73.691,48.837,72.537
164.610,72.142,48.851,72.558
173.514,48.425,70.353,104.494
176.985,78.849,48.046,71.362
181.699,83.387,47.564,70.646
189.289,85.680,47.278,70.221
193.984,69.986,67.384,100.085
196.937,65.721,67.384,100.085
202.323,86.262,46.547,69.136
205.050,83.828,46.633,69.264
203.321,81.438,46.925,69.698
204.241,58.733,67.406,100.118
201.480,55.688,65.969,97.983
199.232,54.082,65.969,97.983
194.170,50.665,67.428,100.151
195.155,53.620,67.428,100.151
192.200,51.322,67.428,100.151
192.528,52.964,67.428,100.151
190.230,53.948,67.428,100.151
187.932,53.620,67.428,100.151
185.483,55.578,68.920,102.367
183.805,53.229,68.920,102.367
180.785,56.249,68.920,102.367
181.792,54.571,68.920,102.367
184.141,51.551,68.920,102.367
178.436,49.202,68.920,102.367
180.114,46.182,68.920,102.367
177.094,45.846,68.920,102.367
178.799,47.261,67.450,100.184
177.936,50.545,66.012,98.047
178.900,52.152,66.012,98.047
179.864,51.831,66.012,98.047
179.543,55.366,66.012,98.047
181.150,55.688,66.012,98.047
184.042,58.580,66.012,98.047
229.361,56.331,66.012,98.047
236.111,59.223,66.012,98.047
239.048,55.137,67.473,100.217
187.569,73.662,47.917,71.170
192.820,72.892,47.867,71.097
202.328,73.868,47.683,70.823
208.009,78.213,47.324,70.290
213.612,83.469,47.302,70.257
217.640,86.276,47.514,70.572
220.077,88.311,47.930,71.190
220.803,91.915,47.522,70.584
219.732,93.533,47.062,69.900
218.469,93.858,47.457,70.488
213.596,93.016,46.885,69.638
207.246,90.585,46.794,69.503
201.877,88.632,46.251,68.697
198.625,87.006,46.031,68.370
194.550,84.325,45.533,67.630
195.461,82.829,45.475,67.543
197.303,83.350,45.107,66.997
223.346,41.493,69.033,102.535
202.067,88.716,44.620,66.274
207.106,92.478,44.533,66.144
209.954,94.656,44.164,65.597
211.410,94.690,44.091,65.488
213.995,93.244,43.745,64.974
212.911,91.620,43.665,64.856
208.639,89.403,43.537,64.665
205.564,87.051,43.514,64.631
202.914,83.959,43.510,64.625
196.417,83.075,43.813,65.076
189.999,81.831,43.906,65.214
186.394,82.504,44.338,65.855
181.107,82.997,44.575,66.207
177.266,82.135,44.645,66.310
176.253,80.063,44.942,66.752
173.415,77.651,45.172,67.093
170.346,75.921,45.463,67.527
168.597,72.689,45.744,67.943
169.345,68.393,45.924,68.210
169.484,64.959,46.345,68.835
171.511,60.932,46.546,69.134
175.216,60.262,46.904,69.667
177.436,63.373,47.027,69.849
177.998,66.748,47.393,70.392
178.896,68.211,47.734,70.899
177.722,69.579,48.001,71.296
172.540,70.995,48.032,71.341
164.230,70.712,48.170,71.547
144.198,49.764,72.240,107.298
136.108,44.488,72.240,107.298
143.957,60.038,48.215,71.613
137.451,55.178,48.332,71.787
133.060,49.940,48.021,71.325
131.262,47.448,47.698,70.846
129.119,46.712,47.471,70.509
130.061,46.709,47.557,70.636
131.839,47.523,47.703,70.853
133.183,50.134,47.512,70.569
135.305,51.607,47.531,70.598
139.658,51.734,47.801,70.998
143.345,53.359,47.945,71.212
146.514,53.909,47.753,70.928
149.842,55.048,47.968,71.246
152.895,54.847,47.978,71.261
153.734,54.636,48.288,71.721
155.317,53.913,48.480,72.008
156.890,55.936,48.970,72.736
158.476,59.274,49.529,73.565
159.126,61.780,49.763,73.913
161.261,64.188,50.158,74.500
161.768,65.397,50.323,74.744
164.134,66.263,50.632,75.204
166.702,66.493,51.016,75.773
170.098,66.044,51.240,76.106
171.405,62.845,51.567,76.592
171.651,59.045,51.385,76.322
173.254,55.541,51.273,76.155
170.152,52.677,51.745,76.857
169.095,53.170,51.743,76.853
167.968,56.951,51.976,77.199
165.361,59.614,52.154,77.463
164.214,60.647,52.420,77.859
164.747,60.154,52.900,78.572
165.713,59.632,53.234,79.068
164.111,58.105,53.726,79.799
166.980,55.107,53.496,79.457
175.252,52.863,53.446,79.383
178.229,50.635,53.575,79.575
185.289,51.734,53.805,79.916
187.744,55.828,53.952,80.134
192.324,59.818,53.930,80.101
192.578,60.099,54.262,80.595
190.530,58.578,54.057,80.291
186.879,57.567,53.598,79.608
183.349,55.460,53.675,79.723
184.450,54.767,53.154,78.949
185.270,52.760,52.971,78.678
185.719,51.433,52.399,77.828
188.901,50.280,52.420,77.859
191.456,48.824,51.800,76.938
197.275,49.145,51.607,76.651
197.434,53.075,51.588,76.624
195.319,59.063,51.226,76.086
192.933,66.247,51.156,75.982
185.596,70.760,51.403,76.349
175.160,72.636,51.403,76.348
164.143,68.576,51.417,76.369
152.735,64.069,51.912,77.104
143.142,57.388,52.532,78.025
140.602,52.830,53.258,79.103
138.110,48.513,53.903,80.061
136.388,45.020,54.240,80.562
137.540,46.459,54.215,80.525
138.407,52.058,54.228,80.545
140.394,56.727,54.123,80.388
133.772,54.623,63.559,94.404
130.987,58.028,63.559,94.404
131.915,62.669,63.559,94.404
134.081,64.836,63.559,94.404
136.247,61.432,63.559,94.404
141.508,56.790,63.559,94.404
152.838,60.312,53.976,80.170
155.057,60.899,53.987,80.186
149.605,53.124,63.559,94.404
159.104,62.738,53.495,79.455
159.746,65.642,53.422,79.348
153.072,65.459,60.877,90.421
150.997,68.720,60.877,90.421
150.108,71.387,60.877,90.421
145.662,73.462,60.877,90.421
140.623,71.980,60.877,90.421
136.177,71.091,60.877,90.421
132.917,67.238,60.877,90.421
130.249,62.199,60.877,90.421
142.056,58.921,54.537,81.003
143.556,54.470,54.699,81.245
135.742,47.529,60.877,90.421
146.844,53.534,54.423,80.835
147.643,57.403,54.211,80.520
146.614,60.327,54.386,80.779
131.530,60.267,60.877,90.421
130.048,63.527,60.877,90.421
130.344,65.009,60.877,90.421
128.862,65.306,60.877,90.421
130.937,64.417,60.877,90.421
133.605,65.306,60.877,90.421
136.865,62.638,60.877,90.421
152.038,65.383,55.939,83.086
149.587,59.362,60.877,90.421
165.355,59.897,56.533,83.968
172.050,57.483,57.021,84.693
178.253,60.257,57.248,85.030
183.512,62.491,57.991,86.134
185.421,65.681,58.524,86.926
