198.000,214.000,34.000,81.000
195.006,214.000,34.000,81.000
195.006,214.000,34.000,81.000
192.012,217.494,34.000,80.000
190.537,220.444,34.000,80.000
188.087,223.394,33.000,80.000
188.087,229.762,33.000,79.000
185.164,232.685,33.000,79.000
185.164,236.108,33.000,78.000
185.664,227.970,32.000,77.000
188.494,233.631,32.000,77.000
190.825,230.301,33.000,78.000
194.204,230.801,32.000,77.000
197.035,230.801,32.000,77.000
199.865,230.801,32.000,77.000
202.695,227.970,32.000,77.000
208.356,227.970,32.000,77.000
215.432,214.318,32.000,76.000
209.793,211.498,32.000,76.000
206.974,222.777,32.000,76.000
206.974,225.596,32.000,76.000
212.613,228.416,32.000,76.000
215.432,228.416,32.000,76.000
219.457,226.096,31.000,75.000
220.141,231.572,31.000,75.000
225.617,234.310,31.000,75.000
227.855,237.048,32.000,75.000
230.642,239.335,32.000,76.000
236.281,238.835,32.000,77.000
241.942,236.004,32.000,77.000
244.980,235.504,33.000,78.000
251.239,233.125,32.000,77.000
254.984,231.917,33.000,78.000
257.863,231.917,33.000,78.000
260.743,231.917,33.000,78.000
263.622,231.917,33.000,78.000
269.380,231.417,33.000,79.000
272.303,231.917,33.000,78.000
278.562,232.417,32.000,77.000
281.392,235.748,32.000,76.000
287.032,235.748,32.000,76.000
289.851,235.748,32.000,76.000
292.671,239.272,32.000,76.000
292.671,241.592,32.000,77.000
294.086,241.592,32.000,77.000
294.086,239.262,32.000,76.000
294.086,236.442,32.000,76.000
292.676,233.622,32.000,76.000
292.676,234.122,32.000,75.000
289.889,234.122,32.000,75.000
289.193,234.122,32.000,75.000
286.906,232.032,31.000,75.000
286.906,229.794,31.000,74.000
284.179,230.294,31.000,73.000
283.500,230.294,31.000,73.000
281.463,230.294,31.000,73.000
281.963,230.794,30.000,72.000
279.328,232.770,30.000,72.000
279.328,233.270,30.000,71.000
277.360,233.270,30.000,71.000
274.737,235.894,30.000,71.000
269.489,235.894,30.000,71.000
264.242,235.894,30.000,71.000
261.618,238.017,30.000,72.000
261.618,243.945,30.000,72.000
256.349,246.580,30.000,72.000
251.081,247.080,30.000,71.000
249.113,247.080,30.000,71.000
241.242,249.703,30.000,71.000
235.995,249.703,30.000,71.000
233.371,249.203,30.000,72.000
224.809,245.910,30.000,72.000
218.881,243.776,30.000,71.000
212.322,241.652,30.000,70.000
206.443,239.039,30.000,70.000
201.218,239.039,30.000,70.000
193.379,238.539,30.000,71.000
185.508,239.195,30.000,71.000
175.670,239.195,30.000,71.000
175.670,241.163,30.000,71.000
165.175,243.131,30.000,71.000
159.928,240.507,30.000,71.000
154.025,235.260,30.000,71.000
148.777,232.636,30.000,71.000
143.530,230.012,30.000,71.000
140.250,230.012,30.000,71.000
137.627,230.012,30.000,71.000
135.003,230.668,30.000,71.000
132.379,233.292,30.000,71.000
130.256,233.792,29.000,70.000
127.692,234.433,29.000,70.000
123.207,234.433,29.000,70.000
120.643,231.869,29.000,70.000
118.080,226.743,29.000,70.000
115.517,224.179,29.000,70.000
112.953,220.975,29.000,70.000
112.953,223.539,29.000,70.000
113.594,223.539,29.000,70.000
114.235,223.539,29.000,70.000
114.376,223.539,30.000,70.000
117.489,223.539,29.000,70.000
120.052,220.975,29.000,70.000
120.052,218.412,29.000,70.000
120.693,215.849,29.000,70.000
122.615,213.285,29.000,70.000
125.179,210.722,29.000,70.000
127.742,209.940,29.000,69.000
130.273,209.940,29.000,69.000
134.070,209.940,29.000,69.000
137.234,212.471,29.000,69.000
139.765,212.471,29.000,69.000
144.827,209.940,29.000,69.000
147.358,207.409,29.000,69.000
149.889,204.878,29.000,69.000
154.318,202.347,29.000,69.000
156.849,199.816,29.000,69.000
160.646,197.285,29.000,69.000
163.810,197.285,29.000,69.000
168.872,197.285,29.000,69.000
171.403,197.285,29.000,69.000
176.465,197.285,29.000,69.000
179.629,197.785,29.000,68.000
183.410,197.785,29.000,68.000
185.930,195.265,29.000,68.000
188.450,192.244,29.000,69.000
190.981,190.213,29.000,68.000
193.501,187.693,29.000,68.000
196.022,187.693,29.000,68.000
199.042,187.693,28.000,68.000
201.546,188.319,28.000,68.000
204.676,190.823,28.000,68.000
207.179,190.823,28.000,68.000
209.183,188.319,29.000,68.000
211.703,185.799,29.000,68.000
212.333,183.278,29.000,68.000
214.854,180.758,29.000,68.000
215.354,178.238,28.000,68.000
217.858,178.238,28.000,68.000
217.358,178.238,29.000,68.000
217.358,178.238,29.000,68.000
219.248,178.238,29.000,68.000
219.748,178.238,28.000,68.000
222.252,178.238,28.000,68.000
222.252,175.734,28.000,68.000
224.755,173.230,28.000,68.000
225.381,171.226,28.000,67.000
227.853,169.373,28.000,67.000
227.853,169.373,28.000,67.000
230.324,169.373,28.000,67.000
232.795,169.373,28.000,67.000
235.266,171.844,28.000,67.000
237.738,174.315,28.000,67.000
240.209,174.315,28.000,67.000
242.680,174.315,28.000,67.000
243.916,173.698,28.000,67.000
246.387,171.226,28.000,67.000
248.858,168.755,28.000,67.000
249.476,169.255,28.000,66.000
251.904,168.755,28.000,67.000
253.139,168.755,28.000,67.000
255.611,168.755,28.000,67.000
255.611,168.755,28.000,67.000
258.082,166.284,28.000,67.000
258.700,165.048,28.000,67.000
261.171,162.577,28.000,67.000
263.642,160.106,28.000,67.000
266.113,160.106,28.000,67.000
268.585,160.106,28.000,67.000
271.056,160.106,28.000,67.000
273.527,160.106,28.000,67.000
275.998,162.577,28.000,67.000
278.469,165.048,28.000,67.000
280.941,165.048,28.000,67.000
283.412,164.548,28.000,68.000
282.912,164.548,29.000,68.000
282.912,162.028,29.000,68.000
282.912,162.028,29.000,68.000
282.912,159.508,29.000,68.000
282.912,159.508,29.000,68.000
282.782,159.508,28.000,68.000
279.778,162.012,29.000,68.000
279.778,161.382,29.000,68.000
280.278,158.861,28.000,68.000
280.278,158.861,28.000,68.000
280.904,156.358,28.000,68.000
280.904,156.358,28.000,68.000
280.904,154.354,28.000,67.000
280.904,154.354,28.000,67.000
280.904,154.354,28.000,67.000
283.375,156.825,28.000,67.000
283.375,158.796,28.000,68.000
284.627,161.800,28.000,67.000
284.627,164.271,28.000,67.000
287.098,166.242,28.000,68.000
287.098,166.242,28.000,68.000
287.098,166.242,28.000,68.000
284.595,166.242,28.000,68.000
284.595,166.242,28.000,68.000
284.595,166.242,28.000,68.000
284.595,163.739,28.000,68.000
284.095,163.739,29.000,68.000
284.595,163.739,28.000,68.000
284.595,161.235,28.000,68.000
285.221,161.235,28.000,68.000
285.221,163.739,28.000,68.000
284.721,166.242,29.000,68.000
287.241,168.763,29.000,68.000
287.871,171.283,29.000,68.000
287.871,173.803,29.000,68.000
287.871,173.803,29.000,68.000
287.871,173.303,29.000,69.000
286.605,176.334,29.000,68.000
285.345,176.334,29.000,68.000
284.715,176.334,29.000,68.000
282.195,173.814,29.000,68.000
280.935,173.814,29.000,68.000
280.935,170.794,29.000,69.000
280.302,170.794,29.000,69.000
280.302,170.794,29.000,69.000
280.302,173.325,29.000,69.000
280.302,173.458,29.000,70.000
279.020,176.021,29.000,70.000
277.739,178.584,29.000,70.000
277.739,183.711,29.000,70.000
276.457,183.711,29.000,70.000
276.457,186.774,29.000,69.000
273.926,186.774,29.000,69.000
273.293,186.774,29.000,69.000
270.762,189.305,29.000,69.000
269.496,189.305,29.000,69.000
266.965,186.774,29.000,69.000
264.434,184.243,29.000,69.000
261.903,184.243,29.000,69.000
259.372,184.243,29.000,69.000
256.841,184.243,29.000,69.000
254.310,184.243,29.000,69.000
254.310,186.774,29.000,69.000
251.779,189.305,29.000,69.000
249.248,191.837,29.000,69.000
247.982,194.368,29.000,69.000
247.349,196.899,29.000,69.000
244.818,196.899,29.000,69.000
242.287,196.899,29.000,69.000
239.756,196.899,29.000,69.000
237.225,199.430,29.000,69.000
234.194,199.563,30.000,70.000
231.581,199.063,30.000,71.000
228.958,198.563,30.000,72.000
226.323,197.245,30.000,72.000
223.689,194.611,30.000,72.000
222.371,194.111,30.000,73.000
219.193,194.111,31.000,73.000
217.835,191.395,31.000,73.000
217.656,194.111,30.000,73.000
217.656,194.111,30.000,73.000
214.478,196.789,31.000,73.000
214.978,200.005,30.000,72.000
212.502,199.505,31.000,73.000
209.786,201.542,31.000,73.000
207.749,201.542,31.000,73.000
205.033,201.042,31.000,74.000
202.306,201.042,31.000,74.000
200.942,201.042,31.000,74.000
199.579,201.042,31.000,74.000
198.897,201.042,31.000,74.000
198.215,201.042,31.000,74.000
194.988,200.542,32.000,75.000
194.988,197.255,32.000,76.000
194.988,197.255,32.000,76.000
193.578,195.141,32.000,76.000
193.578,195.141,32.000,76.000
193.578,195.141,32.000,76.000
193.578,197.460,32.000,77.000
193.578,197.460,32.000,77.000
192.871,200.291,32.000,77.000
192.871,200.291,32.000,77.000
192.163,200.291,32.000,77.000
191.455,200.291,32.000,77.000
190.955,197.460,33.000,77.000
190.955,195.537,33.000,78.000
191.455,193.877,32.000,77.000
190.748,193.877,32.000,77.000
190.040,193.877,32.000,77.000
189.540,196.208,33.000,78.000
188.100,196.208,33.000,78.000
188.100,199.087,33.000,78.000
188.600,199.587,32.000,77.000
188.100,199.087,33.000,78.000
188.100,199.087,33.000,78.000
190.980,196.208,33.000,78.000
190.980,195.708,33.000,79.000
190.980,195.708,33.000,79.000
190.980,195.708,33.000,79.000
190.980,195.708,33.000,79.000
190.980,198.631,33.000,79.000
190.980,198.631,33.000,79.000
188.057,201.554,33.000,79.000
188.057,202.515,33.000,80.000
188.057,203.015,33.000,79.000
184.634,205.438,34.000,80.000
182.421,205.438,34.000,80.000
179.471,207.889,34.000,81.000
177.225,207.889,34.000,81.000
174.232,208.637,34.000,81.000
171.238,208.637,34.000,81.000
168.244,210.134,34.000,81.000
165.250,210.634,34.000,80.000
162.300,210.634,34.000,80.000
160.587,211.372,33.000,80.000
157.653,211.372,33.000,80.000
156.187,211.872,33.000,79.000
153.264,214.795,33.000,79.000
151.802,214.295,33.000,80.000
148.868,216.262,33.000,79.000
148.868,215.762,33.000,80.000
145.934,215.762,33.000,80.000
143.234,215.762,34.000,80.000
143.234,215.762,34.000,80.000
140.284,218.712,34.000,80.000
137.334,218.712,34.000,80.000
137.334,218.212,34.000,81.000
134.340,218.212,34.000,81.000
132.843,218.212,34.000,81.000
132.343,217.712,35.000,82.000
130.821,217.212,35.000,83.000
130.821,217.212,35.000,83.000
130.821,216.712,35.000,84.000
130.821,216.712,35.000,84.000
130.821,216.712,35.000,84.000
130.821,216.712,35.000,84.000
130.821,217.212,35.000,83.000
130.821,217.212,35.000,83.000
130.821,217.212,35.000,83.000
133.875,220.265,35.000,83.000
133.875,220.265,35.000,83.000
133.875,220.265,35.000,83.000
136.929,220.265,35.000,83.000
136.929,220.265,35.000,83.000
138.456,220.265,35.000,83.000
138.456,220.265,35.000,83.000
141.509,222.556,35.000,83.000
141.509,222.556,35.000,83.000
141.509,222.556,35.000,83.000
143.799,222.556,35.000,83.000
143.799,222.556,35.000,83.000
143.799,222.556,35.000,83.000
143.799,222.556,35.000,83.000
143.799,222.556,35.000,83.000
143.799,222.556,35.000,83.000
143.799,222.556,35.000,83.000
143.799,223.319,35.000,83.000
143.799,223.319,35.000,83.000
140.746,223.319,35.000,83.000
140.746,223.819,35.000,82.000
140.746,223.819,35.000,82.000
138.964,223.819,34.000,82.000
138.964,223.819,34.000,82.000
138.964,223.819,34.000,82.000
138.964,223.819,34.000,82.000
138.964,224.319,34.000,81.000
138.964,224.319,34.000,81.000
138.964,224.319,34.000,81.000
138.964,224.319,34.000,81.000
138.964,224.319,34.000,81.000
138.964,224.319,34.000,81.000
138.964,224.319,34.000,81.000
138.964,224.319,34.000,81.000
141.209,224.319,34.000,81.000
141.209,224.319,34.000,81.000
141.209,224.319,34.000,81.000
141.209,224.319,34.000,81.000
144.203,227.313,34.000,81.000
144.203,226.813,34.000,82.000
144.203,226.813,34.000,82.000
144.203,226.813,34.000,82.000
144.959,226.813,34.000,82.000
144.959,226.813,34.000,82.000
147.986,226.813,34.000,82.000
147.986,226.813,34.000,82.000
147.986,229.583,34.000,81.000
147.986,229.583,34.000,81.000
147.986,229.583,34.000,81.000
150.980,229.083,34.000,82.000
150.980,230.596,34.000,82.000
150.980,230.596,34.000,82.000
150.980,230.596,34.000,82.000
150.980,230.596,34.000,82.000
150.980,230.596,34.000,82.000
151.736,233.622,34.000,82.000
151.736,233.622,34.000,82.000
151.236,233.622,35.000,82.000
151.236,233.622,35.000,82.000
151.236,233.622,35.000,82.000
151.736,233.622,34.000,82.000
151.736,233.622,34.000,82.000
153.249,236.649,34.000,82.000
153.249,236.649,34.000,82.000
153.249,236.649,34.000,82.000
153.249,236.649,34.000,82.000
153.249,236.649,34.000,82.000
153.249,236.649,34.000,82.000
153.249,237.149,34.000,81.000
153.249,234.155,34.000,81.000
153.249,234.155,34.000,81.000
154.746,234.155,34.000,81.000
154.746,231.161,34.000,81.000
154.746,231.161,34.000,81.000
155.495,231.161,34.000,81.000
158.489,231.161,34.000,81.000
158.489,231.161,34.000,81.000
158.489,231.161,34.000,81.000
159.985,231.161,34.000,81.000
159.985,230.661,34.000,82.000
162.255,230.661,34.000,82.000
162.255,230.661,34.000,82.000
161.755,230.661,35.000,82.000
163.277,230.661,35.000,82.000
163.277,230.161,35.000,83.000
163.277,230.161,35.000,83.000
164.804,230.161,35.000,83.000
164.804,230.161,35.000,83.000
164.804,230.161,35.000,83.000
164.804,230.161,35.000,83.000
167.094,230.161,35.000,83.000
167.094,230.661,35.000,82.000
167.094,230.661,35.000,82.000
167.594,230.661,34.000,82.000
170.620,230.661,34.000,82.000
170.620,230.661,34.000,82.000
172.133,230.661,34.000,82.000
175.160,233.688,34.000,82.000
175.160,234.188,34.000,81.000
178.154,234.188,34.000,81.000
178.154,234.188,34.000,81.000
181.147,234.688,34.000,80.000
181.147,234.688,34.000,80.000
184.098,234.688,34.000,80.000
187.548,234.688,33.000,80.000
187.548,234.688,33.000,80.000
190.482,234.688,33.000,80.000
190.482,234.688,33.000,80.000
193.415,234.688,33.000,80.000
196.349,234.688,33.000,80.000
196.349,234.688,33.000,80.000
198.783,234.688,34.000,80.000
198.783,234.688,34.000,80.000
201.733,233.212,34.000,80.000
204.684,233.212,34.000,80.000
204.684,231.000,34.000,80.000
207.634,231.000,34.000,80.000
210.584,231.000,34.000,80.000
213.534,231.000,34.000,80.000
214.034,231.000,33.000,80.000
216.968,231.000,33.000,80.000
219.902,231.500,33.000,79.000
222.825,233.923,33.000,80.000
225.759,233.923,33.000,80.000
228.193,236.857,34.000,80.000
231.143,239.807,34.000,80.000
234.093,239.807,34.000,80.000
239.994,239.807,34.000,80.000
245.157,239.307,34.000,81.000
251.144,236.813,34.000,80.000
257.045,236.813,34.000,80.000
263.445,233.863,33.000,80.000
269.313,234.363,33.000,79.000
275.159,234.363,33.000,79.000
281.005,234.363,33.000,79.000
286.851,234.863,33.000,78.000
292.609,234.863,33.000,78.000
298.368,231.983,33.000,78.000
307.006,231.483,33.000,79.000
312.852,231.483,33.000,79.000
319.429,231.483,33.000,79.000
325.275,231.983,33.000,78.000
331.033,234.363,33.000,79.000
336.879,234.363,33.000,79.000
342.725,234.363,33.000,79.000
348.571,234.363,33.000,79.000
354.417,234.863,33.000,78.000
363.055,234.863,33.000,78.000
372.413,231.983,33.000,78.000
381.050,231.983,33.000,78.000
386.809,231.983,33.000,78.000
395.447,234.863,33.000,78.000
404.084,234.863,33.000,78.000
410.343,235.363,32.000,77.000
414.589,238.193,32.000,77.000
417.419,239.193,32.000,75.000
420.706,236.406,31.000,75.000
420.706,236.406,31.000,75.000
420.706,233.668,31.000,75.000
420.706,230.931,31.000,75.000
417.968,225.455,31.000,75.000
417.968,222.717,31.000,75.000
415.230,219.979,31.000,75.000
412.492,217.241,31.000,75.000
409.755,215.003,31.000,74.000
407.028,215.003,31.000,74.000
404.300,212.276,31.000,74.000
401.573,209.549,31.000,74.000
396.119,206.822,31.000,74.000
393.392,204.095,31.000,74.000
390.665,201.368,31.000,74.000
385.211,198.641,31.000,74.000
382.484,195.914,31.000,74.000
379.757,195.914,31.000,74.000
377.030,195.914,31.000,74.000
374.303,195.914,31.000,74.000
371.576,195.914,31.000,74.000
368.849,196.414,31.000,73.000
368.849,196.414,31.000,73.000
366.133,196.414,31.000,73.000
366.133,196.414,31.000,73.000
363.416,196.414,31.000,73.000
363.416,196.414,31.000,73.000
360.700,193.698,31.000,73.000
360.700,193.698,31.000,73.000
357.984,190.982,31.000,73.000
357.984,188.265,31.000,73.000
355.268,188.265,31.000,73.000
352.552,185.549,31.000,73.000
352.552,185.049,31.000,74.000
351.870,185.049,31.000,74.000
351.188,185.049,31.000,74.000
351.188,184.549,31.000,75.000
348.450,184.549,31.000,75.000
348.450,184.549,31.000,75.000
348.450,187.287,31.000,75.000
348.450,187.287,31.000,75.000
348.450,187.787,31.000,74.000
345.723,185.060,31.000,74.000
345.041,184.560,31.000,75.000
343.672,184.560,31.000,75.000
343.672,183.191,31.000,75.000
340.935,183.191,31.000,75.000
340.935,183.691,31.000,74.000
340.935,183.691,31.000,74.000
338.208,183.691,31.000,74.000
338.208,183.691,31.000,74.000
335.481,184.191,31.000,73.000
335.481,184.191,31.000,73.000
335.481,186.907,31.000,73.000
332.764,186.907,31.000,73.000
335.981,187.407,30.000,72.000
334.663,192.676,30.000,72.000
334.663,195.311,30.000,72.000
333.346,195.311,30.000,72.000
332.029,195.311,30.000,72.000
329.394,195.311,30.000,72.000
329.394,195.311,30.000,72.000
326.760,195.311,30.000,72.000
326.760,192.676,30.000,72.000
324.125,190.042,30.000,72.000
324.125,187.407,30.000,72.000
321.491,185.432,30.000,72.000
321.491,185.432,30.000,72.000
319.015,183.614,31.000,73.000
319.015,183.614,31.000,73.000
318.157,183.614,30.000,73.000
316.987,186.292,31.000,73.000
317.487,186.792,30.000,72.000
315.670,188.927,31.000,73.000
314.991,188.927,31.000,73.000
314.312,188.927,31.000,73.000
311.596,188.927,31.000,73.000
308.880,188.927,31.000,73.000
306.163,188.927,31.000,73.000
304.126,188.927,31.000,73.000
301.410,188.927,31.000,73.000
300.731,186.211,31.000,73.000
298.694,185.711,31.000,74.000
298.012,185.711,31.000,74.000
298.012,182.984,31.000,74.000
297.330,182.484,31.000,75.000
296.830,179.746,32.000,75.000
296.830,179.746,32.000,75.000
296.830,179.746,32.000,75.000
296.830,179.746,32.000,75.000
297.330,179.746,31.000,75.000
297.330,181.799,31.000,75.000
297.330,183.853,31.000,75.000
297.330,184.353,31.000,74.000
298.694,184.353,31.000,74.000
298.694,184.353,31.000,74.000
298.194,183.853,32.000,75.000
297.497,183.353,32.000,76.000
294.678,180.533,32.000,76.000
294.678,180.533,32.000,76.000
293.973,178.213,32.000,75.000
294.473,175.426,31.000,75.000
294.473,174.057,31.000,75.000
293.973,174.057,32.000,75.000
293.973,171.271,32.000,75.000
295.366,171.271,32.000,75.000
295.366,171.271,32.000,75.000
296.563,171.271,31.000,75.000
296.747,174.008,32.000,75.000
298.641,174.008,31.000,75.000
299.325,174.008,31.000,75.000
302.063,174.508,31.000,74.000
302.745,174.008,31.000,75.000
305.483,171.771,31.000,74.000
308.210,169.044,31.000,74.000
310.937,169.544,31.000,73.000
313.653,169.544,31.000,73.000
316.369,169.544,31.000,73.000
318.406,169.544,31.000,73.000
320.943,170.044,30.000,72.000
322.919,172.019,30.000,72.000
325.554,172.019,30.000,72.000
328.188,171.519,30.000,73.000
330.866,169.341,30.000,72.000
330.866,169.341,30.000,72.000
333.501,168.024,30.000,72.000
333.501,168.024,30.000,72.000
336.135,168.024,30.000,72.000
336.135,168.024,30.000,72.000
337.453,168.024,30.000,72.000
337.453,165.390,30.000,72.000
337.453,165.390,30.000,72.000
334.818,160.121,30.000,72.000
334.818,157.486,30.000,72.000
334.318,154.352,31.000,73.000
331.602,151.635,31.000,73.000
331.602,148.919,31.000,73.000
331.602,148.919,31.000,73.000
330.923,146.203,31.000,73.000
330.923,145.703,31.000,74.000
330.923,148.430,31.000,74.000
330.923,148.930,31.000,73.000
330.923,151.646,31.000,73.000
330.244,154.363,31.000,73.000
330.244,157.079,31.000,73.000
330.244,162.511,31.000,73.000
332.102,167.944,30.000,73.000
332.102,168.444,30.000,72.000
332.102,171.078,30.000,72.000
332.102,171.078,30.000,72.000
332.761,173.713,30.000,72.000
334.078,173.713,30.000,72.000
334.078,173.713,30.000,72.000
335.395,173.713,30.000,72.000
335.395,173.713,30.000,72.000
336.054,174.213,30.000,71.000
336.710,174.213,30.000,71.000
336.710,174.213,30.000,71.000
336.710,176.836,30.000,71.000
336.710,179.460,30.000,71.000
336.554,179.960,29.000,70.000
337.194,182.523,29.000,70.000
339.117,185.086,29.000,70.000
339.117,188.150,29.000,69.000
339.117,190.681,29.000,69.000
340.382,193.212,29.000,69.000
340.382,195.743,29.000,69.000
340.382,197.774,29.000,70.000
340.382,200.337,29.000,70.000
342.446,202.901,30.000,70.000
341.139,207.626,30.000,71.000
341.139,210.906,30.000,71.000
343.107,213.530,30.000,71.000
343.107,216.153,30.000,71.000
345.075,218.121,30.000,71.000
345.075,219.433,30.000,71.000
345.075,221.401,30.000,71.000
345.731,221.401,30.000,71.000
345.731,224.024,30.000,71.000
346.387,224.024,30.000,71.000
346.387,226.648,30.000,71.000
346.387,226.648,30.000,71.000
346.387,228.772,30.000,72.000
346.387,228.772,30.000,72.000
346.387,228.772,30.000,72.000
346.387,225.637,30.000,73.000
349.065,223.628,30.000,73.000
348.565,223.628,31.000,73.000
349.065,222.949,30.000,73.000
349.065,220.271,30.000,73.000
351.743,220.271,30.000,73.000
351.743,220.271,30.000,73.000
351.243,220.271,31.000,73.000
351.243,220.271,31.000,73.000
351.743,220.271,30.000,73.000
351.743,220.771,30.000,72.000
351.743,220.771,30.000,72.000
351.743,220.771,30.000,72.000
351.743,218.137,30.000,72.000
351.743,218.137,30.000,72.000
351.743,218.137,30.000,72.000
351.743,215.502,30.000,72.000
350.426,215.002,30.000,73.000
350.426,212.824,30.000,72.000
350.426,212.824,30.000,72.000
347.791,212.824,30.000,72.000
347.791,213.324,30.000,71.000
347.791,213.324,30.000,71.000
347.791,213.324,30.000,71.000
347.791,213.324,30.000,71.000
347.791,213.324,30.000,71.000
347.791,213.824,30.000,70.000
348.291,213.824,29.000,70.000
345.728,213.824,29.000,70.000
345.728,213.824,29.000,70.000
345.728,213.824,29.000,70.000
345.728,211.261,29.000,70.000
345.728,211.261,29.000,70.000
345.228,211.261,30.000,70.000
345.228,210.761,30.000,71.000
345.228,213.385,30.000,71.000
345.228,213.385,30.000,71.000
345.228,216.008,30.000,71.000
345.728,219.132,29.000,70.000
345.728,219.132,29.000,70.000
343.165,219.632,29.000,69.000
341.899,217.101,29.000,69.000
339.368,214.570,29.000,69.000
338.735,214.570,29.000,69.000
336.204,212.039,29.000,69.000
334.939,209.508,29.000,69.000
332.407,209.508,29.000,69.000
329.876,206.976,29.000,69.000
327.345,204.445,29.000,69.000
324.814,201.414,29.000,70.000
322.251,198.851,29.000,70.000
