352.000,197.000,56.000,100.000
352.000,192.882,56.000,100.000
356.118,192.882,56.000,100.000
356.118,192.882,56.000,100.000
356.118,192.882,56.000,100.000
356.118,192.882,56.000,100.000
356.118,192.882,56.000,100.000
356.118,192.882,56.000,100.000
356.118,192.882,56.000,100.000
356.118,188.763,56.000,100.000
356.118,188.763,56.000,100.000
356.118,188.263,56.000,101.000
355.618,184.133,57.000,101.000
355.618,184.133,57.000,101.000
356.118,179.988,56.000,101.000
355.618,179.988,57.000,101.000
356.118,174.806,56.000,101.000
360.248,170.676,56.000,101.000
363.878,166.546,57.000,101.000
363.878,170.692,57.000,101.000
368.524,180.019,56.000,101.000
368.524,197.571,56.000,101.000
368.524,224.416,56.000,101.000
368.524,247.131,56.000,101.000
368.524,264.683,56.000,101.000
368.524,264.683,56.000,101.000
364.394,251.261,56.000,101.000
364.394,224.916,56.000,100.000
364.394,202.264,56.000,100.000
364.394,183.232,56.000,101.000
360.264,168.777,56.000,101.000
356.134,159.484,56.000,101.000
355.634,163.614,57.000,101.000
351.488,177.087,57.000,101.000
342.161,195.741,57.000,101.000
325.044,209.213,56.000,101.000
303.361,217.473,56.000,101.000
298.199,209.213,56.000,101.000
306.459,204.051,56.000,101.000
325.044,195.791,56.000,101.000
343.129,167.913,57.000,101.000
347.274,135.787,57.000,101.000
328.620,107.306,57.000,102.000
324.440,111.486,57.000,102.000
328.620,134.475,57.000,102.000
337.525,172.640,58.000,103.000
360.832,200.185,58.000,103.000
375.105,219.755,57.000,102.000
388.690,258.420,57.000,102.000
379.285,262.600,57.000,102.000
375.105,223.935,57.000,102.000
374.605,184.770,58.000,103.000
388.377,156.166,58.000,103.000
392.615,165.701,58.000,103.000
378.843,198.543,58.000,103.000
357.094,238.242,57.000,102.000
334.105,265.412,57.000,102.000
338.285,254.962,57.000,102.000
347.690,222.567,57.000,102.000
352.915,183.903,57.000,102.000
352.915,145.738,57.000,101.000
335.297,140.556,57.000,101.000
321.824,168.538,57.000,101.000
312.997,207.382,56.000,100.000
310.938,245.478,56.000,100.000
310.938,273.277,56.000,100.000
315.056,241.359,56.000,100.000
301.672,203.264,56.000,100.000
310.938,165.168,56.000,100.000
306.820,133.251,56.000,100.000
302.701,165.168,56.000,100.000
297.553,203.264,56.000,100.000
305.790,241.359,56.000,100.000
342.856,250.626,56.000,100.000
352.122,227.974,56.000,100.000
329.471,200.175,56.000,100.000
291.376,162.580,56.000,99.000
282.187,166.163,56.000,100.000
300.720,198.081,56.000,100.000
305.868,235.676,56.000,101.000
319.291,273.346,56.000,100.000
332.676,268.728,56.000,101.000
333.708,231.025,56.000,100.000
324.442,192.930,56.000,100.000
297.672,154.835,56.000,100.000
288.406,154.835,56.000,100.000
279.139,192.930,56.000,100.000
269.373,230.525,57.000,101.000
275.054,257.470,56.000,101.000
287.977,239.918,57.000,101.000
292.122,201.573,57.000,101.000
307.131,163.729,56.000,100.000
271.095,125.633,56.000,100.000
266.976,125.133,56.000,101.000
257.684,163.836,56.000,100.000
257.684,202.431,56.000,99.000
268.393,240.704,55.000,98.000
272.419,253.289,55.000,99.000
267.881,215.941,56.000,99.000
264.298,178.168,55.000,99.000
258.751,146.376,56.000,100.000
249.484,159.761,56.000,100.000
236.099,196.827,56.000,100.000
249.484,234.393,56.000,99.000
287.257,248.685,56.000,99.000
325.530,243.581,55.000,99.000
351.275,211.790,56.000,100.000
343.038,198.405,56.000,100.000
343.038,197.905,56.000,101.000
347.168,206.165,56.000,101.000
360.590,214.425,56.000,101.000
369.383,227.847,57.000,101.000
369.383,235.638,57.000,102.000
364.158,229.868,57.000,101.000
347.576,207.068,57.000,101.000
315.450,184.269,57.000,101.000
277.105,168.224,57.000,102.000
237.941,171.904,58.000,103.000
233.703,195.211,58.000,103.000
252.213,209.484,57.000,102.000
280.428,223.069,57.000,102.000
306.553,218.889,57.000,102.000
327.452,213.664,57.000,102.000
342.082,200.079,57.000,102.000
342.082,185.994,57.000,103.000
332.582,191.272,57.000,103.000
323.082,195.994,57.000,102.000
313.677,191.315,57.000,103.000
317.399,191.315,58.000,103.000
326.934,200.849,58.000,103.000
322.696,205.087,58.000,103.000
299.889,200.849,57.000,103.000
280.388,195.571,58.000,103.000
280.388,186.037,58.000,103.000
289.923,176.502,58.000,103.000
284.626,171.204,58.000,103.000
284.626,161.670,58.000,103.000
294.161,151.635,58.000,104.000
294.161,143.136,58.000,104.000
294.161,143.136,58.000,104.000
303.722,153.197,58.000,103.000
303.722,157.994,58.000,104.000
298.410,154.245,58.000,103.000
310.064,144.710,58.000,103.000
337.609,139.413,58.000,103.000
337.609,139.413,58.000,103.000
337.609,152.685,58.000,104.000
333.360,162.746,58.000,103.000
315.349,162.246,58.000,104.000
276.043,153.748,58.000,104.000
236.737,156.372,58.000,103.000
204.395,166.407,57.000,102.000
217.980,174.767,57.000,102.000
256.644,177.902,57.000,102.000
252.464,187.807,57.000,101.000
229.665,174.335,57.000,101.000
207.365,169.153,56.000,101.000
216.658,192.368,56.000,100.000
203.773,210.871,55.000,98.000
181.630,228.988,55.000,98.000
159.487,260.690,55.000,97.000
141.921,283.270,54.000,96.000
106.035,320.156,53.000,95.000
78.688,336.760,53.000,95.000
69.898,349.457,53.000,95.000
87.478,346.050,53.000,94.000
96.673,346.550,52.000,93.000
131.956,350.364,52.000,93.000
167.238,375.158,52.000,93.000
202.521,384.240,52.000,92.000
232.944,368.078,52.000,92.000
241.500,364.275,52.000,92.000
224.387,351.916,52.000,92.000
228.690,351.916,51.000,92.000
245.594,355.673,51.000,92.000
266.255,355.673,51.000,92.000
274.707,356.173,51.000,91.000
299.831,344.076,51.000,91.000
324.023,356.173,51.000,91.000
322.162,364.547,51.000,91.000
322.162,368.269,51.000,91.000
316.579,376.644,51.000,91.000
296.109,386.879,51.000,91.000
276.138,392.032,50.000,90.000
258.586,383.718,50.000,90.000
254.891,396.227,50.000,89.000
270.032,392.151,49.000,88.000
290.747,392.651,49.000,87.000
281.372,396.743,48.000,86.000
266.076,420.059,47.000,85.000
254.755,427.026,47.000,85.000
232.113,427.026,47.000,85.000
209.471,427.526,47.000,84.000
182.804,428.026,47.000,83.000
163.218,423.768,47.000,83.000
163.218,423.768,47.000,83.000
175.640,416.104,46.000,83.000
186.660,427.625,46.000,82.000
192.574,423.400,46.000,82.000
180.746,415.797,46.000,82.000
165.539,404.814,46.000,82.000
134.279,382.347,46.000,83.000
119.368,376.413,47.000,83.000
111.704,365.342,47.000,83.000
107.946,361.085,46.000,83.000
118.966,357.694,46.000,83.000
126.596,346.673,46.000,83.000
128.291,346.673,46.000,83.000
115.575,346.673,46.000,83.000
107.946,353.955,46.000,82.000
96.963,364.938,46.000,82.000
82.600,357.334,46.000,82.000
67.393,361.559,46.000,82.000
64.013,353.110,46.000,82.000
74.996,360.714,46.000,82.000
82.600,368.317,46.000,82.000
101.187,363.593,46.000,83.000
119.837,359.007,46.000,82.000
119.837,354.782,46.000,82.000
119.837,347.179,46.000,82.000
112.733,351.058,45.000,81.000
91.293,358.480,45.000,81.000
80.572,365.902,45.000,81.000
69.852,365.902,45.000,81.000
66.553,376.622,45.000,81.000
59.131,369.700,45.000,80.000
43.518,354.909,45.000,80.000
36.122,347.513,45.000,80.000
44.018,337.330,44.000,79.000
51.301,339.758,44.000,79.000
80.433,364.844,44.000,79.000
88.025,382.147,45.000,80.000
88.025,400.725,45.000,79.000
95.895,400.725,44.000,79.000
99.941,400.725,44.000,79.000
117.744,384.541,44.000,79.000
128.264,374.021,44.000,79.000
138.784,374.021,44.000,79.000
142.830,384.541,44.000,79.000
138.784,414.482,44.000,79.000
148.495,429.048,44.000,79.000
159.015,429.548,44.000,78.000
158.216,432.743,44.000,78.000
161.411,432.743,44.000,78.000
154.223,432.743,44.000,78.000
147.833,432.743,44.000,78.000
131.061,428.749,44.000,78.000
121.179,429.249,43.000,77.000
125.138,429.249,43.000,77.000
154.440,458.551,43.000,77.000
159.191,465.678,43.000,77.000
155.232,468.846,43.000,77.000
125.930,478.349,43.000,77.000
104.548,476.765,43.000,77.000
110.092,453.507,43.000,76.000
113.217,431.630,43.000,76.000
113.717,428.505,42.000,76.000
110.630,432.863,42.000,75.000
121.394,435.939,42.000,75.000
118.318,432.863,42.000,75.000
108.323,432.863,42.000,75.000
105.248,425.944,42.000,75.000
108.323,432.094,42.000,75.000
108.323,429.019,42.000,75.000
136.770,425.175,42.000,75.000
142.921,431.326,42.000,75.000
136.002,441.320,42.000,75.000
127.544,437.476,42.000,75.000
120.625,444.396,42.000,75.000
109.861,430.557,42.000,75.000
113.705,427.481,42.000,75.000
119.087,410.067,42.000,76.000
147.641,406.208,42.000,76.000
143.782,423.686,42.000,75.000
139.938,427.530,42.000,75.000
136.094,437.525,42.000,75.000
129.174,430.606,42.000,75.000
115.335,430.106,42.000,76.000
119.194,409.269,42.000,76.000
126.139,402.324,42.000,76.000
129.226,395.878,42.000,75.000
136.146,391.534,42.000,76.000
125.342,402.066,42.000,75.000
129.186,412.061,42.000,75.000
126.879,428.976,42.000,75.000
113.809,435.895,42.000,75.000
113.809,432.051,42.000,75.000
124.573,422.056,42.000,75.000
120.729,432.051,42.000,75.000
120.729,435.126,42.000,75.000
123.804,431.282,42.000,75.000
119.960,434.358,42.000,75.000
129.186,437.433,42.000,75.000
133.030,431.282,42.000,75.000
133.030,431.282,42.000,75.000
129.186,442.046,42.000,75.000
116.116,432.051,42.000,75.000
105.352,432.051,42.000,75.000
112.272,425.132,42.000,75.000
113.809,428.207,42.000,75.000
113.809,432.051,42.000,75.000
103.814,432.051,42.000,75.000
103.814,432.051,42.000,75.000
110.734,438.971,42.000,75.000
120.729,428.976,42.000,75.000
124.573,433.320,42.000,74.000
126.871,419.533,42.000,74.000
123.807,409.576,42.000,74.000
122.009,395.789,41.000,74.000
112.202,377.684,41.000,74.000
112.202,381.456,41.000,74.000
112.202,395.034,41.000,74.000
117.737,408.613,42.000,74.000
131.524,411.677,42.000,74.000
145.311,415.507,42.000,74.000
145.311,398.656,42.000,74.000
136.120,394.826,42.000,74.000
131.524,371.082,42.000,74.000
131.524,371.082,42.000,74.000
128.461,374.412,42.000,75.000
119.234,381.331,42.000,75.000
122.310,388.751,42.000,74.000
129.203,399.740,42.000,75.000
133.047,422.805,42.000,75.000
129.203,426.649,42.000,75.000
129.203,433.569,42.000,75.000
132.279,433.569,42.000,75.000
139.198,426.649,42.000,75.000
135.354,429.724,42.000,75.000
128.434,433.569,42.000,75.000
131.510,429.724,42.000,75.000
134.585,429.724,42.000,75.000
131.510,425.880,42.000,75.000
124.590,428.956,42.000,75.000
124.590,438.951,42.000,75.000
121.515,448.945,42.000,75.000
128.434,452.021,42.000,75.000
122.284,455.096,42.000,75.000
129.203,457.403,42.000,75.000
124.590,462.784,42.000,75.000
115.364,435.106,42.000,75.000
122.284,431.262,42.000,75.000
115.364,431.262,42.000,75.000
98.450,431.262,42.000,75.000
112.289,434.337,42.000,75.000
136.123,417.423,42.000,75.000
164.570,411.272,42.000,75.000
193.017,424.343,42.000,75.000
213.775,433.300,42.000,74.000
228.328,433.300,42.000,74.000
238.786,433.300,41.000,74.000
231.996,433.300,41.000,74.000
211.883,429.528,42.000,74.000
200.394,446.379,42.000,74.000
182.777,432.592,42.000,74.000
172.820,432.592,42.000,74.000
155.969,434.390,42.000,75.000
149.050,434.390,42.000,75.000
169.039,434.890,42.000,74.000
174.135,444.847,41.000,74.000
180.924,428.251,41.000,74.000
174.135,428.251,41.000,74.000
176.398,425.233,41.000,74.000
176.652,432.023,42.000,74.000
163.365,432.023,41.000,74.000
152.304,428.251,42.000,74.000
138.517,435.144,42.000,74.000
131.624,424.421,42.000,74.000
127.794,414.464,42.000,74.000
156.134,386.124,42.000,74.000
184.974,393.017,41.000,74.000
206.850,380.193,41.000,74.000
206.096,383.211,41.000,74.000
206.096,376.421,41.000,74.000
178.185,373.404,41.000,74.000
157.817,366.615,41.000,74.000
138.203,366.615,41.000,74.000
121.607,376.421,41.000,74.000
109.037,393.017,42.000,74.000
92.187,403.741,42.000,74.000
79.166,400.177,42.000,75.000
62.251,403.252,42.000,75.000
75.321,388.644,42.000,75.000
103.768,387.107,42.000,75.000
127.602,374.036,42.000,75.000
156.049,350.202,42.000,75.000
166.813,363.273,42.000,75.000
187.572,373.268,42.000,75.000
187.572,375.574,42.000,75.000
177.577,373.268,42.000,75.000
166.813,365.848,42.000,76.000
163.726,352.729,42.000,76.000
163.226,342.696,43.000,76.000
163.226,342.696,43.000,76.000
156.194,345.322,43.000,77.000
134.812,341.362,43.000,77.000
137.980,348.989,43.000,76.000
113.758,338.832,43.000,76.000
96.569,334.425,43.000,77.000
93.401,317.503,43.000,76.000
83.244,324.035,43.000,77.000
83.244,327.995,43.000,77.000
79.284,335.914,43.000,77.000
65.029,335.414,43.000,78.000
57.376,335.414,44.000,78.000
53.383,334.914,44.000,79.000
71.186,334.914,44.000,79.000
88.989,332.177,44.000,78.000
113.747,321.794,44.000,78.000
113.747,308.217,44.000,78.000
113.747,315.405,44.000,78.000
104.962,322.593,44.000,78.000
100.968,315.405,44.000,78.000
97.774,315.405,44.000,78.000
93.781,332.976,44.000,78.000
76.210,322.593,44.000,78.000
62.633,322.093,44.000,79.000
59.396,318.856,44.000,79.000
89.337,318.856,44.000,79.000
119.278,301.053,44.000,79.000
138.700,305.599,44.000,78.000
159.465,323.170,44.000,78.000
169.848,319.177,44.000,78.000
161.861,333.553,44.000,78.000
158.666,340.741,44.000,78.000
149.881,340.741,44.000,78.000
148.284,333.553,44.000,78.000
137.102,326.365,44.000,78.000
126.720,322.371,44.000,78.000
122.726,307.995,44.000,78.000
129.116,318.378,44.000,78.000
147.485,314.385,44.000,78.000
172.244,307.995,44.000,78.000
162.361,319.177,43.000,78.000
132.953,349.085,43.000,77.000
103.651,355.712,43.000,78.000
93.613,361.276,44.000,78.000
90.120,358.081,43.000,78.000
79.288,364.440,44.000,78.000
68.106,364.440,44.000,78.000
57.724,346.369,44.000,79.000
57.724,339.086,44.000,79.000
61.770,335.849,44.000,79.000
91.711,346.369,44.000,79.000
121.652,351.224,44.000,79.000
135.409,351.224,44.000,79.000
124.080,372.264,44.000,79.000
109.514,372.264,44.000,79.000
109.514,376.310,44.000,79.000
109.514,372.264,44.000,79.000
133.791,347.178,44.000,79.000
158.877,317.237,44.000,79.000
165.660,314.000,45.000,79.000
184.175,310.725,44.000,79.000
198.741,303.442,44.000,79.000
201.978,321.245,44.000,79.000
186.602,339.048,44.000,79.000
172.036,368.989,44.000,79.000
154.233,375.463,44.000,79.000
136.430,368.180,44.000,79.000
125.910,372.226,44.000,79.000
118.627,361.706,44.000,79.000
111.344,343.903,44.000,79.000
129.147,333.383,44.000,79.000
159.089,326.100,44.000,79.000
173.655,330.955,44.000,79.000
180.938,345.521,44.000,79.000
173.655,360.087,44.000,79.000
154.233,367.370,44.000,79.000
143.713,360.087,44.000,79.000
147.760,345.521,44.000,79.000
137.240,330.955,44.000,79.000
119.437,309.915,44.000,79.000
108.108,306.679,44.000,79.000
90.305,296.159,44.000,79.000
104.871,303.942,44.000,78.000
125.636,318.318,44.000,78.000
132.824,322.311,44.000,78.000
128.831,336.687,44.000,78.000
115.253,335.388,44.000,79.000
118.490,335.388,44.000,79.000
115.253,328.605,44.000,78.000
119.247,318.223,44.000,78.000
122.441,311.333,44.000,79.000
119.204,304.050,44.000,79.000
122.441,325.090,44.000,79.000
118.395,339.656,44.000,79.000
115.158,339.656,44.000,79.000
125.678,340.465,44.000,79.000
117.586,333.182,44.000,79.000
120.823,329.945,44.000,79.000
117.586,329.945,44.000,79.000
111.112,319.426,44.000,79.000
103.829,326.709,44.000,79.000
96.546,341.275,44.000,79.000
104.638,338.038,44.000,79.000
101.401,338.038,44.000,79.000
101.401,342.084,44.000,79.000
116.777,331.564,44.000,79.000
128.106,333.992,44.000,79.000
124.869,333.992,44.000,79.000
114.349,329.945,44.000,79.000
121.632,329.945,44.000,79.000
121.632,336.419,44.000,79.000
103.829,353.413,44.000,79.000
92.500,353.413,44.000,79.000
92.500,346.130,44.000,79.000
92.500,338.847,44.000,79.000
89.263,321.044,44.000,79.000
89.263,320.235,44.000,79.000
101.401,333.992,44.000,79.000
119.204,346.939,44.000,79.000
119.204,368.479,44.000,78.000
119.204,362.888,44.000,78.000
119.204,358.895,44.000,78.000
122.399,358.895,44.000,78.000
119.204,366.083,44.000,78.000
112.016,370.076,44.000,78.000
112.016,387.647,44.000,78.000
108.822,374.070,44.000,78.000
102.134,359.694,43.000,78.000
103.723,366.847,43.000,78.000
117.235,357.014,43.000,77.000
124.363,360.974,43.000,77.000
110.108,364.934,43.000,77.000
110.108,357.806,43.000,77.000
99.021,378.397,43.000,77.000
94.269,375.229,43.000,77.000
95.853,365.726,43.000,77.000
111.692,365.726,43.000,77.000
111.692,365.726,43.000,77.000
107.732,370.185,43.000,76.000
104.607,379.843,43.000,77.000
97.479,390.930,43.000,77.000
104.607,373.507,43.000,77.000
117.278,373.507,43.000,77.000
120.445,370.048,43.000,76.000
117.320,373.173,43.000,76.000
120.445,387.237,43.000,76.000
104.037,407.552,43.000,76.000
107.163,414.584,43.000,76.000
104.537,410.677,42.000,76.000
90.918,414.536,43.000,76.000
94.825,407.504,43.000,76.000
94.825,420.287,43.000,77.000
93.241,427.414,43.000,77.000
94.033,421.870,43.000,77.000
90.865,428.998,43.000,77.000
111.455,428.998,43.000,77.000
107.496,428.998,43.000,77.000
110.663,417.911,43.000,77.000
108.287,428.998,43.000,77.000
108.287,432.165,43.000,77.000
99.576,432.165,43.000,77.000
106.704,433.749,43.000,77.000
113.039,426.622,43.000,77.000
101.952,426.622,43.000,77.000
94.825,423.454,43.000,77.000
90.073,431.374,43.000,77.000
79.778,428.206,43.000,77.000
75.026,428.206,43.000,77.000
64.731,431.374,43.000,77.000
75.026,431.374,43.000,77.000
85.321,428.206,43.000,77.000
85.321,425.038,43.000,77.000
80.570,432.665,43.000,76.000
77.445,428.759,43.000,76.000
77.445,432.665,43.000,76.000
76.663,429.540,43.000,76.000
76.663,425.915,43.000,77.000
69.536,429.083,43.000,77.000
63.992,425.915,43.000,77.000
63.992,429.583,43.000,76.000
63.211,429.583,43.000,76.000
63.211,429.583,43.000,76.000
66.836,429.583,42.000,76.000
73.782,429.583,42.000,76.000
80.727,430.083,42.000,75.000
90.722,437.002,42.000,75.000
79.958,430.083,42.000,75.000
66.119,430.083,42.000,75.000
52.280,433.158,42.000,75.000
35.366,433.158,42.000,75.000
32.291,430.083,42.000,75.000
35.366,433.158,42.000,75.000
59.200,430.083,42.000,75.000
64.582,433.927,42.000,75.000
71.501,427.776,42.000,75.000
75.345,431.620,42.000,75.000
82.265,431.620,42.000,75.000
89.184,428.545,42.000,75.000
99.179,428.545,42.000,75.000
99.179,431.620,42.000,75.000
89.184,431.620,42.000,75.000
74.577,432.120,42.000,74.000
64.619,432.120,42.000,74.000
71.513,429.056,42.000,74.000
76.108,432.120,42.000,74.000
86.066,429.056,42.000,74.000
99.587,432.120,41.000,74.000
105.876,429.103,42.000,74.000
108.940,432.166,42.000,74.000
112.004,428.603,42.000,75.000
102.777,428.603,42.000,75.000
105.853,428.603,42.000,75.000
98.933,428.603,42.000,75.000
82.019,431.678,42.000,75.000
75.868,428.603,42.000,75.000
75.868,431.678,42.000,75.000
75.868,434.753,42.000,75.000
82.788,430.909,42.000,75.000
88.938,430.909,42.000,75.000
92.014,430.909,42.000,75.000
102.009,430.909,42.000,75.000
106.622,430.909,42.000,75.000
112.772,430.909,42.000,75.000
111.235,433.985,42.000,75.000
94.320,430.140,42.000,75.000
102.009,430.140,42.000,75.000
105.084,430.140,42.000,75.000
115.079,430.140,42.000,75.000
130.456,423.990,42.000,75.000
128.149,430.909,42.000,75.000
124.305,433.985,42.000,75.000
118.154,430.909,42.000,75.000
125.843,430.909,42.000,75.000
121.998,430.909,42.000,75.000
111.235,430.909,42.000,75.000
107.391,430.909,42.000,75.000
108.928,431.409,42.000,74.000
108.928,431.409,42.000,74.000
