57.000,156.000,198.000,173.000
56.500,156.000,199.000,173.000
56.500,155.500,199.000,174.000
66.428,155.500,199.000,174.000
66.428,155.500,199.000,174.000
65.928,155.000,200.000,175.000
75.908,155.500,200.000,174.000
76.408,155.500,199.000,174.000
76.408,155.500,199.000,174.000
86.336,165.428,199.000,174.000
85.836,164.928,200.000,175.000
85.836,164.928,200.000,175.000
95.816,164.928,200.000,175.000
95.316,166.923,201.000,176.000
105.350,166.923,201.000,176.000
103.850,170.940,204.000,178.000
114.004,170.940,204.000,178.000
112.504,169.440,207.000,181.000
121.845,168.940,209.000,182.000
131.753,168.440,210.000,183.000
130.753,167.440,212.000,185.000
140.820,166.940,213.000,186.000
150.442,166.440,215.000,187.000
160.129,165.440,217.000,189.000
160.629,165.940,216.000,188.000
174.087,154.673,216.000,189.000
185.368,155.173,215.000,188.000
195.596,155.173,216.000,188.000
205.363,154.173,218.000,190.000
205.863,154.173,217.000,190.000
217.698,144.338,215.000,188.000
228.926,144.838,214.000,187.000
228.926,144.838,214.000,187.000
239.100,144.338,215.000,188.000
239.600,134.110,214.000,187.000
239.600,134.110,214.000,187.000
250.774,123.936,213.000,186.000
250.774,123.936,213.000,186.000
251.274,113.815,212.000,185.000
261.841,113.815,212.000,185.000
261.841,113.815,212.000,185.000
262.341,103.748,211.000,184.000
262.841,104.248,210.000,183.000
263.341,104.248,209.000,183.000
263.841,104.748,208.000,182.000
264.841,105.748,206.000,180.000
265.341,106.248,205.000,179.000
265.341,106.248,205.000,179.000
265.841,106.748,204.000,178.000
266.841,107.248,202.000,177.000
267.341,107.748,201.000,176.000
267.841,108.248,200.000,175.000
279.321,109.748,197.000,172.000
280.321,110.748,195.000,170.000
280.821,101.533,194.000,169.000
281.321,101.533,193.000,169.000
291.443,102.033,192.000,168.000
291.943,102.533,191.000,167.000
291.943,102.533,191.000,167.000
301.957,103.033,190.000,166.000
311.445,103.033,190.000,166.000
311.945,103.033,189.000,166.000
321.394,103.533,189.000,165.000
332.654,103.033,190.000,166.000
342.142,103.033,190.000,166.000
342.142,103.033,190.000,166.000
361.618,103.033,189.000,166.000
361.618,103.533,189.000,165.000
373.878,94.125,188.000,165.000
386.122,94.625,187.000,164.000
395.464,95.125,187.000,163.000
405.265,95.125,186.000,163.000
415.054,95.625,185.000,162.000
424.289,96.125,185.000,161.000
433.484,104.820,185.000,162.000
441.719,104.320,187.000,163.000
441.719,104.320,187.000,163.000
451.021,103.820,187.000,164.000
450.521,103.820,188.000,164.000
459.902,103.820,188.000,164.000
460.402,104.320,187.000,163.000
460.902,104.320,186.000,163.000
460.902,104.820,186.000,162.000
460.902,114.094,186.000,162.000
461.402,114.094,185.000,162.000
461.402,114.094,185.000,162.000
452.166,114.594,185.000,161.000
452.666,114.594,184.000,161.000
453.166,115.594,183.000,159.000
453.666,115.594,182.000,159.000
445.091,116.094,181.000,158.000
445.591,116.594,180.000,157.000
445.591,116.594,180.000,157.000
446.091,117.094,179.000,156.000
446.091,117.094,179.000,156.000
446.091,117.094,179.000,156.000
446.591,117.094,178.000,156.000
446.591,117.094,178.000,156.000
446.591,117.094,178.000,156.000
446.591,117.094,178.000,156.000
446.591,117.094,178.000,156.000
454.966,117.094,179.000,156.000
454.966,116.594,179.000,157.000
454.966,117.094,179.000,156.000
463.382,116.594,180.000,157.000
463.382,116.594,180.000,157.000
463.382,116.594,180.000,157.000
472.350,116.594,180.000,157.000
472.350,125.062,180.000,158.000
480.832,125.062,181.000,158.000
481.332,125.062,180.000,158.000
481.332,134.544,180.000,157.000
481.332,134.544,180.000,157.000
490.300,134.544,180.000,157.000
490.300,134.544,180.000,157.000
490.300,134.544,180.000,157.000
490.300,134.544,180.000,157.000
490.300,134.544,180.000,157.000
490.300,134.044,180.000,158.000
481.318,143.526,180.000,157.000
481.318,143.526,180.000,157.000
481.818,144.026,179.000,156.000
481.818,144.026,179.000,156.000
473.403,135.111,178.000,156.000
473.403,135.611,178.000,155.000
473.403,135.611,178.000,155.000
473.403,135.611,178.000,155.000
472.903,135.111,179.000,156.000
472.403,134.111,180.000,158.000
472.403,125.129,180.000,158.000
471.903,125.129,181.000,158.000
471.903,125.129,181.000,158.000
471.403,124.629,182.000,159.000
470.903,124.129,183.000,160.000
479.532,124.129,184.000,160.000
479.532,123.629,184.000,161.000
479.532,123.629,184.000,161.000
479.032,132.810,185.000,161.000
487.726,131.810,186.000,163.000
487.226,131.310,187.000,164.000
486.726,131.310,188.000,164.000
486.726,130.810,188.000,165.000
486.226,130.810,189.000,165.000
486.226,130.810,189.000,165.000
486.226,130.810,189.000,165.000
485.726,139.718,190.000,166.000
485.226,139.218,191.000,167.000
475.711,139.218,191.000,167.000
475.711,139.218,191.000,167.000
465.197,148.233,193.000,168.000
455.589,147.733,193.000,169.000
455.089,147.233,194.000,170.000
444.888,146.733,195.000,171.000
434.660,146.733,196.000,171.000
424.393,146.233,197.000,172.000
423.893,145.733,198.000,173.000
411.551,135.859,198.000,173.000
401.178,135.359,199.000,174.000
400.678,135.359,200.000,174.000
390.737,134.859,200.000,175.000
390.737,124.879,200.000,175.000
380.257,124.879,201.000,175.000
380.257,124.379,201.000,176.000
380.257,124.379,201.000,176.000
369.223,123.879,203.000,177.000
368.723,123.379,204.000,178.000
368.723,123.379,204.000,178.000
368.223,122.879,205.000,179.000
368.223,122.879,205.000,179.000
357.988,112.645,205.000,179.000
358.488,112.645,204.000,179.000
358.488,112.645,204.000,179.000
358.488,113.145,204.000,178.000
358.488,112.645,204.000,179.000
348.295,113.145,204.000,178.000
348.795,113.645,203.000,177.000
349.295,114.145,202.000,176.000
339.747,114.145,201.000,176.000
339.747,114.645,201.000,175.000
340.747,115.145,199.000,174.000
330.820,115.145,199.000,174.000
331.320,115.645,198.000,173.000
321.446,115.645,198.000,173.000
321.946,116.145,197.000,172.000
312.125,116.145,197.000,172.000
313.125,116.645,195.000,171.000
303.897,117.145,194.000,170.000
304.897,118.145,192.000,168.000
295.803,118.645,191.000,167.000
296.803,119.645,189.000,165.000
297.803,120.645,187.000,163.000
298.803,121.145,185.000,162.000
299.303,121.645,184.000,161.000
299.803,131.327,183.000,160.000
300.803,132.327,181.000,158.000
301.303,132.827,180.000,157.000
302.303,133.827,178.000,155.000
302.803,142.688,177.000,155.000
302.803,142.688,177.000,155.000
303.303,143.188,176.000,154.000
303.303,143.188,176.000,154.000
303.803,143.688,175.000,153.000
304.303,144.188,174.000,152.000
304.803,144.688,173.000,151.000
304.803,153.323,173.000,151.000
304.803,153.323,173.000,151.000
304.803,153.323,173.000,151.000
304.803,153.323,173.000,151.000
304.803,153.323,173.000,151.000
304.803,153.323,173.000,151.000
304.803,153.323,173.000,151.000
304.803,153.323,173.000,151.000
304.803,153.323,173.000,151.000
304.803,153.323,173.000,151.000
304.803,144.688,173.000,151.000
304.803,144.688,173.000,151.000
313.438,144.688,173.000,151.000
312.938,135.553,174.000,152.000
312.938,135.553,174.000,152.000
311.938,134.553,176.000,154.000
320.206,134.053,177.000,155.000
319.706,125.204,178.000,155.000
319.206,124.704,179.000,156.000
318.206,123.704,181.000,158.000
326.228,122.704,183.000,160.000
326.228,113.575,183.000,160.000
324.728,112.575,186.000,162.000
323.728,102.301,188.000,164.000
332.610,101.301,189.000,166.000
332.110,91.852,190.000,166.000
331.610,81.864,191.000,167.000
331.110,81.364,192.000,168.000
330.610,71.269,193.000,169.000
330.110,70.769,194.000,170.000
329.610,61.068,195.000,170.000
330.110,51.353,194.000,170.000
319.408,50.853,196.000,171.000
319.408,41.087,196.000,171.000
319.408,41.087,196.000,171.000
309.641,30.820,196.000,172.000
309.641,31.320,196.000,171.000
299.875,31.320,196.000,171.000
299.875,31.320,196.000,171.000
291.108,22.053,194.000,170.000
281.907,22.553,193.000,169.000
282.907,23.553,191.000,167.000
273.892,24.053,190.000,166.000
264.404,24.053,190.000,166.000
264.904,15.065,189.000,165.000
256.496,15.565,187.000,164.000
247.154,15.565,187.000,164.000
247.154,16.065,187.000,163.000
237.853,16.065,187.000,163.000
238.353,16.565,186.000,162.000
229.578,16.565,185.000,162.000
230.078,17.565,184.000,160.000
231.078,18.065,182.000,159.000
222.503,18.565,181.000,158.000
223.003,19.065,180.000,157.000
223.503,19.565,179.000,156.000
224.003,28.481,178.000,156.000
233.378,28.981,177.000,155.000
233.378,29.481,177.000,154.000
233.878,29.481,176.000,154.000
234.378,29.981,175.000,153.000
234.378,29.981,175.000,153.000
243.620,30.481,174.000,152.000
243.620,30.481,174.000,152.000
243.620,30.481,174.000,152.000
243.620,30.481,174.000,152.000
252.782,39.643,173.000,151.000
252.782,39.643,173.000,151.000
252.782,39.643,173.000,151.000
253.282,31.008,172.000,151.000
253.282,31.508,172.000,150.000
253.282,31.508,172.000,150.000
253.782,31.508,171.000,150.000
253.782,32.008,171.000,149.000
253.782,31.508,171.000,150.000
253.282,31.508,172.000,150.000
253.282,31.508,172.000,150.000
252.782,31.008,173.000,151.000
252.782,31.008,173.000,151.000
252.782,22.373,173.000,151.000
252.282,21.873,174.000,152.000
260.944,21.873,174.000,152.000
260.444,21.373,175.000,153.000
260.444,21.373,175.000,153.000
268.685,20.873,176.000,154.000
268.185,20.373,177.000,155.000
276.534,19.873,178.000,156.000
275.534,19.373,180.000,157.000
275.034,18.873,181.000,158.000
283.056,17.873,183.000,160.000
282.556,27.002,184.000,160.000
291.224,26.002,185.000,162.000
290.224,25.502,187.000,163.000
289.724,25.002,188.000,164.000
289.224,33.883,189.000,165.000
298.132,33.383,190.000,166.000
297.632,32.883,191.000,167.000
297.132,41.898,192.000,168.000
296.632,41.398,193.000,169.000
295.632,40.898,195.000,170.000
304.846,50.112,196.000,171.000
304.346,49.612,197.000,172.000
304.346,49.112,197.000,173.000
303.346,58.447,199.000,174.000
302.846,57.947,200.000,175.000
302.346,67.427,201.000,176.000
301.846,67.427,202.000,176.000
301.346,66.927,203.000,177.000
311.473,66.427,203.000,178.000
310.473,76.068,205.000,179.000
309.973,75.568,206.000,180.000
309.473,85.329,207.000,181.000
308.473,84.829,209.000,182.000
307.973,84.329,210.000,183.000
317.934,94.289,211.000,184.000
316.934,93.289,213.000,186.000
316.434,92.789,214.000,187.000
315.434,102.463,216.000,189.000
314.434,101.963,218.000,190.000
313.434,111.837,220.000,192.000
312.434,110.837,222.000,194.000
311.934,110.337,223.000,195.000
310.934,120.450,225.000,197.000
309.934,119.950,227.000,198.000
308.934,130.264,229.000,200.000
296.514,129.264,231.000,202.000
295.514,128.264,233.000,204.000
294.514,127.764,235.000,205.000
293.014,137.990,238.000,208.000
280.154,136.990,240.000,210.000
279.154,135.990,242.000,212.000
278.154,135.490,244.000,213.000
277.154,146.657,246.000,215.000
264.381,146.157,247.000,216.000
263.381,145.657,249.000,217.000
262.881,144.657,250.000,219.000
261.881,144.157,252.000,220.000
261.381,143.657,253.000,221.000
260.881,143.157,254.000,222.000
273.567,143.157,254.000,222.000
273.567,143.157,254.000,222.000
286.253,143.157,254.000,222.000
286.253,143.157,254.000,222.000
298.439,142.657,255.000,223.000
311.652,130.444,254.000,222.000
311.652,130.444,254.000,222.000
324.338,117.758,254.000,222.000
336.524,117.258,255.000,223.000
349.737,105.045,254.000,222.000
349.737,105.045,254.000,222.000
363.423,93.359,252.000,220.000
375.503,92.859,253.000,221.000
376.503,81.253,251.000,219.000
389.502,81.753,250.000,218.000
391.002,70.280,247.000,216.000
392.002,71.280,245.000,214.000
404.723,71.780,244.000,213.000
406.223,60.614,241.000,211.000
407.223,61.614,239.000,209.000
408.723,62.614,236.000,207.000
409.223,63.614,235.000,205.000
410.223,64.114,233.000,204.000
410.723,64.614,232.000,203.000
400.144,65.614,230.000,201.000
401.644,66.614,227.000,199.000
402.144,67.614,226.000,197.000
391.884,68.614,224.000,195.000
392.384,79.766,223.000,195.000
392.384,79.766,223.000,195.000
382.271,80.766,221.000,193.000
382.771,81.266,220.000,192.000
372.790,81.766,218.000,191.000
373.290,82.766,217.000,189.000
372.790,93.059,218.000,190.000
372.790,93.059,218.000,190.000
362.417,93.059,217.000,190.000
362.417,93.559,217.000,189.000
351.123,93.059,218.000,190.000
351.123,93.059,218.000,190.000
350.123,102.933,220.000,192.000
339.143,102.433,220.000,193.000
327.649,113.427,221.000,193.000
327.649,113.427,221.000,193.000
313.890,123.934,221.000,194.000
302.342,123.934,222.000,194.000
290.755,123.434,223.000,195.000
279.141,122.934,224.000,196.000
264.649,133.628,225.000,197.000
249.623,133.128,227.000,198.000
223.668,132.628,228.000,199.000
211.802,131.628,229.000,201.000
185.076,119.694,231.000,202.000
172.549,119.194,233.000,203.000
148.810,118.694,234.000,204.000
133.751,118.194,235.000,205.000
119.093,118.194,235.000,205.000
104.435,118.194,235.000,205.000
92.709,118.194,235.000,205.000
81.482,118.194,234.000,205.000
69.796,118.194,234.000,205.000
69.796,118.694,234.000,204.000
58.150,118.694,234.000,204.000
58.650,119.194,233.000,203.000
59.650,119.694,231.000,202.000
60.150,120.194,230.000,201.000
60.650,120.694,229.000,200.000
61.150,121.194,228.000,199.000
61.650,121.694,227.000,198.000
62.150,121.694,226.000,198.000
62.650,122.194,225.000,197.000
62.650,122.694,225.000,196.000
62.650,122.694,225.000,196.000
63.150,122.694,224.000,196.000
62.650,122.694,225.000,196.000
62.650,122.194,225.000,197.000
62.150,121.694,226.000,198.000
61.650,121.694,227.000,198.000
61.150,121.194,228.000,199.000
61.150,120.694,228.000,200.000
60.650,120.694,229.000,200.000
60.150,120.194,230.000,201.000
72.122,120.694,229.000,200.000
71.622,120.194,230.000,201.000
83.595,120.694,229.000,200.000
83.095,120.194,230.000,201.000
96.935,119.694,231.000,202.000
107.962,119.194,232.000,203.000
121.936,118.694,233.000,204.000
135.978,118.694,234.000,204.000
150.036,118.194,235.000,205.000
164.195,117.694,236.000,206.000
178.886,117.694,236.000,206.000
193.578,129.447,236.000,206.000
208.269,129.447,236.000,206.000
223.461,129.947,235.000,205.000
235.687,130.447,234.000,204.000
247.834,142.094,233.000,204.000
259.967,142.594,232.000,203.000
260.467,143.094,231.000,202.000
273.494,144.594,228.000,199.000
285.860,145.094,226.000,198.000
286.360,145.594,225.000,197.000
298.080,146.094,224.000,196.000
299.080,135.900,222.000,194.000
299.580,136.400,221.000,193.000
301.080,126.393,218.000,191.000
312.968,127.393,216.000,189.000
313.468,127.893,215.000,188.000
314.968,118.665,212.000,185.000
315.968,119.665,210.000,183.000
316.968,120.165,208.000,182.000
327.835,120.665,207.000,181.000
328.835,121.665,205.000,179.000
328.835,121.665,205.000,179.000
339.069,121.665,205.000,179.000
350.303,122.665,203.000,177.000
350.803,122.665,202.000,177.000
360.890,123.165,202.000,176.000
360.890,122.665,202.000,177.000
370.477,122.665,203.000,177.000
381.105,122.665,202.000,177.000
381.105,123.165,202.000,176.000
391.652,123.165,201.000,176.000
392.152,123.665,200.000,175.000
401.632,133.645,201.000,175.000
401.132,133.145,202.000,176.000
400.632,132.645,203.000,177.000
400.132,132.145,204.000,178.000
400.132,132.145,204.000,178.000
400.632,132.645,203.000,177.000
400.632,132.645,203.000,177.000
390.005,142.272,204.000,178.000
390.505,142.272,203.000,178.000
380.364,142.772,203.000,177.000
380.864,143.272,202.000,176.000
371.316,143.272,201.000,176.000
371.816,144.272,200.000,174.000
362.376,144.272,199.000,174.000
353.448,135.345,197.000,172.000
353.948,135.345,196.000,172.000
344.640,135.845,195.000,171.000
344.640,136.345,195.000,170.000
335.426,136.345,194.000,170.000
335.426,136.345,194.000,170.000
335.426,136.845,194.000,169.000
345.085,136.845,194.000,169.000
335.926,136.845,193.000,169.000
326.304,136.845,193.000,169.000
335.426,126.723,194.000,170.000
366.955,126.723,194.000,170.000
357.254,136.425,194.000,170.000
335.426,136.425,194.000,170.000
335.426,136.925,194.000,169.000
335.426,127.265,194.000,169.000
378.895,105.030,194.000,170.000
378.395,105.030,195.000,170.000
378.395,105.030,195.000,170.000
378.395,105.030,195.000,170.000
367.681,104.030,197.000,172.000
367.181,103.530,198.000,173.000
366.181,102.530,200.000,175.000
355.701,92.550,201.000,175.000
356.201,92.550,200.000,175.000
333.245,147.441,201.000,175.000
333.745,147.441,200.000,175.000
323.265,146.941,201.000,176.000
323.265,146.941,201.000,176.000
322.765,146.941,202.000,176.000
322.765,136.393,202.000,177.000
322.765,136.393,202.000,177.000
323.265,136.893,201.000,176.000
323.265,136.893,201.000,176.000
323.265,126.859,201.000,176.000
322.765,126.859,202.000,176.000
322.265,126.359,203.000,177.000
322.265,126.359,203.000,177.000
322.265,126.359,203.000,177.000
332.393,126.359,203.000,177.000
331.893,115.731,204.000,178.000
321.739,115.731,204.000,178.000
321.239,115.231,205.000,179.000
320.739,114.731,206.000,180.000
320.739,124.992,206.000,180.000
320.739,124.992,206.000,180.000
320.239,114.231,207.000,181.000
309.898,114.231,207.000,181.000
389.039,100.805,209.000,182.000
389.039,110.713,209.000,183.000
379.092,100.766,208.000,182.000
379.592,101.266,207.000,181.000
379.592,101.266,207.000,181.000
389.933,101.266,207.000,181.000
389.433,100.766,208.000,182.000
389.433,100.766,208.000,182.000
399.800,100.766,208.000,182.000
399.800,101.266,208.000,181.000
400.300,101.266,207.000,181.000
400.800,101.766,206.000,180.000
400.800,101.766,206.000,180.000
401.300,102.266,205.000,179.000
412.034,112.500,204.000,179.000
411.534,112.500,205.000,179.000
412.034,113.000,204.000,178.000
412.534,102.846,203.000,178.000
413.034,103.346,202.000,177.000
389.339,112.933,204.000,178.000
378.685,112.433,205.000,179.000
378.185,111.933,206.000,180.000
378.185,111.933,206.000,180.000
367.424,121.693,207.000,181.000
367.424,121.693,207.000,181.000
377.765,121.693,207.000,181.000
378.265,122.193,206.000,180.000
378.265,122.193,206.000,180.000
411.612,27.281,206.000,180.000
421.873,37.542,206.000,180.000
421.873,37.542,206.000,180.000
421.873,47.803,206.000,180.000
421.873,70.889,206.000,180.000
411.612,37.542,206.000,180.000
364.939,24.216,207.000,181.000
364.939,24.216,207.000,181.000
364.439,24.216,208.000,181.000
364.439,24.216,208.000,181.000
340.643,93.103,209.000,183.000
363.650,93.103,210.000,183.000
396.646,81.643,212.000,185.000
396.646,105.419,212.000,185.000
396.646,105.419,212.000,185.000
385.579,104.919,213.000,186.000
396.701,104.919,212.000,186.000
396.701,104.919,212.000,186.000
396.701,94.338,212.000,186.000
372.893,116.000,212.000,185.000
382.961,81.157,213.000,186.000
382.961,81.157,213.000,186.000
393.082,80.657,214.000,187.000
403.256,80.157,215.000,188.000
402.256,79.157,217.000,190.000
412.591,78.657,218.000,191.000
411.591,78.157,220.000,192.000
411.091,77.657,221.000,193.000
422.098,77.657,221.000,193.000
421.598,88.164,222.000,194.000
421.098,87.664,223.000,195.000
421.098,87.664,223.000,195.000
409.984,87.664,223.000,195.000
410.484,88.164,222.000,194.000
410.484,99.251,222.000,194.000
400.397,99.751,220.000,193.000
389.903,100.751,219.000,191.000
379.503,100.751,218.000,191.000
379.503,112.138,218.000,190.000
369.129,112.138,217.000,190.000
358.294,112.138,217.000,190.000
347.459,112.138,217.000,190.000
336.625,112.638,217.000,189.000
326.331,112.638,216.000,189.000
326.331,113.138,216.000,188.000
316.064,113.138,215.000,188.000
305.836,113.638,214.000,187.000
305.836,113.638,214.000,187.000
295.162,113.638,214.000,187.000
295.162,113.638,214.000,187.000
295.662,114.138,213.000,186.000
295.662,114.138,213.000,186.000
295.662,114.138,213.000,186.000
296.162,114.638,212.000,185.000
296.662,114.638,211.000,185.000
295.662,124.693,213.000,186.000
306.283,124.693,213.000,186.000
305.783,124.193,214.000,187.000
316.457,124.193,214.000,187.000
316.457,124.193,214.000,187.000
326.131,133.866,216.000,189.000
325.631,133.866,217.000,189.000
336.925,133.866,216.000,189.000
336.925,133.866,216.000,189.000
336.925,133.866,216.000,189.000
336.925,133.866,216.000,189.000
336.925,134.366,216.000,188.000
326.158,134.366,216.000,188.000
326.658,134.366,215.000,188.000
315.930,134.366,215.000,188.000
316.430,134.866,214.000,187.000
305.756,134.866,214.000,187.000
305.256,134.366,215.000,188.000
295.528,124.638,213.000,186.000
285.406,125.138,212.000,185.000
274.839,125.138,212.000,185.000
274.839,125.138,212.000,185.000
264.272,125.138,212.000,185.000
263.772,124.638,213.000,186.000
253.150,124.638,213.000,186.000
242.529,124.638,213.000,186.000
243.029,125.138,212.000,185.000
232.462,135.206,212.000,186.000
231.962,135.206,213.000,186.000
231.962,135.206,213.000,186.000
220.840,145.327,214.000,187.000
220.340,144.827,215.000,188.000
219.840,144.327,216.000,189.000
208.560,143.827,217.000,190.000
207.060,153.662,220.000,192.000
206.560,153.162,221.000,193.000
195.053,152.662,222.000,194.000
194.053,162.749,224.000,196.000
181.859,161.749,226.000,198.000
180.859,161.249,228.000,199.000
168.493,160.249,230.000,201.000
167.493,159.249,232.000,203.000
154.914,158.249,234.000,205.000
142.228,157.749,236.000,206.000
129.475,156.749,238.000,208.000
129.475,156.749,238.000,208.000
114.150,156.249,239.000,209.000
101.710,155.749,240.000,210.000
89.243,155.749,241.000,210.000
89.743,155.749,240.000,210.000
78.276,156.249,239.000,209.000
66.836,156.749,238.000,208.000
67.336,157.249,237.000,207.000
55.503,157.249,237.000,207.000
43.170,156.749,238.000,208.000
43.170,156.749,238.000,208.000
30.810,156.249,239.000,209.000
30.310,156.249,240.000,209.000
31.310,144.796,238.000,208.000
19.450,156.656,238.000,208.000
19.450,156.656,238.000,208.000
19.950,157.156,237.000,207.000
20.450,157.656,236.000,206.000
21.450,158.156,234.000,205.000
22.450,159.156,232.000,203.000
23.450,160.156,230.000,201.000
24.450,161.156,228.000,199.000
24.950,161.656,227.000,198.000
25.950,162.156,225.000,197.000
26.450,162.656,224.000,196.000
26.450,163.156,224.000,195.000
26.950,163.156,223.000,195.000
26.950,163.156,223.000,195.000
26.950,163.156,223.000,195.000
26.950,163.656,223.000,194.000
26.950,163.156,223.000,195.000
26.450,173.770,224.000,196.000
25.450,173.270,226.000,197.000
36.709,173.270,226.000,197.000
37.209,173.270,225.000,197.000
37.209,173.270,225.000,197.000
37.209,173.270,225.000,197.000
36.709,173.270,226.000,197.000
36.709,172.770,226.000,198.000
36.209,172.770,227.000,198.000
