269.000,75.000,34.000,64.000
266.444,72.444,34.000,64.000
265.944,71.944,35.000,65.000
256.717,68.149,35.000,66.000
254.069,68.649,35.000,65.000
249.455,64.853,35.000,66.000
266.666,64.853,35.000,66.000
263.357,65.353,35.000,65.000
257.424,64.853,35.000,66.000
260.072,62.205,35.000,66.000
257.424,62.205,35.000,66.000
254.777,62.705,35.000,65.000
255.436,60.069,35.000,65.000
255.436,60.069,35.000,65.000
252.140,62.705,35.000,65.000
246.867,62.205,35.000,66.000
243.557,62.205,35.000,66.000
237.599,62.205,35.000,66.000
231.641,62.205,35.000,66.000
228.331,62.205,35.000,66.000
228.331,64.853,35.000,66.000
228.331,64.853,35.000,66.000
230.979,67.501,35.000,66.000
236.937,67.001,35.000,67.000
236.937,67.501,35.000,66.000
234.289,67.501,35.000,66.000
235.613,70.149,35.000,66.000
235.613,67.501,35.000,66.000
238.261,67.501,35.000,66.000
238.261,67.501,35.000,66.000
238.261,64.691,35.000,65.000
234.966,61.396,35.000,65.000
231.670,61.396,35.000,65.000
228.374,58.259,35.000,66.000
225.064,58.259,35.000,66.000
219.107,60.907,35.000,66.000
216.459,60.907,35.000,66.000
219.107,63.555,35.000,66.000
221.755,60.745,35.000,65.000
221.755,68.814,35.000,66.000
221.755,68.814,35.000,66.000
221.755,66.166,35.000,66.000
221.755,68.814,35.000,66.000
221.093,68.814,35.000,66.000
221.093,71.624,35.000,67.000
218.433,72.953,35.000,67.000
219.928,72.953,36.000,67.000
219.928,72.953,36.000,67.000
222.634,72.953,36.000,67.000
225.339,76.336,36.000,67.000
234.633,82.924,35.000,66.000
237.281,82.424,35.000,67.000
237.281,82.424,35.000,67.000
233.457,82.424,36.000,67.000
227.369,82.424,36.000,67.000
223.987,82.424,36.000,67.000
218.399,82.424,35.000,67.000
215.074,80.264,35.000,66.000
209.779,82.250,35.000,66.000
214.412,82.250,35.000,66.000
211.765,79.440,35.000,65.000
209.628,79.440,34.000,65.000
212.876,73.595,34.000,65.000
215.623,76.193,35.000,65.000
218.760,76.193,34.000,65.000
221.507,78.791,35.000,65.000
224.644,81.427,34.000,65.000
226.742,78.829,35.000,65.000
226.742,77.011,35.000,66.000
224.094,79.659,35.000,66.000
224.094,82.307,35.000,66.000
218.798,79.659,35.000,66.000
221.446,82.307,35.000,66.000
224.094,82.307,35.000,66.000
229.390,82.307,35.000,66.000
229.390,82.807,35.000,65.000
232.026,82.807,35.000,65.000
234.663,84.943,35.000,66.000
240.621,88.253,35.000,66.000
243.268,88.253,35.000,66.000
245.916,90.401,35.000,67.000
245.916,90.401,35.000,67.000
245.416,93.061,36.000,67.000
245.416,90.355,36.000,67.000
245.416,90.355,36.000,67.000
242.711,93.061,36.000,67.000
242.711,90.355,36.000,67.000
240.005,87.649,36.000,67.000
236.622,84.943,36.000,67.000
230.534,82.237,36.000,67.000
227.828,82.237,36.000,67.000
229.858,81.737,36.000,68.000
229.858,81.737,36.000,68.000
232.598,81.737,36.000,68.000
235.338,81.737,36.000,68.000
236.023,84.478,36.000,68.000
238.764,83.978,36.000,69.000
241.016,83.978,37.000,69.000
241.016,83.978,37.000,69.000
247.742,83.978,36.000,69.000
253.245,84.478,36.000,68.000
253.245,84.478,36.000,68.000
255.986,84.478,36.000,68.000
255.986,84.478,36.000,68.000
253.245,83.978,36.000,69.000
246.554,81.226,37.000,69.000
238.252,77.767,37.000,69.000
229.258,75.691,37.000,69.000
217.497,75.691,37.000,69.000
211.271,72.924,37.000,69.000
207.120,69.465,37.000,69.000
204.853,67.198,36.000,68.000
207.593,67.198,36.000,68.000
211.018,67.698,36.000,67.000
212.371,67.698,36.000,67.000
216.254,68.198,35.000,66.000
219.564,70.845,35.000,66.000
225.521,70.845,35.000,66.000
231.479,77.303,35.000,65.000
237.411,77.303,35.000,65.000
243.184,79.940,34.000,65.000
248.380,79.940,34.000,65.000
254.226,79.940,34.000,65.000
259.422,80.440,34.000,64.000
264.533,80.440,34.000,64.000
270.922,80.940,34.000,63.000
279.691,83.484,33.000,63.000
282.851,81.455,33.000,62.000
285.337,81.455,33.000,62.000
288.444,83.941,33.000,62.000
292.795,84.441,33.000,61.000
298.811,89.958,32.000,61.000
304.293,92.394,32.000,61.000
306.729,92.394,32.000,61.000
309.165,92.394,32.000,61.000
309.165,92.394,32.000,61.000
309.165,92.894,32.000,60.000
309.665,93.394,31.000,59.000
307.321,93.394,31.000,59.000
304.391,93.394,31.000,59.000
298.532,91.050,31.000,59.000
292.672,91.550,31.000,58.000
288.591,91.550,31.000,58.000
286.258,92.050,31.000,57.000
284.437,89.149,30.000,57.000
284.437,86.296,30.000,57.000
279.873,83.943,30.000,56.000
277.633,83.443,30.000,57.000
277.633,83.943,30.000,56.000
275.393,83.943,30.000,56.000
275.893,84.443,29.000,55.000
278.106,84.443,29.000,55.000
280.319,86.656,29.000,55.000
282.532,87.156,29.000,54.000
282.532,84.985,29.000,54.000
287.415,87.156,29.000,54.000
290.628,87.656,28.000,53.000
294.869,89.776,28.000,53.000
296.990,89.776,28.000,53.000
299.110,89.776,28.000,53.000
301.231,89.776,28.000,53.000
301.231,88.156,28.000,52.000
301.231,88.156,28.000,52.000
301.731,88.156,27.000,52.000
303.793,88.656,27.000,51.000
303.793,88.656,27.000,51.000
303.793,88.656,27.000,51.000
301.765,88.656,27.000,51.000
301.765,89.156,27.000,50.000
301.765,91.173,27.000,50.000
304.282,91.677,26.000,50.000
306.283,92.177,26.000,49.000
308.250,92.177,26.000,49.000
308.250,89.710,26.000,50.000
310.251,89.710,26.000,50.000
311.752,89.710,27.000,50.000
312.252,87.693,26.000,50.000
314.253,87.693,26.000,50.000
316.255,87.693,27.000,50.000
318.776,87.693,27.000,50.000
320.793,87.193,27.000,51.000
320.793,85.165,27.000,51.000
323.328,85.665,27.000,50.000
325.849,85.665,27.000,50.000
329.883,88.186,27.000,50.000
331.900,87.686,27.000,51.000
331.900,87.686,27.000,51.000
331.400,87.186,28.000,52.000
331.400,85.077,28.000,52.000
331.400,87.186,28.000,52.000
333.509,87.186,28.000,52.000
335.618,87.186,28.000,52.000
337.727,87.186,28.000,52.000
337.727,86.686,28.000,53.000
337.727,86.686,28.000,53.000
338.257,86.686,28.000,53.000
340.378,86.686,28.000,53.000
345.149,86.186,28.000,54.000
349.946,91.483,28.000,53.000
352.097,93.104,29.000,54.000
354.268,95.274,29.000,54.000
356.438,97.444,29.000,54.000
356.438,96.944,29.000,55.000
354.225,96.944,29.000,55.000
352.012,99.157,29.000,55.000
349.246,99.157,29.000,55.000
346.479,99.157,29.000,55.000
341.500,99.157,29.000,55.000
333.808,98.657,30.000,56.000
331.008,98.657,30.000,56.000
329.268,99.157,29.000,55.000
329.268,99.157,29.000,55.000
329.268,101.370,29.000,55.000
329.268,101.370,29.000,55.000
329.268,101.370,29.000,55.000
329.268,101.370,29.000,55.000
331.481,101.370,29.000,55.000
331.481,101.870,29.000,54.000
335.821,104.041,29.000,54.000
338.492,101.870,28.000,54.000
340.624,104.002,28.000,54.000
341.690,104.502,28.000,53.000
341.690,104.502,28.000,53.000
343.810,105.002,28.000,52.000
346.447,105.002,28.000,52.000
349.056,105.002,27.000,52.000
350.603,107.064,27.000,52.000
350.603,107.564,27.000,51.000
350.603,107.564,27.000,51.000
352.631,105.536,27.000,51.000
350.603,105.536,27.000,51.000
350.603,106.036,27.000,50.000
350.603,108.053,27.000,50.000
349.086,106.036,26.000,50.000
349.086,106.536,26.000,49.000
349.086,106.536,26.000,49.000
349.086,106.536,26.000,49.000
351.053,107.036,26.000,48.000
353.458,107.036,26.000,48.000
356.364,108.961,25.000,48.000
358.750,109.461,25.000,47.000
361.122,109.461,25.000,47.000
363.019,109.461,25.000,47.000
365.391,109.461,25.000,47.000
367.289,109.461,25.000,47.000
369.660,109.461,25.000,47.000
372.032,109.961,25.000,46.000
372.032,109.961,25.000,46.000
370.177,109.961,25.000,46.000
368.359,109.961,24.000,46.000
366.542,109.961,24.000,46.000
366.542,109.961,24.000,46.000
366.996,108.644,24.000,45.000
367.899,110.449,24.000,45.000
367.899,109.949,24.000,46.000
367.899,109.949,24.000,46.000
367.399,107.679,25.000,46.000
365.544,107.179,25.000,47.000
363.647,107.179,25.000,47.000
361.275,107.179,25.000,47.000
358.903,105.781,25.000,46.000
357.048,105.281,25.000,47.000
354.676,103.384,25.000,47.000
350.882,103.384,25.000,47.000
348.510,102.884,25.000,48.000
346.601,102.884,25.000,48.000
346.601,103.384,25.000,47.000
346.601,103.384,25.000,47.000
348.024,101.486,25.000,47.000
348.024,100.986,25.000,48.000
348.024,103.372,25.000,48.000
349.433,105.281,26.000,48.000
349.433,104.781,26.000,49.000
351.400,106.748,26.000,49.000
351.400,108.715,26.000,49.000
353.366,108.715,26.000,49.000
355.333,108.715,26.000,49.000
357.300,110.182,26.000,50.000
358.801,110.182,26.000,50.000
358.801,110.682,26.000,49.000
360.768,112.649,26.000,49.000
361.260,112.649,26.000,49.000
361.260,111.665,26.000,49.000
363.226,112.165,26.000,48.000
363.226,112.165,26.000,48.000
365.151,111.665,26.000,49.000
365.151,111.665,26.000,49.000
365.151,111.665,26.000,49.000
370.076,112.165,25.000,48.000
376.280,112.165,25.000,48.000
382.484,110.756,25.000,47.000
386.753,110.756,25.000,47.000
392.920,108.859,25.000,47.000
