76.000,79.000,64.000,52.000
76.000,79.000,64.000,52.000
76.000,79.000,64.000,52.000
76.000,79.000,64.000,52.000
76.000,79.000,64.000,52.000
76.000,79.000,64.000,52.000
76.000,79.000,64.000,52.000
76.000,79.000,64.000,52.000
73.683,79.000,64.000,52.000
74.183,79.500,63.000,51.000
74.183,79.500,63.000,51.000
74.183,79.500,63.000,51.000
74.183,76.491,63.000,51.000
74.183,76.491,63.000,51.000
74.183,76.491,63.000,51.000
74.183,75.991,63.000,52.000
73.683,75.991,64.000,52.000
73.683,75.991,64.000,52.000
73.683,75.991,64.000,52.000
73.683,75.991,64.000,52.000
74.183,75.991,63.000,52.000
74.183,75.991,63.000,52.000
74.183,76.491,63.000,51.000
74.183,75.991,63.000,52.000
74.183,75.991,63.000,52.000
73.683,75.991,64.000,52.000
73.683,75.991,64.000,52.000
73.683,75.991,64.000,52.000
73.683,75.991,64.000,52.000
73.683,75.991,64.000,52.000
73.683,75.991,64.000,52.000
73.683,75.991,64.000,52.000
73.683,75.991,64.000,52.000
74.183,79.580,63.000,51.000
74.183,79.580,63.000,51.000
74.683,79.580,62.000,51.000
74.683,79.580,62.000,51.000
74.683,80.080,62.000,50.000
74.683,80.080,62.000,50.000
75.183,80.080,61.000,50.000
74.683,77.136,62.000,50.000
74.683,77.136,62.000,50.000
74.683,76.636,62.000,51.000
74.683,76.636,62.000,51.000
74.183,76.636,63.000,51.000
74.183,76.636,63.000,51.000
74.183,76.636,63.000,51.000
74.683,76.636,62.000,51.000
74.683,76.636,62.000,51.000
74.683,77.136,62.000,50.000
74.683,77.136,62.000,50.000
74.683,77.136,62.000,50.000
75.183,77.136,61.000,50.000
75.183,77.136,61.000,50.000
75.183,77.136,61.000,50.000
75.183,77.136,61.000,50.000
75.183,77.136,61.000,50.000
75.183,80.080,61.000,50.000
75.183,77.136,61.000,50.000
75.183,77.136,61.000,50.000
75.183,77.136,61.000,50.000
75.183,77.136,61.000,50.000
75.183,77.136,61.000,50.000
75.183,77.136,61.000,50.000
75.183,77.636,61.000,49.000
75.183,77.636,61.000,49.000
75.183,77.636,61.000,49.000
75.183,77.136,61.000,50.000
75.183,77.136,61.000,50.000
72.239,77.636,61.000,49.000
75.141,77.636,61.000,49.000
72.239,77.636,61.000,49.000
72.739,77.636,60.000,49.000
72.739,77.636,60.000,49.000
72.739,78.136,60.000,48.000
72.739,78.136,60.000,48.000
73.239,78.136,59.000,48.000
73.239,78.136,59.000,48.000
73.239,78.136,59.000,48.000
73.239,75.298,59.000,48.000
72.739,75.298,60.000,48.000
72.739,74.798,60.000,49.000
72.739,74.798,60.000,49.000
72.739,74.798,60.000,49.000
72.739,75.521,60.000,49.000
72.739,75.521,60.000,49.000
72.739,75.521,60.000,49.000
72.739,75.521,60.000,49.000
72.739,75.521,60.000,49.000
72.739,75.521,60.000,49.000
72.739,75.521,60.000,49.000
72.739,75.521,60.000,49.000
72.739,75.521,60.000,49.000
72.739,75.521,60.000,49.000
72.739,75.521,60.000,49.000
72.739,78.910,60.000,48.000
73.239,78.910,59.000,48.000
73.239,78.910,59.000,48.000
73.239,78.910,59.000,48.000
73.239,76.073,59.000,48.000
72.739,75.573,60.000,49.000
72.739,75.573,60.000,49.000
72.739,75.573,60.000,49.000
72.739,76.073,60.000,48.000
70.582,76.073,60.000,48.000
71.082,76.073,59.000,48.000
71.082,76.073,59.000,48.000
71.082,76.073,59.000,48.000
71.082,76.073,59.000,48.000
71.082,76.073,59.000,48.000
71.082,76.073,59.000,48.000
71.082,73.236,59.000,48.000
71.082,73.236,59.000,48.000
71.082,73.236,59.000,48.000
71.082,73.236,59.000,48.000
71.082,73.236,59.000,48.000
71.082,73.236,59.000,48.000
71.082,73.236,59.000,48.000
71.082,73.236,59.000,48.000
70.582,73.236,60.000,48.000
70.582,72.736,60.000,49.000
70.582,72.736,60.000,49.000
70.582,72.736,60.000,49.000
70.582,73.236,60.000,48.000
70.582,73.236,60.000,48.000
70.582,73.236,60.000,48.000
71.082,76.111,59.000,48.000
71.082,76.111,59.000,48.000
71.082,76.111,59.000,48.000
71.082,76.111,59.000,48.000
71.082,76.111,59.000,48.000
71.082,77.530,59.000,48.000
71.082,77.530,59.000,48.000
71.082,77.530,59.000,48.000
71.082,77.530,59.000,48.000
71.082,79.658,59.000,48.000
71.082,79.658,59.000,48.000
71.082,79.658,59.000,48.000
71.082,79.658,59.000,48.000
71.082,79.658,59.000,48.000
71.082,79.658,59.000,48.000
71.082,79.658,59.000,48.000
71.582,80.158,58.000,47.000
71.582,79.658,58.000,48.000
71.082,79.658,59.000,48.000
71.082,79.658,59.000,48.000
71.082,79.658,59.000,48.000
71.792,79.658,59.000,48.000
71.792,79.658,59.000,48.000
71.792,79.658,59.000,48.000
71.792,79.658,59.000,48.000
71.792,76.820,59.000,48.000
71.792,76.820,59.000,48.000
71.792,76.820,59.000,48.000
71.792,73.983,59.000,48.000
71.292,73.983,60.000,48.000
71.292,73.983,60.000,48.000
71.292,73.983,60.000,48.000
71.792,73.983,59.000,48.000
73.210,73.983,59.000,48.000
73.210,73.983,59.000,48.000
73.210,73.983,59.000,48.000
73.210,73.983,59.000,48.000
73.210,71.146,59.000,48.000
72.710,71.146,60.000,48.000
72.710,71.146,60.000,48.000
72.710,70.646,60.000,49.000
72.710,70.646,60.000,49.000
72.710,70.646,60.000,49.000
72.710,74.035,60.000,48.000
72.710,74.035,60.000,48.000
72.710,74.035,60.000,48.000
72.710,74.035,60.000,48.000
72.710,74.035,60.000,48.000
72.710,74.035,60.000,48.000
72.710,74.035,60.000,48.000
72.710,73.535,60.000,49.000
72.710,74.035,60.000,48.000
72.710,74.035,60.000,48.000
73.210,74.035,59.000,48.000
73.210,74.035,59.000,48.000
73.210,74.035,59.000,48.000
73.210,74.035,59.000,48.000
73.210,74.035,59.000,48.000
72.710,74.035,60.000,48.000
72.710,73.535,60.000,49.000
72.710,73.535,60.000,49.000
72.710,73.535,60.000,49.000
72.710,76.425,60.000,49.000
72.710,76.425,60.000,49.000
72.710,76.925,60.000,48.000
72.710,73.549,60.000,49.000
72.710,73.549,60.000,49.000
72.710,73.549,60.000,49.000
72.210,73.549,61.000,49.000
72.210,73.549,61.000,49.000
72.710,73.549,60.000,49.000
72.210,73.549,61.000,49.000
72.710,73.549,60.000,49.000
72.710,73.549,60.000,49.000
72.710,73.549,60.000,49.000
72.710,73.549,60.000,49.000
72.710,73.549,60.000,49.000
72.210,70.660,61.000,49.000
72.210,70.660,61.000,49.000
72.210,73.562,61.000,49.000
72.210,70.160,61.000,50.000
72.210,73.104,61.000,50.000
72.210,73.604,61.000,49.000
72.210,73.104,61.000,50.000
72.210,73.604,61.000,49.000
72.210,73.104,61.000,50.000
72.210,73.104,61.000,50.000
72.210,73.104,61.000,50.000
72.210,73.104,61.000,50.000
72.210,73.104,61.000,50.000
69.502,73.104,62.000,50.000
69.502,73.104,62.000,50.000
69.502,73.104,62.000,50.000
69.502,73.104,62.000,50.000
69.502,73.104,62.000,50.000
69.502,73.104,62.000,50.000
69.502,73.104,62.000,50.000
69.502,73.104,62.000,50.000
69.502,72.604,62.000,51.000
69.502,75.351,62.000,50.000
69.502,75.351,62.000,50.000
69.502,75.351,62.000,50.000
69.502,75.351,62.000,50.000
69.502,72.369,62.000,50.000
66.520,71.869,62.000,51.000
66.520,71.869,62.000,51.000
66.520,71.869,62.000,51.000
66.520,71.869,62.000,51.000
66.520,71.869,62.000,51.000
66.520,71.869,62.000,51.000
66.520,71.869,62.000,51.000
66.520,71.869,62.000,51.000
66.520,71.869,62.000,51.000
66.520,71.869,62.000,51.000
66.520,71.869,62.000,51.000
66.520,71.869,62.000,51.000
66.520,71.869,62.000,51.000
66.020,71.869,63.000,51.000
66.020,71.869,63.000,51.000
66.520,71.869,62.000,51.000
66.520,71.869,62.000,51.000
66.020,68.872,63.000,51.000
63.011,68.872,63.000,51.000
63.011,68.872,63.000,51.000
63.011,68.872,63.000,51.000
63.011,68.872,63.000,51.000
63.011,68.872,63.000,51.000
63.011,68.872,63.000,51.000
63.011,68.872,63.000,51.000
63.011,68.872,63.000,51.000
63.011,68.872,63.000,51.000
63.011,68.872,63.000,51.000
63.011,68.872,63.000,51.000
63.011,68.872,63.000,51.000
63.011,68.872,63.000,51.000
63.011,68.872,63.000,51.000
63.011,68.872,63.000,51.000
63.011,68.872,63.000,51.000
63.011,71.129,63.000,51.000
63.011,71.129,63.000,51.000
63.011,71.129,63.000,51.000
63.011,71.129,63.000,51.000
63.011,71.129,63.000,51.000
63.011,71.129,63.000,51.000
63.011,71.129,63.000,51.000
63.011,71.129,63.000,51.000
63.011,71.129,63.000,51.000
63.011,71.129,63.000,51.000
63.011,71.129,63.000,51.000
63.011,71.129,63.000,51.000
66.020,74.138,63.000,51.000
66.520,74.138,62.000,51.000
66.520,74.138,62.000,51.000
66.520,74.138,62.000,51.000
66.520,74.138,62.000,51.000
66.520,74.138,62.000,51.000
66.520,74.638,62.000,50.000
66.520,74.638,62.000,50.000
66.520,74.638,62.000,50.000
66.520,74.638,62.000,50.000
66.520,74.638,62.000,50.000
67.020,74.638,61.000,50.000
66.520,71.694,62.000,50.000
66.520,71.694,62.000,50.000
66.520,71.694,62.000,50.000
66.520,71.694,62.000,50.000
66.520,71.694,62.000,50.000
66.520,71.694,62.000,50.000
70.002,71.694,61.000,50.000
70.002,71.694,61.000,50.000
70.002,71.694,61.000,50.000
70.002,71.694,61.000,50.000
70.002,72.194,61.000,49.000
70.002,72.194,61.000,49.000
70.502,72.194,60.000,49.000
70.502,72.194,60.000,49.000
70.502,72.194,60.000,49.000
70.502,72.194,60.000,49.000
70.002,72.194,61.000,49.000
73.404,75.096,60.000,49.000
73.404,72.207,60.000,49.000
73.404,75.096,60.000,49.000
73.404,72.929,60.000,49.000
73.404,72.929,60.000,49.000
73.404,72.929,60.000,49.000
73.404,72.929,60.000,49.000
73.404,73.429,60.000,48.000
73.904,73.429,59.000,48.000
73.904,73.429,59.000,48.000
73.904,73.429,59.000,48.000
73.904,73.429,59.000,48.000
76.742,73.429,59.000,48.000
76.742,73.429,59.000,48.000
76.742,73.429,59.000,48.000
76.742,73.429,59.000,48.000
76.742,73.429,59.000,48.000
76.742,73.429,59.000,48.000
76.742,73.429,59.000,48.000
76.742,73.429,59.000,48.000
76.742,73.429,59.000,48.000
76.742,76.266,59.000,48.000
76.742,76.266,59.000,48.000
80.079,76.766,58.000,47.000
80.079,76.766,58.000,47.000
80.079,76.766,58.000,47.000
80.079,76.766,58.000,47.000
80.079,76.766,58.000,47.000
80.079,76.766,58.000,47.000
80.079,76.766,58.000,47.000
80.579,76.766,57.000,47.000
80.579,77.266,57.000,46.000
80.579,77.266,57.000,46.000
80.579,77.266,57.000,46.000
80.579,77.266,57.000,46.000
80.579,74.536,57.000,46.000
80.579,74.536,57.000,46.000
80.579,74.536,57.000,46.000
80.579,71.805,57.000,46.000
80.579,71.805,57.000,46.000
80.579,71.805,57.000,46.000
80.579,71.805,57.000,46.000
80.579,71.805,57.000,46.000
80.579,71.805,57.000,46.000
80.579,71.805,57.000,46.000
80.579,73.853,57.000,46.000
80.579,73.853,57.000,46.000
81.079,76.584,56.000,46.000
81.079,76.584,56.000,46.000
81.079,76.584,56.000,46.000
81.079,76.584,56.000,46.000
81.079,76.584,56.000,46.000
81.079,76.584,56.000,46.000
81.079,79.274,56.000,46.000
81.079,79.274,56.000,46.000
81.079,79.274,56.000,46.000
81.079,79.274,56.000,46.000
81.079,79.274,56.000,46.000
81.079,79.774,56.000,45.000
81.079,76.598,56.000,46.000
81.079,77.098,56.000,45.000
81.079,77.098,56.000,45.000
81.079,75.760,56.000,45.000
81.079,75.760,56.000,45.000
81.079,75.260,56.000,46.000
81.079,75.260,56.000,46.000
81.079,77.777,56.000,45.000
81.079,77.777,56.000,45.000
81.079,77.777,56.000,45.000
81.079,77.777,56.000,45.000
81.079,77.777,56.000,45.000
81.079,76.439,56.000,45.000
81.079,76.439,56.000,45.000
81.079,76.439,56.000,45.000
81.079,76.439,56.000,45.000
81.079,77.777,56.000,45.000
81.079,77.777,56.000,45.000
81.079,77.777,56.000,45.000
81.579,77.777,55.000,45.000
84.243,77.777,55.000,45.000
84.243,77.777,55.000,45.000
84.243,77.777,55.000,45.000
84.243,77.777,55.000,45.000
84.243,77.777,55.000,45.000
84.243,77.777,55.000,45.000
84.243,77.777,55.000,45.000
84.243,80.441,55.000,45.000
84.243,77.777,55.000,45.000
84.243,77.777,55.000,45.000
84.243,77.777,55.000,45.000
84.243,77.777,55.000,45.000
84.243,78.277,55.000,44.000
84.743,78.277,54.000,44.000
84.743,78.277,54.000,44.000
84.743,78.277,54.000,44.000
84.743,78.277,54.000,44.000
84.243,78.277,55.000,44.000
84.743,80.901,54.000,44.000
84.743,80.901,54.000,44.000
84.743,80.901,54.000,44.000
84.743,80.901,54.000,44.000
84.743,80.901,54.000,44.000
84.743,80.901,54.000,44.000
84.743,80.901,54.000,44.000
84.743,80.901,54.000,44.000
84.743,80.901,54.000,44.000
84.743,80.901,54.000,44.000
84.743,80.901,54.000,44.000
84.743,80.901,54.000,44.000
84.743,80.901,54.000,44.000
84.743,80.901,54.000,44.000
82.159,80.901,54.000,44.000
82.159,80.901,54.000,44.000
82.159,80.901,54.000,44.000
82.159,80.901,54.000,44.000
82.159,80.901,54.000,44.000
82.159,80.901,54.000,44.000
82.159,80.901,54.000,44.000
82.159,80.901,54.000,44.000
82.159,80.901,54.000,44.000
82.159,78.318,54.000,44.000
82.159,78.318,54.000,44.000
82.159,78.318,54.000,44.000
82.159,78.318,54.000,44.000
82.159,78.318,54.000,44.000
82.159,78.318,54.000,44.000
82.159,78.318,54.000,44.000
82.159,78.318,54.000,44.000
82.159,78.318,54.000,44.000
82.159,78.318,54.000,44.000
82.159,78.318,54.000,44.000
82.159,78.318,54.000,44.000
82.159,80.901,54.000,44.000
79.576,80.901,54.000,44.000
82.159,80.901,54.000,44.000
82.159,80.901,54.000,44.000
82.159,80.901,54.000,44.000
82.159,80.901,54.000,44.000
82.159,80.901,54.000,44.000
82.159,80.901,54.000,44.000
82.159,80.901,54.000,44.000
82.159,80.901,54.000,44.000
82.159,80.901,54.000,44.000
82.159,80.901,54.000,44.000
82.159,79.610,54.000,44.000
84.743,79.610,54.000,44.000
84.743,79.610,54.000,44.000
84.743,77.026,54.000,44.000
84.743,77.026,54.000,44.000
84.743,77.026,54.000,44.000
84.743,77.026,54.000,44.000
84.743,77.026,54.000,44.000
87.326,77.026,54.000,44.000
87.826,77.526,53.000,43.000
87.826,77.526,53.000,43.000
87.826,77.526,53.000,43.000
87.326,77.026,54.000,44.000
87.326,77.026,54.000,44.000
89.909,77.026,54.000,44.000
89.909,77.026,54.000,44.000
89.909,77.026,54.000,44.000
89.909,77.026,54.000,44.000
89.909,77.026,54.000,44.000
89.909,77.026,54.000,44.000
89.909,77.026,54.000,44.000
89.909,77.026,54.000,44.000
92.492,77.026,54.000,44.000
92.492,77.026,54.000,44.000
91.992,77.026,55.000,44.000
91.992,77.026,55.000,44.000
92.492,79.650,54.000,44.000
92.492,79.650,54.000,44.000
92.492,79.650,54.000,44.000
95.076,79.650,54.000,44.000
95.076,79.650,54.000,44.000
95.576,80.150,53.000,43.000
95.576,80.150,53.000,43.000
95.576,80.150,53.000,43.000
95.576,80.150,53.000,43.000
95.076,79.650,54.000,44.000
95.576,82.734,53.000,43.000
95.576,82.734,53.000,43.000
98.132,82.734,53.000,43.000
98.132,82.734,53.000,43.000
98.132,82.734,53.000,43.000
98.132,82.734,53.000,43.000
98.132,82.734,53.000,43.000
98.132,82.734,53.000,43.000
98.132,82.734,53.000,43.000
100.689,82.734,53.000,43.000
100.689,80.177,53.000,43.000
100.689,80.177,53.000,43.000
100.689,80.177,53.000,43.000
100.689,80.177,53.000,43.000
101.967,80.177,53.000,43.000
101.967,80.177,53.000,43.000
101.967,80.177,53.000,43.000
104.523,80.177,53.000,43.000
104.523,80.177,53.000,43.000
107.080,77.621,53.000,43.000
107.080,77.621,53.000,43.000
107.080,77.621,53.000,43.000
109.636,77.621,53.000,43.000
110.136,78.121,52.000,42.000
112.613,78.121,52.000,42.000
112.613,78.121,52.000,42.000
112.613,78.121,52.000,42.000
115.089,78.121,52.000,42.000
115.089,78.121,52.000,42.000
115.089,78.121,52.000,42.000
117.566,79.359,52.000,42.000
117.566,79.359,52.000,42.000
120.042,79.359,52.000,42.000
120.042,79.359,52.000,42.000
122.519,78.121,52.000,42.000
122.519,78.121,52.000,42.000
122.519,78.121,52.000,42.000
124.995,75.644,52.000,42.000
124.995,75.644,52.000,42.000
127.471,75.644,52.000,42.000
127.471,75.644,52.000,42.000
129.948,75.644,52.000,42.000
129.948,75.644,52.000,42.000
132.424,75.644,52.000,42.000
132.424,75.644,52.000,42.000
134.901,75.644,52.000,42.000
134.901,75.644,52.000,42.000
137.377,75.644,52.000,42.000
137.377,75.644,52.000,42.000
139.853,75.644,52.000,42.000
139.853,75.644,52.000,42.000
142.330,75.644,52.000,42.000
142.330,75.644,52.000,42.000
144.806,75.644,52.000,42.000
144.806,78.121,52.000,42.000
147.283,78.121,52.000,42.000
147.283,78.121,52.000,42.000
147.283,78.121,52.000,42.000
149.759,75.644,52.000,42.000
149.759,75.644,52.000,42.000
152.235,75.644,52.000,42.000
152.235,75.644,52.000,42.000
154.712,75.644,52.000,42.000
154.712,78.121,52.000,42.000
154.712,78.121,52.000,42.000
157.188,78.121,52.000,42.000
157.188,78.121,52.000,42.000
157.188,80.597,52.000,42.000
159.665,80.597,52.000,42.000
159.665,80.597,52.000,42.000
162.141,80.597,52.000,42.000
162.141,83.073,52.000,42.000
164.618,83.073,52.000,42.000
165.737,83.073,51.000,42.000
167.700,80.610,52.000,42.000
167.700,80.610,52.000,42.000
167.700,80.610,52.000,42.000
167.700,80.610,52.000,42.000
170.177,80.610,52.000,42.000
170.177,80.610,52.000,42.000
170.677,80.610,51.000,42.000
173.141,80.610,51.000,42.000
173.141,80.610,51.000,42.000
173.141,78.762,51.000,42.000
173.141,78.762,51.000,42.000
175.604,78.762,51.000,42.000
175.604,78.762,51.000,42.000
175.604,78.762,51.000,42.000
175.604,78.762,51.000,42.000
178.068,79.262,51.000,41.000
178.068,79.262,51.000,41.000
178.068,79.262,51.000,41.000
178.068,79.262,51.000,41.000
180.518,79.262,51.000,41.000
180.518,79.262,51.000,41.000
180.518,79.262,51.000,41.000
180.518,79.262,51.000,41.000
182.967,79.262,51.000,41.000
182.967,78.762,51.000,42.000
182.967,78.762,51.000,42.000
182.967,78.762,51.000,42.000
185.431,78.762,51.000,42.000
185.431,78.762,51.000,42.000
185.431,78.762,51.000,42.000
185.431,78.762,51.000,42.000
185.431,78.762,51.000,42.000
187.895,76.298,51.000,42.000
187.895,77.530,51.000,42.000
187.895,77.530,51.000,42.000
187.895,77.530,51.000,42.000
187.395,77.530,52.000,42.000
189.871,77.530,52.000,42.000
189.871,77.530,52.000,42.000
190.371,77.530,51.000,42.000
189.871,77.530,52.000,42.000
189.871,77.530,52.000,42.000
189.871,77.530,52.000,42.000
192.348,77.530,52.000,42.000
192.348,77.530,52.000,42.000
192.348,77.530,52.000,42.000
192.348,77.530,52.000,42.000
192.348,77.530,52.000,42.000
194.824,77.530,52.000,42.000
194.824,77.530,52.000,42.000
194.824,77.530,52.000,42.000
194.824,77.530,52.000,42.000
194.824,77.030,52.000,43.000
194.324,77.030,53.000,43.000
194.324,77.030,53.000,43.000
196.881,77.030,53.000,43.000
197.381,77.030,52.000,43.000
196.881,74.514,53.000,43.000
196.881,74.514,53.000,43.000
196.881,74.514,53.000,43.000
196.881,74.514,53.000,43.000
196.881,74.514,53.000,43.000
196.881,74.514,53.000,43.000
196.881,74.514,53.000,43.000
199.437,74.514,53.000,43.000
199.437,74.514,53.000,43.000
199.437,74.514,53.000,43.000
199.437,74.514,53.000,43.000
199.437,74.514,53.000,43.000
199.437,74.514,53.000,43.000
199.437,74.514,53.000,43.000
199.437,71.958,53.000,43.000
199.437,73.236,53.000,43.000
199.437,73.236,53.000,43.000
199.437,73.236,53.000,43.000
199.437,73.236,53.000,43.000
199.437,73.236,53.000,43.000
196.881,73.236,53.000,43.000
196.881,72.597,53.000,43.000
196.881,72.597,53.000,43.000
196.881,72.597,53.000,43.000
196.881,72.597,53.000,43.000
196.881,72.597,53.000,43.000
196.881,72.597,53.000,43.000
194.324,72.597,53.000,43.000
194.324,72.597,53.000,43.000
193.824,72.097,54.000,44.000
194.324,72.597,53.000,43.000
194.324,72.597,53.000,43.000
194.324,72.597,53.000,43.000
194.324,72.597,53.000,43.000
191.768,72.597,53.000,43.000
191.768,72.597,53.000,43.000
191.768,72.597,53.000,43.000
191.768,72.597,53.000,43.000
191.768,72.597,53.000,43.000
191.268,72.097,54.000,44.000
191.268,72.097,54.000,44.000
189.976,74.034,54.000,44.000
190.476,74.534,53.000,43.000
190.476,73.895,53.000,43.000
190.476,73.895,53.000,43.000
189.976,72.117,54.000,44.000
187.893,75.200,53.000,43.000
187.393,72.144,54.000,44.000
187.393,72.144,54.000,44.000
187.393,72.144,54.000,44.000
187.393,72.144,54.000,44.000
187.393,72.144,54.000,44.000
187.393,69.560,54.000,44.000
187.393,70.852,54.000,44.000
184.810,70.852,54.000,44.000
184.810,70.852,54.000,44.000
184.810,73.935,54.000,43.000
184.810,70.866,54.000,44.000
184.810,73.949,54.000,43.000
185.310,73.949,53.000,43.000
184.810,70.893,54.000,44.000
185.310,73.976,53.000,43.000
184.810,71.419,54.000,43.000
184.810,71.419,54.000,43.000
182.740,71.419,53.000,43.000
182.740,71.419,53.000,43.000
182.740,73.337,53.000,43.000
182.740,72.698,53.000,43.000
182.740,72.698,53.000,43.000
182.240,72.698,54.000,43.000
182.240,72.198,54.000,44.000
182.240,72.198,54.000,44.000
182.240,72.198,54.000,44.000
182.240,72.198,54.000,44.000
182.240,72.198,54.000,44.000
182.240,72.198,54.000,44.000
182.240,72.198,54.000,44.000
182.240,69.614,54.000,44.000
182.240,69.614,54.000,44.000
182.240,69.614,54.000,44.000
182.240,69.614,54.000,44.000
182.240,72.198,54.000,44.000
182.240,72.198,54.000,44.000
182.240,72.198,54.000,44.000
182.240,72.198,54.000,44.000
182.240,72.198,54.000,44.000
182.240,72.198,54.000,44.000
182.240,72.198,54.000,44.000
184.824,69.614,54.000,44.000
184.824,72.198,54.000,44.000
184.824,69.614,54.000,44.000
184.824,71.552,54.000,44.000
184.824,71.552,54.000,44.000
184.824,71.552,54.000,44.000
184.824,71.552,54.000,44.000
184.824,71.552,54.000,44.000
184.824,71.552,54.000,44.000
184.824,71.552,54.000,44.000
184.824,68.969,54.000,44.000
184.824,68.969,54.000,44.000
185.324,69.469,53.000,43.000
184.824,66.412,54.000,44.000
184.824,66.412,54.000,44.000
184.824,69.495,54.000,43.000
184.824,66.426,54.000,44.000
184.824,66.926,54.000,43.000
185.324,66.926,53.000,43.000
185.324,68.204,53.000,43.000
187.880,68.204,53.000,43.000
185.324,68.204,53.000,43.000
187.880,70.761,53.000,43.000
187.880,70.761,53.000,43.000
187.880,70.761,53.000,43.000
187.880,70.761,53.000,43.000
187.880,70.761,53.000,43.000
187.880,68.204,53.000,43.000
187.880,68.204,53.000,43.000
187.880,68.204,53.000,43.000
187.880,68.204,53.000,43.000
187.880,68.204,53.000,43.000
187.880,68.204,53.000,43.000
187.880,68.204,53.000,43.000
187.880,70.761,53.000,43.000
187.880,70.761,53.000,43.000
187.880,70.761,53.000,43.000
187.880,70.761,53.000,43.000
187.880,68.204,53.000,43.000
187.880,68.204,53.000,43.000
187.880,68.204,53.000,43.000
187.880,68.204,53.000,43.000
187.880,65.648,53.000,43.000
190.437,65.648,53.000,43.000
190.437,65.648,53.000,43.000
190.437,65.648,53.000,43.000
190.437,63.091,53.000,43.000
190.437,63.091,53.000,43.000
190.437,63.091,53.000,43.000
187.880,63.091,53.000,43.000
190.437,63.091,53.000,43.000
187.880,63.091,53.000,43.000
187.880,63.091,53.000,43.000
187.880,63.091,53.000,43.000
187.880,63.091,53.000,43.000
187.880,63.091,53.000,43.000
187.880,63.091,53.000,43.000
187.880,63.091,53.000,43.000
187.880,63.091,53.000,43.000
187.880,65.648,53.000,43.000
187.880,63.091,53.000,43.000
187.880,65.648,53.000,43.000
188.380,65.648,52.000,43.000
188.380,65.648,52.000,43.000
188.380,66.148,52.000,42.000
188.380,65.648,52.000,43.000
188.380,66.148,52.000,42.000
188.380,68.624,52.000,42.000
188.380,68.624,52.000,42.000
185.904,68.624,52.000,42.000
185.904,68.624,52.000,42.000
185.904,68.624,52.000,42.000
185.904,68.624,52.000,42.000
185.904,66.148,52.000,42.000
185.904,66.148,52.000,42.000
185.904,66.148,52.000,42.000
185.904,65.648,52.000,43.000
185.904,65.648,52.000,43.000
185.904,65.648,52.000,43.000
185.904,65.648,52.000,43.000
185.404,65.648,53.000,43.000
185.904,65.648,52.000,43.000
185.404,65.648,53.000,43.000
185.404,65.648,53.000,43.000
185.904,65.648,52.000,43.000
185.904,65.648,52.000,43.000
185.904,65.648,52.000,43.000
185.904,66.148,52.000,42.000
185.904,66.148,52.000,42.000
185.904,66.148,52.000,42.000
185.904,66.148,52.000,42.000
185.904,65.648,52.000,43.000
185.904,68.164,52.000,43.000
185.904,68.164,52.000,43.000
185.904,68.164,52.000,43.000
185.404,68.793,53.000,43.000
185.404,69.432,53.000,43.000
185.404,69.432,53.000,43.000
185.404,69.432,53.000,43.000
185.404,69.432,53.000,43.000
185.404,69.432,53.000,43.000
185.404,69.432,53.000,43.000
185.404,69.432,53.000,43.000
182.847,69.432,53.000,43.000
182.847,71.988,53.000,43.000
182.847,70.071,53.000,43.000
183.347,72.627,52.000,43.000
183.347,72.627,52.000,43.000
183.347,72.627,52.000,43.000
183.347,72.627,52.000,43.000
183.347,72.627,52.000,43.000
182.847,72.627,53.000,43.000
182.847,72.627,53.000,43.000
182.847,75.184,53.000,43.000
182.847,75.184,53.000,43.000
182.847,75.184,53.000,43.000
182.847,75.184,53.000,43.000
182.847,75.184,53.000,43.000
182.847,71.988,53.000,43.000
182.847,69.432,53.000,43.000
182.847,69.432,53.000,43.000
182.847,69.432,53.000,43.000
182.847,69.432,53.000,43.000
182.847,70.710,53.000,43.000
182.847,71.988,53.000,43.000
182.847,71.988,53.000,43.000
182.847,74.545,53.000,43.000
182.847,74.545,53.000,43.000
182.847,74.545,53.000,43.000
182.847,74.545,53.000,43.000
182.847,71.988,53.000,43.000
182.347,71.488,54.000,44.000
184.931,71.988,54.000,43.000
184.931,71.988,54.000,43.000
184.931,71.488,54.000,44.000
184.931,71.488,54.000,44.000
184.931,71.488,54.000,44.000
184.931,71.488,54.000,44.000
184.931,71.488,54.000,44.000
184.931,71.488,54.000,44.000
184.931,71.488,54.000,44.000
184.931,71.488,54.000,44.000
184.931,71.488,54.000,44.000
184.931,71.488,54.000,44.000
184.931,71.488,54.000,44.000
184.931,71.488,54.000,44.000
184.431,71.488,55.000,44.000
184.431,70.988,55.000,45.000
184.431,70.988,55.000,45.000
184.431,70.988,55.000,45.000
184.431,70.988,55.000,45.000
187.094,70.988,55.000,45.000
187.094,70.988,55.000,45.000
187.094,70.988,55.000,45.000
186.594,70.988,56.000,45.000
186.594,70.988,56.000,45.000
186.594,70.988,56.000,45.000
186.594,70.988,56.000,45.000
186.594,70.988,56.000,45.000
186.594,70.988,56.000,45.000
186.594,70.988,56.000,45.000
186.594,70.988,56.000,45.000
186.594,70.988,56.000,45.000
186.594,70.319,56.000,45.000
189.270,70.319,56.000,45.000
189.270,70.319,56.000,45.000
189.270,69.650,56.000,45.000
189.270,69.650,56.000,45.000
189.270,69.650,56.000,45.000
189.270,69.650,56.000,45.000
189.270,69.650,56.000,45.000
189.270,69.650,56.000,45.000
189.270,69.650,56.000,45.000
191.946,69.150,56.000,46.000
191.946,69.150,56.000,46.000
191.946,69.150,56.000,46.000
191.446,67.805,57.000,46.000
191.446,67.805,57.000,46.000
191.446,67.805,57.000,46.000
191.446,67.305,57.000,47.000
191.446,67.305,57.000,47.000
190.946,67.305,58.000,47.000
193.729,70.088,58.000,47.000
193.729,70.088,58.000,47.000
193.729,70.088,58.000,47.000
193.729,70.088,58.000,47.000
193.729,70.088,58.000,47.000
193.729,70.088,58.000,47.000
193.729,70.088,58.000,47.000
193.229,69.588,59.000,48.000
196.066,69.588,59.000,48.000
196.066,69.588,59.000,48.000
196.066,71.007,59.000,48.000
196.066,71.007,59.000,48.000
196.066,71.007,59.000,48.000
196.066,71.007,59.000,48.000
195.566,71.007,60.000,48.000
195.566,71.007,60.000,48.000
198.442,70.507,60.000,49.000
198.442,70.507,60.000,49.000
198.442,70.507,60.000,49.000
198.442,70.507,60.000,49.000
197.942,70.507,61.000,49.000
197.942,70.507,61.000,49.000
197.942,70.507,61.000,49.000
200.844,71.458,61.000,50.000
200.844,71.458,61.000,50.000
200.844,71.458,61.000,50.000
200.344,71.458,62.000,50.000
