70.000,51.000,107.000,87.000
70.000,51.000,107.000,87.000
70.000,51.000,107.000,87.000
70.000,51.000,107.000,87.000
66.145,51.000,107.000,87.000
66.145,51.000,107.000,87.000
66.145,51.000,107.000,87.000
66.145,51.000,107.000,87.000
65.645,50.500,108.000,88.000
65.645,51.000,108.000,87.000
66.145,51.000,107.000,87.000
66.145,51.000,107.000,87.000
66.145,51.000,107.000,87.000
64.860,51.000,107.000,87.000
64.860,51.000,107.000,87.000
65.360,51.500,106.000,86.000
62.804,51.500,106.000,86.000
62.804,51.500,106.000,86.000
62.804,51.500,106.000,86.000
63.304,51.500,105.000,86.000
62.804,51.500,106.000,86.000
62.804,51.500,106.000,86.000
60.747,51.500,105.000,86.000
60.747,52.000,105.000,85.000
60.747,52.000,105.000,85.000
60.747,52.000,105.000,85.000
61.247,52.000,104.000,85.000
61.247,52.000,104.000,85.000
61.247,52.000,104.000,85.000
61.247,52.500,104.000,84.000
61.247,52.500,104.000,84.000
61.747,52.500,103.000,84.000
61.747,52.500,103.000,84.000
61.747,53.000,103.000,83.000
62.247,53.000,102.000,83.000
62.247,53.000,102.000,83.000
62.247,53.000,102.000,83.000
62.247,53.000,102.000,83.000
62.747,53.500,101.000,82.000
62.747,53.500,101.000,82.000
62.747,53.500,101.000,82.000
62.747,53.500,101.000,82.000
63.247,53.500,100.000,82.000
63.247,54.000,100.000,81.000
63.247,54.000,100.000,81.000
63.747,54.000,99.000,81.000
63.747,54.000,99.000,81.000
63.747,54.000,99.000,81.000
63.747,54.000,99.000,81.000
63.747,54.000,99.000,81.000
63.747,54.500,99.000,80.000
68.502,54.000,99.000,81.000
63.708,54.000,99.000,81.000
63.708,54.000,99.000,81.000
63.208,54.000,100.000,81.000
67.313,59.307,99.000,80.000
67.813,59.307,98.000,80.000
67.813,59.307,98.000,80.000
68.313,59.807,97.000,79.000
68.313,59.807,97.000,79.000
68.313,59.807,97.000,79.000
68.313,59.807,97.000,79.000
68.313,59.807,97.000,79.000
68.313,59.807,97.000,79.000
68.813,59.135,96.000,78.000
68.813,59.135,96.000,78.000
68.813,59.135,96.000,78.000
68.813,59.135,96.000,78.000
69.313,59.135,95.000,78.000
69.313,59.635,95.000,77.000
69.313,59.635,95.000,77.000
69.313,58.490,95.000,77.000
69.313,57.345,95.000,77.000
69.813,57.345,94.000,77.000
69.313,52.805,95.000,77.000
69.313,52.805,95.000,77.000
69.313,56.240,95.000,77.000
69.813,56.240,94.000,77.000
69.813,56.240,94.000,77.000
69.813,56.240,94.000,77.000
69.813,56.240,94.000,77.000
69.813,56.240,94.000,77.000
69.813,56.240,94.000,77.000
69.313,56.240,95.000,77.000
69.313,56.240,95.000,77.000
69.313,56.240,95.000,77.000
69.813,58.531,94.000,77.000
69.813,58.531,94.000,77.000
69.813,59.031,94.000,76.000
69.813,59.031,94.000,76.000
69.813,59.031,94.000,76.000
69.813,59.031,94.000,76.000
69.813,59.031,94.000,76.000
69.813,59.031,94.000,76.000
69.813,59.031,94.000,76.000
70.313,59.031,93.000,76.000
70.313,59.031,93.000,76.000
70.313,59.031,93.000,76.000
70.313,59.531,93.000,75.000
70.313,59.531,93.000,75.000
70.813,59.531,92.000,75.000
70.813,59.531,92.000,75.000
70.813,59.531,92.000,75.000
70.813,55.098,92.000,75.000
70.813,55.098,92.000,75.000
70.813,55.098,92.000,75.000
70.813,55.098,92.000,75.000
75.246,55.098,92.000,75.000
75.246,55.098,92.000,75.000
75.246,55.098,92.000,75.000
75.246,55.098,92.000,75.000
75.246,55.098,92.000,75.000
75.246,55.098,92.000,75.000
75.246,55.098,92.000,75.000
75.246,55.098,92.000,75.000
75.246,56.206,92.000,75.000
75.246,56.706,92.000,74.000
75.246,56.706,92.000,74.000
75.746,61.099,91.000,74.000
75.746,61.099,91.000,74.000
75.746,61.099,91.000,74.000
80.126,61.099,91.000,74.000
80.126,61.099,91.000,74.000
80.626,61.099,90.000,74.000
80.626,61.099,90.000,74.000
80.626,61.099,90.000,74.000
80.626,63.783,90.000,73.000
80.626,63.783,90.000,73.000
80.626,63.783,90.000,73.000
81.126,68.109,89.000,73.000
81.126,68.609,89.000,72.000
85.900,68.609,88.000,72.000
85.400,64.348,89.000,72.000
85.900,64.348,88.000,72.000
85.900,64.348,88.000,72.000
85.900,64.848,88.000,71.000
86.400,64.848,87.000,71.000
86.900,65.348,86.000,70.000
86.400,61.194,87.000,70.000
90.026,61.194,86.000,70.000
90.026,61.194,86.000,70.000
90.026,61.194,86.000,70.000
90.026,57.039,86.000,70.000
90.026,57.039,86.000,70.000
90.026,57.039,86.000,70.000
90.026,57.039,86.000,70.000
94.180,57.039,86.000,70.000
94.180,57.039,86.000,70.000
94.680,57.539,85.000,69.000
94.680,53.465,85.000,69.000
94.680,53.465,85.000,69.000
94.680,53.465,85.000,69.000
97.736,53.465,85.000,69.000
97.736,57.539,85.000,69.000
97.736,57.539,85.000,69.000
102.311,57.539,84.000,69.000
102.311,57.539,84.000,69.000
102.311,61.085,84.000,68.000
102.311,61.085,84.000,68.000
102.811,61.085,83.000,68.000
102.811,61.585,83.000,67.000
102.811,61.585,83.000,67.000
102.811,61.585,83.000,67.000
106.778,61.585,83.000,67.000
106.778,61.585,83.000,67.000
106.778,61.585,83.000,67.000
106.778,61.585,83.000,67.000
106.778,61.585,83.000,67.000
107.278,65.553,82.000,67.000
111.233,66.053,82.000,66.000
107.792,66.053,81.000,66.000
111.695,66.053,81.000,66.000
111.695,66.053,81.000,66.000
112.195,66.553,80.000,65.000
112.195,66.553,80.000,65.000
112.195,66.553,80.000,65.000
112.195,66.553,80.000,65.000
112.195,62.705,80.000,65.000
116.043,62.705,80.000,65.000
116.043,62.705,80.000,65.000
116.543,63.205,79.000,64.000
116.543,63.205,79.000,64.000
116.543,63.205,79.000,64.000
117.043,63.205,78.000,64.000
120.798,63.205,78.000,64.000
120.798,63.705,78.000,63.000
120.798,63.705,78.000,63.000
120.798,63.705,78.000,63.000
120.798,63.205,78.000,64.000
121.737,63.205,78.000,64.000
121.737,61.827,78.000,63.000
124.979,61.327,79.000,64.000
124.979,61.327,79.000,64.000
124.979,60.827,79.000,65.000
124.479,60.827,80.000,65.000
124.479,60.827,80.000,65.000
124.479,60.827,80.000,65.000
124.479,60.827,80.000,65.000
128.827,61.327,79.000,64.000
128.827,61.327,79.000,64.000
128.827,64.174,79.000,64.000
128.827,63.225,79.000,64.000
128.827,63.225,79.000,64.000
132.623,63.225,79.000,64.000
133.123,63.225,78.000,64.000
133.123,63.725,78.000,63.000
133.123,63.725,78.000,63.000
137.364,63.725,77.000,63.000
137.364,67.454,77.000,63.000
137.364,67.454,77.000,63.000
137.364,67.454,77.000,63.000
136.864,67.454,78.000,63.000
140.605,67.454,78.000,63.000
140.605,67.454,78.000,63.000
141.105,64.212,77.000,62.000
141.605,64.212,76.000,62.000
145.254,64.212,76.000,62.000
145.754,65.625,75.000,61.000
145.754,65.625,75.000,61.000
145.754,65.625,75.000,61.000
149.376,65.625,75.000,61.000
149.376,65.625,75.000,61.000
149.376,65.625,75.000,61.000
149.376,65.625,75.000,61.000
149.376,65.625,75.000,61.000
153.498,66.125,74.000,60.000
153.498,66.125,74.000,60.000
153.498,66.125,74.000,60.000
153.498,66.125,74.000,60.000
157.040,66.125,74.000,60.000
157.540,66.125,73.000,60.000
157.540,66.125,73.000,60.000
157.540,66.625,73.000,59.000
161.055,66.625,73.000,59.000
161.555,64.867,72.000,59.000
161.555,65.367,72.000,58.000
161.555,65.367,72.000,58.000
161.555,65.367,72.000,58.000
165.489,65.367,71.000,58.000
165.489,65.367,71.000,58.000
165.489,65.367,71.000,58.000
165.489,65.367,71.000,58.000
165.489,65.367,71.000,58.000
165.489,65.367,71.000,58.000
168.912,65.367,71.000,58.000
168.912,65.867,71.000,57.000
168.912,65.367,71.000,58.000
168.912,65.367,71.000,58.000
172.334,65.867,71.000,57.000
172.334,65.867,71.000,57.000
172.834,65.867,70.000,57.000
172.834,64.183,70.000,57.000
172.834,64.183,70.000,57.000
176.201,61.658,70.000,57.000
176.201,61.658,70.000,57.000
176.201,61.658,70.000,57.000
176.201,61.658,70.000,57.000
176.201,61.658,70.000,57.000
180.069,62.158,69.000,56.000
180.069,62.158,69.000,56.000
180.069,62.158,69.000,56.000
180.069,62.158,69.000,56.000
180.069,62.158,69.000,56.000
180.069,62.158,69.000,56.000
183.384,62.158,69.000,56.000
183.384,62.158,69.000,56.000
183.884,62.158,68.000,56.000
183.884,62.158,68.000,56.000
183.884,62.158,68.000,56.000
183.884,65.461,68.000,56.000
187.187,65.961,68.000,55.000
187.187,65.961,68.000,55.000
187.187,69.221,68.000,55.000
187.187,68.721,68.000,56.000
187.187,65.418,68.000,56.000
187.187,65.418,68.000,56.000
190.490,65.418,68.000,56.000
190.490,62.616,68.000,55.000
190.490,62.116,68.000,56.000
190.490,62.116,68.000,56.000
189.990,62.116,69.000,56.000
189.990,62.116,69.000,56.000
190.490,62.116,68.000,56.000
190.490,62.616,68.000,55.000
193.750,65.376,68.000,56.000
193.750,65.376,68.000,56.000
193.750,65.876,68.000,55.000
193.750,62.616,68.000,55.000
193.750,62.616,68.000,55.000
193.750,62.616,68.000,55.000
193.750,62.616,68.000,55.000
193.750,62.616,68.000,55.000
193.750,62.616,68.000,55.000
193.750,62.616,68.000,55.000
193.750,62.616,68.000,55.000
194.250,62.616,67.000,55.000
194.250,65.838,67.000,55.000
194.250,65.838,67.000,55.000
195.862,65.838,67.000,55.000
195.862,66.338,67.000,54.000
195.862,66.338,67.000,54.000
195.862,66.338,67.000,54.000
199.070,66.338,67.000,54.000
199.070,63.130,67.000,54.000
199.070,64.734,67.000,54.000
199.070,64.234,67.000,55.000
199.070,64.234,67.000,55.000
198.570,67.457,68.000,55.000
201.831,64.196,68.000,55.000
201.831,67.457,68.000,55.000
201.831,67.457,68.000,55.000
201.831,67.457,68.000,55.000
201.831,67.457,68.000,55.000
202.331,67.457,67.000,55.000
202.331,67.457,67.000,55.000
202.331,67.457,67.000,55.000
202.331,67.457,67.000,55.000
205.554,67.457,67.000,55.000
205.554,64.234,67.000,55.000
205.554,64.234,67.000,55.000
205.554,64.234,67.000,55.000
205.554,64.234,67.000,55.000
205.554,64.234,67.000,55.000
205.554,67.457,67.000,55.000
208.776,67.457,67.000,55.000
208.776,67.457,67.000,55.000
208.776,67.457,67.000,55.000
208.776,67.457,67.000,55.000
208.776,67.457,67.000,55.000
208.776,67.457,67.000,55.000
208.776,67.957,67.000,54.000
211.985,67.957,67.000,54.000
211.985,67.957,67.000,54.000
211.985,67.957,67.000,54.000
211.985,64.748,67.000,54.000
211.985,67.457,67.000,55.000
211.985,67.457,67.000,55.000
211.985,67.457,67.000,55.000
211.985,67.957,67.000,54.000
211.985,67.957,67.000,54.000
215.194,67.957,67.000,54.000
215.194,67.957,67.000,54.000
215.194,67.957,67.000,54.000
215.194,67.957,67.000,54.000
215.694,64.748,66.000,54.000
215.694,64.748,66.000,54.000
215.694,64.748,66.000,54.000
215.694,64.748,66.000,54.000
215.694,71.939,66.000,54.000
215.694,75.135,66.000,54.000
218.890,75.135,66.000,54.000
218.890,75.135,66.000,54.000
218.890,75.135,66.000,54.000
218.890,71.939,66.000,54.000
218.890,68.743,66.000,54.000
218.890,65.547,66.000,54.000
222.086,58.356,66.000,54.000
222.086,55.160,66.000,54.000
222.086,55.160,66.000,54.000
222.086,55.160,66.000,54.000
222.086,55.160,66.000,54.000
222.086,58.356,66.000,54.000
222.086,58.356,66.000,54.000
222.086,64.748,66.000,54.000
222.086,64.748,66.000,54.000
222.086,67.944,66.000,54.000
222.086,67.944,66.000,54.000
222.086,67.944,66.000,54.000
225.282,67.944,66.000,54.000
225.282,67.944,66.000,54.000
225.282,67.944,66.000,54.000
225.282,64.748,66.000,54.000
225.282,64.748,66.000,54.000
225.282,64.748,66.000,54.000
225.282,64.748,66.000,54.000
225.282,64.748,66.000,54.000
225.282,64.748,66.000,54.000
225.282,64.748,66.000,54.000
225.282,64.748,66.000,54.000
225.282,64.748,66.000,54.000
225.282,65.248,66.000,53.000
225.282,65.248,66.000,53.000
226.859,64.748,66.000,54.000
226.859,67.944,66.000,54.000
226.859,67.944,66.000,54.000
226.859,71.140,66.000,54.000
226.859,67.944,66.000,54.000
226.859,71.140,66.000,54.000
226.859,71.140,66.000,54.000
226.859,74.336,66.000,54.000
226.859,71.140,66.000,54.000
226.859,74.336,66.000,54.000
226.859,70.341,66.000,54.000
226.859,66.346,66.000,54.000
226.859,66.346,66.000,54.000
226.859,66.346,66.000,54.000
226.859,66.346,66.000,54.000
226.859,70.341,66.000,54.000
226.859,70.341,66.000,54.000
226.859,73.537,66.000,54.000
226.859,70.341,66.000,54.000
226.859,70.341,66.000,54.000
226.859,67.145,66.000,54.000
226.859,67.145,66.000,54.000
226.859,67.145,66.000,54.000
226.359,63.949,67.000,54.000
226.859,63.949,66.000,54.000
226.359,63.949,67.000,54.000
226.859,63.949,66.000,54.000
226.359,63.949,67.000,54.000
226.359,63.949,67.000,54.000
226.359,63.949,67.000,54.000
226.359,63.949,67.000,54.000
226.359,63.949,67.000,54.000
226.359,67.158,67.000,54.000
226.359,67.158,67.000,54.000
223.150,63.949,67.000,54.000
223.150,67.158,67.000,54.000
223.150,63.949,67.000,54.000
223.150,63.449,67.000,55.000
223.150,63.449,67.000,55.000
223.150,63.449,67.000,55.000
223.150,63.449,67.000,55.000
223.150,63.449,67.000,55.000
223.150,66.672,67.000,55.000
223.150,66.672,67.000,55.000
223.150,66.672,67.000,55.000
223.150,66.672,67.000,55.000
219.121,67.172,67.000,54.000
219.121,64.765,67.000,54.000
222.330,64.765,67.000,54.000
221.528,64.265,67.000,55.000
221.528,64.265,67.000,55.000
218.305,64.265,67.000,55.000
218.305,64.265,67.000,55.000
218.305,64.265,67.000,55.000
218.305,64.265,67.000,55.000
218.305,64.265,67.000,55.000
218.305,67.488,67.000,55.000
215.083,64.265,67.000,55.000
215.083,64.265,67.000,55.000
215.083,64.265,67.000,55.000
215.083,64.265,67.000,55.000
214.583,64.265,68.000,55.000
214.583,64.265,68.000,55.000
211.322,67.526,68.000,55.000
211.322,64.265,68.000,55.000
211.322,67.526,68.000,55.000
211.322,67.526,68.000,55.000
211.322,67.526,68.000,55.000
211.322,67.526,68.000,55.000
211.322,67.026,68.000,56.000
210.822,63.723,69.000,56.000
210.822,67.038,69.000,56.000
208.007,67.038,68.000,56.000
208.007,67.038,68.000,56.000
208.007,67.038,68.000,56.000
208.007,67.038,68.000,56.000
208.007,63.736,68.000,56.000
208.007,63.736,68.000,56.000
207.507,63.736,69.000,56.000
207.507,63.736,69.000,56.000
207.507,63.736,69.000,56.000
207.507,63.736,69.000,56.000
207.507,63.736,69.000,56.000
207.507,63.736,69.000,56.000
207.507,63.736,69.000,56.000
204.191,63.736,69.000,56.000
204.191,63.736,69.000,56.000
204.191,63.736,69.000,56.000
204.191,63.736,69.000,56.000
204.191,63.736,69.000,56.000
204.191,67.051,69.000,56.000
204.191,63.736,69.000,56.000
204.191,67.051,69.000,56.000
203.691,66.551,70.000,57.000
203.691,63.184,70.000,57.000
203.691,66.551,70.000,57.000
203.691,66.551,70.000,57.000
203.691,66.551,70.000,57.000
203.691,66.551,70.000,57.000
203.691,66.551,70.000,57.000
203.691,66.551,70.000,57.000
203.691,63.184,70.000,57.000
203.691,63.184,70.000,57.000
203.191,63.184,71.000,57.000
203.191,62.684,71.000,58.000
203.191,62.684,71.000,58.000
203.191,62.684,71.000,58.000
203.191,62.684,71.000,58.000
203.191,62.684,71.000,58.000
199.769,62.684,71.000,58.000
199.769,62.684,71.000,58.000
199.769,62.684,71.000,58.000
199.769,62.684,71.000,58.000
199.769,66.106,71.000,58.000
199.769,66.106,71.000,58.000
199.769,66.106,71.000,58.000
199.269,66.106,72.000,58.000
199.769,66.106,71.000,58.000
199.269,66.106,72.000,58.000
199.269,66.106,72.000,58.000
199.269,65.247,72.000,58.000
199.269,64.747,72.000,59.000
199.269,64.747,72.000,59.000
199.269,64.747,72.000,59.000
199.269,64.747,72.000,59.000
199.269,61.273,72.000,59.000
198.769,61.273,73.000,59.000
198.769,61.273,73.000,59.000
198.769,61.273,73.000,59.000
195.254,61.273,73.000,59.000
195.254,61.273,73.000,59.000
195.254,61.273,73.000,59.000
198.769,61.273,73.000,59.000
198.769,61.273,73.000,59.000
198.769,60.773,73.000,60.000
198.769,60.773,73.000,60.000
198.769,60.773,73.000,60.000
198.269,60.773,74.000,60.000
198.269,60.773,74.000,60.000
198.269,60.773,74.000,60.000
198.269,60.773,74.000,60.000
198.269,60.773,74.000,60.000
198.269,60.773,74.000,60.000
197.383,60.273,74.000,61.000
197.383,60.773,74.000,60.000
197.383,60.273,74.000,61.000
196.883,60.273,75.000,61.000
196.883,63.895,75.000,61.000
196.883,60.273,75.000,61.000
196.883,63.895,75.000,61.000
196.883,63.895,75.000,61.000
196.883,63.895,75.000,61.000
196.883,63.895,75.000,61.000
196.883,63.895,75.000,61.000
196.883,61.178,75.000,61.000
196.883,61.178,75.000,61.000
196.883,64.800,75.000,61.000
196.883,64.800,75.000,61.000
197.789,64.800,75.000,61.000
197.289,64.800,76.000,61.000
197.289,64.300,76.000,62.000
197.289,64.300,76.000,62.000
197.289,64.300,76.000,62.000
200.937,64.300,76.000,62.000
200.937,61.564,76.000,62.000
200.437,61.564,77.000,62.000
200.437,61.564,77.000,62.000
200.437,61.064,77.000,63.000
200.437,61.064,77.000,63.000
200.437,61.064,77.000,63.000
199.937,61.064,78.000,63.000
199.937,61.064,78.000,63.000
199.937,61.064,78.000,63.000
199.937,61.064,78.000,63.000
201.808,61.064,78.000,63.000
201.808,60.564,78.000,64.000
201.808,60.564,78.000,64.000
201.808,60.564,78.000,64.000
201.808,60.564,78.000,64.000
205.063,60.564,79.000,64.000
205.063,60.564,79.000,64.000
205.063,60.564,79.000,64.000
205.063,60.564,79.000,64.000
205.063,56.768,79.000,64.000
205.063,56.768,79.000,64.000
208.859,56.768,79.000,64.000
208.359,56.268,80.000,65.000
208.359,60.116,80.000,65.000
208.359,60.116,80.000,65.000
208.359,60.116,80.000,65.000
208.359,60.116,80.000,65.000
211.708,59.616,81.000,66.000
211.708,59.616,81.000,66.000
211.708,59.616,81.000,66.000
211.708,59.616,81.000,66.000
211.708,59.616,81.000,66.000
211.708,59.616,81.000,66.000
214.135,59.616,82.000,66.000
214.135,59.616,82.000,66.000
214.135,59.116,82.000,67.000
214.135,59.116,82.000,67.000
218.090,59.116,82.000,67.000
218.090,59.116,82.000,67.000
217.590,61.093,83.000,67.000
217.590,61.093,83.000,67.000
217.590,61.093,83.000,67.000
221.557,60.593,83.000,68.000
221.557,60.593,83.000,68.000
221.057,60.593,84.000,68.000
221.057,60.593,84.000,68.000
221.057,60.593,84.000,68.000
225.105,60.593,84.000,68.000
224.605,60.093,85.000,69.000
224.605,60.093,85.000,69.000
224.605,60.093,85.000,69.000
228.679,60.093,85.000,69.000
228.179,59.593,86.000,70.000
228.179,59.593,86.000,70.000
228.179,59.593,86.000,70.000
232.334,59.593,86.000,70.000
231.834,59.593,87.000,70.000
231.834,59.093,87.000,71.000
231.834,59.093,87.000,71.000
231.834,59.093,87.000,71.000
236.015,59.093,87.000,71.000
235.515,59.093,88.000,71.000
235.515,59.093,88.000,71.000
239.734,58.593,88.000,72.000
239.234,58.593,89.000,72.000
239.234,53.819,89.000,73.000
238.734,53.819,90.000,73.000
238.734,53.819,90.000,73.000
243.060,53.819,90.000,73.000
242.560,57.645,91.000,74.000
242.560,57.645,91.000,74.000
242.560,57.645,91.000,74.000
242.560,57.645,91.000,74.000
242.560,57.645,91.000,74.000
246.941,57.645,91.000,74.000
246.441,57.645,92.000,74.000
246.441,57.145,92.000,75.000
246.441,57.145,92.000,75.000
250.874,57.145,92.000,75.000
250.874,57.145,92.000,75.000
250.374,61.578,93.000,75.000
250.374,61.078,93.000,76.000
250.374,61.078,93.000,76.000
250.374,61.078,93.000,76.000
254.861,61.078,93.000,76.000
254.361,61.078,94.000,76.000
254.361,61.078,94.000,76.000
254.361,60.578,94.000,77.000
253.861,60.578,95.000,77.000
258.442,60.578,95.000,77.000
258.442,60.578,95.000,77.000
258.442,60.578,95.000,77.000
258.442,60.078,95.000,78.000
258.442,60.078,95.000,78.000
262.536,55.484,96.000,78.000
262.536,60.091,96.000,78.000
262.536,60.091,96.000,78.000
262.036,54.984,97.000,79.000
262.036,59.671,97.000,79.000
262.036,59.671,97.000,79.000
266.723,54.984,97.000,79.000
266.223,54.484,98.000,80.000
266.223,54.484,98.000,80.000
265.723,54.484,99.000,80.000
265.723,54.484,99.000,80.000
265.723,54.484,99.000,80.000
270.478,59.238,99.000,80.000
270.478,58.738,99.000,81.000
270.478,58.738,99.000,81.000
269.978,58.738,100.000,81.000
269.978,58.738,100.000,81.000
269.978,58.738,100.000,81.000
269.978,58.738,100.000,81.000
