73.000,126.000,29.000,23.000
73.000,126.000,29.000,23.000
74.384,126.000,29.000,23.000
75.769,126.000,29.000,23.000
75.769,126.000,29.000,23.000
75.769,124.616,29.000,23.000
77.153,124.616,29.000,23.000
78.537,124.616,29.000,23.000
78.537,124.616,29.000,23.000
79.922,124.616,29.000,23.000
79.922,124.616,29.000,23.000
79.922,124.616,29.000,23.000
81.306,123.577,29.000,23.000
81.306,123.577,29.000,23.000
81.306,123.577,29.000,23.000
82.690,122.193,29.000,23.000
82.690,122.193,29.000,23.000
83.190,122.193,28.000,23.000
84.534,122.193,28.000,23.000
84.534,122.193,28.000,23.000
84.534,122.193,28.000,23.000
85.877,122.193,28.000,23.000
85.877,122.193,28.000,23.000
86.721,122.193,29.000,23.000
87.221,122.193,28.000,23.000
87.221,122.193,28.000,23.000
88.564,122.193,28.000,23.000
88.564,122.193,28.000,23.000
88.564,123.029,28.000,22.000
89.868,122.529,28.000,23.000
89.868,122.529,28.000,23.000
89.868,122.529,28.000,23.000
89.868,122.529,28.000,23.000
91.212,122.529,28.000,23.000
90.712,122.529,29.000,23.000
91.212,122.529,28.000,23.000
90.712,122.529,29.000,23.000
92.096,122.529,29.000,23.000
92.096,122.529,29.000,23.000
92.596,123.913,28.000,23.000
92.596,123.913,28.000,23.000
92.596,123.913,28.000,23.000
93.940,125.257,28.000,23.000
93.940,125.257,28.000,23.000
93.940,126.600,28.000,23.000
93.940,126.600,28.000,23.000
93.940,126.600,28.000,23.000
93.775,126.600,29.000,23.000
95.660,127.984,28.000,23.000
95.160,127.984,29.000,23.000
95.660,127.984,28.000,23.000
95.660,127.984,28.000,23.000
95.660,127.984,28.000,23.000
96.503,126.641,29.000,23.000
97.003,126.641,28.000,23.000
96.503,126.641,29.000,23.000
96.503,126.641,29.000,23.000
96.503,126.641,29.000,23.000
97.888,126.641,29.000,23.000
97.888,126.641,29.000,23.000
97.888,126.641,29.000,23.000
98.388,125.257,28.000,23.000
97.888,125.257,29.000,23.000
98.388,125.257,28.000,23.000
99.059,125.257,28.000,23.000
99.059,125.257,28.000,23.000
99.059,125.257,28.000,23.000
99.059,125.257,28.000,23.000
99.567,125.257,29.000,23.000
100.067,125.257,28.000,23.000
100.067,125.257,28.000,23.000
99.567,125.257,29.000,23.000
100.951,125.257,29.000,23.000
100.951,125.257,29.000,23.000
101.451,125.257,28.000,23.000
101.451,125.257,28.000,23.000
100.951,125.257,29.000,23.000
100.951,125.257,29.000,23.000
100.951,125.257,29.000,23.000
102.336,125.257,29.000,23.000
102.336,125.257,29.000,23.000
102.336,125.257,29.000,23.000
102.336,125.257,29.000,23.000
102.336,125.257,29.000,23.000
102.336,125.257,29.000,23.000
102.336,125.257,29.000,23.000
102.336,125.257,29.000,23.000
102.336,125.257,29.000,23.000
102.336,125.257,29.000,23.000
102.336,125.257,29.000,23.000
103.720,125.257,29.000,23.000
103.720,125.257,29.000,23.000
103.720,125.257,29.000,23.000
103.720,125.257,29.000,23.000
104.220,125.257,28.000,23.000
104.220,125.257,28.000,23.000
103.720,125.257,29.000,23.000
103.720,125.257,29.000,23.000
104.220,125.257,28.000,23.000
104.220,125.257,28.000,23.000
104.220,125.257,28.000,23.000
104.220,125.257,28.000,23.000
104.220,125.257,28.000,23.000
104.220,125.257,28.000,23.000
104.892,125.257,28.000,23.000
104.892,125.257,28.000,23.000
104.892,125.257,28.000,23.000
104.892,125.257,28.000,23.000
104.892,125.257,28.000,23.000
104.892,125.257,28.000,23.000
104.892,125.257,28.000,23.000
104.892,125.757,28.000,22.000
104.892,125.257,28.000,23.000
104.892,123.913,28.000,23.000
106.235,125.257,28.000,23.000
106.235,123.913,28.000,23.000
106.235,123.913,28.000,23.000
106.235,124.413,28.000,22.000
106.235,124.413,28.000,22.000
104.931,124.413,28.000,22.000
106.235,124.413,28.000,22.000
106.235,123.109,28.000,22.000
106.235,123.109,28.000,22.000
106.235,123.109,28.000,22.000
106.235,123.109,28.000,22.000
106.235,123.109,28.000,22.000
106.235,123.109,28.000,22.000
106.235,123.109,28.000,22.000
106.235,123.109,28.000,22.000
106.235,123.109,28.000,22.000
106.235,123.109,28.000,22.000
106.235,124.413,28.000,22.000
106.235,124.413,28.000,22.000
106.235,124.413,28.000,22.000
106.235,124.413,28.000,22.000
106.735,124.413,27.000,22.000
106.735,124.413,27.000,22.000
106.735,124.413,27.000,22.000
106.735,124.413,27.000,22.000
106.735,124.413,27.000,22.000
106.735,124.413,27.000,22.000
106.735,123.122,27.000,22.000
106.735,123.122,27.000,22.000
106.735,123.122,27.000,22.000
106.735,123.122,27.000,22.000
106.735,123.122,27.000,22.000
106.735,123.122,27.000,22.000
106.735,123.122,27.000,22.000
106.735,123.122,27.000,22.000
106.735,123.122,27.000,22.000
106.735,123.122,27.000,22.000
106.735,123.122,27.000,22.000
106.735,123.122,27.000,22.000
106.735,123.622,27.000,21.000
106.735,123.122,27.000,22.000
106.735,123.122,27.000,22.000
106.735,123.122,27.000,22.000
106.735,123.122,27.000,22.000
106.735,123.122,27.000,22.000
106.735,123.122,27.000,22.000
106.735,124.413,27.000,22.000
106.735,124.413,27.000,22.000
106.735,124.413,27.000,22.000
106.735,124.413,27.000,22.000
106.735,124.413,27.000,22.000
106.735,124.413,27.000,22.000
106.735,124.413,27.000,22.000
106.735,124.413,27.000,22.000
106.735,124.413,27.000,22.000
106.735,124.413,27.000,22.000
106.735,124.413,27.000,22.000
106.735,124.413,27.000,22.000
106.735,124.413,27.000,22.000
106.735,124.413,27.000,22.000
106.735,123.122,27.000,22.000
106.235,123.122,28.000,22.000
106.235,123.122,28.000,22.000
107.213,123.122,28.000,22.000
107.213,123.122,28.000,22.000
107.213,123.122,28.000,22.000
107.213,123.122,28.000,22.000
107.213,123.122,28.000,22.000
107.213,124.426,28.000,22.000
107.213,124.426,28.000,22.000
107.213,124.426,28.000,22.000
107.213,124.426,28.000,22.000
107.213,124.426,28.000,22.000
108.518,124.426,28.000,22.000
108.518,124.426,28.000,22.000
108.518,124.426,28.000,22.000
108.518,125.730,28.000,22.000
108.518,125.730,28.000,22.000
108.518,125.730,28.000,22.000
108.518,124.426,28.000,22.000
108.518,124.426,28.000,22.000
109.170,124.426,28.000,22.000
109.170,124.426,28.000,22.000
109.170,124.426,28.000,22.000
109.170,124.426,28.000,22.000
109.170,123.122,28.000,22.000
109.170,123.122,28.000,22.000
110.474,123.122,28.000,22.000
110.474,123.122,28.000,22.000
110.474,123.122,28.000,22.000
110.474,123.122,28.000,22.000
110.474,123.122,28.000,22.000
110.474,123.122,28.000,22.000
110.474,123.122,28.000,22.000
111.778,123.122,28.000,22.000
111.778,123.122,28.000,22.000
111.778,123.122,28.000,22.000
111.778,123.122,28.000,22.000
111.778,123.122,28.000,22.000
111.778,124.426,28.000,22.000
111.778,124.426,28.000,22.000
113.082,124.426,28.000,22.000
113.082,124.426,28.000,22.000
113.082,123.926,28.000,23.000
112.582,123.926,29.000,23.000
112.582,123.926,29.000,23.000
113.082,123.926,28.000,23.000
114.426,125.269,28.000,23.000
114.426,123.926,28.000,23.000
114.426,123.926,28.000,23.000
114.426,123.926,28.000,23.000
114.426,123.926,28.000,23.000
115.769,123.926,28.000,23.000
115.769,123.590,28.000,23.000
115.769,123.590,28.000,23.000
115.769,122.247,28.000,23.000
115.269,122.247,29.000,23.000
117.153,122.247,28.000,23.000
117.153,122.247,28.000,23.000
117.153,122.247,28.000,23.000
117.153,122.247,28.000,23.000
117.997,122.247,29.000,23.000
117.997,122.247,29.000,23.000
117.997,122.247,29.000,23.000
117.997,122.247,29.000,23.000
117.997,122.247,29.000,23.000
119.381,122.247,29.000,23.000
119.381,123.631,29.000,23.000
119.881,123.631,28.000,23.000
121.225,123.631,28.000,23.000
121.225,123.631,28.000,23.000
121.225,123.631,28.000,23.000
122.568,124.131,28.000,22.000
122.568,124.131,28.000,22.000
122.568,122.827,28.000,22.000
122.568,122.827,28.000,22.000
123.872,122.327,28.000,23.000
123.872,122.327,28.000,23.000
125.216,122.827,28.000,22.000
125.216,122.827,28.000,22.000
125.216,121.522,28.000,22.000
126.520,121.022,28.000,23.000
126.520,121.022,28.000,23.000
127.363,121.022,29.000,23.000
127.363,121.369,29.000,23.000
127.363,121.369,29.000,23.000
129.248,121.369,28.000,23.000
129.248,121.369,28.000,23.000
130.591,121.369,28.000,23.000
130.591,121.369,28.000,23.000
131.935,121.369,28.000,23.000
131.935,121.369,28.000,23.000
133.278,121.369,28.000,23.000
133.278,121.369,28.000,23.000
132.778,121.369,29.000,23.000
134.162,121.369,29.000,23.000
134.662,122.061,28.000,23.000
136.006,122.561,28.000,22.000
136.006,122.561,28.000,22.000
137.310,121.257,28.000,22.000
137.310,121.257,28.000,22.000
138.614,121.257,28.000,22.000
138.614,119.952,28.000,22.000
138.614,119.952,28.000,22.000
139.918,118.648,28.000,22.000
139.918,118.648,28.000,22.000
141.223,118.648,28.000,22.000
141.223,118.648,28.000,22.000
142.527,118.648,28.000,22.000
142.527,118.648,28.000,22.000
142.527,118.648,28.000,22.000
143.831,118.648,28.000,22.000
143.831,118.648,28.000,22.000
143.831,119.952,28.000,22.000
145.135,119.952,28.000,22.000
145.135,119.952,28.000,22.000
145.135,119.952,28.000,22.000
146.440,119.952,28.000,22.000
146.440,119.952,28.000,22.000
146.440,119.952,28.000,22.000
147.744,119.952,28.000,22.000
147.744,119.952,28.000,22.000
147.744,118.648,28.000,22.000
148.722,118.648,28.000,22.000
148.722,118.648,28.000,22.000
148.722,118.648,28.000,22.000
148.722,118.148,28.000,23.000
150.065,118.148,28.000,23.000
150.065,118.148,28.000,23.000
150.065,118.148,28.000,23.000
150.065,118.148,28.000,23.000
150.065,118.148,28.000,23.000
150.065,119.492,28.000,23.000
151.409,119.992,28.000,22.000
151.409,119.992,28.000,22.000
151.409,121.622,28.000,22.000
151.409,121.622,28.000,22.000
151.409,123.252,28.000,22.000
151.409,124.556,28.000,22.000
151.409,124.556,28.000,22.000
150.105,124.556,28.000,22.000
150.105,125.860,28.000,22.000
150.105,125.360,28.000,23.000
150.105,125.860,28.000,22.000
150.105,125.860,28.000,22.000
150.105,124.056,28.000,23.000
150.105,124.056,28.000,23.000
148.261,122.713,29.000,23.000
148.261,122.713,29.000,23.000
148.261,121.328,29.000,23.000
148.261,121.328,29.000,23.000
146.877,119.944,29.000,23.000
146.877,119.944,29.000,23.000
146.877,119.944,29.000,23.000
145.492,119.944,29.000,23.000
145.492,118.560,29.000,23.000
144.108,118.560,29.000,23.000
144.108,119.944,29.000,23.000
144.108,119.944,29.000,23.000
142.724,119.944,29.000,23.000
142.724,119.944,29.000,23.000
141.339,121.328,29.000,23.000
139.955,121.328,29.000,23.000
139.955,122.713,29.000,23.000
138.571,124.097,29.000,23.000
138.571,124.097,29.000,23.000
137.186,124.097,29.000,23.000
135.802,124.097,29.000,23.000
135.802,125.482,29.000,23.000
134.418,125.482,29.000,23.000
134.418,125.482,29.000,23.000
133.033,126.866,29.000,23.000
131.149,126.866,30.000,23.000
129.752,126.366,30.000,24.000
129.752,126.366,30.000,24.000
128.341,127.777,30.000,24.000
126.930,127.777,30.000,24.000
126.930,127.777,30.000,24.000
125.519,127.777,30.000,24.000
124.108,127.777,30.000,24.000
122.697,127.777,30.000,24.000
120.786,129.188,31.000,24.000
120.786,129.188,31.000,24.000
119.334,129.188,31.000,24.000
117.882,129.188,31.000,24.000
117.882,127.236,31.000,25.000
116.018,127.236,31.000,25.000
114.527,127.236,31.000,25.000
114.527,127.236,31.000,25.000
112.663,127.236,31.000,25.000
110.672,127.236,32.000,25.000
109.168,127.236,32.000,25.000
109.168,127.236,32.000,25.000
107.288,127.236,32.000,25.000
105.784,125.732,32.000,25.000
104.281,126.736,32.000,26.000
104.281,126.736,32.000,26.000
102.383,126.736,32.000,26.000
100.365,126.736,33.000,26.000
98.807,126.736,33.000,26.000
97.248,126.736,33.000,26.000
97.248,126.736,33.000,26.000
95.300,126.736,33.000,26.000
93.241,126.236,34.000,27.000
91.631,126.236,34.000,27.000
90.020,126.236,34.000,27.000
88.409,126.236,34.000,27.000
88.409,126.236,34.000,27.000
86.396,126.236,34.000,27.000
84.286,126.236,35.000,27.000
84.286,125.736,35.000,28.000
82.620,127.402,35.000,28.000
80.955,127.402,35.000,28.000
79.290,127.402,35.000,28.000
78.790,127.402,36.000,28.000
76.660,127.402,36.000,28.000
74.957,126.902,36.000,29.000
74.957,126.902,36.000,29.000
72.740,126.902,37.000,29.000
