141.000,73.000,27.000,34.000
141.000,73.000,27.000,34.000
141.000,73.000,27.000,34.000
141.000,73.000,27.000,34.000
142.611,73.000,27.000,34.000
142.611,73.000,27.000,34.000
142.611,73.000,27.000,34.000
142.611,73.000,27.000,34.000
144.221,73.000,27.000,34.000
144.221,73.000,27.000,34.000
145.832,73.000,27.000,34.000
145.832,73.000,27.000,34.000
145.832,73.000,27.000,34.000
145.832,73.000,27.000,34.000
147.443,73.000,27.000,34.000
147.443,73.000,27.000,34.000
149.053,73.000,27.000,34.000
149.053,73.000,27.000,34.000
150.664,73.000,27.000,34.000
152.274,73.000,27.000,34.000
154.288,73.000,27.000,34.000
154.288,73.000,27.000,34.000
155.898,73.000,27.000,34.000
157.509,73.000,27.000,34.000
159.120,73.000,27.000,34.000
160.730,73.000,27.000,34.000
162.341,73.000,27.000,34.000
163.951,73.000,27.000,34.000
164.757,73.000,27.000,34.000
166.367,73.000,27.000,34.000
168.381,73.000,27.000,34.000
168.381,73.000,27.000,34.000
169.991,73.000,27.000,34.000
171.602,73.000,27.000,34.000
172.407,73.000,27.000,34.000
174.018,73.000,27.000,34.000
174.018,73.000,27.000,34.000
175.629,73.000,27.000,34.000
175.629,73.000,27.000,34.000
177.239,73.000,27.000,34.000
177.239,73.000,27.000,34.000
177.239,73.000,27.000,34.000
178.850,73.000,27.000,34.000
178.850,73.000,27.000,34.000
178.850,73.000,27.000,34.000
178.850,73.000,27.000,34.000
178.850,73.000,27.000,34.000
177.239,73.000,27.000,34.000
177.239,73.000,27.000,34.000
175.629,73.000,27.000,34.000
174.018,73.000,27.000,34.000
174.018,73.000,27.000,34.000
172.407,73.000,27.000,34.000
170.797,73.000,27.000,34.000
169.186,73.000,27.000,34.000
167.575,73.000,27.000,34.000
165.965,73.000,27.000,34.000
164.354,73.000,27.000,34.000
162.744,73.000,27.000,34.000
161.133,73.000,27.000,34.000
157.509,73.000,27.000,34.000
157.509,73.000,27.000,34.000
155.496,73.000,27.000,34.000
153.885,73.000,27.000,34.000
151.872,73.000,27.000,34.000
149.858,73.000,27.000,34.000
148.248,73.000,27.000,34.000
146.235,73.000,27.000,34.000
144.624,73.000,27.000,34.000
142.611,73.000,27.000,34.000
138.987,73.000,27.000,34.000
138.987,73.000,27.000,34.000
136.973,73.805,27.000,34.000
135.363,73.805,27.000,34.000
133.350,73.805,27.000,34.000
131.739,73.805,27.000,34.000
130.128,73.805,27.000,34.000
128.115,75.416,27.000,34.000
126.504,75.416,27.000,34.000
124.894,75.416,27.000,34.000
122.880,75.416,27.000,34.000
122.880,75.416,27.000,34.000
122.075,75.416,27.000,34.000
122.075,75.416,27.000,34.000
120.464,75.416,27.000,34.000
120.464,75.416,27.000,34.000
120.464,75.416,27.000,34.000
120.464,75.416,27.000,34.000
120.464,76.221,27.000,34.000
120.464,76.721,27.000,33.000
120.464,76.721,27.000,33.000
120.464,76.721,27.000,33.000
120.964,76.721,26.000,33.000
119.406,76.721,26.000,33.000
119.406,76.721,26.000,33.000
119.406,76.721,26.000,33.000
120.964,76.721,26.000,33.000
120.964,76.721,26.000,33.000
120.964,78.280,26.000,33.000
120.964,78.780,26.000,32.000
120.964,78.780,26.000,32.000
117.549,78.280,26.000,33.000
117.549,78.280,26.000,33.000
117.549,78.280,26.000,33.000
117.939,78.280,26.000,33.000
117.939,78.280,26.000,33.000
119.497,78.780,26.000,32.000
121.395,79.798,26.000,33.000
122.953,79.798,26.000,33.000
124.512,79.798,26.000,33.000
125.571,79.298,27.000,34.000
125.168,79.298,27.000,34.000
126.778,79.298,27.000,34.000
126.778,79.298,27.000,34.000
129.194,79.298,27.000,34.000
130.402,79.298,27.000,34.000
134.026,79.298,27.000,34.000
135.234,78.798,27.000,35.000
134.734,78.798,28.000,35.000
136.400,78.798,28.000,35.000
140.147,78.798,28.000,35.000
140.147,78.798,28.000,35.000
143.894,76.716,28.000,35.000
146.059,77.216,27.000,34.000
146.059,77.216,27.000,34.000
147.670,77.216,27.000,34.000
147.670,77.216,27.000,34.000
149.280,77.216,27.000,34.000
149.280,77.716,27.000,33.000
151.378,77.716,26.000,33.000
152.937,77.716,26.000,33.000
152.937,77.716,26.000,33.000
152.937,77.716,26.000,33.000
152.937,77.716,26.000,33.000
154.495,77.716,26.000,33.000
154.495,77.716,26.000,33.000
156.054,77.716,26.000,33.000
156.054,77.716,26.000,33.000
157.613,77.716,26.000,33.000
157.613,77.716,26.000,33.000
159.171,77.716,26.000,33.000
159.171,77.716,26.000,33.000
159.171,79.275,26.000,33.000
159.171,79.775,26.000,32.000
159.171,79.775,26.000,32.000
159.171,79.775,26.000,32.000
159.171,81.293,26.000,32.000
159.171,81.293,26.000,32.000
159.171,82.431,26.000,32.000
158.412,82.431,26.000,32.000
158.412,84.328,26.000,32.000
158.412,84.328,26.000,32.000
158.912,84.328,25.000,32.000
158.912,85.832,25.000,32.000
158.912,85.832,25.000,32.000
158.912,86.960,25.000,32.000
158.912,86.960,25.000,32.000
158.912,88.464,25.000,32.000
158.912,89.967,25.000,32.000
158.912,90.467,25.000,31.000
158.912,92.331,25.000,31.000
158.912,92.331,25.000,31.000
158.912,92.331,25.000,31.000
159.412,92.331,24.000,31.000
159.412,93.194,24.000,30.000
159.412,93.194,24.000,30.000
159.412,93.194,24.000,30.000
159.412,93.194,24.000,30.000
159.412,93.194,24.000,30.000
159.412,93.194,24.000,30.000
159.412,93.194,24.000,30.000
159.412,93.194,24.000,30.000
159.412,93.194,24.000,30.000
158.354,93.194,24.000,30.000
158.354,91.783,24.000,30.000
158.354,91.783,24.000,30.000
156.943,91.783,24.000,30.000
156.943,89.872,24.000,31.000
156.943,89.872,24.000,31.000
154.991,89.872,25.000,31.000
154.991,88.008,25.000,31.000
154.991,88.008,25.000,31.000
153.500,86.017,25.000,32.000
153.500,86.017,25.000,32.000
153.500,84.513,25.000,32.000
153.000,84.513,26.000,32.000
153.000,82.995,26.000,32.000
153.000,82.995,26.000,32.000
153.000,80.978,26.000,33.000
153.000,80.978,26.000,33.000
153.000,79.919,26.000,32.000
153.000,79.919,26.000,32.000
153.000,79.919,26.000,32.000
153.379,79.419,26.000,33.000
153.379,79.419,26.000,33.000
153.379,79.419,26.000,33.000
153.379,79.419,26.000,33.000
153.379,77.860,26.000,33.000
154.548,78.360,26.000,32.000
154.548,78.360,26.000,32.000
154.548,78.360,26.000,32.000
154.548,78.360,26.000,32.000
154.548,78.360,26.000,32.000
154.548,77.601,26.000,32.000
155.307,77.601,26.000,32.000
155.307,77.601,26.000,32.000
155.307,77.601,26.000,32.000
155.307,77.601,26.000,32.000
155.307,77.601,26.000,32.000
155.307,77.601,26.000,32.000
153.789,77.601,26.000,32.000
153.789,77.601,26.000,32.000
152.271,77.601,26.000,32.000
150.753,77.101,26.000,33.000
149.195,77.101,26.000,33.000
147.636,77.101,26.000,33.000
146.078,78.660,26.000,33.000
144.130,78.660,26.000,33.000
140.623,78.660,26.000,33.000
138.674,78.660,26.000,33.000
133.219,78.660,26.000,33.000
133.219,78.660,26.000,33.000
129.713,78.660,26.000,33.000
127.764,78.660,26.000,33.000
124.647,78.660,26.000,33.000
122.699,78.660,26.000,33.000
120.751,78.660,26.000,33.000
117.634,78.660,26.000,33.000
116.075,78.660,26.000,33.000
114.517,78.660,26.000,33.000
111.010,78.660,26.000,33.000
111.010,78.660,26.000,33.000
109.451,78.660,26.000,33.000
109.451,78.660,26.000,33.000
107.893,78.660,26.000,33.000
107.503,78.660,26.000,33.000
105.944,78.660,26.000,33.000
105.944,79.160,26.000,32.000
105.944,79.160,26.000,32.000
104.427,79.160,26.000,32.000
104.427,79.160,26.000,32.000
104.427,79.160,26.000,32.000
104.427,79.160,26.000,32.000
104.427,79.160,26.000,32.000
104.427,80.678,26.000,32.000
104.427,80.678,26.000,32.000
104.427,80.678,26.000,32.000
104.427,80.678,26.000,32.000
104.427,81.437,26.000,32.000
104.927,81.437,25.000,32.000
104.927,83.317,25.000,32.000
104.927,83.317,25.000,32.000
106.430,83.317,25.000,32.000
106.430,84.820,25.000,32.000
106.430,84.820,25.000,32.000
104.927,84.820,25.000,32.000
104.927,86.324,25.000,32.000
103.423,86.824,25.000,31.000
101.932,86.824,25.000,31.000
101.932,86.451,25.000,31.000
98.576,84.960,25.000,31.000
98.576,84.960,25.000,31.000
96.712,84.960,25.000,31.000
94.848,84.960,25.000,31.000
92.984,84.960,25.000,31.000
91.120,84.960,25.000,31.000
89.256,84.960,25.000,31.000
85.901,84.960,25.000,31.000
84.410,84.960,25.000,31.000
81.928,84.960,24.000,31.000
77.209,84.960,24.000,31.000
76.709,84.960,25.000,31.000
73.354,84.960,25.000,31.000
70.499,84.960,24.000,31.000
66.732,84.960,25.000,31.000
63.750,84.960,25.000,31.000
60.895,84.960,24.000,31.000
57.128,84.960,25.000,31.000
54.146,84.960,25.000,31.000
50.791,84.960,25.000,31.000
45.944,84.960,25.000,31.000
45.944,84.960,25.000,31.000
42.589,84.960,25.000,31.000
41.098,84.960,25.000,31.000
38.116,84.960,25.000,31.000
36.624,84.960,25.000,31.000
34.761,84.960,25.000,31.000
32.897,84.960,25.000,31.000
31.033,84.960,25.000,31.000
29.169,84.960,25.000,31.000
25.813,84.960,25.000,31.000
25.813,84.960,25.000,31.000
23.949,84.960,25.000,31.000
22.458,84.960,25.000,31.000
20.967,84.960,25.000,31.000
19.476,84.960,25.000,31.000
18.730,84.960,25.000,31.000
17.239,84.960,25.000,31.000
17.239,84.960,25.000,31.000
15.748,83.469,25.000,31.000
15.748,83.469,25.000,31.000
15.748,83.469,25.000,31.000
14.257,83.469,25.000,31.000
14.257,83.469,25.000,31.000
14.257,83.469,25.000,31.000
14.257,83.469,25.000,31.000
14.257,83.469,25.000,31.000
14.257,83.469,25.000,31.000
14.257,83.469,25.000,31.000
14.257,83.469,25.000,31.000
14.257,83.469,25.000,31.000
14.257,83.469,25.000,31.000
14.257,83.469,25.000,31.000
14.257,83.469,25.000,31.000
15.748,83.469,25.000,31.000
15.748,83.469,25.000,31.000
15.748,83.469,25.000,31.000
17.239,83.469,25.000,31.000
17.239,83.469,25.000,31.000
18.730,83.469,25.000,31.000
22.085,84.960,25.000,31.000
22.085,84.960,25.000,31.000
23.577,86.451,25.000,31.000
25.441,86.451,25.000,31.000
28.423,87.943,25.000,31.000
30.287,89.434,25.000,31.000
33.642,90.925,25.000,31.000
36.997,92.416,25.000,31.000
40.352,94.280,25.000,31.000
43.708,97.262,25.000,31.000
51.909,102.109,25.000,31.000
50.418,102.109,25.000,31.000
53.773,105.091,25.000,31.000
57.128,106.455,25.000,32.000
60.512,109.839,25.000,32.000
63.895,112.846,25.000,32.000
67.279,114.726,25.000,32.000
69.159,118.109,25.000,32.000
72.542,119.613,25.000,32.000
74.422,122.245,25.000,32.000
79.685,125.628,25.000,32.000
79.685,125.628,25.000,32.000
81.565,127.508,25.000,32.000
83.444,129.388,25.000,32.000
85.324,130.891,25.000,32.000
87.204,132.395,25.000,32.000
89.084,133.523,25.000,32.000
90.587,134.275,25.000,32.000
92.467,135.779,25.000,32.000
93.971,135.779,25.000,32.000
97.354,137.658,25.000,32.000
97.354,138.158,25.000,31.000
98.845,138.158,25.000,31.000
100.337,139.650,25.000,31.000
101.828,139.650,25.000,31.000
103.319,139.650,25.000,31.000
104.810,141.141,25.000,31.000
106.301,141.141,25.000,31.000
107.793,142.632,25.000,31.000
109.284,142.632,25.000,31.000
112.639,144.123,25.000,31.000
111.148,144.123,25.000,31.000
113.012,144.123,25.000,31.000
114.503,144.123,25.000,31.000
114.503,144.123,25.000,31.000
115.994,142.632,25.000,31.000
115.994,141.141,25.000,31.000
117.485,139.650,25.000,31.000
117.485,138.158,25.000,31.000
117.485,136.667,25.000,31.000
118.977,134.803,25.000,31.000
118.977,134.303,25.000,32.000
118.977,132.800,25.000,32.000
120.480,131.296,25.000,32.000
120.480,131.296,25.000,32.000
121.484,129.792,26.000,32.000
121.484,129.792,26.000,32.000
123.002,127.774,26.000,33.000
124.561,126.215,26.000,33.000
124.561,126.215,26.000,33.000
126.119,124.657,26.000,33.000
126.119,124.657,26.000,33.000
127.678,124.657,26.000,33.000
127.678,123.098,26.000,33.000
127.678,123.098,26.000,33.000
129.236,123.098,26.000,33.000
129.236,121.540,26.000,33.000
129.236,121.540,26.000,33.000
129.236,121.540,26.000,33.000
129.236,121.540,26.000,33.000
128.736,119.981,27.000,33.000
128.736,119.481,27.000,34.000
128.736,119.481,27.000,34.000
128.736,119.481,27.000,34.000
130.347,119.481,27.000,34.000
130.347,117.871,27.000,34.000
131.958,117.871,27.000,34.000
131.958,117.871,27.000,34.000
133.568,117.871,27.000,34.000
135.179,117.871,27.000,34.000
138.803,118.371,27.000,33.000
139.303,118.371,26.000,33.000
141.251,118.371,26.000,33.000
144.758,116.812,26.000,33.000
146.706,116.812,26.000,33.000
150.213,116.812,26.000,33.000
153.220,115.253,27.000,33.000
156.815,113.655,27.000,33.000
160.911,113.655,26.000,33.000
164.417,112.097,26.000,33.000
171.041,108.590,26.000,33.000
171.041,108.590,26.000,33.000
172.989,108.590,26.000,33.000
176.496,107.031,26.000,33.000
178.055,107.031,26.000,33.000
181.172,105.473,26.000,33.000
182.731,105.473,26.000,33.000
184.289,105.473,26.000,33.000
184.289,103.914,26.000,33.000
185.848,103.914,26.000,33.000
185.848,103.914,26.000,33.000
185.848,103.914,26.000,33.000
185.848,103.914,26.000,33.000
185.848,103.525,26.000,33.000
185.848,103.525,26.000,33.000
185.848,101.966,26.000,33.000
184.289,101.966,26.000,33.000
184.289,101.966,26.000,33.000
182.341,101.966,26.000,33.000
180.782,101.966,26.000,33.000
178.834,101.966,26.000,33.000
178.834,101.966,26.000,33.000
176.886,101.966,26.000,33.000
174.827,101.966,27.000,33.000
174.827,101.966,27.000,33.000
173.229,101.466,27.000,34.000
173.229,101.466,27.000,34.000
173.229,101.466,27.000,34.000
173.229,99.855,27.000,34.000
173.229,99.855,27.000,34.000
174.840,98.245,27.000,34.000
174.840,98.245,27.000,34.000
174.840,98.245,27.000,34.000
176.853,96.634,27.000,34.000
178.464,96.634,27.000,34.000
180.075,95.024,27.000,34.000
182.088,95.024,27.000,34.000
185.309,95.024,27.000,34.000
187.322,93.413,27.000,34.000
190.946,93.413,27.000,34.000
196.681,92.302,26.000,33.000
196.681,92.302,26.000,33.000
199.798,92.302,26.000,33.000
201.746,92.302,26.000,33.000
205.253,92.302,26.000,33.000
208.760,90.744,26.000,33.000
210.708,90.744,26.000,33.000
213.825,90.744,26.000,33.000
215.773,90.744,26.000,33.000
217.722,90.744,26.000,33.000
222.787,90.744,26.000,33.000
222.787,90.744,26.000,33.000
224.735,90.744,26.000,33.000
226.683,89.185,26.000,33.000
228.632,89.185,26.000,33.000
230.580,88.127,26.000,32.000
233.995,86.609,26.000,32.000
235.513,85.091,26.000,32.000
237.410,83.573,26.000,32.000
240.446,81.555,26.000,33.000
243.953,78.438,26.000,33.000
243.953,78.438,26.000,33.000
245.901,76.879,26.000,33.000
247.460,76.879,26.000,33.000
249.018,75.321,26.000,33.000
250.187,73.762,26.000,33.000
250.577,73.762,26.000,33.000
252.135,72.593,26.000,33.000
252.135,72.593,26.000,33.000
252.525,72.593,26.000,33.000
252.525,72.593,26.000,33.000
252.525,72.593,26.000,33.000
252.525,73.093,26.000,32.000
252.525,73.093,26.000,32.000
251.007,74.611,26.000,32.000
249.489,74.611,26.000,32.000
248.351,74.611,26.000,32.000
247.592,74.611,26.000,32.000
246.074,76.129,26.000,32.000
244.556,76.129,26.000,32.000
242.020,77.647,25.000,32.000
242.020,77.647,25.000,32.000
240.517,77.647,25.000,32.000
239.013,79.151,25.000,32.000
237.509,79.151,25.000,32.000
236.005,79.151,25.000,32.000
234.501,80.654,25.000,32.000
232.622,80.654,25.000,32.000
231.118,81.154,25.000,31.000
229.627,81.154,25.000,31.000
226.272,82.646,25.000,31.000
226.272,82.646,25.000,31.000
224.408,82.646,25.000,31.000
222.544,82.646,25.000,31.000
220.680,82.646,25.000,31.000
219.316,82.646,24.000,31.000
217.864,82.646,24.000,31.000
216.049,82.646,24.000,31.000
214.597,82.646,24.000,31.000
213.146,82.646,24.000,31.000
209.879,83.146,24.000,30.000
210.232,83.146,24.000,30.000
209.173,83.146,24.000,30.000
209.173,82.440,24.000,30.000
207.762,82.440,24.000,30.000
207.762,82.440,24.000,30.000
206.351,82.440,24.000,30.000
206.351,82.440,24.000,30.000
206.351,81.940,24.000,31.000
206.351,81.940,24.000,31.000
206.351,80.488,24.000,31.000
206.351,80.488,24.000,31.000
206.351,80.488,24.000,31.000
206.351,80.988,24.000,30.000
206.351,80.988,24.000,30.000
206.704,80.988,24.000,30.000
206.704,80.988,24.000,30.000
208.115,80.988,24.000,30.000
208.115,80.988,24.000,30.000
209.526,80.988,24.000,30.000
210.937,80.988,24.000,30.000
210.937,80.988,24.000,30.000
210.937,80.283,24.000,30.000
210.937,80.283,24.000,30.000
212.348,80.283,24.000,30.000
212.348,80.283,24.000,30.000
212.348,80.283,24.000,30.000
