405.000,256.000,122.000,148.000
405.000,256.000,122.000,148.000
405.000,256.000,122.000,148.000
411.665,248.335,123.000,149.000
411.165,247.835,124.000,150.000
417.937,240.063,125.000,151.000
417.937,239.563,125.000,152.000
417.437,231.699,126.000,153.000
417.437,231.699,126.000,153.000
409.518,223.780,127.000,154.000
402.046,223.280,127.000,155.000
394.062,213.925,128.000,155.000
386.536,204.517,128.000,155.000
378.510,194.610,129.000,156.000
368.538,186.532,130.000,157.000
358.997,186.032,130.000,158.000
349.408,186.032,130.000,158.000
341.737,186.532,130.000,157.000
334.604,186.532,129.000,157.000
334.604,186.532,129.000,157.000
327.014,187.032,129.000,156.000
319.935,187.032,128.000,156.000
319.935,187.532,128.000,155.000
320.435,188.032,127.000,154.000
311.096,180.560,127.000,154.000
304.125,181.060,126.000,153.000
296.706,179.705,126.000,152.000
289.827,172.827,125.000,151.000
281.137,165.975,124.000,150.000
274.366,159.203,123.000,149.000
269.432,152.458,122.000,148.000
269.932,138.628,121.000,147.000
270.432,130.706,120.000,145.000
270.932,115.353,119.000,144.000
271.432,101.872,118.000,143.000
280.605,93.698,117.000,142.000
287.489,85.094,117.000,142.000
294.873,76.989,116.000,141.000
302.205,62.117,115.000,140.000
309.482,56.340,114.000,138.000
316.194,56.340,114.000,138.000
316.194,56.340,114.000,138.000
309.982,56.840,113.000,137.000
310.482,57.340,112.000,136.000
303.877,63.945,112.000,136.000
303.877,71.051,112.000,135.000
304.377,71.551,111.000,134.000
296.736,78.064,110.000,134.000
290.237,85.063,110.000,133.000
284.276,85.063,109.000,133.000
277.857,91.981,109.000,132.000
269.850,98.387,109.000,132.000
263.444,98.387,109.000,132.000
263.944,104.793,108.000,132.000
257.552,105.293,108.000,131.000
257.552,111.647,108.000,131.000
257.552,111.147,108.000,132.000
257.052,111.147,109.000,132.000
257.052,111.147,109.000,132.000
257.552,105.241,108.000,131.000
257.552,111.595,108.000,131.000
257.552,111.595,108.000,131.000
251.198,111.595,108.000,131.000
250.698,111.095,109.000,132.000
251.198,104.689,108.000,132.000
257.590,105.189,108.000,131.000
257.590,98.835,108.000,131.000
257.590,98.835,108.000,131.000
257.590,98.335,108.000,132.000
257.590,92.443,108.000,131.000
257.590,92.443,108.000,131.000
257.090,91.943,109.000,132.000
257.090,91.943,109.000,132.000
257.090,91.443,109.000,133.000
257.090,85.024,109.000,133.000
257.090,85.024,109.000,133.000
263.509,85.524,109.000,132.000
263.509,85.524,109.000,132.000
263.509,85.524,109.000,132.000
263.509,85.524,109.000,132.000
263.509,85.524,109.000,132.000
269.915,85.524,109.000,132.000
269.915,85.524,109.000,132.000
276.321,85.524,109.000,132.000
282.727,85.524,109.000,132.000
289.133,85.524,109.000,132.000
295.539,85.524,109.000,132.000
301.945,85.524,109.000,132.000
308.351,85.524,109.000,132.000
308.351,85.024,109.000,133.000
314.769,78.606,109.000,133.000
314.269,78.606,110.000,133.000
320.730,72.145,110.000,133.000
320.730,71.645,110.000,134.000
320.230,71.645,111.000,134.000
320.230,65.132,111.000,134.000
320.230,64.632,111.000,135.000
320.230,64.632,111.000,135.000
326.256,71.158,112.000,135.000
326.256,70.658,112.000,136.000
325.756,76.763,113.000,137.000
325.756,76.763,113.000,137.000
319.123,83.396,113.000,137.000
318.623,91.186,114.000,138.000
318.623,97.898,114.000,138.000
310.233,105.789,114.000,139.000
301.326,120.920,115.000,139.000
294.587,135.583,115.000,140.000
287.310,142.360,116.000,140.000
287.310,150.384,116.000,141.000
278.770,158.924,116.000,141.000
271.439,172.088,117.000,142.000
271.439,178.972,117.000,142.000
257.171,187.077,118.000,143.000
250.232,195.750,118.000,143.000
242.793,202.189,119.000,144.000
235.803,208.679,119.000,145.000
228.271,215.711,120.000,145.000
221.226,222.256,120.000,146.000
220.726,228.815,121.000,147.000
213.087,235.453,122.000,148.000
212.587,234.953,123.000,149.000
212.587,234.453,123.000,150.000
219.345,234.453,124.000,150.000
226.617,233.953,124.000,151.000
226.117,233.453,125.000,152.000
233.482,233.453,125.000,152.000
233.482,233.453,125.000,152.000
247.711,233.453,126.000,152.000
255.089,240.331,126.000,153.000
263.863,239.831,127.000,154.000
273.202,246.803,127.000,155.000
280.186,246.803,128.000,155.000
289.094,253.829,129.000,156.000
298.066,253.329,130.000,157.000
307.607,245.196,130.000,158.000
315.278,237.525,130.000,158.000
322.449,237.525,131.000,158.000
322.449,229.340,131.000,159.000
322.449,221.642,131.000,159.000
321.949,213.445,132.000,160.000
321.949,205.667,132.000,160.000
313.671,205.167,133.000,161.000
305.867,197.363,133.000,161.000
290.258,197.363,133.000,161.000
282.454,197.363,133.000,161.000
272.698,189.558,133.000,161.000
255.138,189.558,133.000,161.000
239.530,181.754,133.000,161.000
229.774,181.754,133.000,161.000
214.165,181.754,133.000,161.000
204.410,173.949,133.000,161.000
187.350,166.645,132.000,160.000
171.794,166.145,132.000,161.000
164.004,158.855,132.000,160.000
164.004,151.077,132.000,160.000
164.504,143.799,131.000,159.000
172.202,136.102,131.000,159.000
172.702,136.602,130.000,158.000
172.702,136.602,130.000,158.000
172.702,137.102,130.000,157.000
180.834,129.969,129.000,156.000
181.334,129.969,128.000,156.000
189.398,130.469,127.000,155.000
197.382,123.985,126.000,153.000
197.382,124.485,126.000,152.000
197.882,124.485,125.000,152.000
198.382,124.985,124.000,151.000
198.882,118.172,123.000,150.000
198.882,118.672,123.000,149.000
199.382,126.417,122.000,148.000
208.839,126.917,121.000,147.000
216.477,134.556,120.000,146.000
224.035,135.056,119.000,145.000
224.535,142.587,118.000,144.000
233.724,143.587,117.000,142.000
242.329,150.971,117.000,141.000
242.829,150.971,116.000,141.000
250.161,144.639,115.000,140.000
250.661,145.139,114.000,139.000
250.661,138.914,114.000,138.000
251.161,139.414,113.000,137.000
251.661,131.624,112.000,136.000
245.555,123.867,111.000,135.000
245.555,111.316,111.000,134.000
246.055,103.175,110.000,134.000
246.055,89.053,110.000,133.000
246.555,76.131,109.000,133.000
246.555,68.608,109.000,132.000
246.555,54.195,109.000,132.000
247.055,46.687,108.000,131.000
247.555,39.245,107.000,130.000
255.429,33.446,107.000,129.000
270.074,33.446,106.000,129.000
284.130,27.698,106.000,128.000
298.594,35.956,105.000,127.000
312.999,42.636,104.000,126.000
320.623,50.261,104.000,126.000
334.847,56.360,103.000,126.000
348.540,62.946,103.000,125.000
354.613,62.946,103.000,125.000
367.259,71.037,102.000,124.000
373.252,77.030,102.000,124.000
380.743,83.023,102.000,124.000
380.743,89.016,102.000,124.000
387.235,95.508,101.000,123.000
387.235,102.966,101.000,123.000
387.735,110.924,100.000,122.000
381.849,118.781,100.000,121.000
370.603,126.623,99.000,120.000
363.329,132.441,99.000,120.000
350.738,132.941,98.000,119.000
343.529,138.708,98.000,119.000
336.821,139.208,97.000,118.000
329.682,144.920,97.000,118.000
316.830,144.920,97.000,118.000
311.118,145.420,97.000,117.000
298.852,151.594,96.000,116.000
287.558,157.241,96.000,116.000
276.764,157.241,95.000,116.000
269.758,157.241,95.000,116.000
257.147,157.241,95.000,116.000
245.937,162.846,95.000,116.000
238.931,162.846,95.000,116.000
226.320,174.055,95.000,116.000
213.209,179.660,96.000,116.000
200.503,186.719,96.000,116.000
194.856,193.778,96.000,116.000
187.797,200.837,96.000,116.000
175.091,207.396,96.000,117.000
167.516,218.715,97.000,117.000
154.750,223.889,97.000,118.000
147.611,229.601,97.000,118.000
140.471,229.601,97.000,118.000
134.259,229.101,98.000,119.000
127.993,234.367,99.000,120.000
127.993,234.367,99.000,120.000
122.174,234.367,99.000,120.000
121.674,228.049,100.000,121.000
121.174,221.675,101.000,122.000
127.100,221.675,101.000,122.000
127.100,215.250,101.000,123.000
133.066,215.250,101.000,123.000
138.532,221.216,102.000,123.000
144.512,220.716,102.000,124.000
152.003,220.716,102.000,124.000
157.996,220.716,102.000,124.000
157.496,220.216,103.000,125.000
164.587,219.716,104.000,126.000
170.687,225.816,104.000,126.000
170.687,231.415,104.000,127.000
170.187,230.915,105.000,128.000
169.687,237.108,106.000,128.000
169.687,236.608,106.000,129.000
169.187,242.355,107.000,130.000
168.687,241.855,108.000,131.000
168.687,248.208,108.000,131.000
175.040,248.208,108.000,131.000
174.540,247.708,109.000,132.000
174.540,247.708,109.000,132.000
174.040,247.208,110.000,133.000
173.540,246.708,111.000,134.000
173.040,245.708,112.000,136.000
172.540,245.208,113.000,137.000
178.673,238.076,114.000,138.000
178.173,237.576,115.000,139.000
177.673,229.837,116.000,141.000
177.173,229.337,117.000,142.000
176.673,220.232,118.000,143.000
183.111,219.732,119.000,144.000
182.611,209.994,120.000,146.000
188.669,202.436,122.000,147.000
188.169,194.283,123.000,149.000
187.669,186.038,124.000,151.000
193.982,175.898,126.000,153.000
202.756,166.124,127.000,154.000
209.727,165.124,128.000,156.000
208.727,157.060,130.000,157.000
215.860,156.060,131.000,159.000
223.058,147.862,132.000,160.000
222.558,147.362,133.000,161.000
222.058,146.362,134.000,163.000
229.455,145.862,135.000,164.000
228.955,145.862,136.000,164.000
228.955,137.371,136.000,165.000
228.955,137.371,136.000,165.000
228.955,137.371,136.000,165.000
228.955,136.871,136.000,166.000
228.955,136.871,136.000,166.000
228.955,137.371,136.000,165.000
236.959,137.371,136.000,165.000
236.959,137.871,136.000,164.000
237.459,137.871,135.000,164.000
229.509,137.871,135.000,164.000
229.509,137.871,135.000,164.000
221.560,137.871,135.000,164.000
221.560,137.871,135.000,164.000
221.560,137.871,135.000,164.000
221.060,137.871,136.000,164.000
221.560,145.862,135.000,164.000
221.060,153.311,136.000,165.000
221.060,153.311,136.000,165.000
220.560,160.815,137.000,166.000
228.616,160.315,137.000,167.000
228.116,167.912,138.000,168.000
227.616,167.412,139.000,169.000
235.320,175.116,140.000,170.000
234.320,174.116,142.000,172.000
233.320,181.453,144.000,174.000
232.820,180.453,145.000,176.000
231.320,178.953,148.000,179.000
230.320,177.453,150.000,182.000
229.320,176.453,152.000,184.000
228.320,175.453,154.000,186.000
227.820,165.396,155.000,188.000
226.820,163.896,157.000,191.000
237.406,162.896,159.000,193.000
245.782,161.896,161.000,195.000
245.282,160.896,162.000,197.000
244.282,159.896,164.000,199.000
255.853,158.896,165.000,201.000
264.574,167.618,167.000,203.000
263.574,176.446,169.000,205.000
263.574,175.946,169.000,206.000
262.574,185.419,171.000,207.000
272.116,184.919,172.000,208.000
272.116,184.419,172.000,209.000
260.981,193.554,174.000,211.000
260.481,193.054,175.000,212.000
249.688,192.554,176.000,213.000
249.688,192.054,176.000,214.000
249.188,191.554,177.000,215.000
249.188,191.554,177.000,215.000
249.188,191.554,177.000,215.000
249.688,192.054,176.000,214.000
249.688,181.693,176.000,214.000
249.688,182.193,176.000,213.000
260.536,172.345,175.000,212.000
261.036,162.551,174.000,211.000
262.036,163.551,172.000,209.000
262.536,153.916,171.000,208.000
263.536,155.416,169.000,205.000
264.036,145.981,168.000,204.000
254.628,146.981,167.000,202.000
255.628,137.666,165.000,201.000
245.906,128.444,165.000,200.000
246.406,129.444,164.000,198.000
247.406,120.328,162.000,197.000
247.906,111.278,161.000,196.000
248.406,112.278,160.000,194.000
248.906,112.778,159.000,193.000
259.282,113.778,157.000,191.000
259.782,124.047,156.000,189.000
260.782,125.047,154.000,187.000
261.282,134.617,153.000,186.000
261.782,135.117,152.000,185.000
262.282,146.820,151.000,184.000
262.782,158.955,150.000,182.000
263.282,168.298,149.000,181.000
252.828,168.798,148.000,180.000
235.356,168.798,148.000,180.000
215.699,178.034,148.000,179.000
196.628,178.534,147.000,178.000
177.681,178.534,146.000,178.000
166.894,179.034,146.000,177.000
156.655,179.534,145.000,176.000
145.984,179.534,145.000,176.000
135.813,171.497,144.000,175.000
127.328,171.997,144.000,174.000
127.828,164.053,143.000,173.000
128.828,165.053,141.000,171.000
121.018,165.553,140.000,170.000
121.518,157.823,139.000,169.000
122.018,158.823,138.000,167.000
122.518,159.323,137.000,166.000
113.448,152.267,135.000,164.000
113.948,144.818,134.000,163.000
114.448,145.818,133.000,161.000
107.144,138.513,132.000,160.000
108.144,139.513,130.000,158.000
108.644,132.842,129.000,156.000
109.644,133.842,127.000,154.000
110.144,126.871,126.000,153.000
118.063,127.871,125.000,151.000
126.415,128.371,123.000,150.000
134.172,128.871,122.000,149.000
143.179,129.871,122.000,147.000
159.772,130.371,121.000,146.000
169.144,130.871,120.000,145.000
185.496,138.416,119.000,144.000
194.734,145.907,118.000,143.000
210.846,146.407,117.000,142.000
218.230,146.907,116.000,141.000
226.770,147.407,116.000,140.000
240.909,154.226,115.000,140.000
247.686,147.949,115.000,139.000
254.925,147.949,114.000,139.000
262.150,148.449,113.000,138.000
268.820,148.949,113.000,137.000
277.110,148.949,113.000,137.000
285.901,149.449,112.000,136.000
300.763,149.449,112.000,136.000
309.020,156.055,112.000,136.000
324.383,156.555,111.000,135.000
332.540,156.555,111.000,135.000
347.222,157.055,111.000,134.000
355.363,150.542,111.000,134.000
368.389,150.542,111.000,134.000
376.530,144.029,111.000,134.000
391.183,144.029,111.000,134.000
399.824,144.029,110.000,134.000
407.948,144.029,110.000,134.000
414.447,137.530,110.000,134.000
420.446,137.530,111.000,134.000
420.446,137.530,111.000,134.000
420.446,137.530,111.000,134.000
426.958,137.030,111.000,135.000
426.958,137.030,111.000,135.000
426.458,136.530,112.000,136.000
419.853,136.530,112.000,136.000
419.853,136.530,112.000,136.000
413.247,143.136,112.000,136.000
406.642,143.136,112.000,136.000
400.036,143.136,112.000,136.000
400.036,143.636,112.000,135.000
392.327,143.636,111.000,135.000
384.170,143.636,111.000,135.000
377.644,143.636,111.000,135.000
371.119,150.162,111.000,135.000
371.119,150.162,111.000,135.000
364.593,150.162,111.000,135.000
364.593,150.662,111.000,134.000
358.081,156.674,111.000,135.000
358.081,156.674,111.000,135.000
351.555,156.674,111.000,135.000
345.030,156.674,111.000,135.000
345.030,156.674,111.000,135.000
336.873,150.149,111.000,135.000
322.190,150.149,111.000,135.000
315.665,144.123,111.000,134.000
316.165,138.111,110.000,133.000
309.204,137.611,111.000,134.000
303.192,131.098,110.000,134.000
303.192,124.599,110.000,134.000
302.692,124.599,111.000,134.000
302.692,118.086,111.000,134.000
296.179,117.586,111.000,135.000
296.179,111.061,111.000,135.000
295.679,111.061,112.000,135.000
295.679,110.561,112.000,136.000
295.679,110.561,112.000,136.000
302.284,110.561,112.000,136.000
301.784,110.061,113.000,137.000
308.417,110.061,113.000,137.000
308.417,116.693,113.000,137.000
314.549,116.193,114.000,138.000
314.549,116.193,114.000,138.000
314.549,116.193,114.000,138.000
321.261,116.193,114.000,138.000
327.974,115.693,114.000,139.000
327.474,115.693,115.000,139.000
327.474,115.693,115.000,139.000
327.474,115.693,115.000,139.000
320.735,115.193,115.000,140.000
320.735,115.193,115.000,140.000
320.735,115.193,115.000,140.000
313.957,115.193,115.000,140.000
306.680,121.970,116.000,140.000
299.861,121.470,116.000,141.000
299.861,121.470,116.000,141.000
292.529,121.470,117.000,141.000
285.683,120.970,117.000,142.000
285.683,120.970,117.000,142.000
278.300,120.470,118.000,143.000
278.300,120.470,118.000,143.000
271.361,119.970,118.000,144.000
270.861,119.970,119.000,144.000
270.861,126.961,119.000,144.000
270.361,126.461,120.000,145.000
277.406,125.961,120.000,146.000
277.406,125.961,120.000,146.000
283.965,132.519,121.000,147.000
291.103,132.519,121.000,147.000
290.603,132.019,122.000,148.000
297.768,132.019,122.000,148.000
304.933,124.854,122.000,148.000
304.933,124.854,122.000,148.000
312.098,124.354,122.000,149.000
311.598,117.148,123.000,149.000
312.098,117.148,122.000,149.000
312.098,117.148,122.000,149.000
311.598,117.148,123.000,149.000
318.843,117.148,123.000,149.000
312.098,117.148,122.000,149.000
312.098,117.148,122.000,149.000
304.892,124.854,122.000,148.000
297.727,132.019,122.000,148.000
288.771,132.019,122.000,148.000
282.106,139.684,121.000,147.000
274.968,139.684,121.000,147.000
274.968,139.684,121.000,147.000
267.829,147.322,121.000,146.000
267.829,146.822,121.000,147.000
260.691,154.460,121.000,146.000
261.191,154.460,120.000,146.000
261.191,154.460,120.000,146.000
261.191,162.019,120.000,145.000
261.691,162.019,119.000,145.000
261.691,162.519,119.000,144.000
261.691,162.519,119.000,144.000
254.700,162.519,119.000,144.000
255.200,162.519,118.000,144.000
255.200,163.019,118.000,143.000
255.200,163.019,118.000,143.000
248.262,163.019,118.000,143.000
248.262,163.019,118.000,143.000
248.262,163.019,118.000,143.000
241.323,163.019,118.000,143.000
241.323,163.019,118.000,143.000
241.823,169.957,117.000,143.000
241.823,170.457,117.000,142.000
241.823,170.457,117.000,142.000
241.823,170.457,117.000,142.000
248.707,170.457,117.000,142.000
248.707,169.957,117.000,143.000
248.207,169.957,118.000,143.000
248.707,177.396,117.000,142.000
255.591,177.396,117.000,142.000
255.591,177.896,117.000,141.000
256.091,177.896,116.000,141.000
256.091,177.896,116.000,141.000
262.923,177.896,116.000,141.000
262.923,177.896,116.000,141.000
262.923,177.896,116.000,141.000
262.923,177.896,116.000,141.000
262.923,177.896,116.000,141.000
262.923,177.896,116.000,141.000
256.091,177.896,116.000,141.000
256.091,178.396,116.000,140.000
256.091,178.396,116.000,140.000
256.591,178.396,115.000,140.000
256.591,178.396,115.000,140.000
256.591,178.396,115.000,140.000
256.591,178.396,115.000,140.000
249.814,178.896,115.000,139.000
250.314,179.396,114.000,138.000
250.314,179.396,114.000,138.000
257.526,179.396,113.000,138.000
257.526,179.896,113.000,137.000
257.526,173.264,113.000,137.000
258.026,173.764,112.000,136.000
258.026,173.764,112.000,136.000
258.526,174.264,111.000,135.000
258.526,174.264,111.000,135.000
259.026,174.764,110.000,134.000
259.026,168.765,110.000,133.000
259.526,169.265,109.000,132.000
260.026,169.765,108.000,131.000
260.526,170.265,107.000,130.000
260.526,163.966,107.000,130.000
260.526,163.966,107.000,130.000
260.526,163.966,107.000,130.000
261.026,170.765,106.000,129.000
261.026,171.265,106.000,128.000
267.233,170.765,106.000,129.000
267.233,177.512,106.000,128.000
273.439,177.012,106.000,129.000
273.939,183.759,105.000,128.000
273.939,184.259,105.000,127.000
280.119,184.259,105.000,127.000
280.619,184.759,104.000,126.000
280.619,184.759,104.000,126.000
280.619,184.759,104.000,126.000
280.619,184.759,104.000,126.000
280.619,184.759,104.000,126.000
281.119,191.359,103.000,125.000
281.119,191.359,103.000,125.000
281.119,191.359,103.000,125.000
281.619,197.932,102.000,124.000
281.619,197.932,102.000,124.000
281.619,197.932,102.000,124.000
275.626,197.932,102.000,124.000
275.626,197.932,102.000,124.000
275.126,197.432,103.000,125.000
275.126,197.432,103.000,125.000
275.126,197.432,103.000,125.000
274.626,196.932,104.000,126.000
274.626,196.932,104.000,126.000
274.626,196.432,104.000,127.000
274.126,196.432,105.000,127.000
267.946,196.432,105.000,127.000
267.946,195.932,105.000,128.000
267.446,195.932,106.000,128.000
261.240,195.932,106.000,128.000
261.240,195.932,106.000,128.000
261.240,195.432,106.000,129.000
260.740,194.932,107.000,130.000
254.441,195.432,107.000,129.000
254.441,195.432,107.000,129.000
254.441,194.932,107.000,130.000
248.141,194.932,107.000,130.000
247.641,194.432,108.000,131.000
247.641,200.785,108.000,131.000
247.141,200.285,109.000,132.000
253.547,200.285,109.000,132.000
261.555,200.285,109.000,132.000
269.562,206.691,109.000,132.000
277.570,206.691,109.000,132.000
285.577,206.691,109.000,132.000
293.085,206.191,110.000,133.000
301.161,212.652,110.000,133.000
309.236,212.652,110.000,133.000
309.236,212.652,110.000,133.000
308.736,211.652,111.000,135.000
301.711,211.152,112.000,136.000
294.605,210.652,113.000,137.000
286.315,210.652,113.000,137.000
278.025,202.362,113.000,137.000
271.392,202.362,113.000,137.000
264.760,202.362,113.000,137.000
264.760,202.362,113.000,137.000
264.760,202.362,113.000,137.000
277.025,201.362,115.000,139.000
285.448,200.862,115.000,140.000
298.503,207.139,116.000,141.000
305.334,213.971,116.000,141.000
312.166,227.634,116.000,141.000
318.498,233.966,117.000,142.000
318.498,240.850,117.000,142.000
325.382,247.734,117.000,142.000
324.882,246.734,118.000,144.000
323.882,246.234,120.000,145.000
316.337,245.234,121.000,147.000
301.560,244.734,122.000,148.000
293.895,220.948,123.000,149.000
286.150,204.147,124.000,150.000
276.561,194.557,125.000,151.000
252.167,178.853,126.000,153.000
242.393,170.934,127.000,154.000
234.422,170.434,128.000,155.000
226.896,162.408,128.000,156.000
218.832,162.408,129.000,156.000
210.754,153.830,130.000,158.000
210.254,153.830,131.000,158.000
210.254,161.015,131.000,159.000
209.754,168.213,132.000,160.000
217.531,175.490,132.000,161.000
224.822,174.990,133.000,162.000
224.322,174.990,134.000,162.000
234.177,174.490,134.000,163.000
241.075,173.990,136.000,164.000
241.575,173.990,135.000,164.000
249.024,165.541,136.000,165.000
249.024,157.537,136.000,165.000
256.528,157.037,137.000,166.000
257.028,149.481,136.000,165.000
267.033,149.481,136.000,165.000
275.037,149.481,136.000,165.000
285.042,157.485,136.000,165.000
293.046,157.485,136.000,165.000
293.046,167.490,136.000,165.000
292.546,176.995,137.000,166.000
281.976,186.565,138.000,167.000
265.754,194.676,138.000,167.000
249.533,194.676,138.000,167.000
241.422,194.176,138.000,168.000
240.922,186.052,139.000,168.000
230.718,185.552,139.000,169.000
222.515,185.552,139.000,169.000
222.515,185.552,139.000,169.000
230.218,195.807,140.000,169.000
238.436,213.796,140.000,170.000
238.436,224.084,140.000,170.000
238.436,232.314,140.000,170.000
238.436,232.314,140.000,170.000
230.205,232.314,140.000,170.000
230.205,232.314,140.000,170.000
238.436,232.314,140.000,170.000
238.436,232.314,140.000,170.000
238.436,232.314,140.000,170.000
238.436,224.084,140.000,170.000
230.205,213.796,140.000,170.000
230.205,197.336,140.000,170.000
230.205,189.105,140.000,170.000
230.705,181.375,139.000,169.000
230.705,173.172,139.000,169.000
222.502,165.468,139.000,168.000
214.839,155.264,138.000,168.000
222.962,139.517,138.000,167.000
222.962,131.407,138.000,167.000
231.573,123.796,137.000,166.000
232.073,124.296,136.000,165.000
232.573,133.300,135.000,163.000
233.073,141.711,134.000,162.000
233.573,150.096,133.000,161.000
234.073,150.596,132.000,160.000
242.351,151.096,131.000,159.000
252.473,152.096,130.000,157.000
261.106,152.596,128.000,156.000
268.670,153.096,128.000,155.000
269.170,153.596,127.000,154.000
269.170,153.596,127.000,154.000
259.831,153.596,127.000,154.000
252.859,154.096,126.000,153.000
252.859,154.096,126.000,153.000
252.859,154.096,126.000,153.000
245.440,146.676,126.000,153.000
