93.000,113.000,34.000,109.000
96.673,109.327,34.000,109.000
96.673,105.654,34.000,109.000
100.346,106.154,34.000,108.000
103.975,105.654,34.000,109.000
102.138,101.980,34.000,109.000
103.056,98.307,34.000,109.000
103.056,105.154,34.000,110.000
99.353,108.857,34.000,110.000
101.204,112.561,34.000,110.000
104.908,112.561,34.000,110.000
112.316,116.765,34.000,109.000
119.663,113.092,34.000,109.000
123.336,97.481,34.000,109.000
130.682,90.134,34.000,109.000
134.355,86.461,34.000,109.000
130.682,82.788,34.000,109.000
119.663,79.115,34.000,109.000
119.663,79.615,34.000,108.000
116.034,90.499,34.000,108.000
108.778,97.756,34.000,108.000
101.521,101.384,34.000,108.000
90.637,101.384,34.000,108.000
94.265,109.548,34.000,108.000
94.265,105.419,34.000,109.000
90.592,98.073,34.000,109.000
90.592,94.400,34.000,109.000
90.592,90.726,34.000,109.000
90.592,86.553,34.000,110.000
94.296,86.553,34.000,110.000
101.703,93.461,34.000,111.000
105.417,97.175,34.000,111.000
109.131,105.103,34.000,110.000
116.539,108.807,34.000,110.000
116.539,105.603,34.000,109.000
112.866,98.257,34.000,109.000
113.784,90.910,34.000,109.000
110.111,79.890,34.000,109.000
106.438,76.217,34.000,109.000
102.765,72.544,34.000,109.000
99.091,72.544,34.000,109.000
99.091,79.390,34.000,110.000
95.387,94.206,34.000,110.000
87.980,109.021,34.000,110.000
80.572,116.429,34.000,110.000
80.572,120.633,34.000,109.000
84.245,109.613,34.000,109.000
84.245,97.675,34.000,109.000
87.918,90.329,34.000,109.000
91.592,82.983,34.000,109.000
91.592,79.809,34.000,108.000
95.220,76.181,34.000,108.000
98.848,77.088,34.000,108.000
98.848,84.345,34.000,108.000
102.476,98.858,34.000,108.000
106.105,106.114,34.000,108.000
107.919,106.114,34.000,108.000
112.454,106.114,34.000,108.000
119.710,98.858,34.000,108.000
116.082,91.601,34.000,108.000
108.826,84.345,34.000,108.000
101.569,77.088,34.000,108.000
101.569,72.960,34.000,109.000
101.569,69.787,34.000,108.000
94.313,77.043,34.000,108.000
87.556,84.800,33.000,107.000
79.455,95.601,33.000,107.000
79.455,103.303,33.000,106.000
75.900,103.803,33.000,105.000
72.375,100.278,33.000,105.000
72.375,93.728,33.000,104.000
75.889,93.728,33.000,104.000
84.298,86.698,32.000,104.000
87.795,80.204,32.000,103.000
91.262,77.604,32.000,103.000
95.595,74.637,32.000,102.000
102.438,78.059,32.000,102.000
109.282,86.257,32.000,101.000
120.869,100.403,31.000,100.000
130.915,107.101,31.000,100.000
140.961,103.752,31.000,100.000
151.008,94.206,31.000,99.000
160.963,90.887,31.000,99.000
157.644,91.387,31.000,98.000
144.412,90.560,31.000,98.000
137.795,87.252,31.000,98.000
131.679,77.328,30.000,98.000
125.098,80.618,30.000,98.000
118.516,87.200,30.000,98.000
111.112,101.685,30.000,97.000
104.592,114.726,30.000,97.000
107.852,121.246,30.000,97.000
111.112,131.026,30.000,97.000
111.112,128.266,30.000,96.000
112.720,118.621,30.000,96.000
112.720,111.691,30.000,97.000
112.720,105.170,30.000,97.000
112.720,105.170,30.000,97.000
112.720,101.910,30.000,97.000
115.980,98.650,30.000,97.000
119.240,98.650,30.000,97.000
119.240,101.910,30.000,97.000
129.020,111.691,30.000,97.000
132.280,114.951,30.000,97.000
132.280,121.471,30.000,97.000
135.540,111.691,30.000,97.000
142.060,94.075,30.000,98.000
148.142,84.203,31.000,98.000
145.334,80.895,30.000,98.000
142.043,75.959,30.000,98.000
138.752,69.377,30.000,98.000
134.962,72.668,31.000,98.000
128.345,85.901,31.000,98.000
111.804,92.517,31.000,98.000
108.496,92.517,31.000,98.000
105.188,95.325,31.000,99.000
91.085,89.189,31.000,98.000
83.642,82.572,31.000,98.000
83.642,72.648,31.000,98.000
90.258,66.031,31.000,98.000
93.566,66.031,31.000,98.000
103.491,72.148,31.000,99.000
110.127,82.103,31.000,99.000
113.446,100.024,31.000,98.000
117.581,116.565,31.000,98.000
120.889,116.565,31.000,98.000
124.197,112.757,31.000,99.000
130.834,106.120,31.000,99.000
134.152,102.302,31.000,100.000
127.455,98.953,31.000,100.000
120.757,98.953,31.000,100.000
110.711,103.139,31.000,100.000
104.014,109.836,31.000,100.000
80.572,119.883,31.000,100.000
70.526,129.929,31.000,100.000
67.177,123.232,31.000,100.000
63.828,112.685,31.000,101.000
67.222,109.291,31.000,101.000
76.056,99.109,32.000,101.000
82.879,95.698,32.000,101.000
93.113,95.698,32.000,101.000
103.348,99.109,32.000,101.000
107.259,109.344,31.000,101.000
117.441,119.526,31.000,101.000
127.123,139.890,32.000,101.000
123.712,133.420,32.000,102.000
127.133,112.890,32.000,102.000
133.977,102.625,32.000,102.000
127.133,95.781,32.000,102.000
123.712,95.781,32.000,102.000
120.290,99.203,32.000,102.000
116.868,102.625,32.000,102.000
106.603,113.245,32.000,103.000
92.737,120.178,32.000,103.000
96.203,126.245,32.000,103.000
96.203,122.778,32.000,103.000
99.670,119.312,32.000,103.000
106.603,112.378,32.000,103.000
113.537,104.945,32.000,104.000
120.531,101.073,32.000,103.000
123.998,99.340,32.000,103.000
123.998,99.340,32.000,103.000
123.998,107.140,32.000,103.000
120.531,117.540,32.000,103.000
123.998,121.007,32.000,103.000
123.998,121.007,32.000,103.000
127.465,114.073,32.000,103.000
130.931,106.640,32.000,104.000
130.931,99.646,32.000,104.000
123.937,96.148,32.000,104.000
120.439,92.651,32.000,104.000
116.942,92.651,32.000,104.000
113.445,96.148,32.000,104.000
102.953,107.514,32.000,104.000
92.461,125.001,32.000,104.000
88.964,128.498,32.000,104.000
86.341,118.006,32.000,104.000
86.341,111.012,32.000,104.000
86.341,107.514,32.000,104.000
89.838,101.020,32.000,103.000
86.371,101.020,32.000,103.000
86.371,103.987,32.000,104.000
89.869,110.981,32.000,104.000
96.863,114.478,32.000,104.000
100.360,114.478,32.000,104.000
103.858,111.481,32.000,103.000
107.324,96.748,32.000,103.000
110.791,89.814,32.000,103.000
103.858,89.814,32.000,103.000
96.924,89.314,32.000,104.000
93.427,89.314,32.000,104.000
86.433,92.812,32.000,104.000
72.443,104.178,32.000,104.000
51.460,114.670,32.000,104.000
44.465,125.162,32.000,104.000
44.465,121.664,32.000,104.000
44.465,111.173,32.000,104.000
47.462,111.173,33.000,104.000
54.992,104.143,32.000,104.000
61.486,100.146,33.000,105.000
68.536,100.146,33.000,105.000
75.586,103.671,33.000,105.000
82.636,107.196,33.000,105.000
93.211,107.196,33.000,105.000
103.786,110.721,33.000,105.000
110.836,99.646,33.000,106.000
121.502,85.424,33.000,106.000
125.057,81.869,33.000,106.000
125.057,76.536,33.000,106.000
125.057,72.980,33.000,106.000
121.502,72.980,33.000,106.000
115.280,80.091,33.000,106.000
104.614,90.757,33.000,106.000
97.503,97.868,33.000,106.000
101.058,101.423,33.000,106.000
97.503,93.813,33.000,107.000
97.503,86.612,33.000,107.000
100.604,83.011,34.000,107.000
104.222,82.511,34.000,108.000
104.222,82.511,34.000,108.000
104.222,86.139,34.000,108.000
107.850,89.767,34.000,108.000
111.478,97.024,34.000,108.000
115.106,100.652,34.000,108.000
118.734,100.652,34.000,108.000
129.619,89.767,34.000,108.000
140.504,78.883,34.000,108.000
140.504,75.254,34.000,108.000
136.876,67.998,34.000,108.000
132.340,71.626,34.000,108.000
128.712,74.754,34.000,109.000
120.447,89.447,34.000,109.000
105.754,100.467,34.000,109.000
102.081,104.140,34.000,109.000
98.408,96.794,34.000,109.000
94.735,89.447,34.000,109.000
94.735,85.774,34.000,109.000
98.408,81.601,34.000,110.000
105.816,77.897,34.000,110.000
109.520,84.805,34.000,111.000
120.662,96.447,34.000,110.000
128.070,108.485,34.000,110.000
135.477,112.688,34.000,109.000
139.151,116.362,34.000,109.000
142.824,104.842,34.000,110.000
150.232,93.730,34.000,110.000
145.602,86.323,34.000,110.000
141.898,86.323,34.000,110.000
138.194,86.323,34.000,110.000
130.786,93.730,34.000,110.000
122.878,104.342,35.000,111.000
107.952,111.305,35.000,112.000
104.190,107.543,35.000,112.000
100.428,100.019,35.000,112.000
91.023,88.733,35.000,112.000
91.023,84.971,35.000,112.000
94.785,77.447,35.000,112.000
98.547,77.447,35.000,112.000
102.309,84.971,35.000,112.000
109.833,88.733,35.000,112.000
113.595,100.960,35.000,112.000
121.119,100.960,35.000,112.000
128.643,96.698,35.000,113.000
132.450,80.969,35.000,114.000
135.768,73.334,36.000,114.000
131.933,69.499,36.000,114.000
128.098,69.499,36.000,114.000
124.263,77.169,36.000,114.000
115.635,84.839,36.000,114.000
107.965,96.343,36.000,114.000
96.461,96.343,36.000,114.000
96.461,96.343,36.000,114.000
88.791,92.508,36.000,114.000
81.122,84.839,36.000,114.000
77.287,84.339,36.000,115.000
81.167,76.579,36.000,115.000
88.926,76.579,36.000,115.000
88.926,80.459,36.000,115.000
100.566,92.098,36.000,115.000
104.445,95.978,36.000,115.000
108.325,92.098,36.000,115.000
117.055,91.598,36.000,116.000
120.965,83.777,36.000,116.000
128.786,71.546,36.000,117.000
132.207,67.625,37.000,117.000
128.269,63.687,37.000,117.000
124.331,71.063,37.000,118.000
120.362,79.001,37.000,118.000
116.393,86.438,37.000,119.000
107.362,98.479,37.000,119.000
91.307,114.534,37.000,119.000
87.294,114.534,37.000,119.000
79.266,102.493,37.000,119.000
75.252,98.479,37.000,119.000
75.252,97.979,37.000,120.000
78.776,92.949,38.000,120.000
86.859,88.908,38.000,120.000
94.942,92.449,38.000,121.000
103.115,92.949,38.000,120.000
111.197,92.449,38.000,121.000
111.197,92.449,38.000,121.000
115.284,91.949,38.000,122.000
120.430,75.481,38.000,122.000
124.547,63.130,38.000,122.000
120.430,59.013,38.000,122.000
