326.000,414.000,15.000,42.000
327.463,416.926,15.000,42.000
326.000,415.463,15.000,42.000
326.000,415.463,15.000,42.000
326.000,415.463,15.000,42.000
324.537,416.926,15.000,42.000
324.537,418.389,15.000,42.000
321.611,419.852,15.000,42.000
320.148,419.852,15.000,42.000
318.685,419.852,15.000,42.000
318.685,419.852,15.000,42.000
317.222,419.852,15.000,42.000
315.759,419.852,15.000,42.000
315.759,421.315,15.000,42.000
315.759,420.815,15.000,43.000
315.759,420.815,15.000,43.000
317.232,420.815,15.000,43.000
317.232,420.815,15.000,43.000
317.232,422.289,15.000,43.000
317.232,422.289,15.000,43.000
317.232,422.289,15.000,43.000
315.759,423.762,15.000,43.000
317.232,422.289,15.000,43.000
318.706,422.289,15.000,43.000
318.706,422.289,15.000,43.000
318.706,423.762,15.000,43.000
320.179,425.235,15.000,43.000
323.126,428.182,15.000,43.000
324.599,431.129,15.000,43.000
323.126,432.603,15.000,43.000
321.153,431.129,16.000,43.000
321.153,429.105,16.000,44.000
321.153,427.549,16.000,44.000
320.097,426.494,15.000,43.000
319.597,425.994,16.000,44.000
318.041,426.494,16.000,43.000
316.517,427.518,16.000,44.000
314.961,429.073,16.000,44.000
313.905,432.685,15.000,43.000
313.405,435.500,16.000,44.000
311.849,438.612,16.000,44.000
311.849,440.168,16.000,44.000
308.738,438.612,16.000,44.000
308.738,435.500,16.000,44.000
310.294,432.000,16.000,44.000
307.182,427.332,16.000,44.000
304.070,424.220,16.000,44.000
300.959,419.553,16.000,44.000
300.959,421.109,16.000,44.000
299.403,422.665,16.000,44.000
299.403,422.665,16.000,44.000
300.959,427.332,16.000,44.000
300.959,425.776,16.000,44.000
300.959,424.220,16.000,44.000
299.403,424.220,16.000,44.000
299.403,422.665,16.000,44.000
297.847,423.720,16.000,45.000
294.714,422.154,16.000,45.000
293.148,422.154,16.000,45.000
291.582,422.154,16.000,45.000
291.582,420.588,16.000,45.000
286.883,417.455,16.000,45.000
286.883,416.955,16.000,46.000
285.306,415.879,16.000,45.000
285.306,416.945,16.000,46.000
285.306,416.945,16.000,46.000
285.306,419.022,16.000,45.000
288.439,420.588,16.000,45.000
288.439,420.588,16.000,45.000
288.439,420.088,16.000,46.000
288.439,420.088,16.000,46.000
288.439,420.088,16.000,46.000
288.439,420.088,16.000,46.000
286.862,418.511,16.000,46.000
286.862,415.358,16.000,46.000
286.862,413.781,16.000,46.000
285.285,412.204,16.000,46.000
285.285,410.628,16.000,46.000
285.285,407.474,16.000,46.000
283.708,404.321,16.000,46.000
283.708,401.667,16.000,45.000
282.142,398.035,16.000,46.000
282.142,393.304,16.000,46.000
280.565,390.151,16.000,46.000
280.565,385.921,16.000,45.000
278.999,383.855,16.000,46.000
278.999,383.066,16.000,46.000
278.999,381.489,16.000,46.000
277.422,378.336,16.000,46.000
277.422,376.759,16.000,46.000
277.422,375.183,16.000,46.000
277.422,375.183,16.000,46.000
278.999,375.183,16.000,46.000
280.576,375.183,16.000,46.000
280.576,375.683,16.000,45.000
280.576,377.249,16.000,45.000
280.576,378.815,16.000,45.000
280.576,380.381,16.000,45.000
280.576,383.514,16.000,45.000
280.576,384.580,16.000,46.000
278.999,384.580,16.000,46.000
278.999,384.580,16.000,46.000
278.499,384.580,17.000,46.000
277.385,382.966,16.000,46.000
276.490,384.543,17.000,46.000
273.261,384.543,17.000,46.000
273.261,384.043,17.000,47.000
269.943,384.043,17.000,47.000
266.625,383.543,17.000,48.000
264.955,381.873,17.000,48.000
263.285,381.873,17.000,48.000
263.285,383.543,17.000,48.000
263.285,385.212,17.000,48.000
263.285,385.212,17.000,48.000
261.616,384.712,17.000,49.000
261.616,384.712,17.000,49.000
261.616,385.212,17.000,48.000
261.616,385.212,17.000,48.000
261.616,384.712,17.000,49.000
259.936,385.212,17.000,48.000
259.936,383.543,17.000,48.000
259.936,383.960,17.000,48.000
259.936,385.630,17.000,48.000
259.936,385.630,17.000,48.000
259.936,387.299,17.000,48.000
261.605,389.386,17.000,48.000
261.605,392.725,17.000,48.000
263.275,394.395,17.000,48.000
263.275,394.395,17.000,48.000
263.275,396.065,17.000,48.000
263.275,396.065,17.000,48.000
263.275,396.065,17.000,48.000
263.275,396.065,17.000,48.000
263.275,394.395,17.000,48.000
263.275,394.395,17.000,48.000
263.275,392.725,17.000,48.000
263.275,391.056,17.000,48.000
263.275,392.725,17.000,48.000
263.275,392.225,17.000,49.000
263.275,392.225,17.000,49.000
261.095,393.905,18.000,49.000
261.095,393.905,18.000,49.000
261.095,393.905,18.000,49.000
259.364,393.905,18.000,49.000
259.364,393.905,18.000,49.000
259.364,392.175,18.000,49.000
259.364,392.175,18.000,49.000
257.634,390.444,18.000,49.000
255.903,390.444,18.000,49.000
254.172,388.713,18.000,49.000
252.442,386.983,18.000,49.000
250.711,386.983,18.000,49.000
248.980,385.252,18.000,49.000
247.250,383.521,18.000,49.000
243.788,380.060,18.000,49.000
240.327,376.599,18.000,49.000
239.096,374.868,17.000,49.000
237.416,376.968,17.000,49.000
237.416,383.688,17.000,49.000
235.736,387.048,17.000,49.000
234.056,388.728,17.000,49.000
237.416,392.088,17.000,49.000
244.136,397.128,17.000,49.000
250.856,398.808,17.000,49.000
257.576,395.448,17.000,49.000
267.236,393.768,17.000,49.000
275.636,395.448,17.000,49.000
278.996,397.128,17.000,49.000
278.996,393.768,17.000,49.000
275.556,388.728,18.000,49.000
277.287,381.805,18.000,49.000
275.989,380.075,18.000,49.000
271.230,383.536,18.000,49.000
263.874,390.459,18.000,49.000
253.490,393.420,18.000,50.000
242.916,391.658,18.000,50.000
239.391,387.633,18.000,51.000
235.402,382.314,18.000,51.000
230.083,376.995,18.000,51.000
223.878,376.995,18.000,51.000
218.560,380.984,18.000,51.000
215.014,384.530,18.000,51.000
209.695,384.530,18.000,51.000
206.150,386.303,18.000,51.000
200.831,388.076,18.000,51.000
197.285,392.122,18.000,50.000
193.760,392.122,18.000,50.000
191.998,392.122,18.000,50.000
190.235,393.884,18.000,50.000
187.151,395.647,18.000,50.000
187.151,399.171,18.000,50.000
185.389,400.934,18.000,50.000
185.389,399.171,18.000,50.000
187.151,397.409,18.000,50.000
187.151,399.171,18.000,50.000
188.914,399.171,18.000,50.000
192.438,399.171,18.000,50.000
195.963,397.409,18.000,50.000
199.488,393.444,18.000,50.000
203.013,389.919,18.000,50.000
204.775,388.156,18.000,50.000
207.419,386.394,18.000,50.000
209.181,388.156,18.000,50.000
210.944,391.681,18.000,50.000
216.231,395.206,18.000,50.000
217.994,396.968,18.000,50.000
219.756,395.206,18.000,50.000
221.518,393.444,18.000,50.000
221.518,393.444,18.000,50.000
216.231,393.444,18.000,50.000
210.944,395.206,18.000,50.000
209.181,398.731,18.000,50.000
207.419,400.493,18.000,50.000
207.419,402.256,18.000,50.000
205.657,404.018,18.000,50.000
205.657,404.018,18.000,50.000
205.657,404.518,18.000,49.000
207.387,407.979,18.000,49.000
205.657,406.249,18.000,49.000
207.387,406.249,18.000,49.000
210.849,407.979,18.000,49.000
213.079,404.518,17.000,49.000
213.079,404.518,17.000,49.000
213.079,404.518,17.000,49.000
214.759,406.198,17.000,49.000
217.279,406.198,17.000,49.000
216.779,406.198,18.000,49.000
218.510,407.429,18.000,50.000
220.272,409.632,18.000,50.000
220.272,412.657,18.000,51.000
220.272,415.702,18.000,52.000
221.556,417.486,19.000,52.000
221.556,421.128,19.000,52.000
217.913,424.270,19.000,53.000
216.048,426.136,19.000,53.000
214.182,428.002,19.000,53.000
212.316,433.599,19.000,53.000
212.316,431.233,19.000,54.000
208.564,428.857,19.000,55.000
209.950,426.970,20.000,55.000
211.888,425.033,20.000,55.000
209.950,423.096,20.000,55.000
211.888,422.596,20.000,56.000
209.919,420.127,20.000,57.000
211.898,420.127,20.000,57.000
211.398,417.647,21.000,58.000
211.398,417.147,21.000,59.000
211.398,419.220,21.000,59.000
213.470,421.292,21.000,59.000
215.543,422.864,21.000,60.000
217.125,424.447,22.000,61.000
217.125,428.735,22.000,61.000
221.413,428.735,22.000,61.000
223.557,430.379,22.000,62.000
223.557,429.879,22.000,63.000
225.243,432.065,23.000,63.000
227.446,435.971,23.000,64.000
226.888,437.705,23.000,65.000
224.609,437.205,23.000,66.000
222.392,439.495,24.000,66.000
220.086,441.301,24.000,67.000
217.735,443.651,24.000,67.000
215.385,445.502,24.000,68.000
214.885,446.789,25.000,69.000
217.294,446.289,25.000,70.000
214.853,447.509,25.000,70.000
214.853,449.450,25.000,71.000
209.382,451.435,26.000,72.000
209.382,450.935,26.000,73.000
209.382,450.435,26.000,74.000
208.882,444.758,27.000,75.000
206.266,439.526,27.000,75.000
203.650,433.793,27.000,76.000
202.326,428.498,27.000,76.000
199.679,425.351,27.000,77.000
199.179,419.467,28.000,78.000
199.179,416.747,28.000,78.000
199.179,416.247,28.000,79.000
201.943,416.247,28.000,79.000
201.943,419.011,28.000,79.000
204.707,416.247,28.000,79.000
207.470,416.247,28.000,79.000
207.470,419.011,28.000,79.000
206.970,418.511,29.000,80.000
206.267,418.011,29.000,81.000
206.267,417.306,29.000,81.000
203.445,413.983,29.000,82.000
197.237,416.337,30.000,83.000
185.574,416.337,30.000,83.000
179.743,422.168,30.000,83.000
173.912,421.668,30.000,84.000
170.986,421.668,30.000,84.000
165.134,425.326,30.000,84.000
156.356,425.326,30.000,84.000
153.430,427.752,30.000,85.000
152.930,430.722,31.000,85.000
152.930,433.230,31.000,86.000
155.949,436.249,31.000,86.000
155.949,439.268,31.000,86.000
158.967,441.787,31.000,87.000
165.026,441.787,31.000,87.000
171.085,441.287,31.000,88.000
171.085,441.287,31.000,88.000
175.676,441.287,31.000,88.000
178.736,444.348,31.000,88.000
178.736,447.908,31.000,87.000
178.736,450.937,31.000,87.000
181.765,450.937,31.000,87.000
178.736,450.937,31.000,87.000
181.765,451.437,31.000,86.000
181.765,450.937,31.000,87.000
179.493,445.379,31.000,86.000
176.474,441.105,31.000,87.000
170.416,428.988,31.000,87.000
167.386,425.458,31.000,88.000
167.386,422.398,31.000,88.000
167.386,416.277,31.000,88.000
176.568,419.337,31.000,88.000
185.250,423.163,32.000,88.000
194.585,426.275,32.000,88.000
200.808,426.275,32.000,88.000
210.643,429.386,31.000,88.000
219.824,435.507,31.000,88.000
225.946,438.568,31.000,88.000
231.567,444.189,32.000,89.000
237.811,444.189,32.000,89.000
244.055,443.689,32.000,90.000
247.188,441.056,32.000,89.000
251.871,437.434,32.000,90.000
255.004,431.169,32.000,90.000
255.004,428.036,32.000,90.000
258.136,425.404,32.000,89.000
261.258,422.281,32.000,89.000
261.258,421.781,32.000,90.000
261.258,421.781,32.000,90.000
261.258,421.781,32.000,90.000
264.391,424.914,32.000,90.000
261.258,428.047,32.000,90.000
259.692,424.914,32.000,90.000
259.692,424.914,32.000,90.000
256.560,421.281,32.000,91.000
253.383,421.281,32.000,91.000
256.560,418.104,32.000,91.000
259.737,414.927,32.000,91.000
262.914,414.927,32.000,91.000
259.237,414.927,33.000,91.000
256.825,414.927,33.000,91.000
256.825,414.927,33.000,91.000
255.218,411.712,33.000,91.000
255.218,407.997,33.000,92.000
255.218,404.772,33.000,92.000
251.992,398.321,33.000,92.000
251.992,398.321,33.000,92.000
251.992,398.321,33.000,92.000
255.218,391.870,33.000,92.000
255.218,388.145,33.000,93.000
261.690,384.409,33.000,94.000
264.957,381.142,33.000,94.000
264.457,381.142,34.000,94.000
261.139,381.142,34.000,94.000
261.139,377.824,34.000,94.000
264.457,381.142,34.000,94.000
267.775,381.142,34.000,94.000
268.275,384.460,33.000,94.000
268.275,384.960,33.000,93.000
268.275,388.196,33.000,93.000
268.275,394.668,33.000,93.000
265.039,401.140,33.000,93.000
261.803,405.993,33.000,93.000
261.803,409.229,33.000,93.000
259.376,412.465,33.000,93.000
259.376,411.965,33.000,94.000
258.876,411.965,34.000,94.000
262.195,414.784,34.000,95.000
262.195,414.284,34.000,96.000
261.695,413.284,35.000,98.000
265.127,412.784,35.000,99.000
264.627,411.784,36.000,101.000
267.662,407.248,37.000,103.000
270.790,405.341,38.000,105.000
270.790,408.541,38.000,106.000
268.924,411.272,38.000,108.000
268.424,410.772,39.000,109.000
267.924,409.772,40.000,111.000
264.018,405.366,40.000,112.000
264.018,405.366,40.000,112.000
263.518,408.304,41.000,114.000
262.519,407.804,41.000,115.000
262.519,407.304,41.000,116.000
262.019,410.856,42.000,117.000
257.406,409.856,43.000,119.000
256.906,408.356,44.000,122.000
256.906,407.856,44.000,123.000
252.086,406.856,45.000,125.000
252.086,410.734,45.000,126.000
255.996,418.554,46.000,128.000
257.116,427.018,46.000,129.000
256.616,430.044,47.000,132.000
256.116,434.161,48.000,133.000
256.116,442.517,48.000,135.000
256.116,451.483,48.000,136.000
255.616,451.483,49.000,136.000
255.616,446.201,49.000,137.000
250.825,440.909,49.000,138.000
245.501,435.586,50.000,139.000
240.617,435.086,50.000,140.000
235.722,424.796,50.000,141.000
230.282,409.478,51.000,142.000
225.295,394.514,51.000,142.000
230.282,389.526,51.000,142.000
230.282,389.526,51.000,142.000
230.282,394.514,51.000,142.000
235.270,394.514,51.000,142.000
235.770,395.014,50.000,141.000
235.770,399.954,50.000,141.000
235.270,404.393,51.000,142.000
240.258,403.893,51.000,143.000
240.258,398.895,51.000,143.000
240.258,398.895,51.000,143.000
240.258,398.395,51.000,144.000
239.758,397.895,52.000,145.000
239.758,392.804,52.000,145.000
239.758,393.304,52.000,144.000
239.758,397.884,52.000,145.000
244.849,403.476,52.000,144.000
249.930,418.218,52.000,145.000
249.930,433.491,52.000,145.000
255.021,433.491,52.000,145.000
254.248,428.900,51.000,144.000
254.248,433.930,51.000,144.000
253.748,428.900,52.000,144.000
247.398,428.400,52.000,145.000
237.215,427.400,52.000,147.000
232.069,417.108,52.000,147.000
232.069,406.816,52.000,147.000
231.569,405.816,53.000,149.000
231.569,401.111,53.000,148.000
226.375,401.111,53.000,148.000
231.569,401.111,53.000,148.000
232.069,402.111,52.000,146.000
232.069,407.212,52.000,146.000
232.569,413.314,51.000,144.000
232.569,418.344,51.000,144.000
237.599,414.314,51.000,142.000
242.587,419.302,51.000,142.000
248.075,419.802,50.000,141.000
248.075,420.302,50.000,140.000
248.075,420.802,50.000,139.000
243.690,412.033,49.000,137.000
244.190,408.241,48.000,135.000
239.457,408.241,48.000,135.000
239.457,404.008,48.000,134.000
235.269,399.820,47.000,133.000
230.608,403.150,47.000,131.000
226.022,403.650,47.000,130.000
221.948,400.075,46.000,128.000
217.466,404.557,46.000,128.000
217.966,405.557,45.000,126.000
218.466,406.557,44.000,124.000
218.466,407.057,44.000,123.000
218.466,407.057,44.000,123.000
214.646,403.738,43.000,121.000
218.894,399.490,43.000,121.000
218.894,396.242,43.000,119.000
219.394,396.742,42.000,118.000
219.394,397.242,42.000,117.000
219.894,398.242,41.000,115.000
219.894,398.742,41.000,114.000
220.394,399.242,40.000,113.000
223.355,400.242,40.000,111.000
223.855,400.742,39.000,110.000
227.700,401.742,39.000,108.000
228.200,402.242,38.000,107.000
228.200,402.742,38.000,106.000
232.432,403.742,37.000,104.000
236.071,407.881,37.000,103.000
243.827,408.381,36.000,102.000
243.827,412.926,36.000,100.000
247.352,416.951,36.000,99.000
247.852,413.958,35.000,98.000
251.784,418.390,34.000,96.000
251.784,421.729,34.000,96.000
251.784,422.229,34.000,95.000
251.784,422.729,34.000,94.000
252.284,426.547,33.000,93.000
255.520,429.783,33.000,93.000
255.520,433.019,33.000,93.000
255.520,435.137,33.000,92.000
255.520,438.363,33.000,92.000
255.520,438.363,33.000,92.000
255.520,438.363,33.000,92.000
255.520,441.588,33.000,92.000
253.100,444.814,33.000,92.000
255.520,441.588,33.000,92.000
255.520,441.088,33.000,93.000
255.520,437.852,33.000,93.000
255.520,434.616,33.000,93.000
255.520,427.644,33.000,94.000
254.703,421.610,33.000,93.000
256.321,421.610,33.000,93.000
256.321,421.610,33.000,93.000
256.321,418.374,33.000,93.000
259.557,418.374,33.000,93.000
259.557,418.374,33.000,93.000
262.793,418.374,33.000,93.000
262.793,417.874,33.000,94.000
265.243,415.107,33.000,93.000
265.243,415.107,33.000,93.000
264.743,417.843,34.000,94.000
264.743,417.343,34.000,95.000
264.743,417.343,34.000,95.000
264.743,420.172,34.000,96.000
264.743,420.172,34.000,96.000
264.743,423.511,34.000,96.000
261.404,426.350,34.000,97.000
260.904,433.118,35.000,97.000
257.482,436.539,35.000,97.000
250.639,440.816,35.000,97.000
245.507,444.238,35.000,97.000
241.230,447.159,35.000,98.000
237.798,450.591,35.000,98.000
234.366,453.523,35.000,99.000
230.923,453.523,35.000,99.000
230.423,456.466,36.000,100.000
230.423,455.966,36.000,101.000
226.888,455.966,36.000,101.000
226.888,455.966,36.000,101.000
230.423,456.466,36.000,100.000
230.423,456.466,36.000,100.000
230.423,459.991,36.000,100.000
230.423,459.991,36.000,100.000
230.423,459.991,36.000,100.000
230.423,463.515,36.000,100.000
230.423,462.515,36.000,102.000
233.969,459.470,36.000,101.000
233.969,459.470,36.000,101.000
237.504,463.005,36.000,101.000
237.504,462.505,36.000,102.000
237.004,462.505,37.000,102.000
237.004,462.505,37.000,102.000
237.504,462.505,36.000,102.000
237.504,462.505,36.000,102.000
237.504,462.505,36.000,102.000
237.504,462.505,36.000,102.000
237.004,466.051,37.000,102.000
241.088,462.467,36.000,102.000
241.088,462.967,36.000,101.000
244.623,466.002,36.000,102.000
244.623,466.002,36.000,102.000
244.623,466.002,36.000,102.000
244.123,466.002,37.000,102.000
237.456,462.419,36.000,102.000
233.410,461.919,37.000,103.000
240.666,458.291,37.000,103.000
247.923,454.162,37.000,104.000
251.561,446.885,37.000,104.000
247.923,450.524,37.000,104.000
247.923,453.662,37.000,105.000
247.423,457.312,38.000,105.000
247.923,457.312,37.000,105.000
247.423,460.961,38.000,105.000
247.423,460.961,38.000,105.000
243.723,455.836,38.000,106.000
251.186,451.604,38.000,107.000
251.186,448.362,38.000,106.000
254.917,448.362,38.000,106.000
254.917,444.631,38.000,106.000
258.649,444.131,38.000,107.000
259.584,440.889,38.000,106.000
263.316,440.389,38.000,107.000
263.316,440.389,38.000,107.000
263.316,440.389,38.000,107.000
263.316,436.647,38.000,107.000
263.316,436.647,38.000,107.000
267.057,436.147,38.000,108.000
266.557,436.147,39.000,108.000
270.348,436.147,39.000,108.000
267.057,436.647,38.000,107.000
267.057,440.889,38.000,106.000
267.057,444.121,38.000,107.000
267.057,444.121,38.000,107.000
263.316,444.121,38.000,107.000
259.574,444.121,38.000,107.000
255.832,444.121,38.000,107.000
251.590,443.621,39.000,108.000
247.800,439.830,39.000,108.000
244.009,439.830,39.000,108.000
240.219,439.830,39.000,108.000
240.219,439.330,39.000,109.000
240.219,438.830,39.000,110.000
240.219,439.330,39.000,109.000
240.219,438.830,39.000,110.000
244.064,435.485,39.000,109.000
244.064,438.820,39.000,110.000
247.909,438.820,39.000,110.000
247.409,438.320,40.000,111.000
251.816,438.820,39.000,110.000
251.316,442.165,40.000,111.000
247.409,441.665,40.000,112.000
247.409,442.165,40.000,111.000
247.409,446.072,40.000,111.000
247.409,449.478,40.000,112.000
247.409,452.916,40.000,113.000
243.461,452.916,40.000,113.000
243.461,457.364,40.000,112.000
243.461,461.302,40.000,112.000
243.461,465.240,40.000,112.000
243.461,469.178,40.000,112.000
243.461,469.178,40.000,112.000
243.461,469.178,40.000,112.000
243.461,469.678,40.000,111.000
243.461,469.678,40.000,111.000
247.367,469.678,40.000,111.000
251.274,469.678,40.000,111.000
251.274,473.085,40.000,112.000
247.336,473.585,40.000,111.000
247.336,476.991,40.000,112.000
247.336,476.991,40.000,112.000
247.336,480.929,40.000,112.000
247.336,484.867,40.000,112.000
247.336,488.305,40.000,113.000
246.836,491.754,41.000,114.000
246.836,492.254,41.000,113.000
247.336,496.219,40.000,113.000
246.836,499.668,41.000,114.000
246.836,503.665,41.000,114.000
246.836,503.665,41.000,114.000
246.836,507.161,41.000,115.000
246.836,507.161,41.000,115.000
246.836,507.161,41.000,115.000
246.836,506.661,41.000,116.000
242.284,506.161,42.000,117.000
238.171,505.661,42.000,118.000
234.027,502.017,42.000,117.000
234.527,498.404,41.000,116.000
238.078,497.904,42.000,117.000
238.078,497.404,42.000,118.000
242.223,493.759,42.000,117.000
242.223,493.759,42.000,117.000
246.336,493.759,42.000,117.000
246.336,496.872,42.000,119.000
246.336,496.872,42.000,119.000
245.836,500.527,43.000,120.000
245.836,499.527,43.000,122.000
241.578,500.027,43.000,121.000
241.078,503.775,44.000,122.000
241.078,503.275,44.000,123.000
245.397,503.775,44.000,122.000
241.122,508.050,44.000,122.000
245.397,507.550,44.000,123.000
245.397,511.870,44.000,123.000
245.397,516.190,44.000,123.000
245.397,519.509,44.000,125.000
245.397,520.009,44.000,124.000
245.397,520.009,44.000,124.000
245.397,520.509,44.000,123.000
245.397,520.509,44.000,123.000
245.397,520.509,44.000,123.000
245.397,521.009,44.000,122.000
245.397,521.009,44.000,122.000
245.397,521.009,44.000,122.000
245.397,519.941,44.000,122.000
245.897,516.165,43.000,121.000
245.897,516.165,43.000,121.000
249.083,516.665,43.000,120.000
249.083,520.369,43.000,121.000
245.397,519.869,44.000,122.000
245.897,516.093,43.000,121.000
250.145,515.593,43.000,122.000
250.145,511.835,43.000,121.000
245.897,507.587,43.000,121.000
250.145,503.339,43.000,121.000
249.083,499.091,43.000,121.000
248.021,494.844,43.000,121.000
248.021,490.596,43.000,121.000
247.521,490.096,44.000,122.000
245.884,485.820,43.000,122.000
245.884,486.320,43.000,121.000
249.631,485.820,44.000,122.000
253.907,485.320,44.000,123.000
258.226,485.320,44.000,123.000
258.226,485.320,44.000,123.000
262.546,489.140,44.000,124.000
262.546,489.140,44.000,124.000
266.897,489.140,44.000,124.000
266.897,489.640,44.000,123.000
266.897,489.640,44.000,123.000
266.897,489.640,44.000,123.000
271.217,489.140,44.000,124.000
271.217,488.640,44.000,125.000
271.217,489.140,44.000,124.000
271.217,489.140,44.000,124.000
271.217,491.316,44.000,124.000
270.717,495.167,45.000,125.000
271.217,495.167,44.000,125.000
270.717,499.528,45.000,125.000
271.217,500.028,44.000,124.000
271.217,504.380,44.000,124.000
266.866,503.880,44.000,125.000
266.366,503.880,45.000,125.000
264.176,503.880,45.000,125.000
264.176,503.380,45.000,126.000
264.176,499.470,45.000,125.000
259.798,499.470,45.000,125.000
260.298,495.591,44.000,124.000
260.298,496.091,44.000,123.000
260.298,496.591,44.000,122.000
260.798,497.091,43.000,121.000
260.798,497.591,43.000,120.000
260.798,501.794,43.000,120.000
256.594,505.998,43.000,120.000
256.594,513.904,43.000,121.000
252.347,501.161,43.000,121.000
