84.000,53.000,62.000,70.000
87.518,53.000,62.000,70.000
87.518,53.000,62.000,70.000
91.537,53.500,61.000,69.000
91.537,53.500,61.000,69.000
91.537,53.500,61.000,69.000
91.537,54.000,61.000,68.000
92.037,54.000,60.000,68.000
92.037,54.000,60.000,68.000
88.625,54.000,60.000,68.000
88.625,54.000,60.000,68.000
85.213,54.500,60.000,67.000
85.713,54.500,59.000,67.000
84.048,54.500,59.000,67.000
83.215,54.500,59.000,67.000
79.883,54.500,59.000,67.000
79.883,57.832,59.000,67.000
76.551,57.832,59.000,67.000
76.551,57.832,59.000,67.000
76.551,58.332,59.000,66.000
73.233,61.650,59.000,66.000
73.233,61.150,59.000,67.000
73.233,61.150,59.000,67.000
73.233,61.150,59.000,67.000
76.564,61.650,59.000,66.000
76.564,61.650,59.000,66.000
76.564,61.650,59.000,66.000
79.883,58.332,59.000,66.000
80.383,58.332,58.000,66.000
80.383,58.332,58.000,66.000
83.688,58.332,58.000,66.000
83.688,58.332,58.000,66.000
86.993,55.027,58.000,66.000
86.993,55.527,58.000,65.000
87.809,55.527,58.000,65.000
91.075,55.527,58.000,65.000
91.075,55.527,58.000,65.000
91.075,55.527,58.000,65.000
94.341,55.527,58.000,65.000
94.341,55.527,58.000,65.000
94.341,55.527,58.000,65.000
94.341,55.527,58.000,65.000
94.341,55.527,58.000,65.000
97.607,55.527,58.000,65.000
97.607,55.527,58.000,65.000
97.607,58.793,58.000,65.000
97.607,58.793,58.000,65.000
97.607,58.793,58.000,65.000
97.607,58.793,58.000,65.000
97.607,58.793,58.000,65.000
97.607,58.793,58.000,65.000
97.607,58.793,58.000,65.000
97.607,58.793,58.000,65.000
97.607,58.793,58.000,65.000
97.607,58.793,58.000,65.000
97.607,58.793,58.000,65.000
94.341,58.793,58.000,65.000
94.841,58.793,57.000,65.000
94.841,58.793,57.000,65.000
94.841,58.793,57.000,65.000
94.841,58.793,57.000,65.000
91.617,58.793,57.000,65.000
91.617,58.793,57.000,65.000
91.617,58.793,57.000,65.000
91.617,58.793,57.000,65.000
91.617,59.293,57.000,64.000
88.405,58.793,57.000,65.000
88.405,59.293,57.000,64.000
88.405,59.293,57.000,64.000
88.405,59.293,57.000,64.000
85.193,59.293,57.000,64.000
85.193,59.293,57.000,64.000
85.193,59.293,57.000,64.000
85.193,59.293,57.000,64.000
85.193,59.293,57.000,64.000
85.193,59.293,57.000,64.000
85.193,59.293,57.000,64.000
81.981,59.293,57.000,64.000
81.981,59.293,57.000,64.000
81.981,58.793,57.000,65.000
81.981,59.293,57.000,64.000
81.981,58.793,57.000,65.000
81.981,58.793,57.000,65.000
81.981,58.793,57.000,65.000
81.981,58.793,57.000,65.000
81.981,58.793,57.000,65.000
81.981,58.793,57.000,65.000
81.981,59.293,57.000,64.000
81.981,58.793,57.000,65.000
81.981,58.793,57.000,65.000
81.981,58.793,57.000,65.000
81.981,58.793,57.000,65.000
81.981,58.793,57.000,65.000
81.981,59.293,57.000,64.000
81.981,59.293,57.000,64.000
80.375,59.293,57.000,64.000
80.375,58.793,57.000,65.000
80.375,58.793,57.000,65.000
80.375,58.793,57.000,65.000
80.375,58.793,57.000,65.000
80.375,58.793,57.000,65.000
79.875,58.793,58.000,65.000
79.875,58.793,58.000,65.000
79.875,58.793,58.000,65.000
79.875,58.793,58.000,65.000
79.875,58.793,58.000,65.000
79.875,58.793,58.000,65.000
79.875,58.793,58.000,65.000
83.141,58.793,58.000,65.000
83.141,58.793,58.000,65.000
83.141,58.793,58.000,65.000
83.141,58.793,58.000,65.000
83.141,58.793,58.000,65.000
83.141,58.793,58.000,65.000
83.141,58.793,58.000,65.000
83.141,58.793,58.000,65.000
86.407,58.793,58.000,65.000
86.407,58.793,58.000,65.000
86.407,58.793,58.000,65.000
86.407,58.793,58.000,65.000
86.407,58.793,58.000,65.000
86.407,58.793,58.000,65.000
86.407,58.793,58.000,65.000
86.907,58.793,57.000,65.000
86.907,58.793,57.000,65.000
86.407,58.793,58.000,65.000
88.040,58.793,58.000,65.000
88.540,58.793,57.000,65.000
88.040,58.793,58.000,65.000
88.040,58.793,58.000,65.000
88.040,58.793,58.000,65.000
84.774,58.793,58.000,65.000
84.774,58.793,58.000,65.000
84.774,58.793,58.000,65.000
81.508,58.793,58.000,65.000
81.508,58.793,58.000,65.000
81.508,58.793,58.000,65.000
81.508,58.793,58.000,65.000
81.508,58.793,58.000,65.000
81.508,58.793,58.000,65.000
81.508,58.793,58.000,65.000
81.508,58.293,58.000,66.000
81.508,58.793,58.000,65.000
81.508,58.793,58.000,65.000
81.508,58.793,58.000,65.000
81.508,58.793,58.000,65.000
84.774,58.793,58.000,65.000
84.774,58.793,58.000,65.000
84.774,58.293,58.000,66.000
88.079,58.293,58.000,66.000
88.079,58.293,58.000,66.000
88.079,58.293,58.000,66.000
88.079,58.293,58.000,66.000
88.079,58.793,58.000,65.000
88.079,58.793,58.000,65.000
88.079,55.527,58.000,65.000
88.079,55.527,58.000,65.000
88.079,55.527,58.000,65.000
85.629,55.527,58.000,65.000
85.629,55.527,58.000,65.000
85.629,55.527,58.000,65.000
85.629,55.527,58.000,65.000
83.996,55.527,58.000,65.000
83.996,55.527,58.000,65.000
80.730,55.527,58.000,65.000
80.730,55.527,58.000,65.000
80.730,55.527,58.000,65.000
80.730,55.527,58.000,65.000
77.464,55.527,58.000,65.000
77.464,55.527,58.000,65.000
77.464,55.027,58.000,66.000
77.464,55.027,58.000,66.000
77.464,55.027,58.000,66.000
77.464,55.027,58.000,66.000
77.464,55.027,58.000,66.000
77.464,55.027,58.000,66.000
77.464,55.027,58.000,66.000
77.464,55.027,58.000,66.000
77.464,55.027,58.000,66.000
77.464,55.027,58.000,66.000
77.464,55.527,58.000,65.000
80.730,55.527,58.000,65.000
80.730,55.527,58.000,65.000
80.730,55.527,58.000,65.000
82.363,55.527,58.000,65.000
82.363,55.527,58.000,65.000
85.629,55.527,58.000,65.000
85.629,55.527,58.000,65.000
88.895,55.527,58.000,65.000
88.895,55.527,58.000,65.000
92.161,55.527,58.000,65.000
92.161,55.027,58.000,66.000
95.466,58.332,58.000,66.000
95.466,58.332,58.000,66.000
95.466,58.332,58.000,66.000
94.966,55.027,59.000,66.000
94.966,55.027,59.000,66.000
94.966,54.527,59.000,67.000
94.966,54.527,59.000,67.000
94.966,54.527,59.000,67.000
94.466,54.527,60.000,67.000
94.466,54.527,60.000,67.000
94.466,54.027,60.000,68.000
91.054,54.027,60.000,68.000
91.054,54.027,60.000,68.000
87.143,54.027,61.000,68.000
87.143,53.527,61.000,69.000
83.704,53.527,61.000,69.000
83.704,53.527,61.000,69.000
83.704,53.527,61.000,69.000
80.266,53.527,61.000,69.000
80.266,53.527,61.000,69.000
76.828,53.527,61.000,69.000
76.828,53.527,61.000,69.000
76.828,53.527,61.000,69.000
76.828,53.527,61.000,69.000
76.828,53.527,61.000,69.000
76.328,49.588,62.000,70.000
76.328,49.588,62.000,70.000
76.328,49.588,62.000,70.000
76.328,49.588,62.000,70.000
76.328,49.588,62.000,70.000
76.328,49.588,62.000,70.000
76.328,49.588,62.000,70.000
79.846,46.070,62.000,70.000
79.846,46.070,62.000,70.000
81.605,46.070,62.000,70.000
83.364,46.070,62.000,70.000
86.883,46.070,62.000,70.000
86.383,45.570,63.000,71.000
89.928,45.570,63.000,71.000
93.473,45.570,63.000,71.000
97.018,45.570,63.000,71.000
101.449,45.570,63.000,71.000
105.881,45.570,63.000,71.000
110.312,49.115,63.000,71.000
118.288,49.115,63.000,71.000
122.720,49.115,63.000,71.000
129.810,49.115,63.000,71.000
134.241,45.070,63.000,72.000
142.304,45.570,63.000,71.000
146.736,45.570,63.000,71.000
151.167,45.570,63.000,71.000
158.257,45.570,63.000,71.000
161.802,45.570,63.000,71.000
166.734,45.570,62.000,71.000
171.148,46.070,62.000,70.000
174.166,45.570,63.000,71.000
177.711,45.570,63.000,71.000
181.756,45.570,62.000,71.000
185.287,45.570,62.000,71.000
184.787,45.570,63.000,71.000
188.333,45.570,63.000,71.000
188.333,45.570,63.000,71.000
190.105,45.570,63.000,71.000
190.105,45.570,63.000,71.000
190.105,45.570,63.000,71.000
190.105,45.570,63.000,71.000
190.605,45.570,62.000,71.000
190.605,45.570,62.000,71.000
190.105,45.570,63.000,71.000
190.105,45.570,63.000,71.000
186.560,45.570,63.000,71.000
186.560,45.570,63.000,71.000
183.015,45.570,63.000,71.000
183.515,45.570,62.000,71.000
179.984,46.070,62.000,70.000
176.465,46.070,62.000,70.000
174.706,46.070,62.000,70.000
171.188,46.070,62.000,70.000
167.669,46.070,62.000,70.000
164.151,49.588,62.000,70.000
159.753,49.588,62.000,70.000
156.235,49.588,62.000,70.000
151.837,49.588,62.000,70.000
147.439,49.588,62.000,70.000
140.402,49.588,62.000,70.000
136.883,49.588,62.000,70.000
132.485,49.588,62.000,70.000
125.449,49.588,62.000,70.000
122.430,50.088,61.000,69.000
118.132,50.088,61.000,69.000
113.834,50.088,61.000,69.000
109.536,50.588,61.000,68.000
105.755,50.588,60.000,68.000
102.343,50.588,60.000,68.000
98.931,50.588,60.000,68.000
95.520,50.588,60.000,68.000
94.667,51.088,60.000,67.000
91.794,51.088,59.000,67.000
91.794,51.088,59.000,67.000
88.463,51.088,59.000,67.000
88.463,51.588,59.000,66.000
85.144,51.588,59.000,66.000
85.144,51.588,59.000,66.000
85.644,51.588,58.000,66.000
85.644,51.588,58.000,66.000
82.339,51.588,58.000,66.000
82.339,51.588,58.000,66.000
82.339,51.588,58.000,66.000
85.644,51.588,58.000,66.000
85.644,52.088,58.000,65.000
85.644,52.088,58.000,65.000
85.644,52.088,58.000,65.000
88.910,52.088,58.000,65.000
88.910,52.088,58.000,65.000
92.176,52.088,58.000,65.000
92.176,52.088,58.000,65.000
96.758,52.088,57.000,65.000
99.983,52.088,57.000,65.000
103.208,52.088,57.000,65.000
106.433,52.895,57.000,65.000
109.658,52.895,57.000,65.000
112.883,53.395,57.000,64.000
116.898,53.395,57.000,64.000
120.913,53.395,57.000,64.000
127.337,54.198,57.000,64.000
130.549,54.198,57.000,64.000
136.973,54.198,57.000,64.000
140.185,54.198,57.000,64.000
146.609,54.198,57.000,64.000
149.821,54.198,57.000,64.000
154.639,55.804,57.000,64.000
159.153,55.804,56.000,64.000
165.550,55.804,56.000,64.000
168.748,56.304,56.000,63.000
171.907,56.304,56.000,63.000
175.857,56.304,56.000,63.000
179.806,56.304,56.000,63.000
183.755,56.304,56.000,63.000
186.914,56.304,56.000,63.000
190.073,56.304,56.000,63.000
193.233,56.304,56.000,63.000
196.392,55.804,56.000,64.000
199.590,59.502,56.000,63.000
199.590,59.502,56.000,63.000
202.750,59.502,56.000,63.000
202.750,59.502,56.000,63.000
205.909,59.502,56.000,63.000
205.909,59.502,56.000,63.000
205.909,59.502,56.000,63.000
209.068,59.502,56.000,63.000
209.068,59.502,56.000,63.000
209.068,59.502,56.000,63.000
209.068,59.502,56.000,63.000
209.068,59.502,56.000,63.000
205.909,59.502,56.000,63.000
205.909,59.502,56.000,63.000
205.909,59.502,56.000,63.000
202.750,57.422,56.000,64.000
202.750,57.422,56.000,64.000
202.750,57.422,56.000,64.000
199.051,57.422,57.000,64.000
199.051,57.422,57.000,64.000
195.839,57.422,57.000,64.000
192.627,57.422,57.000,64.000
192.627,57.422,57.000,64.000
189.415,54.210,57.000,64.000
186.203,53.710,57.000,65.000
182.478,53.710,58.000,65.000
182.478,53.710,58.000,65.000
178.396,53.710,58.000,65.000
175.130,53.710,58.000,65.000
171.864,53.210,58.000,66.000
168.559,53.210,58.000,66.000
168.559,53.210,58.000,66.000
163.928,53.210,59.000,66.000
160.609,53.210,59.000,66.000
157.291,53.210,59.000,66.000
157.291,53.210,59.000,66.000
153.142,52.710,59.000,67.000
149.811,52.710,59.000,67.000
149.811,49.379,59.000,67.000
146.479,49.379,59.000,67.000
143.147,49.379,59.000,67.000
142.647,49.379,60.000,67.000
139.275,49.379,60.000,67.000
139.275,48.879,60.000,68.000
135.863,48.879,60.000,68.000
135.863,48.879,60.000,68.000
135.863,48.879,60.000,68.000
132.451,48.879,60.000,68.000
132.451,48.879,60.000,68.000
132.451,48.879,60.000,68.000
132.451,48.879,60.000,68.000
131.951,48.879,61.000,68.000
131.951,48.379,61.000,69.000
131.951,48.379,61.000,69.000
131.951,48.379,61.000,69.000
131.951,48.379,61.000,69.000
131.951,48.379,61.000,69.000
131.951,48.379,61.000,69.000
135.390,48.379,61.000,69.000
135.390,48.379,61.000,69.000
138.828,48.379,61.000,69.000
138.828,48.379,61.000,69.000
142.266,48.379,61.000,69.000
143.985,48.379,61.000,69.000
146.924,48.379,62.000,69.000
150.403,47.879,62.000,70.000
153.922,47.879,62.000,70.000
157.440,47.879,62.000,70.000
160.958,44.360,62.000,70.000
164.477,44.360,62.000,70.000
167.495,43.860,63.000,71.000
171.040,43.860,63.000,71.000
175.472,43.860,63.000,71.000
179.017,43.860,63.000,71.000
182.562,43.860,63.000,71.000
186.107,43.860,63.000,71.000
190.538,43.360,63.000,72.000
194.122,43.360,63.000,72.000
197.205,43.360,64.000,72.000
200.830,43.360,64.000,72.000
204.456,43.360,64.000,72.000
208.081,43.360,64.000,72.000
211.706,42.860,64.000,73.000
214.844,42.860,65.000,73.000
214.844,42.860,65.000,73.000
218.496,42.860,65.000,73.000
222.147,42.360,65.000,74.000
221.647,42.360,66.000,74.000
225.379,42.360,66.000,74.000
225.379,42.360,66.000,74.000
225.379,41.860,66.000,75.000
229.124,41.860,66.000,75.000
229.124,41.860,66.000,75.000
228.624,41.860,67.000,75.000
228.624,41.860,67.000,75.000
228.624,41.860,67.000,75.000
228.624,41.360,67.000,76.000
226.725,41.360,67.000,76.000
226.725,41.360,67.000,76.000
222.928,41.360,67.000,76.000
222.928,41.360,67.000,76.000
219.131,41.360,67.000,76.000
219.131,41.360,67.000,76.000
215.334,41.360,67.000,76.000
212.935,37.563,68.000,76.000
209.097,37.563,68.000,76.000
205.258,37.063,68.000,77.000
201.407,37.063,68.000,77.000
197.555,37.063,68.000,77.000
193.704,37.063,68.000,77.000
189.852,37.563,68.000,76.000
186.014,37.563,68.000,76.000
182.175,37.063,68.000,77.000
178.324,37.063,68.000,77.000
174.472,37.063,68.000,77.000
169.658,37.063,68.000,77.000
165.807,37.063,68.000,77.000
161.955,37.063,68.000,77.000
158.104,37.063,68.000,77.000
154.252,37.063,68.000,77.000
150.401,37.063,68.000,77.000
146.549,37.063,68.000,77.000
142.698,37.063,68.000,77.000
142.698,37.063,68.000,77.000
138.846,37.063,68.000,77.000
135.958,37.063,68.000,77.000
135.958,37.063,68.000,77.000
132.106,37.063,68.000,77.000
132.106,37.063,68.000,77.000
132.106,37.063,68.000,77.000
128.255,37.063,68.000,77.000
128.255,37.063,68.000,77.000
128.255,37.063,68.000,77.000
128.255,37.063,68.000,77.000
128.255,40.914,68.000,77.000
128.255,41.414,68.000,76.000
132.593,41.414,67.000,76.000
132.593,41.414,67.000,76.000
132.593,41.414,67.000,76.000
136.390,41.414,67.000,76.000
136.390,41.414,67.000,76.000
140.188,41.914,67.000,75.000
140.188,41.914,67.000,75.000
142.567,45.673,66.000,75.000
142.567,46.173,66.000,74.000
146.299,46.173,66.000,74.000
146.799,46.173,65.000,74.000
150.489,46.173,65.000,74.000
150.489,50.363,65.000,73.000
150.989,50.363,64.000,73.000
150.989,50.863,64.000,72.000
154.614,50.863,64.000,72.000
154.614,50.863,64.000,72.000
155.114,50.863,63.000,72.000
155.114,51.363,63.000,71.000
155.114,51.363,63.000,71.000
155.114,51.363,63.000,71.000
155.614,51.863,62.000,70.000
155.614,51.863,62.000,70.000
152.975,51.863,62.000,70.000
152.975,51.863,62.000,70.000
153.475,52.363,61.000,69.000
152.616,52.363,61.000,69.000
149.177,52.363,61.000,69.000
149.177,52.363,61.000,69.000
149.177,52.363,61.000,69.000
145.739,52.863,61.000,68.000
142.814,52.863,60.000,68.000
142.814,52.863,60.000,68.000
139.402,53.716,60.000,68.000
137.696,54.216,60.000,67.000
134.824,54.216,59.000,67.000
131.492,54.216,59.000,67.000
131.492,58.048,59.000,66.000
127.844,58.048,58.000,66.000
124.539,58.548,58.000,65.000
121.273,58.548,58.000,65.000
118.507,58.548,57.000,65.000
115.282,58.548,57.000,65.000
112.057,59.048,57.000,64.000
108.845,62.260,57.000,64.000
106.133,62.260,56.000,64.000
102.935,62.760,56.000,63.000
102.935,62.760,56.000,63.000
99.775,62.760,56.000,63.000
97.116,62.760,55.000,63.000
97.116,63.260,55.000,62.000
94.011,63.260,55.000,62.000
94.011,63.260,55.000,62.000
94.011,63.260,55.000,62.000
91.406,63.760,54.000,61.000
91.406,63.760,54.000,61.000
91.406,63.760,54.000,61.000
91.406,63.760,54.000,61.000
88.353,63.760,54.000,61.000
88.353,64.260,54.000,60.000
88.853,64.260,53.000,60.000
88.853,64.260,53.000,60.000
88.853,64.260,53.000,60.000
91.102,64.260,53.000,60.000
91.102,64.260,53.000,60.000
91.102,64.760,53.000,59.000
91.602,64.760,52.000,59.000
94.048,61.814,53.000,59.000
94.048,61.814,53.000,59.000
94.048,61.814,53.000,59.000
97.033,61.814,53.000,59.000
97.033,61.814,53.000,59.000
100.019,61.814,53.000,59.000
100.019,61.814,53.000,59.000
103.505,61.814,52.000,59.000
103.505,61.814,52.000,59.000
106.450,61.814,52.000,59.000
109.396,61.814,52.000,59.000
109.396,61.814,52.000,59.000
112.342,61.814,52.000,59.000
115.288,61.814,52.000,59.000
118.234,61.814,52.000,59.000
118.234,61.814,52.000,59.000
121.917,61.814,52.000,59.000
124.862,62.314,52.000,58.000
126.315,62.314,52.000,58.000
129.221,62.314,52.000,58.000
132.126,62.314,52.000,58.000
135.032,62.314,52.000,58.000
135.032,61.814,52.000,59.000
138.714,61.814,52.000,59.000
141.660,61.814,52.000,59.000
141.660,62.550,52.000,59.000
145.343,62.550,52.000,59.000
148.289,62.550,52.000,59.000
148.289,62.550,52.000,59.000
151.234,62.550,52.000,59.000
151.234,62.550,52.000,59.000
154.180,62.550,52.000,59.000
154.180,62.550,52.000,59.000
154.180,62.550,52.000,59.000
157.126,62.550,52.000,59.000
157.126,62.550,52.000,59.000
156.626,62.550,53.000,59.000
156.626,62.050,53.000,60.000
156.626,62.050,53.000,60.000
156.626,62.050,53.000,60.000
156.626,62.050,53.000,60.000
156.626,62.050,53.000,60.000
156.626,62.050,53.000,60.000
156.626,62.050,53.000,60.000
153.128,61.550,54.000,61.000
153.128,61.550,54.000,61.000
153.128,61.550,54.000,61.000
150.075,61.550,54.000,61.000
150.075,58.498,54.000,61.000
150.075,58.498,54.000,61.000
146.522,57.998,55.000,62.000
146.522,57.998,55.000,62.000
143.417,57.998,55.000,62.000
143.417,57.998,55.000,62.000
140.312,57.498,55.000,63.000
139.812,57.498,56.000,63.000
136.653,57.498,56.000,63.000
136.653,57.498,56.000,63.000
133.493,57.498,56.000,63.000
133.493,56.998,56.000,64.000
132.993,56.998,57.000,64.000
129.781,56.998,57.000,64.000
129.781,56.998,57.000,64.000
129.781,54.892,57.000,65.000
129.781,54.892,57.000,65.000
129.281,54.892,58.000,65.000
126.015,54.892,58.000,65.000
126.015,54.892,58.000,65.000
126.015,54.392,58.000,66.000
126.015,54.392,58.000,66.000
129.320,54.392,58.000,66.000
128.820,54.392,59.000,66.000
128.820,54.392,59.000,66.000
128.820,54.392,59.000,66.000
132.139,53.892,59.000,67.000
132.139,53.892,59.000,67.000
132.139,53.892,59.000,67.000
134.971,53.892,60.000,67.000
135.814,53.892,60.000,67.000
139.187,53.892,60.000,67.000
142.559,53.892,60.000,67.000
142.559,53.892,60.000,67.000
145.932,50.019,60.000,68.000
149.344,50.019,60.000,68.000
152.255,49.519,61.000,69.000
155.694,49.519,61.000,69.000
159.132,49.519,61.000,69.000
162.570,49.519,61.000,69.000
166.009,49.519,61.000,69.000
169.447,49.519,61.000,69.000
171.166,49.519,61.000,69.000
174.604,49.519,61.000,69.000
177.543,45.581,62.000,70.000
181.061,45.581,62.000,70.000
184.580,45.581,62.000,70.000
187.598,45.081,63.000,71.000
187.598,45.081,63.000,71.000
192.029,45.081,63.000,71.000
195.574,45.081,63.000,71.000
199.119,44.581,63.000,72.000
198.619,44.581,64.000,72.000
202.244,44.581,64.000,72.000
205.870,44.581,64.000,72.000
205.870,44.581,64.000,72.000
209.495,44.581,64.000,72.000
209.495,44.081,64.000,73.000
210.404,44.081,64.000,73.000
214.042,44.081,64.000,73.000
214.042,44.081,64.000,73.000
214.042,44.081,64.000,73.000
213.542,44.081,65.000,73.000
213.542,44.081,65.000,73.000
213.542,44.081,65.000,73.000
213.542,44.081,65.000,73.000
213.542,44.081,65.000,73.000
213.542,44.081,65.000,73.000
213.542,44.081,65.000,73.000
213.542,44.081,65.000,73.000
213.542,44.081,65.000,73.000
213.542,44.081,65.000,73.000
209.890,44.081,65.000,73.000
209.890,44.081,65.000,73.000
209.890,44.081,65.000,73.000
206.239,44.081,65.000,73.000
206.239,44.081,65.000,73.000
202.587,44.081,65.000,73.000
198.935,39.929,65.000,74.000
198.935,39.929,65.000,74.000
195.245,39.929,65.000,74.000
191.054,39.929,66.000,74.000
187.322,39.929,66.000,74.000
183.591,39.929,66.000,74.000
179.859,39.929,66.000,74.000
176.127,39.929,66.000,74.000
172.395,39.929,66.000,74.000
169.596,37.563,66.000,75.000
165.852,37.563,66.000,75.000
162.107,37.563,66.000,75.000
158.362,37.563,66.000,75.000
154.617,37.563,66.000,75.000
150.373,37.563,67.000,75.000
146.614,37.563,67.000,75.000
142.856,37.563,67.000,75.000
139.097,37.563,67.000,75.000
139.097,37.563,67.000,75.000
134.399,37.063,67.000,76.000
130.602,37.063,67.000,76.000
130.602,37.063,67.000,76.000
126.805,37.063,67.000,76.000
123.008,37.063,67.000,76.000
123.008,37.063,67.000,76.000
119.210,37.063,67.000,76.000
119.210,37.063,67.000,76.000
115.413,37.063,67.000,76.000
115.413,37.063,67.000,76.000
111.616,37.063,67.000,76.000
111.616,37.063,67.000,76.000
111.616,37.063,67.000,76.000
110.667,37.063,67.000,76.000
110.667,37.563,67.000,75.000
110.667,37.563,67.000,75.000
106.908,37.563,67.000,75.000
106.908,37.563,67.000,75.000
106.908,37.563,67.000,75.000
106.908,37.563,67.000,75.000
111.167,37.563,66.000,75.000
111.167,37.563,66.000,75.000
111.167,37.563,66.000,75.000
111.167,37.563,66.000,75.000
113.039,37.563,66.000,75.000
113.039,38.063,66.000,74.000
116.771,38.063,66.000,74.000
116.771,38.063,66.000,74.000
116.771,38.063,66.000,74.000
120.503,38.063,66.000,74.000
120.503,38.063,66.000,74.000
121.003,38.063,65.000,74.000
124.693,38.063,65.000,74.000
124.693,41.754,65.000,74.000
124.693,41.754,65.000,74.000
128.384,41.754,65.000,74.000
128.384,41.754,65.000,74.000
128.384,41.754,65.000,74.000
131.151,42.254,65.000,73.000
131.151,42.254,65.000,73.000
131.151,42.254,65.000,73.000
131.151,45.905,65.000,73.000
131.151,45.905,65.000,73.000
131.151,45.905,65.000,73.000
131.151,45.905,65.000,73.000
131.151,45.905,65.000,73.000
131.151,45.905,65.000,73.000
131.651,45.905,64.000,73.000
128.013,45.905,64.000,73.000
128.013,46.405,64.000,72.000
125.295,46.405,64.000,72.000
125.295,46.405,64.000,72.000
121.669,46.405,64.000,72.000
118.044,46.405,64.000,72.000
118.544,46.405,63.000,72.000
114.065,46.905,63.000,71.000
110.520,46.905,63.000,71.000
106.975,46.905,63.000,71.000
102.543,46.905,63.000,71.000
99.498,47.405,62.000,70.000
95.100,47.405,62.000,70.000
90.702,47.405,62.000,70.000
86.304,47.405,62.000,70.000
81.906,47.405,62.000,70.000
77.508,47.405,62.000,70.000
73.610,51.424,61.000,69.000
69.312,51.424,61.000,69.000
65.874,51.424,61.000,69.000
62.436,51.424,61.000,69.000
58.997,51.424,61.000,69.000
57.278,51.924,61.000,68.000
54.353,51.924,60.000,68.000
54.353,51.924,60.000,68.000
50.941,51.924,60.000,68.000
50.941,52.424,60.000,67.000
50.941,52.424,60.000,67.000
51.441,52.424,59.000,67.000
51.441,52.424,59.000,67.000
51.441,52.424,59.000,67.000
51.441,52.424,59.000,67.000
51.441,52.924,59.000,66.000
51.441,52.924,59.000,66.000
51.441,52.924,59.000,66.000
55.260,52.924,58.000,66.000
55.260,52.924,58.000,66.000
55.260,52.924,58.000,66.000
58.565,53.424,58.000,65.000
60.198,53.424,58.000,65.000
63.464,53.424,58.000,65.000
63.464,53.424,58.000,65.000
68.046,56.690,57.000,65.000
71.271,56.690,57.000,65.000
74.496,57.190,57.000,64.000
77.708,57.190,57.000,64.000
80.920,57.190,57.000,64.000
84.132,57.190,57.000,64.000
87.844,57.190,56.000,64.000
91.042,57.690,56.000,63.000
94.202,57.690,56.000,63.000
97.361,60.849,56.000,63.000
101.810,60.849,55.000,63.000
104.928,61.349,55.000,62.000
108.033,61.349,55.000,62.000
111.139,61.349,55.000,62.000
114.244,61.349,55.000,62.000
114.244,61.349,55.000,62.000
117.849,64.954,54.000,61.000
120.902,64.954,54.000,61.000
120.902,64.954,54.000,61.000
123.954,64.954,54.000,61.000
123.954,64.954,54.000,61.000
127.007,65.454,54.000,60.000
127.507,65.454,53.000,60.000
127.507,65.454,53.000,60.000
127.507,65.454,53.000,60.000
127.507,65.454,53.000,60.000
130.506,65.454,53.000,60.000
130.506,65.454,53.000,60.000
130.506,65.454,53.000,60.000
127.507,65.454,53.000,60.000
127.507,65.454,53.000,60.000
127.507,65.954,53.000,59.000
128.007,65.954,52.000,59.000
128.007,65.954,52.000,59.000
125.798,65.954,52.000,59.000
125.798,69.400,52.000,58.000
126.298,69.400,51.000,58.000
126.298,69.400,51.000,58.000
126.298,69.400,51.000,58.000
126.298,69.400,51.000,58.000
123.406,71.569,51.000,58.000
126.298,71.569,51.000,58.000
126.298,71.569,51.000,58.000
126.298,71.569,51.000,58.000
126.298,72.069,51.000,57.000
126.298,72.069,51.000,57.000
129.176,72.069,51.000,57.000
129.176,72.069,51.000,57.000
129.176,72.069,51.000,57.000
132.055,72.069,51.000,57.000
135.434,72.069,50.000,57.000
135.434,72.069,50.000,57.000
138.273,72.069,50.000,57.000
141.113,72.069,50.000,57.000
143.952,72.069,50.000,57.000
146.791,69.230,50.000,57.000
149.130,69.230,51.000,57.000
152.009,69.230,51.000,57.000
154.888,69.230,51.000,57.000
158.487,69.230,51.000,57.000
161.366,69.230,51.000,57.000
164.964,69.230,51.000,57.000
170.722,69.230,51.000,57.000
173.601,69.230,51.000,57.000
176.480,68.730,51.000,58.000
180.095,68.730,51.000,58.000
183.709,68.730,51.000,58.000
186.601,68.730,51.000,58.000
189.493,68.730,51.000,58.000
192.385,68.730,51.000,58.000
195.277,68.730,51.000,58.000
198.168,68.730,51.000,58.000
201.060,68.730,51.000,58.000
201.060,68.730,51.000,58.000
203.452,68.730,52.000,58.000
204.178,68.730,52.000,58.000
207.084,68.730,52.000,58.000
207.084,68.730,52.000,58.000
208.537,68.230,52.000,59.000
208.537,68.230,52.000,59.000
210.010,68.230,52.000,59.000
210.010,68.230,52.000,59.000
210.010,68.230,52.000,59.000
209.510,68.230,53.000,59.000
209.510,67.730,53.000,60.000
209.510,67.730,53.000,60.000
209.510,67.730,53.000,60.000
208.011,67.730,53.000,60.000
208.011,67.730,53.000,60.000
204.512,67.230,54.000,61.000
204.512,64.177,54.000,61.000
201.459,64.177,54.000,61.000
200.959,63.677,55.000,62.000
197.078,63.677,55.000,62.000
193.973,63.677,55.000,62.000
193.196,63.677,55.000,62.000
189.591,60.072,56.000,63.000
186.432,60.072,56.000,63.000
183.272,60.072,56.000,63.000
180.113,60.072,56.000,63.000
176.954,56.413,56.000,64.000
173.256,56.413,57.000,64.000
170.847,56.413,57.000,64.000
167.635,55.913,57.000,65.000
166.828,55.913,57.000,65.000
163.103,55.913,58.000,65.000
159.837,55.913,58.000,65.000
158.204,55.413,58.000,66.000
154.900,55.413,58.000,66.000
154.900,55.413,58.000,66.000
151.095,55.413,59.000,66.000
151.095,55.413,59.000,66.000
147.776,55.413,59.000,66.000
147.776,54.913,59.000,67.000
147.776,54.913,59.000,67.000
147.276,54.913,60.000,67.000
143.903,54.913,60.000,67.000
143.903,54.913,60.000,67.000
143.903,54.413,60.000,68.000
143.903,54.413,60.000,68.000
143.903,54.413,60.000,68.000
143.403,53.913,61.000,69.000
143.403,53.913,61.000,69.000
146.842,53.913,61.000,69.000
146.342,53.413,62.000,70.000
146.342,53.413,62.000,70.000
146.342,53.413,62.000,70.000
149.860,53.413,62.000,70.000
149.360,49.394,63.000,71.000
151.132,49.394,63.000,71.000
151.132,49.394,63.000,71.000
154.178,48.894,64.000,72.000
154.178,48.894,64.000,72.000
157.803,48.894,64.000,72.000
157.303,44.769,65.000,73.000
160.954,44.769,65.000,73.000
160.954,44.269,65.000,74.000
164.145,44.269,66.000,74.000
166.944,40.037,66.000,75.000
166.944,40.037,66.000,75.000
170.188,40.037,67.000,75.000
170.188,39.537,67.000,76.000
173.486,39.537,68.000,76.000
173.486,39.037,68.000,77.000
177.337,39.037,68.000,77.000
177.337,39.037,68.000,77.000
176.837,38.537,69.000,78.000
180.741,38.537,69.000,78.000
180.741,38.537,69.000,78.000
180.741,38.537,69.000,78.000
180.741,38.537,69.000,78.000
184.145,37.061,70.000,79.000
184.145,37.061,70.000,79.000
184.145,37.061,70.000,79.000
184.145,36.561,70.000,80.000
183.645,32.590,71.000,80.000
180.637,32.590,71.000,80.000
180.637,32.590,71.000,80.000
180.637,32.090,71.000,81.000
176.086,32.090,72.000,81.000
176.086,32.090,72.000,81.000
172.021,31.590,72.000,82.000
171.521,31.590,73.000,82.000
167.403,31.590,73.000,82.000
163.286,31.590,73.000,82.000
159.169,31.090,73.000,83.000
155.011,31.090,73.000,83.000
152.432,31.090,74.000,83.000
148.260,30.590,74.000,84.000
144.076,30.590,74.000,84.000
139.891,30.590,74.000,84.000
135.207,30.590,75.000,84.000
133.095,30.090,75.000,85.000
128.830,30.090,75.000,85.000
128.830,30.090,75.000,85.000
123.499,30.090,75.000,85.000
123.499,30.090,75.000,85.000
119.235,30.090,75.000,85.000
119.235,30.090,75.000,85.000
114.970,30.090,75.000,85.000
114.970,30.090,75.000,85.000
110.706,30.090,75.000,85.000
110.706,30.090,75.000,85.000
110.706,30.590,75.000,84.000
110.706,30.590,75.000,84.000
111.206,30.590,74.000,84.000
111.206,35.275,74.000,83.000
111.706,35.275,73.000,83.000
111.706,35.275,73.000,83.000
115.863,39.933,73.000,82.000
116.363,39.933,72.000,82.000
116.363,40.433,72.000,81.000
116.863,40.433,71.000,81.000
116.863,44.984,71.000,80.000
121.374,45.484,70.000,79.000
121.374,45.484,70.000,79.000
121.874,45.984,69.000,78.000
121.874,45.984,69.000,78.000
122.374,46.484,68.000,77.000
122.374,46.484,68.000,77.000
122.374,46.984,68.000,76.000
120.955,43.145,67.000,76.000
120.955,43.645,67.000,75.000
121.455,43.645,66.000,75.000
117.710,43.645,66.000,75.000
117.710,44.145,66.000,74.000
118.210,44.145,65.000,74.000
114.520,44.145,65.000,74.000
114.520,48.336,65.000,73.000
111.368,48.336,64.000,73.000
111.368,48.836,64.000,72.000
107.743,48.836,64.000,72.000
104.618,48.836,63.000,72.000
104.618,48.836,63.000,72.000
100.138,49.336,63.000,71.000
96.593,49.336,63.000,71.000
96.593,51.108,63.000,71.000
92.662,51.608,62.000,70.000
89.143,51.608,62.000,70.000
86.505,55.127,62.000,70.000
84.366,55.627,61.000,69.000
82.647,55.627,61.000,69.000
79.208,55.627,61.000,69.000
79.208,55.627,61.000,69.000
75.770,56.127,61.000,68.000
76.270,56.127,60.000,68.000
72.858,56.127,60.000,68.000
72.858,56.627,60.000,67.000
73.358,56.627,59.000,67.000
70.027,56.627,59.000,67.000
70.027,56.627,59.000,67.000
70.027,57.127,59.000,66.000
70.027,57.127,59.000,66.000
70.027,57.127,59.000,66.000
70.527,57.127,58.000,66.000
70.527,57.127,58.000,66.000
70.527,57.127,58.000,66.000
70.527,57.627,58.000,65.000
70.527,57.627,58.000,65.000
73.793,57.627,58.000,65.000
74.293,57.627,57.000,65.000
77.517,57.627,57.000,65.000
77.517,57.627,57.000,65.000
80.742,58.127,57.000,64.000
83.954,58.127,57.000,64.000
87.166,58.127,57.000,64.000
90.378,58.127,57.000,64.000
93.590,58.127,57.000,64.000
96.802,58.127,57.000,64.000
100.817,58.127,57.000,64.000
104.832,58.127,57.000,64.000
108.847,58.930,57.000,64.000
113.362,58.930,56.000,64.000
117.360,58.930,56.000,64.000
121.358,58.930,56.000,64.000
125.355,59.430,56.000,63.000
130.094,59.430,56.000,63.000
134.044,59.430,56.000,63.000
137.993,59.430,56.000,63.000
141.152,62.589,56.000,63.000
144.811,63.089,55.000,62.000
147.917,63.089,55.000,62.000
151.022,63.089,55.000,62.000
154.127,63.089,55.000,62.000
157.232,63.089,55.000,62.000
157.232,63.089,55.000,62.000
160.338,63.089,55.000,62.000
163.443,63.089,55.000,62.000
163.443,63.089,55.000,62.000
166.548,63.089,55.000,62.000
167.324,63.089,55.000,62.000
170.430,63.089,55.000,62.000
170.930,63.089,54.000,62.000
173.521,63.089,55.000,62.000
174.021,63.089,54.000,62.000
173.521,63.089,55.000,62.000
176.626,63.089,55.000,62.000
176.626,63.089,55.000,62.000
176.626,63.089,55.000,62.000
179.732,63.089,55.000,62.000
179.732,63.089,55.000,62.000
179.732,63.089,55.000,62.000
179.732,63.089,55.000,62.000
179.232,62.589,56.000,63.000
179.232,62.589,56.000,63.000
181.601,62.589,56.000,63.000
181.601,62.589,56.000,63.000
181.601,62.589,56.000,63.000
181.601,62.589,56.000,63.000
181.601,62.589,56.000,63.000
181.601,62.589,56.000,63.000
178.442,62.589,56.000,63.000
178.442,62.589,56.000,63.000
178.442,62.589,56.000,63.000
174.783,58.930,57.000,64.000
174.783,58.930,57.000,64.000
174.783,58.930,57.000,64.000
171.571,58.930,57.000,64.000
171.571,58.930,57.000,64.000
168.359,55.218,57.000,65.000
167.859,55.218,58.000,65.000
164.593,54.718,58.000,66.000
164.593,54.718,58.000,66.000
164.593,54.718,58.000,66.000
160.788,54.718,59.000,66.000
160.788,54.718,59.000,66.000
160.788,54.718,59.000,66.000
160.788,54.718,59.000,66.000
157.469,54.218,59.000,67.000
157.469,54.218,59.000,67.000
157.469,54.218,59.000,67.000
157.469,54.218,59.000,67.000
157.469,54.218,59.000,67.000
156.969,54.218,60.000,67.000
156.969,54.218,60.000,67.000
156.969,54.218,60.000,67.000
156.969,53.718,60.000,68.000
156.969,53.718,60.000,68.000
156.969,53.718,60.000,68.000
160.381,53.718,60.000,68.000
160.381,53.718,60.000,68.000
159.881,53.218,61.000,69.000
163.319,52.858,61.000,68.000
163.319,52.358,61.000,69.000
166.757,52.358,61.000,69.000
166.757,48.920,61.000,69.000
169.696,48.420,62.000,70.000
169.696,48.420,62.000,70.000
173.214,48.420,62.000,70.000
176.732,48.420,62.000,70.000
176.232,44.401,63.000,71.000
179.778,44.401,63.000,71.000
183.323,44.401,63.000,71.000
183.709,43.901,64.000,72.000
187.334,43.901,64.000,72.000
190.459,39.776,65.000,73.000
190.459,39.776,65.000,73.000
194.111,39.776,65.000,73.000
197.763,39.276,65.000,74.000
197.263,39.276,66.000,74.000
200.994,39.276,66.000,74.000
204.726,38.776,66.000,75.000
204.726,38.776,66.000,75.000
207.971,38.776,67.000,75.000
207.971,38.276,67.000,76.000
207.971,38.276,67.000,76.000
211.768,38.276,67.000,76.000
211.268,34.479,68.000,76.000
211.268,33.979,68.000,77.000
211.268,33.979,68.000,77.000
211.268,33.979,68.000,77.000
206.917,35.905,69.000,77.000
206.917,35.405,69.000,78.000
206.917,35.405,69.000,78.000
203.013,35.405,69.000,78.000
203.013,35.405,69.000,78.000
198.609,35.405,70.000,78.000
198.609,36.877,70.000,79.000
194.651,36.877,70.000,79.000
190.693,36.877,70.000,79.000
190.693,36.877,70.000,79.000
186.734,36.877,70.000,79.000
182.776,36.877,70.000,79.000
178.818,36.877,70.000,79.000
174.860,36.877,70.000,79.000
170.902,36.877,70.000,79.000
166.943,36.877,70.000,79.000
162.985,36.877,70.000,79.000
159.027,36.877,70.000,79.000
155.069,36.877,70.000,79.000
151.111,36.877,70.000,79.000
147.153,36.877,70.000,79.000
143.194,36.877,70.000,79.000
139.236,36.877,70.000,79.000
135.278,36.877,70.000,79.000
131.320,36.877,70.000,79.000
127.362,36.877,70.000,79.000
122.414,36.877,70.000,79.000
118.456,36.877,70.000,79.000
114.498,40.836,70.000,79.000
110.539,40.836,70.000,79.000
106.581,40.836,70.000,79.000
102.623,44.794,70.000,79.000
102.623,44.794,70.000,79.000
98.665,44.794,70.000,79.000
94.707,44.794,70.000,79.000
94.707,45.294,70.000,78.000
90.761,48.739,70.000,79.000
90.761,48.739,70.000,79.000
86.803,48.739,70.000,79.000
87.303,49.239,69.000,78.000
87.303,49.239,69.000,78.000
87.303,49.239,69.000,78.000
83.399,49.239,69.000,78.000
83.899,49.739,68.000,77.000
83.899,49.739,68.000,77.000
83.899,50.239,68.000,76.000
83.899,50.239,68.000,76.000
88.238,50.239,67.000,76.000
88.238,50.739,67.000,75.000
88.238,54.498,67.000,75.000
88.738,54.498,66.000,75.000
92.483,54.498,66.000,75.000
92.483,54.998,66.000,74.000
92.983,58.729,65.000,74.000
96.673,59.229,65.000,73.000
96.673,59.229,65.000,73.000
97.173,59.229,64.000,73.000
97.173,59.729,64.000,72.000
97.173,59.729,64.000,72.000
101.298,59.729,63.000,72.000
101.298,60.229,63.000,71.000
101.298,60.229,63.000,71.000
101.798,60.729,62.000,70.000
98.280,60.729,62.000,70.000
98.280,57.211,62.000,70.000
98.280,57.211,62.000,70.000
98.780,57.711,61.000,69.000
95.341,57.711,61.000,69.000
95.341,57.711,61.000,69.000
91.903,57.711,61.000,69.000
92.403,58.211,60.000,68.000
88.991,58.211,60.000,68.000
85.580,58.211,60.000,68.000
85.580,58.711,60.000,67.000
81.364,58.711,60.000,67.000
78.491,58.711,59.000,67.000
75.160,62.043,59.000,67.000
70.995,62.543,59.000,66.000
68.176,62.543,58.000,66.000
64.871,62.543,58.000,66.000
61.566,63.043,58.000,65.000
58.300,63.043,58.000,65.000
55.034,63.043,58.000,65.000
52.268,66.309,57.000,65.000
50.656,66.809,57.000,64.000
49.550,66.809,56.000,64.000
46.352,67.309,56.000,63.000
46.352,67.309,56.000,63.000
46.852,67.309,55.000,63.000
46.852,67.809,55.000,62.000
46.852,67.809,55.000,62.000
47.352,68.309,54.000,61.000
47.352,68.309,54.000,61.000
47.352,65.256,54.000,61.000
47.352,65.256,54.000,61.000
50.404,65.256,54.000,61.000
50.904,65.756,53.000,60.000
53.903,65.756,53.000,60.000
53.903,65.756,53.000,60.000
57.651,65.756,53.000,60.000
60.650,66.256,53.000,59.000
64.135,66.256,52.000,59.000
67.081,66.256,52.000,59.000
70.027,66.256,52.000,59.000
73.709,66.256,52.000,59.000
78.865,66.256,52.000,59.000
82.547,66.756,52.000,58.000
88.358,66.756,52.000,58.000
92.490,66.756,51.000,58.000
98.997,66.756,51.000,58.000
102.612,66.756,51.000,58.000
108.395,66.756,51.000,58.000
112.010,66.756,51.000,58.000
115.625,67.256,51.000,57.000
121.383,67.256,51.000,57.000
124.262,67.256,51.000,57.000
127.140,67.256,51.000,57.000
130.019,67.256,51.000,57.000
132.898,67.256,51.000,57.000
135.777,67.256,51.000,57.000
137.217,67.256,51.000,57.000
140.095,67.256,51.000,57.000
140.095,67.256,51.000,57.000
142.974,66.756,51.000,58.000
142.974,66.756,51.000,58.000
142.974,66.756,51.000,58.000
142.974,66.756,51.000,58.000
142.974,66.756,51.000,58.000
142.974,66.756,51.000,58.000
142.974,66.756,51.000,58.000
140.805,66.756,51.000,58.000
140.805,66.756,51.000,58.000
137.914,66.756,51.000,58.000
137.914,66.756,51.000,58.000
134.522,66.756,52.000,58.000
131.616,66.756,52.000,58.000
128.711,66.756,52.000,58.000
125.805,66.756,52.000,58.000
122.900,66.256,52.000,59.000
119.217,63.310,52.000,59.000
115.535,63.310,52.000,59.000
111.852,63.310,52.000,59.000
105.461,63.310,53.000,59.000
102.475,59.824,53.000,60.000
98.727,59.824,53.000,60.000
92.730,59.824,53.000,60.000
88.982,59.824,53.000,60.000
85.233,59.824,53.000,60.000
80.985,59.324,54.000,61.000
77.169,56.272,54.000,61.000
73.354,56.272,54.000,61.000
69.538,56.272,54.000,61.000
65.722,56.272,54.000,61.000
62.170,55.772,55.000,62.000
59.064,55.772,55.000,62.000
56.735,55.772,55.000,62.000
56.735,55.772,55.000,62.000
53.630,55.772,55.000,62.000
50.525,55.772,55.000,62.000
50.525,55.272,55.000,63.000
50.025,55.272,56.000,63.000
50.025,55.272,56.000,63.000
47.655,55.272,56.000,63.000
47.655,54.772,56.000,64.000
47.655,54.772,56.000,64.000
47.155,54.772,57.000,64.000
47.155,54.772,57.000,64.000
47.155,54.772,57.000,64.000
50.367,54.272,57.000,65.000
49.867,54.272,58.000,65.000
49.867,54.272,58.000,65.000
53.133,53.772,58.000,66.000
53.133,53.772,58.000,66.000
55.938,53.772,59.000,66.000
55.938,53.772,59.000,66.000
60.087,49.953,59.000,67.000
62.585,49.953,59.000,67.000
65.417,49.953,60.000,67.000
65.417,49.953,60.000,67.000
69.633,46.080,60.000,68.000
73.897,46.080,60.000,68.000
77.309,46.080,60.000,68.000
80.721,46.080,60.000,68.000
83.632,45.580,61.000,69.000
87.071,45.580,61.000,69.000
90.509,45.580,61.000,69.000
93.947,45.580,61.000,69.000
96.886,45.080,62.000,70.000
100.404,45.080,62.000,70.000
103.922,45.080,62.000,70.000
103.422,44.580,63.000,71.000
107.854,44.580,63.000,71.000
111.399,44.580,63.000,71.000
114.444,44.080,64.000,72.000
114.444,44.080,64.000,72.000
118.069,44.080,64.000,72.000
121.694,44.080,64.000,72.000
121.694,43.580,64.000,73.000
125.332,43.580,64.000,73.000
124.832,43.580,65.000,73.000
124.832,43.580,65.000,73.000
128.484,43.580,65.000,73.000
128.484,43.580,65.000,73.000
128.484,43.580,65.000,73.000
128.484,43.080,65.000,74.000
128.484,43.080,65.000,74.000
128.484,43.080,65.000,74.000
128.484,43.080,65.000,74.000
128.484,39.390,65.000,74.000
128.484,39.390,65.000,74.000
128.484,39.390,65.000,74.000
128.484,39.390,65.000,74.000
127.984,39.390,66.000,74.000
127.984,39.390,66.000,74.000
128.484,39.390,65.000,74.000
128.484,39.390,65.000,74.000
128.484,39.390,65.000,74.000
128.484,39.390,65.000,74.000
127.984,39.390,66.000,74.000
127.984,39.390,66.000,74.000
124.252,38.890,66.000,75.000
126.125,39.390,66.000,74.000
126.125,39.390,66.000,74.000
126.125,38.890,66.000,75.000
126.125,38.890,66.000,75.000
129.869,38.890,66.000,75.000
129.869,38.890,66.000,75.000
129.869,38.890,66.000,75.000
133.114,38.890,67.000,75.000
133.114,34.632,67.000,76.000
134.063,34.632,67.000,76.000
137.360,34.632,68.000,76.000
137.360,34.132,68.000,77.000
141.212,34.132,68.000,77.000
146.026,34.132,68.000,77.000
149.378,34.132,69.000,77.000
149.378,33.632,69.000,78.000
154.258,33.632,69.000,78.000
157.662,33.132,70.000,79.000
161.620,35.111,70.000,79.000
161.620,35.111,70.000,79.000
165.578,35.111,70.000,79.000
169.536,35.111,70.000,79.000
169.536,35.111,70.000,79.000
173.494,34.611,70.000,80.000
173.494,35.111,70.000,79.000
173.494,35.111,70.000,79.000
177.452,35.111,70.000,79.000
177.452,35.111,70.000,79.000
177.952,35.611,69.000,78.000
177.952,35.611,69.000,78.000
178.452,36.111,68.000,77.000
178.452,36.111,68.000,77.000
178.452,36.111,68.000,77.000
178.952,36.611,67.000,76.000
178.952,36.611,67.000,76.000
178.952,36.611,67.000,76.000
178.952,37.111,67.000,75.000
179.452,38.990,66.000,75.000
179.452,39.490,66.000,74.000
179.952,39.490,65.000,74.000
179.952,43.680,65.000,73.000
180.452,43.680,64.000,73.000
180.452,44.180,64.000,72.000
180.452,44.180,64.000,72.000
180.952,47.805,63.000,72.000
180.952,48.305,63.000,71.000
184.497,48.305,63.000,71.000
184.997,52.350,62.000,70.000
184.997,52.350,62.000,70.000
185.497,52.850,61.000,69.000
185.497,52.850,61.000,69.000
185.997,53.350,60.000,68.000
185.997,53.850,60.000,67.000
189.870,53.850,59.000,67.000
189.870,54.350,59.000,66.000
190.370,54.350,58.000,66.000
193.675,54.850,58.000,65.000
193.675,54.850,58.000,65.000
197.441,54.850,57.000,65.000
197.441,58.575,57.000,64.000
197.441,58.575,57.000,64.000
201.153,58.575,56.000,64.000
204.351,59.075,56.000,63.000
204.851,59.575,55.000,62.000
207.957,59.575,55.000,62.000
211.062,59.575,55.000,62.000
211.062,59.575,55.000,62.000
214.167,62.681,55.000,62.000
214.667,63.181,54.000,61.000
217.720,63.181,54.000,61.000
217.220,65.733,55.000,62.000
217.220,65.733,55.000,62.000
217.220,65.733,55.000,62.000
217.220,65.733,55.000,62.000
217.220,65.733,55.000,62.000
217.220,65.733,55.000,62.000
214.114,65.733,55.000,62.000
214.114,65.733,55.000,62.000
211.009,65.733,55.000,62.000
207.904,65.733,55.000,62.000
204.799,65.733,55.000,62.000
201.693,65.733,55.000,62.000
198.312,66.233,54.000,61.000
194.496,66.233,54.000,61.000
190.680,66.233,54.000,61.000
183.812,66.233,54.000,61.000
179.996,66.233,54.000,61.000
173.128,66.233,54.000,61.000
169.312,66.733,54.000,60.000
163.787,66.733,53.000,60.000
160.039,66.733,53.000,60.000
153.293,66.733,53.000,60.000
149.544,63.735,53.000,60.000
143.547,63.735,53.000,60.000
140.549,63.735,53.000,60.000
136.801,63.735,53.000,60.000
132.552,63.735,54.000,60.000
129.540,63.235,54.000,61.000
126.488,63.235,54.000,61.000
123.435,63.235,54.000,61.000
120.382,63.235,54.000,61.000
117.330,63.235,54.000,61.000
114.277,63.235,54.000,61.000
111.224,63.235,54.000,61.000
107.672,62.735,55.000,62.000
104.567,62.735,55.000,62.000
104.567,62.735,55.000,62.000
101.461,61.182,55.000,62.000
98.356,60.682,55.000,63.000
97.856,60.682,56.000,63.000
94.697,57.523,56.000,63.000
94.697,57.523,56.000,63.000
91.537,57.023,56.000,64.000
91.537,53.825,56.000,64.000
87.839,53.825,57.000,64.000
84.627,53.825,57.000,64.000
84.627,53.325,57.000,65.000
80.902,53.325,58.000,65.000
77.636,53.325,58.000,65.000
77.636,53.325,58.000,65.000
74.370,52.825,58.000,66.000
74.370,49.520,58.000,66.000
70.565,49.520,59.000,66.000
67.247,49.520,59.000,66.000
63.928,49.520,59.000,66.000
63.928,49.520,59.000,66.000
59.780,49.520,59.000,66.000
56.461,45.701,59.000,67.000
56.461,46.201,59.000,66.000
53.142,46.201,59.000,66.000
49.824,46.201,59.000,66.000
50.324,46.201,58.000,66.000
46.519,49.506,59.000,66.000
43.200,49.506,59.000,66.000
40.381,49.506,58.000,66.000
37.076,52.811,58.000,66.000
35.424,52.811,58.000,66.000
32.119,52.811,58.000,66.000
28.814,56.116,58.000,66.000
25.509,56.116,58.000,66.000
25.509,56.116,58.000,66.000
22.204,59.921,58.000,65.000
18.938,59.921,58.000,65.000
16.489,59.921,58.000,65.000
16.489,59.921,58.000,65.000
13.223,59.921,58.000,65.000
