289.000,67.000,64.000,236.000
289.000,67.000,64.000,236.000
281.702,67.000,64.000,236.000
281.702,67.500,64.000,235.000
282.202,68.000,63.000,234.000
274.955,69.000,63.000,232.000
275.455,70.000,62.000,230.000
268.260,72.299,62.000,229.000
262.856,71.799,62.000,230.000
262.856,78.994,62.000,230.000
262.856,72.299,62.000,229.000
262.856,72.799,62.000,228.000
270.016,94.780,62.000,227.000
277.187,72.768,62.000,228.000
259.286,65.108,62.000,229.000
258.786,64.108,63.000,231.000
280.954,64.608,62.000,230.000
273.259,64.108,63.000,231.000
273.259,56.885,63.000,231.000
266.036,57.385,63.000,230.000
273.249,56.885,63.000,231.000
273.249,56.385,63.000,232.000
266.036,57.688,63.000,233.000
273.293,57.688,63.000,233.000
273.293,57.688,63.000,233.000
276.922,57.188,63.000,234.000
283.669,56.688,64.000,235.000
290.977,56.188,64.000,236.000
305.573,48.390,64.000,237.000
305.073,47.890,65.000,238.000
312.389,47.390,65.000,239.000
312.389,39.531,65.000,240.000
312.389,39.531,65.000,240.000
312.389,39.531,65.000,240.000
305.040,31.681,65.000,241.000
297.680,39.041,65.000,241.000
294.000,39.041,65.000,241.000
294.000,39.041,65.000,241.000
293.500,38.041,66.000,243.000
289.795,45.451,66.000,243.000
289.795,45.451,66.000,243.000
289.795,45.451,66.000,243.000
289.795,45.951,66.000,242.000
319.394,38.052,66.000,243.000
319.394,37.552,66.000,244.000
319.394,37.052,66.000,245.000
318.894,36.552,67.000,246.000
318.894,36.052,67.000,247.000
311.433,35.552,67.000,248.000
307.708,43.502,67.000,247.000
300.248,43.502,67.000,247.000
300.248,44.002,67.000,246.000
307.698,44.002,67.000,246.000
307.698,44.002,67.000,246.000
300.748,44.502,66.000,245.000
300.748,44.502,66.000,245.000
293.304,44.502,66.000,245.000
293.304,44.502,66.000,245.000
300.748,50.584,66.000,244.000
308.147,51.084,66.000,243.000
316.058,51.584,65.000,242.000
316.058,52.584,65.000,240.000
316.058,45.235,65.000,240.000
323.407,37.886,65.000,240.000
316.058,37.886,65.000,240.000
316.058,36.049,65.000,240.000
316.058,36.049,65.000,240.000
319.732,36.049,65.000,240.000
305.034,43.398,65.000,240.000
290.336,43.398,65.000,240.000
286.661,36.049,65.000,240.000
286.661,36.049,65.000,240.000
279.312,35.549,65.000,241.000
271.953,28.189,65.000,241.000
271.953,42.909,65.000,241.000
271.953,43.409,65.000,240.000
271.953,36.560,65.000,239.000
286.672,37.060,65.000,238.000
279.857,37.060,64.000,238.000
279.857,38.060,64.000,236.000
278.032,39.060,64.000,234.000
278.532,40.060,63.000,232.000
278.532,32.847,63.000,232.000
285.744,32.847,63.000,232.000
300.169,40.060,63.000,232.000
314.594,47.772,63.000,231.000
314.594,48.272,63.000,230.000
315.094,48.272,62.000,230.000
314.594,25.687,63.000,232.000
314.594,25.187,63.000,233.000
307.337,32.444,63.000,233.000
314.594,39.201,63.000,234.000
307.347,24.707,63.000,234.000
307.347,25.207,63.000,233.000
307.347,32.464,63.000,233.000
307.347,32.464,63.000,233.000
307.347,32.464,63.000,233.000
307.347,31.964,63.000,234.000
307.347,32.464,63.000,233.000
307.347,32.464,63.000,233.000
314.604,24.707,63.000,234.000
314.104,24.207,64.000,235.000
306.796,16.899,64.000,235.000
306.796,16.899,64.000,235.000
292.179,23.707,64.000,236.000
292.179,17.734,64.000,237.000
284.870,10.925,64.000,236.000
277.572,3.127,64.000,237.000
270.263,-0.027,64.000,236.000
270.263,-0.027,64.000,236.000
277.562,-0.527,64.000,237.000
277.562,-0.027,64.000,236.000
277.562,7.771,64.000,235.000
277.562,7.771,64.000,235.000
277.562,13.252,64.000,235.000
277.562,13.252,64.000,235.000
277.562,13.252,64.000,235.000
279.389,13.252,64.000,235.000
286.697,13.252,64.000,235.000
288.524,13.252,64.000,235.000
295.833,13.252,64.000,235.000
295.833,13.752,64.000,234.000
297.649,6.488,64.000,234.000
297.649,6.488,64.000,234.000
305.413,-0.275,63.000,233.000
305.413,-0.275,63.000,233.000
310.856,0.225,63.000,232.000
310.856,7.437,63.000,232.000
318.068,6.437,63.000,234.000
318.068,13.684,63.000,234.000
318.068,13.684,63.000,234.000
318.068,19.119,63.000,234.000
324.815,19.119,64.000,234.000
325.315,19.119,63.000,234.000
325.315,11.872,63.000,234.000
325.315,12.372,63.000,233.000
325.315,5.615,63.000,232.000
325.315,6.115,63.000,231.000
319.898,-1.108,63.000,231.000
320.398,-0.608,62.000,230.000
313.203,-0.108,62.000,229.000
307.799,0.392,62.000,228.000
307.799,7.553,62.000,228.000
307.799,8.053,62.000,227.000
308.299,8.053,61.000,227.000
315.452,1.399,61.000,226.000
306.567,1.899,61.000,225.000
306.567,1.899,61.000,225.000
299.449,-4.719,61.000,224.000
301.726,-4.219,60.000,223.000
299.950,2.882,60.000,223.000
299.950,3.382,60.000,222.000
299.950,3.882,60.000,221.000
301.717,3.882,60.000,221.000
301.717,4.382,60.000,220.000
301.717,6.146,60.000,220.000
301.717,10.937,60.000,221.000
305.249,10.937,60.000,221.000
305.249,10.937,60.000,221.000
305.249,10.437,60.000,222.000
305.249,2.882,60.000,223.000
308.800,3.382,60.000,222.000
308.800,-3.173,60.000,221.000
308.800,-2.673,60.000,220.000
312.327,-2.673,60.000,220.000
312.827,-2.173,59.000,219.000
326.852,-2.173,59.000,219.000
326.852,-1.173,59.000,217.000
326.852,2.833,59.000,216.000
332.577,3.833,58.000,214.000
336.051,4.333,58.000,213.000
336.051,4.833,58.000,212.000
336.551,3.614,57.000,211.000
336.551,3.614,57.000,211.000
336.551,4.114,57.000,210.000
339.951,4.614,57.000,209.000
343.836,5.114,56.000,208.000
343.836,5.114,56.000,208.000
342.150,5.114,56.000,208.000
342.150,5.614,56.000,207.000
343.828,6.114,56.000,206.000
343.828,6.114,56.000,206.000
343.828,6.114,56.000,206.000
343.828,-0.552,56.000,206.000
343.828,-0.052,56.000,205.000
344.328,-0.052,55.000,205.000
344.328,0.448,55.000,204.000
344.328,0.948,55.000,203.000
344.328,0.948,55.000,203.000
349.251,1.448,55.000,202.000
349.251,1.448,55.000,202.000
349.251,1.948,55.000,201.000
346.479,1.948,54.000,201.000
342.726,1.948,55.000,201.000
342.726,1.948,55.000,201.000
337.819,1.948,55.000,201.000
331.776,1.948,54.000,201.000
364.303,2.448,54.000,200.000
364.303,2.948,54.000,199.000
357.853,-2.502,54.000,197.000
358.353,-2.002,53.000,196.000
352.007,-1.502,53.000,195.000
348.839,-1.502,53.000,195.000
348.839,4.835,53.000,195.000
348.839,4.835,53.000,195.000
348.839,4.835,53.000,195.000
348.839,10.671,53.000,196.000
348.839,10.671,53.000,196.000
348.839,4.325,53.000,196.000
344.079,-1.522,53.000,195.000
344.079,-1.522,53.000,195.000
350.415,-1.022,53.000,194.000
350.415,-1.022,53.000,194.000
350.415,-1.022,53.000,194.000
350.415,-1.022,53.000,194.000
350.415,-1.022,53.000,194.000
350.415,-1.022,53.000,194.000
355.633,-6.812,52.000,193.000
361.876,-5.812,52.000,191.000
362.376,-5.312,51.000,190.000
362.376,-4.312,51.000,188.000
368.460,-4.312,51.000,188.000
366.939,-4.312,51.000,188.000
366.939,-4.312,51.000,188.000
366.939,-3.812,51.000,187.000
368.453,-3.812,51.000,187.000
371.480,-3.812,51.000,187.000
377.534,-3.812,51.000,187.000
377.534,-3.812,51.000,187.000
384.089,-3.312,50.000,186.000
384.089,-2.312,50.000,184.000
378.138,4.138,50.000,183.000
378.638,4.638,49.000,182.000
366.383,10.016,50.000,183.000
360.442,15.957,50.000,183.000
354.501,15.957,50.000,183.000
354.501,15.457,50.000,184.000
348.550,21.408,50.000,184.000
348.550,20.908,50.000,185.000
348.550,20.408,50.000,186.000
348.550,20.408,50.000,186.000
342.024,19.908,51.000,187.000
337.483,19.908,51.000,187.000
337.483,26.462,51.000,186.000
334.461,25.962,51.000,187.000
328.407,25.962,51.000,187.000
323.866,25.962,51.000,187.000
317.812,25.962,51.000,187.000
311.758,25.962,51.000,187.000
316.298,31.516,51.000,188.000
316.298,31.016,51.000,189.000
319.363,31.016,51.000,189.000
319.363,31.516,51.000,188.000
313.279,31.516,51.000,188.000
313.279,32.016,51.000,187.000
319.333,32.016,51.000,187.000
319.333,32.016,51.000,187.000
319.333,32.016,51.000,187.000
319.333,38.070,51.000,187.000
317.820,38.070,51.000,187.000
317.820,38.070,51.000,187.000
316.306,37.570,51.000,188.000
316.306,37.070,51.000,189.000
316.306,37.070,51.000,189.000
317.339,36.070,52.000,191.000
320.440,36.070,52.000,191.000
320.440,35.570,52.000,192.000
326.674,41.304,52.000,193.000
326.174,40.804,53.000,194.000
326.174,40.304,53.000,195.000
332.510,40.804,53.000,194.000
332.510,46.594,53.000,195.000
332.510,46.594,53.000,195.000
327.758,46.094,53.000,196.000
324.584,46.094,53.000,196.000
318.238,46.094,53.000,196.000
318.238,46.094,53.000,196.000
318.238,46.594,53.000,195.000
318.238,47.094,53.000,194.000
318.238,47.094,53.000,194.000
318.238,47.094,53.000,194.000
311.947,47.094,53.000,194.000
305.657,46.594,53.000,195.000
294.568,46.094,53.000,196.000
294.568,46.094,53.000,196.000
289.808,46.094,53.000,196.000
289.808,46.094,53.000,196.000
289.808,45.594,53.000,197.000
282.951,45.094,54.000,198.000
282.951,44.594,54.000,199.000
282.951,44.094,54.000,200.000
282.951,37.635,54.000,200.000
282.951,37.635,54.000,200.000
278.107,37.635,54.000,200.000
274.877,37.635,54.000,200.000
268.417,38.135,54.000,199.000
268.417,38.635,54.000,198.000
274.857,38.135,54.000,199.000
274.857,38.135,54.000,199.000
281.307,44.584,54.000,199.000
287.757,44.084,54.000,200.000
292.601,44.584,54.000,199.000
292.601,44.584,54.000,199.000
292.601,44.584,54.000,199.000
292.601,44.584,54.000,199.000
290.989,46.197,54.000,199.000
290.989,46.697,54.000,198.000
284.549,46.697,54.000,198.000
281.329,46.697,54.000,198.000
281.829,47.197,53.000,197.000
281.829,47.197,53.000,197.000
281.829,53.553,53.000,197.000
281.329,53.053,54.000,198.000
281.329,53.053,54.000,198.000
286.159,53.553,54.000,197.000
287.762,53.553,54.000,197.000
288.262,53.553,53.000,197.000
294.618,53.553,53.000,197.000
294.618,54.053,53.000,196.000
294.618,54.053,53.000,196.000
294.618,54.053,53.000,196.000
294.618,54.053,53.000,196.000
291.445,54.053,53.000,196.000
289.858,54.053,53.000,196.000
288.271,60.400,53.000,196.000
285.098,60.400,53.000,196.000
285.098,60.400,53.000,196.000
285.098,60.400,53.000,196.000
285.098,60.900,53.000,195.000
285.098,55.063,53.000,194.000
285.098,55.063,53.000,194.000
285.598,49.272,52.000,193.000
285.098,48.772,53.000,194.000
285.098,48.772,53.000,194.000
285.098,50.345,53.000,194.000
285.098,56.136,53.000,195.000
285.098,62.472,53.000,195.000
291.435,61.972,53.000,196.000
291.435,68.319,53.000,196.000
291.435,67.819,53.000,197.000
290.935,67.319,54.000,198.000
289.325,67.319,54.000,198.000
289.325,68.429,54.000,199.000
282.875,67.929,54.000,200.000
280.760,66.929,55.000,202.000
280.760,66.429,55.000,203.000
274.197,59.866,55.000,203.000
274.197,52.802,55.000,204.000
274.197,52.802,55.000,204.000
276.993,58.895,56.000,205.000
281.986,58.895,56.000,205.000
281.986,58.895,56.000,205.000
281.986,65.052,56.000,206.000
281.986,71.218,56.000,207.000
281.486,70.718,57.000,208.000
279.796,69.718,57.000,210.000
278.096,69.718,57.000,210.000
276.396,69.218,57.000,211.000
269.051,61.373,58.000,213.000
269.051,53.954,58.000,214.000
269.051,46.505,58.000,215.000
268.551,42.026,59.000,217.000
272.057,34.514,59.000,218.000
272.057,30.513,59.000,219.000
278.569,30.013,60.000,220.000
280.333,30.013,60.000,220.000
287.388,29.513,60.000,221.000
287.388,34.812,60.000,221.000
276.790,34.812,60.000,221.000
280.323,34.312,60.000,222.000
282.087,34.312,60.000,222.000
285.614,34.312,60.000,222.000
292.670,33.812,60.000,223.000
292.670,40.912,60.000,223.000
297.995,48.513,60.000,222.000
297.995,48.513,60.000,222.000
297.495,40.958,61.000,223.000
297.495,33.340,61.000,224.000
295.718,33.340,61.000,224.000
288.610,32.340,61.000,226.000
281.502,34.617,61.000,225.000
274.384,39.455,61.000,226.000
267.276,39.455,61.000,226.000
267.276,41.732,61.000,225.000
267.276,41.732,61.000,225.000
267.276,41.732,61.000,225.000
267.276,34.614,61.000,225.000
267.276,34.614,61.000,225.000
276.173,26.996,61.000,226.000
283.281,26.996,61.000,226.000
296.998,26.496,62.000,227.000
298.790,25.996,62.000,228.000
305.951,17.835,62.000,230.000
307.249,16.835,63.000,232.000
312.659,16.335,63.000,233.000
312.159,15.835,64.000,234.000
321.739,10.887,63.000,233.000
328.996,10.887,63.000,233.000
336.253,4.130,63.000,232.000
343.465,4.130,63.000,232.000
357.890,11.843,63.000,231.000
369.224,14.148,62.000,230.000
376.419,14.648,62.000,229.000
383.624,14.148,62.000,230.000
390.819,14.148,62.000,230.000
397.514,13.648,63.000,231.000
406.542,19.065,63.000,231.000
404.737,19.065,63.000,231.000
404.737,26.288,63.000,231.000
405.237,34.011,62.000,230.000
403.438,34.511,62.000,229.000
396.233,35.011,62.000,228.000
389.572,35.511,61.000,227.000
389.572,36.011,61.000,226.000
389.572,36.011,61.000,226.000
389.572,36.011,61.000,226.000
391.349,36.511,61.000,225.000
384.231,37.011,61.000,224.000
380.677,29.903,61.000,224.000
380.677,29.903,61.000,224.000
384.231,30.403,61.000,223.000
384.231,29.903,61.000,224.000
391.339,37.011,61.000,224.000
391.339,37.511,61.000,223.000
391.839,38.011,60.000,222.000
391.839,38.511,60.000,221.000
384.774,38.511,60.000,221.000
384.774,39.011,60.000,220.000
377.718,31.455,60.000,221.000
377.718,31.455,60.000,221.000
377.718,33.222,60.000,221.000
377.718,40.287,60.000,221.000
377.718,40.787,60.000,220.000
377.718,41.287,60.000,219.000
371.153,41.787,59.000,218.000
371.153,41.787,59.000,218.000
365.901,41.787,59.000,218.000
365.901,42.287,59.000,217.000
365.901,42.287,59.000,217.000
365.901,42.787,59.000,216.000
366.401,42.787,58.000,216.000
366.401,43.287,58.000,215.000
359.443,43.787,58.000,214.000
359.443,43.787,58.000,214.000
354.231,51.236,58.000,213.000
354.231,51.736,58.000,212.000
353.013,55.672,57.000,211.000
353.013,56.172,57.000,210.000
347.913,62.972,57.000,210.000
347.913,63.472,57.000,209.000
341.643,63.972,56.000,208.000
341.643,64.472,56.000,207.000
334.931,70.006,56.000,206.000
334.931,70.506,56.000,205.000
335.431,66.014,55.000,204.000
332.135,66.014,55.000,204.000
325.542,67.014,55.000,202.000
325.542,67.014,55.000,202.000
326.042,64.237,54.000,201.000
319.537,64.737,54.000,200.000
319.537,58.777,54.000,199.000
319.537,58.777,54.000,199.000
319.537,51.827,54.000,200.000
319.537,51.827,54.000,200.000
319.537,51.327,54.000,201.000
319.537,51.827,54.000,200.000
319.537,51.827,54.000,200.000
319.537,58.287,54.000,200.000
319.537,64.747,54.000,200.000
321.152,64.747,54.000,200.000
327.111,70.707,55.000,201.000
327.111,70.707,55.000,201.000
333.655,70.707,55.000,201.000
