130.000,132.000,31.000,115.000
130.000,132.000,31.000,115.000
130.000,132.500,31.000,114.000
130.000,132.500,31.000,114.000
130.000,132.500,31.000,114.000
130.000,132.000,31.000,115.000
130.000,128.799,31.000,114.000
130.000,128.799,31.000,114.000
130.000,125.108,31.000,114.000
130.000,125.108,31.000,114.000
130.000,125.108,31.000,114.000
129.077,125.108,31.000,114.000
129.077,128.799,31.000,114.000
128.155,129.299,31.000,113.000
128.655,129.299,30.000,113.000
124.511,125.156,31.000,114.000
124.511,125.156,31.000,114.000
124.511,121.465,31.000,114.000
124.511,121.465,31.000,114.000
124.511,121.465,31.000,114.000
124.511,121.465,31.000,114.000
124.511,121.465,31.000,114.000
124.511,121.465,31.000,114.000
124.511,121.465,31.000,114.000
125.011,121.965,30.000,113.000
125.011,121.965,30.000,113.000
125.011,122.465,30.000,112.000
125.011,118.867,30.000,112.000
125.011,118.867,30.000,112.000
125.011,119.367,30.000,111.000
125.011,115.780,30.000,111.000
125.011,115.780,30.000,111.000
125.011,115.780,30.000,111.000
124.114,115.780,30.000,111.000
124.114,115.780,30.000,111.000
124.114,115.780,30.000,111.000
123.217,115.780,30.000,111.000
123.217,116.280,30.000,110.000
123.217,116.280,30.000,110.000
123.217,112.702,30.000,110.000
123.717,113.202,29.000,109.000
123.717,113.202,29.000,109.000
123.717,113.202,29.000,109.000
123.717,113.702,29.000,108.000
123.717,114.202,29.000,107.000
123.717,114.202,29.000,107.000
123.717,114.702,29.000,106.000
124.217,114.702,28.000,106.000
124.217,115.202,28.000,105.000
124.217,111.821,28.000,105.000
124.217,111.821,28.000,105.000
124.217,110.131,28.000,105.000
124.217,110.131,28.000,105.000
124.217,110.131,28.000,105.000
124.217,110.131,28.000,105.000
122.527,110.131,28.000,105.000
122.527,110.131,28.000,105.000
122.527,110.131,28.000,105.000
122.527,110.131,28.000,105.000
122.527,110.131,28.000,105.000
122.527,106.750,28.000,105.000
122.527,106.750,28.000,105.000
122.527,106.750,28.000,105.000
121.682,107.250,28.000,104.000
121.682,107.250,28.000,104.000
121.682,107.250,28.000,104.000
121.682,107.750,28.000,103.000
121.682,107.750,28.000,103.000
121.682,108.250,28.000,102.000
122.182,104.954,27.000,102.000
122.182,105.454,27.000,101.000
122.182,105.454,27.000,101.000
122.182,105.454,27.000,101.000
122.182,102.687,27.000,100.000
122.182,102.687,27.000,100.000
122.182,102.687,27.000,100.000
122.182,102.687,27.000,100.000
122.182,102.687,27.000,100.000
121.376,102.687,27.000,100.000
121.376,102.687,27.000,100.000
121.376,103.187,27.000,99.000
121.376,103.187,27.000,99.000
121.376,103.187,27.000,99.000
120.578,99.995,27.000,99.000
120.578,99.995,27.000,99.000
120.578,99.995,27.000,99.000
120.578,99.995,27.000,99.000
121.078,100.495,26.000,98.000
121.078,100.495,26.000,98.000
121.078,100.495,26.000,98.000
121.078,100.995,26.000,97.000
121.078,100.995,26.000,97.000
121.078,97.860,26.000,97.000
121.078,98.360,26.000,96.000
121.078,98.360,26.000,96.000
121.078,98.360,26.000,96.000
121.078,98.360,26.000,96.000
121.078,98.360,26.000,96.000
121.078,98.360,26.000,96.000
121.078,98.360,26.000,96.000
121.078,98.360,26.000,96.000
121.078,98.360,26.000,96.000
121.078,98.860,26.000,95.000
119.539,95.781,26.000,95.000
119.539,95.781,26.000,95.000
119.539,95.781,26.000,95.000
119.539,92.702,26.000,95.000
120.039,93.202,25.000,94.000
120.039,93.202,25.000,94.000
120.039,93.702,25.000,93.000
120.039,93.702,25.000,93.000
120.039,93.702,25.000,93.000
120.039,94.202,25.000,92.000
120.039,94.202,25.000,92.000
120.039,94.202,25.000,92.000
120.039,91.227,25.000,92.000
120.039,91.727,25.000,91.000
120.039,91.727,25.000,91.000
120.039,91.727,25.000,91.000
120.039,91.727,25.000,91.000
120.039,91.727,25.000,91.000
117.073,91.727,25.000,91.000
117.073,91.727,25.000,91.000
117.073,91.727,25.000,91.000
117.073,91.727,25.000,91.000
117.073,91.227,25.000,92.000
117.073,88.752,25.000,91.000
117.073,88.752,25.000,91.000
117.073,88.752,25.000,91.000
117.073,88.752,25.000,91.000
114.849,88.752,25.000,91.000
114.849,88.752,25.000,91.000
115.349,88.752,24.000,91.000
115.349,89.252,24.000,90.000
115.349,89.252,24.000,90.000
115.349,89.752,24.000,89.000
115.349,86.879,24.000,89.000
115.349,86.879,24.000,89.000
115.349,86.879,24.000,89.000
115.349,84.007,24.000,89.000
115.349,86.879,24.000,89.000
115.349,84.507,24.000,88.000
113.203,86.870,24.000,89.000
113.203,86.870,24.000,89.000
113.203,86.870,24.000,89.000
113.203,86.870,24.000,89.000
113.203,83.997,24.000,89.000
112.485,83.997,24.000,89.000
112.485,83.997,24.000,89.000
112.485,83.997,24.000,89.000
111.767,81.625,24.000,88.000
111.767,81.625,24.000,88.000
111.767,84.488,24.000,88.000
111.767,84.988,24.000,87.000
110.350,84.988,24.000,87.000
110.350,84.988,24.000,87.000
110.350,84.988,24.000,87.000
110.850,83.571,23.000,87.000
110.850,83.571,23.000,87.000
110.850,81.293,23.000,86.000
110.850,81.293,23.000,86.000
110.850,81.293,23.000,86.000
110.850,81.293,23.000,86.000
110.850,81.293,23.000,86.000
110.850,81.293,23.000,86.000
108.082,81.293,23.000,86.000
108.082,81.293,23.000,86.000
108.082,81.293,23.000,86.000
108.082,81.293,23.000,86.000
108.082,78.524,23.000,86.000
108.082,78.524,23.000,86.000
108.082,78.524,23.000,86.000
108.082,78.524,23.000,86.000
107.390,79.024,23.000,85.000
107.390,79.024,23.000,85.000
107.390,79.024,23.000,85.000
107.390,79.524,23.000,84.000
107.390,79.524,23.000,84.000
107.390,79.524,23.000,84.000
107.390,79.524,23.000,84.000
107.890,77.311,22.000,83.000
107.890,77.311,22.000,83.000
107.890,77.311,22.000,83.000
107.223,75.146,22.000,82.000
107.223,75.146,22.000,82.000
107.223,77.801,22.000,82.000
107.223,77.801,22.000,82.000
107.223,78.301,22.000,81.000
104.598,77.801,22.000,82.000
104.598,77.801,22.000,82.000
104.598,75.146,22.000,82.000
104.598,75.646,22.000,81.000
104.598,75.646,22.000,81.000
104.598,75.646,22.000,81.000
103.941,73.020,22.000,81.000
103.941,73.520,22.000,80.000
103.941,73.520,22.000,80.000
103.941,76.100,22.000,80.000
103.941,76.100,22.000,80.000
103.941,76.100,22.000,80.000
103.941,76.100,22.000,80.000
103.941,76.100,22.000,80.000
104.441,73.520,21.000,80.000
104.441,74.020,21.000,79.000
103.941,73.520,22.000,80.000
104.441,71.440,21.000,79.000
104.441,71.440,21.000,79.000
104.441,71.440,21.000,79.000
102.527,71.940,21.000,78.000
102.527,71.940,21.000,78.000
102.527,71.940,21.000,78.000
102.527,71.940,21.000,78.000
102.527,71.940,21.000,78.000
102.527,71.440,21.000,79.000
102.527,71.440,21.000,79.000
102.027,70.940,22.000,80.000
102.527,68.860,21.000,79.000
100.613,68.860,21.000,79.000
100.613,69.360,21.000,78.000
100.613,69.360,21.000,78.000
100.613,69.860,21.000,77.000
100.613,70.360,21.000,76.000
100.613,70.360,21.000,76.000
100.613,70.360,21.000,76.000
100.613,70.360,21.000,76.000
100.613,67.894,21.000,76.000
100.613,67.894,21.000,76.000
100.613,67.894,21.000,76.000
100.613,67.894,21.000,76.000
100.613,67.894,21.000,76.000
100.613,67.894,21.000,76.000
100.613,70.360,21.000,76.000
100.613,67.894,21.000,76.000
100.613,67.894,21.000,76.000
100.613,67.894,21.000,76.000
100.613,67.894,21.000,76.000
98.147,67.894,21.000,76.000
98.647,65.427,20.000,76.000
98.647,65.427,20.000,76.000
98.647,65.427,20.000,76.000
98.647,65.927,20.000,75.000
98.647,65.927,20.000,75.000
98.647,68.346,20.000,75.000
98.647,67.846,20.000,76.000
98.647,65.897,20.000,75.000
98.647,65.897,20.000,75.000
98.647,65.897,20.000,75.000
100.461,63.479,20.000,75.000
100.461,63.979,20.000,74.000
100.461,63.979,20.000,74.000
100.461,63.979,20.000,74.000
100.461,63.979,20.000,74.000
100.461,63.979,20.000,74.000
100.461,63.979,20.000,74.000
100.461,63.979,20.000,74.000
100.461,63.979,20.000,74.000
100.461,63.979,20.000,74.000
100.461,63.979,20.000,74.000
100.461,63.385,20.000,74.000
100.461,62.885,20.000,75.000
100.461,62.885,20.000,75.000
100.461,60.966,20.000,74.000
100.461,60.966,20.000,74.000
100.461,63.340,20.000,74.000
100.461,63.840,20.000,73.000
100.461,63.840,20.000,73.000
100.461,63.840,20.000,73.000
101.052,61.476,20.000,73.000
101.052,61.476,20.000,73.000
101.052,61.476,20.000,73.000
101.052,61.476,20.000,73.000
101.052,59.113,20.000,73.000
101.052,59.113,20.000,73.000
101.052,59.113,20.000,73.000
101.052,61.476,20.000,73.000
101.052,61.476,20.000,73.000
101.052,61.476,20.000,73.000
101.052,61.476,20.000,73.000
101.052,59.113,20.000,73.000
101.052,59.113,20.000,73.000
101.052,59.113,20.000,73.000
101.052,59.113,20.000,73.000
101.052,59.113,20.000,73.000
101.052,59.113,20.000,73.000
101.052,59.113,20.000,73.000
101.052,59.113,20.000,73.000
101.552,59.613,19.000,72.000
101.552,59.613,19.000,72.000
101.552,59.613,19.000,72.000
101.552,59.613,19.000,72.000
101.552,57.814,19.000,71.000
101.552,57.814,19.000,71.000
101.552,57.814,19.000,71.000
101.552,57.814,19.000,71.000
101.552,57.814,19.000,71.000
101.552,57.814,19.000,71.000
101.552,57.814,19.000,71.000
101.552,57.814,19.000,71.000
101.552,57.814,19.000,71.000
101.552,57.814,19.000,71.000
101.552,57.814,19.000,71.000
101.552,55.544,19.000,71.000
101.552,55.544,19.000,71.000
101.552,55.544,19.000,71.000
101.552,55.544,19.000,71.000
101.552,55.544,19.000,71.000
101.552,56.044,19.000,70.000
101.552,56.044,19.000,70.000
101.552,56.044,19.000,70.000
101.552,56.044,19.000,70.000
101.552,56.044,19.000,70.000
101.552,56.544,19.000,69.000
101.552,55.419,19.000,69.000
101.552,55.419,19.000,69.000
101.552,53.169,19.000,69.000
101.552,53.169,19.000,69.000
101.552,53.169,19.000,69.000
101.552,53.169,19.000,69.000
101.552,53.169,19.000,69.000
101.552,53.169,19.000,69.000
100.989,53.169,19.000,69.000
101.489,54.294,18.000,69.000
100.989,54.294,19.000,69.000
100.989,54.294,19.000,69.000
99.864,52.044,19.000,69.000
99.864,52.044,19.000,69.000
99.864,52.044,19.000,69.000
99.864,52.044,19.000,69.000
99.864,52.044,19.000,69.000
99.864,52.044,19.000,69.000
99.864,52.044,19.000,69.000
99.864,52.044,19.000,69.000
99.864,52.044,19.000,69.000
100.364,52.544,18.000,68.000
100.364,52.544,18.000,68.000
100.364,52.544,18.000,68.000
100.364,50.378,18.000,68.000
100.364,50.378,18.000,68.000
100.364,50.378,18.000,68.000
100.364,50.378,18.000,68.000
100.364,50.378,18.000,68.000
100.364,50.378,18.000,68.000
100.364,50.378,18.000,68.000
100.364,50.378,18.000,68.000
100.364,50.378,18.000,68.000
99.822,50.378,18.000,68.000
99.822,50.378,18.000,68.000
99.822,48.211,18.000,68.000
99.822,48.211,18.000,68.000
99.822,48.211,18.000,68.000
99.822,48.711,18.000,67.000
99.822,48.711,18.000,67.000
99.822,48.711,18.000,67.000
99.822,48.711,18.000,67.000
99.822,48.711,18.000,67.000
99.822,49.211,18.000,66.000
99.822,49.211,18.000,66.000
99.822,49.211,18.000,66.000
99.822,49.211,18.000,66.000
99.822,47.065,18.000,66.000
99.822,47.065,18.000,66.000
99.822,47.065,18.000,66.000
99.822,47.065,18.000,66.000
99.822,47.065,18.000,66.000
99.822,48.675,18.000,66.000
99.822,48.175,18.000,67.000
99.822,48.175,18.000,67.000
99.822,48.175,18.000,67.000
99.822,46.018,18.000,67.000
99.822,46.018,18.000,67.000
99.822,46.018,18.000,67.000
99.822,46.018,18.000,67.000
99.822,46.018,18.000,67.000
99.822,46.018,18.000,67.000
99.822,46.518,18.000,66.000
99.822,46.518,18.000,66.000
99.822,46.518,18.000,66.000
99.822,47.018,18.000,65.000
99.822,47.018,18.000,65.000
99.822,47.018,18.000,65.000
100.322,44.901,17.000,65.000
100.322,44.901,17.000,65.000
100.322,44.901,17.000,65.000
100.322,44.901,17.000,65.000
100.322,45.401,17.000,64.000
100.322,45.401,17.000,64.000
100.322,45.401,17.000,64.000
100.322,45.401,17.000,64.000
100.322,45.401,17.000,64.000
100.322,45.401,17.000,64.000
99.809,44.901,17.000,65.000
99.809,44.901,17.000,65.000
99.809,43.338,17.000,64.000
99.809,43.338,17.000,64.000
99.809,43.338,17.000,64.000
99.809,43.338,17.000,64.000
99.809,43.338,17.000,64.000
99.809,45.392,17.000,64.000
99.809,45.892,17.000,63.000
99.809,45.892,17.000,63.000
99.809,44.870,17.000,63.000
99.809,44.870,17.000,63.000
99.809,42.827,17.000,63.000
99.809,42.827,17.000,63.000
98.277,42.827,17.000,63.000
98.277,43.327,17.000,62.000
98.277,43.327,17.000,62.000
98.277,43.327,17.000,62.000
98.277,43.327,17.000,62.000
98.277,43.327,17.000,62.000
98.277,43.327,17.000,62.000
97.278,43.327,17.000,62.000
97.278,43.327,17.000,62.000
97.278,43.327,17.000,62.000
97.278,41.329,17.000,62.000
97.278,41.829,17.000,61.000
97.278,41.829,17.000,61.000
97.286,41.829,16.000,61.000
97.286,41.829,16.000,61.000
97.286,43.779,16.000,61.000
96.311,43.779,16.000,61.000
96.311,43.779,16.000,61.000
96.311,42.329,16.000,60.000
96.311,42.329,16.000,60.000
96.311,42.329,16.000,60.000
96.311,40.389,16.000,60.000
96.311,40.389,16.000,60.000
95.826,40.389,16.000,60.000
95.826,40.889,16.000,59.000
95.826,41.844,16.000,59.000
93.916,41.844,16.000,59.000
93.916,41.844,16.000,59.000
93.916,41.844,16.000,59.000
93.916,41.344,16.000,60.000
93.916,41.344,16.000,60.000
93.916,39.404,16.000,60.000
93.916,39.404,16.000,60.000
93.916,39.904,16.000,59.000
93.916,39.904,16.000,59.000
93.916,39.904,16.000,59.000
93.439,39.904,16.000,59.000
93.439,39.904,16.000,59.000
93.439,39.904,16.000,59.000
93.439,40.404,16.000,58.000
93.439,40.404,16.000,58.000
93.439,40.404,16.000,58.000
93.439,40.404,16.000,58.000
93.439,38.540,16.000,58.000
93.439,38.540,16.000,58.000
92.507,38.540,16.000,58.000
92.507,38.540,16.000,58.000
92.507,38.540,16.000,58.000
92.507,40.404,16.000,58.000
92.507,38.540,16.000,58.000
92.507,38.540,16.000,58.000
92.507,38.540,16.000,58.000
92.507,38.540,16.000,58.000
92.507,38.540,16.000,58.000
92.507,38.540,16.000,58.000
92.507,38.540,16.000,58.000
92.507,38.540,16.000,58.000
92.507,38.540,16.000,58.000
92.507,38.540,16.000,58.000
92.507,38.540,16.000,58.000
92.507,38.540,16.000,58.000
92.507,38.540,16.000,58.000
92.507,38.540,16.000,58.000
92.507,36.676,16.000,58.000
93.007,37.176,15.000,57.000
93.007,37.176,15.000,57.000
93.007,37.176,15.000,57.000
93.007,37.176,15.000,57.000
92.507,36.676,16.000,58.000
92.507,36.676,16.000,58.000
93.007,37.176,15.000,57.000
93.007,37.176,15.000,57.000
93.007,37.176,15.000,57.000
92.507,36.676,16.000,58.000
92.507,36.676,16.000,58.000
92.507,34.811,16.000,58.000
92.507,34.811,16.000,58.000
92.507,34.811,16.000,58.000
93.007,35.311,15.000,57.000
93.007,35.311,15.000,57.000
93.007,37.148,15.000,57.000
93.007,37.148,15.000,57.000
93.007,37.148,15.000,57.000
92.507,36.648,16.000,58.000
93.939,35.283,15.000,57.000
93.939,35.283,15.000,57.000
93.939,35.283,15.000,57.000
93.939,35.283,15.000,57.000
93.939,35.283,15.000,57.000
93.939,35.283,15.000,57.000
93.939,35.283,15.000,57.000
93.939,35.283,15.000,57.000
93.939,35.283,15.000,57.000
93.939,35.283,15.000,57.000
93.939,35.283,15.000,57.000
93.939,35.283,15.000,57.000
