213.000,121.000,21.000,95.000
213.000,118.068,21.000,95.000
210.068,118.068,21.000,95.000
207.136,118.068,21.000,95.000
207.136,115.136,21.000,95.000
207.136,115.136,21.000,95.000
207.136,112.705,21.000,94.000
207.136,112.205,21.000,95.000
210.068,112.205,21.000,95.000
210.068,109.273,21.000,95.000
211.534,109.273,21.000,95.000
214.466,109.273,21.000,95.000
217.398,108.773,21.000,96.000
220.339,108.773,21.000,96.000
218.133,108.773,21.000,96.000
218.133,108.773,21.000,96.000
218.133,108.773,21.000,96.000
215.192,108.273,21.000,97.000
215.192,108.273,21.000,97.000
212.241,105.322,21.000,97.000
212.241,105.322,21.000,97.000
214.692,102.371,22.000,97.000
215.192,102.371,21.000,97.000
215.192,102.371,21.000,97.000
218.143,102.371,21.000,97.000
218.143,102.371,21.000,97.000
218.143,102.371,21.000,97.000
218.143,102.371,21.000,97.000
218.143,99.420,21.000,97.000
218.143,99.420,21.000,97.000
218.143,96.970,21.000,96.000
218.143,96.470,21.000,97.000
221.093,96.970,21.000,96.000
221.093,96.970,21.000,96.000
221.829,96.970,21.000,96.000
221.829,96.970,21.000,96.000
221.829,96.970,21.000,96.000
224.770,96.970,21.000,96.000
224.770,97.470,21.000,95.000
224.770,97.470,21.000,95.000
224.770,97.470,21.000,95.000
221.838,100.401,21.000,95.000
221.838,103.333,21.000,95.000
221.838,106.265,21.000,95.000
224.770,109.197,21.000,95.000
224.770,109.197,21.000,95.000
221.838,109.197,21.000,95.000
221.838,112.628,21.000,94.000
221.838,112.628,21.000,94.000
218.953,112.628,21.000,94.000
216.068,113.128,21.000,93.000
211.784,112.628,21.000,94.000
208.899,109.743,21.000,94.000
203.129,106.858,21.000,94.000
200.244,103.974,21.000,94.000
200.244,103.974,21.000,94.000
198.802,101.089,21.000,94.000
198.080,101.589,21.000,93.000
198.080,104.445,21.000,93.000
200.723,107.301,20.000,93.000
200.723,107.801,20.000,92.000
203.551,110.129,20.000,93.000
203.551,112.967,20.000,93.000
206.389,112.967,20.000,93.000
206.389,112.967,20.000,93.000
203.051,112.967,21.000,93.000
201.623,110.111,21.000,93.000
203.051,110.111,21.000,93.000
205.907,109.611,21.000,94.000
208.792,107.226,21.000,93.000
214.505,107.226,21.000,93.000
220.217,107.226,21.000,93.000
223.788,104.370,21.000,93.000
223.788,101.513,21.000,93.000
220.932,101.013,21.000,94.000
215.883,98.628,21.000,93.000
209.456,98.628,21.000,93.000
203.744,101.485,21.000,93.000
199.245,99.128,20.000,92.000
197.124,96.300,20.000,92.000
197.124,90.644,20.000,92.000
197.124,84.987,20.000,92.000
199.952,78.624,20.000,92.000
203.487,75.796,20.000,92.000
204.901,72.968,20.000,92.000
204.901,72.968,20.000,92.000
206.315,70.139,20.000,92.000
206.315,70.139,20.000,92.000
206.315,72.968,20.000,92.000
206.315,78.624,20.000,92.000
206.315,84.280,20.000,92.000
206.315,89.437,20.000,93.000
205.815,92.984,21.000,93.000
205.815,95.840,21.000,93.000
205.815,98.697,21.000,93.000
209.172,101.553,20.000,93.000
209.172,107.228,20.000,93.000
209.172,110.566,20.000,92.000
209.172,116.222,20.000,92.000
207.051,121.879,20.000,92.000
207.051,122.379,20.000,91.000
207.051,125.178,20.000,91.000
207.051,127.977,20.000,91.000
207.051,127.977,20.000,91.000
207.051,128.477,20.000,90.000
207.051,128.477,20.000,90.000
207.051,128.477,20.000,90.000
207.051,128.477,20.000,90.000
207.051,126.225,20.000,89.000
207.051,123.481,20.000,89.000
207.051,121.238,20.000,88.000
207.051,120.738,20.000,89.000
207.051,118.495,20.000,88.000
207.551,115.762,19.000,88.000
207.551,115.762,19.000,88.000
209.559,113.084,19.000,88.000
209.559,113.584,19.000,87.000
210.883,113.584,19.000,87.000
210.883,114.084,19.000,86.000
210.883,116.724,19.000,86.000
210.883,119.363,19.000,86.000
210.883,119.363,19.000,86.000
210.883,119.863,19.000,85.000
213.513,119.863,19.000,85.000
213.513,120.363,19.000,84.000
216.597,120.863,18.000,83.000
216.597,120.863,18.000,83.000
219.133,121.497,18.000,83.000
221.669,121.497,18.000,83.000
221.669,124.033,18.000,83.000
224.205,124.033,18.000,83.000
226.741,126.569,18.000,83.000
226.741,126.569,18.000,83.000
229.277,129.105,18.000,83.000
229.277,129.105,18.000,83.000
229.277,129.105,18.000,83.000
230.545,129.105,18.000,83.000
230.545,129.105,18.000,83.000
233.081,126.569,18.000,83.000
235.117,126.069,19.000,84.000
235.117,125.569,19.000,85.000
235.117,122.939,19.000,85.000
235.117,122.939,19.000,85.000
235.117,120.309,19.000,85.000
235.117,120.809,19.000,84.000
235.117,120.309,19.000,85.000
235.117,120.309,19.000,85.000
235.117,117.679,19.000,85.000
235.117,117.679,19.000,85.000
235.117,117.679,19.000,85.000
235.117,114.549,19.000,86.000
235.117,112.410,19.000,85.000
235.117,112.410,19.000,85.000
235.117,112.410,19.000,85.000
235.117,109.780,19.000,85.000
235.117,109.780,19.000,85.000
235.117,110.280,19.000,84.000
235.117,110.280,19.000,84.000
235.117,110.280,19.000,84.000
235.117,110.280,19.000,84.000
235.762,109.780,19.000,85.000
238.392,107.150,19.000,85.000
238.392,107.150,19.000,85.000
238.392,106.650,19.000,86.000
239.712,104.510,19.000,85.000
239.712,104.510,19.000,85.000
239.712,105.010,19.000,84.000
239.712,107.093,19.000,85.000
239.712,107.093,19.000,85.000
238.397,107.593,19.000,84.000
235.814,107.093,19.000,85.000
235.814,107.093,19.000,85.000
233.184,107.093,19.000,85.000
230.554,107.093,19.000,85.000
230.554,104.463,19.000,85.000
227.924,104.463,19.000,85.000
225.951,104.463,19.000,85.000
225.294,104.463,19.000,85.000
222.664,104.463,19.000,85.000
222.664,104.463,19.000,85.000
222.664,104.463,19.000,85.000
220.034,103.963,19.000,86.000
220.034,103.963,19.000,86.000
220.034,103.963,19.000,86.000
220.034,103.963,19.000,86.000
220.034,103.463,19.000,87.000
220.034,101.314,19.000,86.000
220.034,101.314,19.000,86.000
220.034,103.954,19.000,86.000
220.034,103.954,19.000,86.000
220.034,106.593,19.000,86.000
220.034,106.593,19.000,86.000
220.034,109.233,19.000,86.000
218.714,109.233,19.000,86.000
218.714,109.233,19.000,86.000
218.714,109.733,19.000,85.000
218.714,107.103,19.000,85.000
218.714,107.603,19.000,84.000
218.714,107.103,19.000,85.000
218.714,107.103,19.000,85.000
218.714,107.103,19.000,85.000
218.714,107.103,19.000,85.000
216.084,107.103,19.000,85.000
215.427,109.733,19.000,85.000
212.797,109.733,19.000,85.000
212.797,109.733,19.000,85.000
210.167,110.233,19.000,84.000
210.167,110.233,19.000,84.000
210.667,110.233,18.000,84.000
210.667,110.733,18.000,83.000
210.667,113.269,18.000,83.000
210.667,113.903,18.000,83.000
210.667,118.975,18.000,83.000
210.667,122.145,18.000,83.000
210.667,127.217,18.000,83.000
210.667,129.753,18.000,83.000
210.667,133.423,18.000,82.000
210.667,135.949,18.000,82.000
210.667,135.949,18.000,82.000
210.667,138.476,18.000,82.000
210.667,138.476,18.000,82.000
210.667,138.476,18.000,82.000
210.667,138.476,18.000,82.000
210.667,137.976,18.000,83.000
210.667,137.976,18.000,83.000
210.667,137.976,18.000,83.000
211.301,137.976,18.000,83.000
211.301,138.476,18.000,82.000
211.301,138.476,18.000,82.000
211.301,138.476,18.000,82.000
208.774,138.476,18.000,82.000
208.774,138.476,18.000,82.000
206.248,138.476,18.000,82.000
206.248,135.949,18.000,82.000
203.721,135.949,18.000,82.000
201.195,135.949,18.000,82.000
199.300,135.949,18.000,82.000
199.300,135.949,18.000,82.000
196.773,137.976,18.000,83.000
196.773,137.976,18.000,83.000
196.773,137.976,18.000,83.000
196.773,137.976,18.000,83.000
198.809,137.476,19.000,84.000
198.809,137.476,19.000,84.000
201.393,137.476,19.000,84.000
203.976,136.976,19.000,85.000
206.606,136.976,19.000,85.000
209.236,136.976,19.000,85.000
211.866,136.976,19.000,85.000
214.496,136.976,19.000,85.000
214.496,136.476,19.000,86.000
214.496,135.816,19.000,86.000
217.136,133.176,19.000,86.000
217.136,131.037,19.000,85.000
217.136,128.407,19.000,85.000
217.136,128.407,19.000,85.000
217.136,125.777,19.000,85.000
217.136,123.147,19.000,85.000
217.136,121.017,19.000,84.000
217.136,120.517,19.000,85.000
217.136,120.517,19.000,85.000
215.163,121.017,19.000,84.000
215.163,121.017,19.000,84.000
214.517,121.017,19.000,84.000
211.934,121.017,19.000,84.000
212.434,121.017,18.000,84.000
209.388,123.562,19.000,84.000
209.388,123.562,19.000,84.000
209.388,123.562,19.000,84.000
208.743,123.562,19.000,84.000
208.743,123.562,19.000,84.000
207.451,123.562,19.000,84.000
207.451,123.562,19.000,84.000
204.868,123.562,19.000,84.000
204.868,123.562,19.000,84.000
200.993,123.562,19.000,84.000
198.910,124.062,18.000,83.000
196.374,121.526,18.000,83.000
196.374,121.526,18.000,83.000
193.838,119.490,18.000,82.000
191.311,119.490,18.000,82.000
191.311,116.964,18.000,82.000
188.785,117.464,18.000,81.000
186.287,116.215,18.000,81.000
186.287,114.217,18.000,80.000
183.836,112.266,18.000,79.000
184.336,109.825,17.000,79.000
181.913,109.825,17.000,79.000
181.913,107.902,17.000,78.000
178.350,107.902,17.000,78.000
175.974,107.902,17.000,78.000
174.786,105.526,17.000,78.000
174.786,103.150,17.000,78.000
175.974,98.398,17.000,78.000
175.974,96.023,17.000,78.000
174.192,96.023,17.000,78.000
174.192,96.023,17.000,78.000
171.816,96.023,17.000,78.000
170.628,93.647,17.000,78.000
168.252,94.147,17.000,77.000
165.905,94.147,17.000,77.000
163.557,94.147,17.000,77.000
163.557,91.799,17.000,77.000
161.210,91.799,17.000,77.000
161.210,89.452,17.000,77.000
161.210,89.452,17.000,77.000
158.862,88.952,17.000,78.000
158.862,88.952,17.000,78.000
156.487,90.140,17.000,78.000
155.299,92.516,17.000,78.000
152.923,94.392,17.000,79.000
150.500,94.892,17.000,78.000
149.312,96.767,17.000,79.000
149.312,96.767,17.000,79.000
146.889,94.345,17.000,79.000
146.889,94.345,17.000,79.000
146.389,93.845,18.000,80.000
146.389,91.894,18.000,79.000
146.389,91.894,18.000,79.000
145.168,91.894,18.000,79.000
144.558,91.894,18.000,79.000
143.337,91.894,18.000,79.000
143.337,91.894,18.000,79.000
140.896,91.894,18.000,79.000
140.896,91.894,18.000,79.000
140.896,91.894,18.000,79.000
138.454,91.394,18.000,80.000
138.454,91.394,18.000,80.000
138.454,91.394,18.000,80.000
140.905,90.894,18.000,81.000
140.905,91.394,18.000,80.000
140.905,94.457,18.000,80.000
143.357,96.908,18.000,80.000
143.357,101.310,18.000,81.000
144.605,103.308,18.000,82.000
144.605,108.361,18.000,82.000
147.132,107.861,18.000,83.000
149.668,108.361,18.000,82.000
154.721,107.861,18.000,83.000
164.865,105.325,18.000,83.000
173.107,104.825,18.000,84.000
174.516,104.825,19.000,84.000
174.516,104.325,19.000,85.000
174.516,103.825,19.000,86.000
174.516,103.825,19.000,86.000
171.876,103.825,19.000,86.000
168.577,103.825,19.000,86.000
165.277,103.825,19.000,86.000
160.658,103.825,19.000,86.000
158.018,103.825,19.000,86.000
155.379,103.325,19.000,87.000
152.730,103.325,19.000,87.000
152.730,102.825,19.000,88.000
149.552,102.325,20.000,89.000
149.552,101.825,20.000,90.000
149.552,101.325,20.000,91.000
149.552,101.325,20.000,91.000
148.152,101.325,20.000,91.000
148.152,101.325,20.000,91.000
148.152,101.325,20.000,91.000
145.353,101.325,20.000,91.000
142.554,100.825,20.000,92.000
143.968,95.168,20.000,92.000
144.675,92.340,20.000,92.000
144.175,91.840,21.000,93.000
144.175,91.340,21.000,94.000
147.060,90.840,21.000,95.000
155.855,90.840,21.000,95.000
159.520,90.840,21.000,95.000
162.451,93.772,21.000,95.000
163.917,99.636,21.000,95.000
165.383,102.567,21.000,95.000
165.383,105.499,21.000,95.000
165.383,109.164,21.000,95.000
165.383,112.096,21.000,95.000
165.383,115.027,21.000,95.000
165.383,115.760,21.000,95.000
168.315,115.760,21.000,95.000
168.315,118.692,21.000,95.000
166.116,118.692,21.000,95.000
165.383,118.692,21.000,95.000
162.451,121.624,21.000,95.000
159.520,122.124,21.000,94.000
157.356,122.124,21.000,94.000
157.356,122.124,21.000,94.000
157.356,119.239,21.000,94.000
157.356,113.469,21.000,94.000
157.356,107.699,21.000,94.000
157.356,104.093,21.000,94.000
158.798,98.323,21.000,94.000
161.683,94.217,21.000,95.000
164.615,88.353,21.000,95.000
167.547,85.422,21.000,95.000
170.479,82.490,21.000,95.000
173.410,82.490,21.000,95.000
173.410,84.689,21.000,95.000
173.410,84.689,21.000,95.000
173.410,87.120,21.000,96.000
173.410,87.620,21.000,95.000
169.746,92.984,21.000,96.000
166.804,95.925,21.000,96.000
163.128,99.367,21.000,95.000
159.463,102.298,21.000,95.000
153.599,108.162,21.000,95.000
150.668,111.594,21.000,94.000
147.783,114.479,21.000,94.000
144.898,117.363,21.000,94.000
142.013,120.248,21.000,94.000
142.013,120.248,21.000,94.000
142.013,120.248,21.000,94.000
144.898,119.748,21.000,95.000
147.830,116.817,21.000,95.000
150.761,114.385,21.000,94.000
150.761,113.885,21.000,95.000
150.761,110.953,21.000,95.000
153.693,108.021,21.000,95.000
156.625,105.090,21.000,95.000
156.625,102.158,21.000,95.000
159.557,102.158,21.000,95.000
159.557,99.726,21.000,94.000
160.999,96.841,21.000,94.000
160.999,93.956,21.000,94.000
160.999,93.956,21.000,94.000
163.884,91.071,21.000,94.000
163.884,88.186,21.000,94.000
163.884,88.186,21.000,94.000
162.442,88.686,21.000,93.000
162.442,88.686,21.000,93.000
159.585,88.686,21.000,93.000
159.371,88.686,20.000,93.000
156.533,89.186,20.000,92.000
156.533,89.686,20.000,91.000
153.034,89.686,20.000,91.000
150.235,89.686,20.000,91.000
147.435,89.686,20.000,91.000
147.435,87.387,20.000,90.000
144.683,87.387,20.000,90.000
144.683,86.887,20.000,91.000
144.683,86.887,20.000,91.000
144.683,84.088,20.000,91.000
145.383,81.288,20.000,91.000
148.182,78.489,20.000,91.000
148.182,78.489,20.000,91.000
148.182,75.690,20.000,91.000
148.182,75.690,20.000,91.000
150.981,75.690,20.000,91.000
150.981,73.390,20.000,90.000
153.734,73.390,20.000,90.000
159.240,73.390,20.000,90.000
164.745,76.143,20.000,90.000
166.121,78.396,20.000,91.000
166.121,84.494,20.000,90.000
166.121,89.500,20.000,91.000
168.221,92.299,20.000,91.000
168.221,97.898,20.000,91.000
168.221,98.398,20.000,90.000
168.221,98.898,20.000,89.000
168.221,101.141,20.000,90.000
168.221,101.141,20.000,90.000
168.221,101.141,20.000,90.000
168.221,101.141,20.000,90.000
168.221,102.329,20.000,89.000
165.478,105.072,20.000,89.000
164.106,107.816,20.000,89.000
161.363,110.559,20.000,89.000
161.363,113.302,20.000,89.000
158.620,116.045,20.000,89.000
158.620,116.545,20.000,88.000
156.386,116.545,19.000,88.000
156.386,119.223,19.000,88.000
155.717,119.223,19.000,88.000
155.717,119.223,19.000,88.000
155.717,119.223,19.000,88.000
155.717,119.223,19.000,88.000
155.717,119.223,19.000,88.000
155.717,119.223,19.000,88.000
155.717,119.223,19.000,88.000
157.725,119.223,19.000,88.000
157.725,119.223,19.000,88.000
155.047,119.223,19.000,88.000
155.717,117.045,19.000,87.000
155.717,114.396,19.000,87.000
155.717,111.747,19.000,87.000
155.717,111.747,19.000,87.000
155.717,109.098,19.000,87.000
155.717,106.449,19.000,87.000
155.717,103.799,19.000,87.000
158.366,101.150,19.000,87.000
161.015,98.501,19.000,87.000
163.664,96.352,19.000,86.000
166.304,94.372,19.000,86.000
166.304,91.733,19.000,86.000
166.304,91.733,19.000,86.000
166.304,91.733,19.000,86.000
166.304,89.093,19.000,86.000
166.304,89.093,19.000,86.000
166.304,88.593,19.000,87.000
166.304,88.593,19.000,87.000
166.304,88.593,19.000,87.000
166.304,88.093,19.000,88.000
168.981,88.093,19.000,88.000
168.981,88.593,19.000,87.000
168.981,88.593,19.000,87.000
168.981,88.593,19.000,87.000
168.981,88.593,19.000,87.000
168.981,85.944,19.000,87.000
168.981,85.944,19.000,87.000
168.981,84.619,19.000,87.000
168.981,84.119,19.000,88.000
166.304,84.119,19.000,88.000
166.304,84.119,19.000,88.000
163.626,84.119,19.000,88.000
160.949,84.119,19.000,88.000
158.271,84.619,19.000,87.000
155.622,84.619,19.000,87.000
152.973,85.119,19.000,86.000
150.333,85.119,19.000,86.000
147.694,85.619,19.000,85.000
145.064,85.619,19.000,85.000
142.434,82.989,19.000,85.000
139.804,82.989,19.000,85.000
139.804,82.489,19.000,86.000
139.804,79.850,19.000,86.000
138.484,80.350,19.000,85.000
137.169,80.350,19.000,85.000
135.196,82.980,19.000,85.000
135.196,82.980,19.000,85.000
135.196,82.980,19.000,85.000
132.566,82.980,19.000,85.000
132.566,82.980,19.000,85.000
132.566,82.980,19.000,85.000
132.566,82.980,19.000,85.000
132.566,85.610,19.000,85.000
135.196,90.870,19.000,85.000
137.826,96.130,19.000,85.000
140.456,101.390,19.000,85.000
143.086,107.150,19.000,84.000
148.253,112.316,19.000,84.000
154.065,114.900,19.000,84.000
156.648,117.483,19.000,84.000
157.148,117.483,18.000,84.000
156.648,117.483,19.000,84.000
157.148,112.816,18.000,83.000
154.612,107.744,18.000,83.000
154.612,105.208,18.000,83.000
154.612,102.038,18.000,83.000
154.612,96.966,18.000,83.000
154.612,91.894,18.000,83.000
154.612,89.358,18.000,83.000
152.076,89.358,18.000,83.000
152.076,86.822,18.000,83.000
152.076,84.286,18.000,83.000
151.442,84.286,18.000,83.000
148.272,84.286,18.000,83.000
140.030,81.750,18.000,83.000
134.958,79.214,18.000,83.000
129.386,75.678,19.000,85.000
124.126,72.548,19.000,86.000
118.847,69.249,19.000,86.000
118.847,63.470,19.000,87.000
135.404,55.522,19.000,87.000
161.233,59.496,19.000,87.000
185.738,54.860,19.000,87.000
211.567,52.211,19.000,87.000
237.396,52.211,19.000,87.000
234.747,37.803,19.000,88.000
228.723,40.980,19.000,87.000
239.981,43.630,19.000,87.000
252.565,40.980,19.000,87.000
255.214,40.980,19.000,87.000
252.565,43.630,19.000,87.000
249.916,46.279,19.000,87.000
243.955,51.577,19.000,87.000
243.955,68.134,19.000,87.000
249.916,73.432,19.000,87.000
249.916,78.068,19.000,87.000
244.617,88.665,19.000,87.000
232.696,103.735,19.000,86.000
217.519,114.954,19.000,86.000
206.300,119.733,19.000,87.000
199.677,119.733,19.000,87.000
194.379,119.733,19.000,87.000
188.419,119.733,19.000,87.000
183.120,119.733,19.000,87.000
185.769,114.434,19.000,87.000
189.081,111.785,19.000,87.000
191.068,106.987,19.000,86.000
193.707,104.347,19.000,86.000
198.987,101.868,19.000,87.000
201.636,101.868,19.000,87.000
201.636,101.868,19.000,87.000
203.623,101.368,19.000,88.000
203.623,104.045,19.000,88.000
197.098,106.723,20.000,88.000
191.631,108.956,20.000,89.000
191.631,111.700,20.000,89.000
186.144,114.943,20.000,88.000
