352.000,197.000,56.000,100.000
352.912,193.048,56.000,100.000
355.040,192.136,56.000,100.000
356.560,191.224,56.000,100.000
356.256,192.136,56.000,100.000
357.168,193.656,56.000,100.000
356.864,191.528,56.000,100.000
357.168,191.224,56.000,100.000
356.864,190.920,56.000,100.000
354.736,188.792,56.000,100.000
354.432,187.271,56.000,100.000
355.344,186.359,56.000,100.000
354.432,184.231,56.000,100.000
355.344,182.711,56.000,100.000
355.040,179.975,56.000,100.000
356.560,177.847,56.000,100.000
356.864,173.895,56.000,100.000
359.600,169.942,56.000,100.000
362.337,166.598,56.000,100.000
365.073,169.334,56.000,100.000
367.201,175.719,56.000,100.000
369.329,194.264,56.000,100.000
370.849,220.105,56.000,100.000
369.937,244.123,56.000,100.000
370.241,259.628,56.000,100.000
369.329,262.972,56.000,100.000
365.985,249.291,56.000,100.000
364.465,225.274,56.000,100.000
365.985,202.472,56.000,100.000
362.641,184.535,56.000,100.000
359.904,169.030,56.000,100.000
357.776,160.822,56.000,100.000
355.040,162.950,56.000,100.000
351.088,174.807,56.000,100.000
341.663,190.920,56.000,100.000
326.158,203.992,56.000,100.000
308.829,210.377,56.000,100.000
298.189,209.465,56.000,100.000
305.181,201.864,56.000,100.000
325.550,189.400,56.000,100.000
341.055,165.382,56.000,100.000
346.832,135.284,56.000,100.000
333.759,111.267,56.000,100.000
326.158,112.787,56.000,100.000
330.719,138.629,56.000,100.000
346.224,188.184,56.000,100.000
367.809,248.075,56.000,100.000
379.057,275.741,56.000,100.000
385.442,288.205,56.000,100.000
385.746,271.484,56.000,100.000
373.281,220.105,56.000,100.000
377.841,176.631,56.000,100.000
389.698,155.654,56.000,100.000
390.610,168.118,56.000,100.000
375.105,202.472,56.000,100.000
351.696,244.123,56.000,100.000
337.407,260.236,56.000,100.000
339.535,250.203,56.000,100.000
346.528,218.889,56.000,100.000
351.696,174.807,56.000,100.000
352.000,143.493,56.000,100.000
336.495,139.541,56.000,100.000
320.382,173.287,56.000,100.000
310.349,226.490,56.000,100.000
311.262,262.668,56.000,100.000
312.782,267.836,56.000,100.000
312.478,234.090,56.000,100.000
307.309,173.591,56.000,100.000
305.181,132.548,56.000,100.000
307.917,135.893,56.000,100.000
299.709,170.855,56.000,100.000
294.541,222.842,56.000,100.000
305.789,243.819,56.000,100.000
337.711,241.083,56.000,100.000
350.784,226.186,56.000,100.000
328.591,197.912,56.000,100.000
283.292,159.910,56.000,100.000
286.636,166.902,56.000,100.000
302.749,208.553,56.000,100.000
309.133,242.907,56.000,100.000
320.990,266.924,56.000,100.000
329.199,263.580,56.000,100.000
332.543,229.226,56.000,100.000
318.254,176.023,56.000,100.000
295.453,144.101,56.000,100.000
287.244,157.174,56.000,100.000
274.171,198.824,56.000,100.000
269.611,239.258,56.000,100.000
274.779,251.115,56.000,100.000
286.636,235.610,56.000,100.000
290.588,191.528,56.000,100.000
276.300,127.988,56.000,100.000
268.699,106.403,56.000,100.000
264.139,129.204,56.000,100.000
260.795,182.407,56.000,100.000
264.139,243.515,56.000,100.000
268.699,257.804,56.000,100.000
271.435,246.555,56.000,100.000
266.875,206.121,56.000,100.000
261.099,162.038,56.000,100.000
257.754,146.533,56.000,100.000
245.290,160.822,56.000,100.000
237.081,195.784,56.000,100.000
253.194,228.314,56.000,100.000
288.764,241.995,56.000,100.000
332.239,231.354,56.000,100.000
347.744,214.025,56.000,100.000
345.616,197.912,56.000,100.000
341.663,195.784,56.000,100.000
346.406,199.409,57.239,102.213
359.146,209.042,57.239,102.213
366.294,222.404,57.239,102.213
370.955,230.794,57.239,102.213
365.051,225.511,57.239,102.213
349.203,205.313,57.239,102.213
308.495,179.521,57.239,102.213
252.872,162.430,57.239,102.213
230.188,173.928,57.239,102.213
235.470,188.533,57.239,102.213
251.940,204.381,57.239,102.213
275.867,212.771,57.239,102.213
302.280,212.460,57.239,102.213
324.965,207.178,57.239,102.213
340.813,194.437,57.239,102.213
342.988,185.425,57.239,102.213
332.733,189.465,57.239,102.213
324.965,192.262,57.239,102.213
315.332,191.951,57.239,102.213
317.507,190.397,57.239,102.213
327.140,196.301,57.239,102.213
324.895,199.362,58.505,104.474
301.073,194.598,58.505,104.474
284.239,191.739,58.505,104.474
280.110,185.069,58.505,104.474
287.416,173.317,58.505,104.474
284.557,167.918,58.505,104.474
282.969,160.612,58.505,104.474
289.639,148.225,58.505,104.474
294.403,142.826,58.505,104.474
294.721,141.873,58.505,104.474
302.026,149.813,58.505,104.474
304.249,155.848,58.505,104.474
298.215,152.354,58.505,104.474
307.426,138.061,58.505,104.474
334.423,133.297,58.505,104.474
337.917,136.791,58.505,104.474
338.235,150.449,58.505,104.474
334.741,155.213,58.505,104.474
307.743,154.895,58.505,104.474
247.078,148.225,58.505,104.474
215.634,151.719,58.505,104.474
205.787,164.106,58.505,104.474
216.904,167.600,58.505,104.474
255.558,178.611,55.000,98.000
341.984,160.231,59.800,106.785
391.655,152.115,59.800,106.785
407.562,155.037,59.800,106.785
416.977,165.101,59.800,106.785
411.458,167.373,59.800,106.785
378.669,171.593,59.800,106.785
310.168,168.022,59.800,106.785
274.782,173.541,59.800,106.785
269.263,183.605,59.800,106.785
255.953,189.124,59.800,106.785
253.680,184.255,59.800,106.785
278.028,168.996,59.800,106.785
312.766,161.529,59.800,106.785
348.152,157.309,59.800,106.785
393.278,160.231,59.800,106.785
429.314,163.802,59.800,106.785
446.520,172.567,59.800,106.785
439.053,170.944,59.800,106.785
417.951,168.672,59.800,106.785
418.925,169.646,59.800,106.785
437.430,169.321,59.800,106.785
459.831,168.996,59.800,106.785
482.880,165.425,59.800,106.785
509.826,167.698,59.800,106.785
525.734,171.269,59.800,106.785
525.409,176.139,59.800,106.785
523.137,183.605,59.800,106.785
515.020,185.878,59.800,106.785
489.373,181.658,59.800,106.785
463.726,179.385,59.800,106.785
448.468,183.605,59.800,106.785
448.793,186.527,59.800,106.785
470.544,181.658,59.800,106.785
495.542,180.684,59.800,106.785
482.880,177.112,59.800,106.785
434.508,181.333,59.800,106.785
398.472,185.553,59.800,106.785
382.565,189.124,59.800,106.785
375.747,185.553,59.800,106.785
365.683,189.124,59.800,106.785
354.320,195.942,59.800,106.785
358.541,200.812,59.800,106.785
376.396,195.942,59.800,106.785
401.394,191.072,59.800,106.785
403.017,181.658,59.800,106.785
376.721,172.243,59.800,106.785
353.022,171.918,59.800,106.785
335.816,174.191,59.800,106.785
321.206,176.463,59.800,106.785
308.545,181.333,59.800,106.785
308.870,187.501,59.800,106.785
315.687,191.072,59.800,106.785
328.349,188.150,59.800,106.785
334.517,183.281,59.800,106.785
327.699,177.112,59.800,106.785
315.687,177.437,59.800,106.785
297.832,177.112,59.800,106.785
274.782,174.191,59.800,106.785
258.874,169.970,59.800,106.785
255.953,173.541,59.800,106.785
261.472,177.762,59.800,106.785
275.431,179.385,59.800,106.785
301.078,175.165,59.800,106.785
328.673,171.593,59.800,106.785
336.790,174.515,59.800,106.785
324.778,173.541,59.800,106.785
303.676,180.359,59.800,106.785
284.521,183.281,59.800,106.785
257.576,177.112,59.800,106.785
241.668,174.191,59.800,106.785
238.097,171.918,59.800,106.785
234.526,157.309,59.800,106.785
219.267,131.013,59.800,106.785
229.981,116.404,59.800,106.785
254.979,142.051,59.800,106.785
268.289,189.774,59.800,106.785
285.495,238.795,59.800,106.785
298.157,270.286,59.800,106.785
295.235,267.364,59.800,106.785
289.716,240.419,59.800,106.785
303.026,191.397,59.800,106.785
315.687,164.451,59.800,106.785
328.998,159.582,59.800,106.785
341.659,187.826,59.800,106.785
338.737,235.549,59.800,106.785
345.555,289.765,59.800,106.785
360.813,319.957,59.800,106.785
365.034,324.827,59.800,106.785
358.216,298.530,59.800,106.785
345.555,252.106,59.800,106.785
347.178,207.629,59.800,106.785
323.479,179.385,59.800,106.785
312.766,193.994,59.800,106.785
326.076,231.978,59.800,106.785
342.633,279.701,59.800,106.785
353.996,305.997,59.800,106.785
354.970,310.218,59.800,106.785
343.607,286.518,59.800,106.785
322.505,240.743,59.800,106.785
302.702,193.669,59.800,106.785
301.078,157.634,59.800,106.785
314.389,163.153,59.800,106.785
312.766,206.980,59.800,106.785
316.337,264.442,59.800,106.785
324.453,301.777,59.800,106.785
322.180,313.789,59.800,106.785
310.168,296.582,59.800,106.785
294.261,246.262,59.800,106.785
293.936,188.800,59.800,106.785
316.337,156.660,59.800,106.785
322.505,171.918,59.800,106.785
318.285,217.693,59.800,106.785
314.064,272.559,59.800,106.785
309.195,306.646,59.800,106.785
303.026,303.075,59.800,106.785
297.507,267.689,59.800,106.785
304.325,219.317,59.800,106.785
322.830,189.124,59.800,106.785
338.088,212.174,59.800,106.785
341.659,258.599,59.800,106.785
336.140,316.061,59.800,106.785
332.569,333.917,59.800,106.785
326.401,312.165,59.800,106.785
313.740,265.092,59.800,106.785
296.533,195.293,59.800,106.785
298.157,162.503,59.800,106.785
306.922,179.710,59.800,106.785
320.233,237.821,59.800,106.785
326.401,288.791,59.800,106.785
331.271,316.386,59.800,106.785
327.050,312.815,59.800,106.785
313.090,275.480,59.800,106.785
306.273,210.226,59.800,106.785
308.545,156.660,59.800,106.785
304.325,132.961,59.800,106.785
298.806,147.570,59.800,106.785
294.585,191.397,59.800,106.785
310.493,257.300,59.800,106.785
328.998,292.687,59.800,106.785
333.868,300.154,59.800,106.785
326.401,280.999,59.800,106.785
310.493,236.523,59.800,106.785
294.585,178.411,59.800,106.785
294.910,140.427,59.800,106.785
306.273,140.752,59.800,106.785
300.104,174.191,59.800,106.785
291.339,239.445,59.800,106.785
298.806,286.518,59.800,106.785
308.221,306.971,59.800,106.785
314.389,295.608,59.800,106.785
319.908,258.923,59.800,106.785
324.128,211.850,59.800,106.785
315.363,164.776,59.800,106.785
307.896,149.518,59.800,106.785
304.974,164.127,59.800,106.785
300.754,202.110,59.800,106.785
307.571,256.976,59.800,106.785
314.389,283.921,59.800,106.785
317.960,286.194,59.800,106.785
325.427,253.404,59.800,106.785
332.636,209.797,58.525,104.508
329.141,168.175,58.525,104.508
317.385,146.252,58.525,104.508
317.067,150.382,58.525,104.508
316.749,178.024,58.525,104.508
311.984,220.917,58.525,104.508
318.656,263.810,58.525,104.508
326.599,288.274,58.525,104.508
329.458,286.686,58.525,104.508
328.505,260.950,58.525,104.508
330.094,216.786,58.525,104.508
325.963,170.717,58.525,104.508
320.562,139.262,58.525,104.508
316.432,139.580,58.525,104.508
312.937,154.513,58.525,104.508
315.161,189.145,58.525,104.508
327.552,244.111,58.525,104.508
323.422,274.930,58.525,104.508
314.208,281.602,58.525,104.508
311.348,262.221,58.525,104.508
315.479,219.328,58.525,104.508
319.609,182.155,58.525,104.508
314.843,155.148,58.525,104.508
310.713,150.382,58.525,104.508
307.218,167.222,58.525,104.508
295.462,202.489,58.525,104.508
284.977,234.579,58.525,104.508
280.211,259.044,58.525,104.508
278.623,273.977,58.525,104.508
289.108,267.940,58.525,104.508
319.927,253.642,58.525,104.508
346.933,237.438,58.525,104.508
380.930,234.579,58.525,104.508
412.384,241.251,58.525,104.508
436.213,248.559,58.525,104.508
446.698,256.502,58.525,104.508
433.036,253.007,58.525,104.508
398.404,252.689,58.525,104.508
344.074,249.194,58.525,104.508
311.348,250.783,58.525,104.508
296.415,251.736,58.525,104.508
298.004,245.699,58.525,104.508
312.937,233.308,58.525,104.508
351.381,220.281,58.525,104.508
377.752,212.338,58.525,104.508
383.154,205.031,58.525,104.508
384.742,198.994,58.525,104.508
385.695,192.957,58.525,104.508
373.304,190.733,58.525,104.508
338.672,202.489,58.525,104.508
295.144,216.786,58.525,104.508
267.502,229.813,58.525,104.508
261.466,238.392,58.525,104.508
282.753,233.626,58.525,104.508
317.385,222.505,58.525,104.508
374.257,199.312,58.525,104.508
409.525,177.389,58.525,104.508
423.187,166.268,58.525,104.508
426.046,157.690,58.525,104.508
409.207,144.663,58.525,104.508
366.950,140.533,58.525,104.508
329.776,148.476,58.525,104.508
284.977,165.951,58.525,104.508
238.907,184.061,58.525,104.508
194.108,197.723,58.525,104.508
159.476,202.489,58.525,104.508
153.440,200.265,58.525,104.508
185.530,196.134,58.525,104.508
258.288,186.920,58.525,104.508
323.422,159.914,58.525,104.508
355.512,144.346,58.525,104.508
367.903,140.851,58.525,104.508
385.378,154.513,58.525,104.508
393.321,160.549,58.525,104.508
384.742,149.429,58.525,104.508
350.110,133.861,58.525,104.508
293.238,119.563,58.525,104.508
238.272,114.162,58.525,104.508
201.734,113.844,58.525,104.508
169.644,115.433,58.525,104.508
157.252,113.844,58.525,104.508
169.644,100.182,58.525,104.508
203.005,91.603,58.525,104.508
237.001,86.202,58.525,104.508
259.559,90.968,58.525,104.508
271.315,101.453,58.525,104.508
264.007,103.677,58.525,104.508
242.085,108.443,58.525,104.508
225.245,115.115,58.525,104.508
229.376,123.694,58.525,104.508
245.579,131.637,58.525,104.508
268.138,137.038,58.525,104.508
293.238,131.001,58.525,104.508
320.880,121.787,58.525,104.508
333.907,118.292,58.525,104.508
339.308,120.516,58.525,104.508
334.542,125.282,58.525,104.508
323.422,129.413,58.525,104.508
298.957,131.001,58.525,104.508
270.044,131.954,58.525,104.508
255.747,138.627,58.525,104.508
253.523,135.132,58.525,104.508
260.830,119.563,58.525,104.508
287.201,87.473,58.525,104.508
330.729,75.082,58.525,104.508
362.819,86.838,58.525,104.508
377.752,99.864,58.525,104.508
386.331,118.610,58.525,104.508
379.659,125.918,58.525,104.508
356.465,130.683,58.525,104.508
329.458,137.991,58.525,104.508
311.984,145.299,58.525,104.508
314.843,139.262,58.525,104.508
325.328,124.964,58.525,104.508
328.823,103.042,58.525,104.508
336.131,95.734,58.525,104.508
358.689,110.031,58.525,104.508
381.883,140.215,58.525,104.508
387.284,166.586,58.525,104.508
364.726,173.894,58.525,104.508
320.562,179.295,58.525,104.508
256.064,172.623,58.525,104.508
232.235,160.867,58.525,104.508
230.646,146.570,58.525,104.508
225.881,131.001,58.525,104.508
216.031,116.704,58.525,104.508
213.172,109.396,58.525,104.508
238.907,116.068,58.525,104.508
290.061,154.513,58.525,104.508
325.963,188.509,58.525,104.508
344.074,213.609,58.525,104.508
339.308,222.823,58.525,104.508
314.208,216.786,58.525,104.508
291.649,193.593,58.525,104.508
293.238,157.054,58.525,104.508
325.963,119.881,58.525,104.508
352.970,87.155,58.525,104.508
379.341,79.212,58.525,104.508
393.639,94.781,58.525,104.508
402.217,130.048,58.525,104.508
407.618,165.315,58.525,104.508
402.217,190.415,58.525,104.508
377.117,197.723,58.525,104.508
331.047,196.770,58.525,104.508
301.499,181.837,58.525,104.508
287.837,156.737,58.525,104.508
291.967,122.740,58.525,104.508
303.087,92.557,58.525,104.508
326.917,83.978,58.525,104.508
353.288,106.536,58.525,104.508
377.752,140.533,58.525,104.508
399.040,176.436,58.525,104.508
393.639,197.723,58.525,104.508
360.278,204.395,58.525,104.508
325.646,192.004,58.525,104.508
289.743,158.643,58.525,104.508
250.663,113.209,58.525,104.508
235.095,76.035,58.525,104.508
257.653,48.393,58.525,104.508
292.285,65.232,58.525,104.508
310.395,97.958,58.525,104.508
335.495,134.496,58.525,104.508
352.335,162.774,58.525,104.508
340.579,177.707,58.525,104.508
315.479,180.566,58.525,104.508
304.358,166.268,58.525,104.508
304.676,140.533,58.525,104.508
308.171,116.704,58.525,104.508
321.198,108.761,58.525,104.508
338.037,123.694,58.525,104.508
342.803,144.981,58.525,104.508
331.047,161.820,58.525,104.508
317.385,176.118,58.525,104.508
312.619,184.061,58.525,104.508
316.114,178.660,58.525,104.508
323.422,156.101,58.525,104.508
333.271,129.730,58.525,104.508
315.796,105.901,58.525,104.508
284.342,112.573,58.525,104.508
279.576,147.841,58.525,104.508
297.686,183.108,58.525,104.508
306.900,198.676,58.525,104.508
310.395,186.285,58.525,104.508
327.870,159.279,58.525,104.508
344.074,129.730,58.525,104.508
342.485,112.891,58.525,104.508
328.188,116.386,58.525,104.508
319.609,147.205,58.525,104.508
325.646,183.743,58.525,104.508
316.432,199.947,58.525,104.508
284.342,204.078,58.525,104.508
276.399,179.613,58.525,104.508
293.873,145.616,58.525,104.508
306.265,129.413,58.525,104.508
297.686,127.188,58.525,104.508
308.806,161.820,58.525,104.508
331.365,200.900,58.525,104.508
329.776,215.833,58.525,104.508
319.927,210.432,58.525,104.508
320.244,182.155,58.525,104.508
325.010,175.482,58.525,104.508
320.244,194.864,58.525,104.508
294.509,238.392,58.525,104.508
285.930,262.221,58.525,104.508
290.061,246.652,58.525,104.508
291.014,199.312,58.525,104.508
297.686,154.513,58.525,104.508
322.151,157.372,58.525,104.508
326.917,190.098,58.525,104.508
319.609,253.960,58.525,104.508
309.124,296.853,58.525,104.508
301.181,293.993,58.525,104.508
288.790,249.830,58.525,104.508
294.827,187.874,58.525,104.508
310.395,164.044,58.525,104.508
324.693,189.145,58.525,104.508
322.469,235.850,58.525,104.508
309.442,279.378,58.525,104.508
298.322,279.696,58.525,104.508
282.753,244.428,58.525,104.508
288.154,187.556,58.525,104.508
317.703,170.081,58.525,104.508
332.000,194.546,58.525,104.508
331.682,247.606,58.525,104.508
325.646,282.237,58.525,104.508
304.358,283.826,58.525,104.508
278.623,245.382,58.525,104.508
275.128,180.884,58.525,104.508
300.228,173.576,58.525,104.508
310.713,205.666,58.525,104.508
297.051,278.425,58.525,104.508
304.358,326.401,58.525,104.508
310.395,327.990,58.525,104.508
317.703,293.993,58.525,104.508
321.198,247.923,58.525,104.508
322.151,224.730,58.525,104.508
314.208,240.298,58.525,104.508
306.900,285.732,58.525,104.508
313.572,319.093,58.525,104.508
316.432,307.973,58.525,104.508
313.572,263.174,58.525,104.508
308.171,217.104,58.525,104.508
297.051,197.723,58.525,104.508
291.649,219.646,58.525,104.508
279.258,261.903,58.525,104.508
268.138,274.294,58.525,104.508
261.466,249.830,58.525,104.508
268.773,195.499,58.525,104.508
293.238,168.493,58.525,104.508
309.442,190.415,58.525,104.508
305.311,234.579,58.525,104.508
283.389,280.649,58.525,104.508
276.716,284.144,58.525,104.508
274.492,237.438,58.525,104.508
281.800,167.857,58.525,104.508
286.566,131.954,58.525,104.508
277.352,126.553,58.525,104.508
269.409,164.362,58.525,104.508
270.997,226.954,58.525,104.508
266.231,250.783,58.525,104.508
257.018,237.121,58.525,104.508
262.419,189.145,58.525,104.508
287.519,153.877,58.525,104.508
295.462,150.382,58.525,104.508
287.519,172.941,58.525,104.508
271.951,205.031,58.525,104.508
258.288,226.318,58.525,104.508
242.720,232.355,58.525,104.508
226.516,231.402,58.525,104.508
228.740,220.917,58.525,104.508
251.934,219.328,58.525,104.508
266.867,225.365,58.525,104.508
270.997,225.047,58.525,104.508
282.118,218.375,58.525,104.508
290.061,204.078,58.525,104.508
296.097,191.686,58.525,104.508
304.041,192.004,58.525,104.508
300.546,196.134,58.525,104.508
293.238,199.629,58.525,104.508
284.024,198.041,58.525,104.508
269.726,196.452,58.525,104.508
263.054,194.864,58.525,104.508
276.716,185.650,58.525,104.508
299.910,171.352,58.525,104.508
311.666,155.148,58.525,104.508
327.870,147.841,58.525,104.508
351.064,153.242,58.525,104.508
346.933,154.830,58.525,104.508
323.739,152.606,58.525,104.508
299.910,155.466,58.525,104.508
293.873,157.690,58.525,104.508
288.472,155.466,58.525,104.508
277.352,150.700,58.525,104.508
272.586,141.486,58.525,104.508
281.800,127.824,58.525,104.508
294.827,124.329,58.525,104.508
302.770,127.188,58.525,104.508
305.629,133.861,58.525,104.508
307.853,139.262,58.525,104.508
315.161,140.215,58.525,104.508
326.917,148.158,58.525,104.508
320.880,152.289,58.525,104.508
307.853,157.054,58.525,104.508
299.910,163.727,58.525,104.508
300.228,168.493,58.525,104.508
310.077,173.258,58.525,104.508
322.469,185.014,58.525,104.508
324.057,196.134,58.525,104.508
319.927,202.171,58.525,104.508
316.432,213.292,58.525,104.508
318.020,218.057,58.525,104.508
320.880,221.552,58.525,104.508
318.656,222.505,58.525,104.508
311.348,224.730,58.525,104.508
306.582,228.225,58.525,104.508
308.171,231.719,58.525,104.508
308.489,234.579,58.525,104.508
