57.000,156.000,198.000,173.000
60.650,150.891,198.000,173.000
62.839,154.540,198.000,173.000
63.569,152.351,198.000,173.000
64.299,151.621,198.000,173.000
66.489,153.810,198.000,173.000
68.678,154.540,198.000,173.000
69.408,152.351,198.000,173.000
68.678,157.460,198.000,173.000
69.408,159.650,198.000,173.000
71.598,161.839,198.000,173.000
72.328,165.489,198.000,173.000
75.977,161.839,198.000,173.000
74.544,165.226,202.381,176.828
75.290,160.004,202.381,176.828
76.922,165.014,206.858,180.740
75.424,163.806,211.435,184.739
75.511,164.188,216.113,188.826
69.935,168.171,216.113,188.826
75.511,167.375,216.113,188.826
73.121,164.985,216.113,188.826
75.511,161.001,216.113,188.826
68.341,157.018,216.113,188.826
70.731,162.595,216.113,188.826
71.528,155.425,216.113,188.826
73.270,159.122,220.895,193.004
67.570,150.164,220.895,193.004
70.013,154.236,220.895,193.004
65.941,146.907,220.895,193.004
65.127,144.464,220.895,193.004
59.427,135.507,220.895,193.004
57.858,132.071,216.184,188.888
57.061,134.462,216.184,188.888
59.452,136.852,216.184,188.888
55.467,131.274,216.184,188.888
247.594,137.759,210.000,184.000
245.967,150.528,211.574,184.860
246.747,146.628,211.574,184.860
247.527,147.408,211.574,184.860
252.987,141.948,211.574,184.860
255.326,144.288,211.574,184.860
256.106,140.388,211.574,184.860
255.326,141.168,211.574,184.860
257.666,137.269,211.574,184.860
258.446,139.609,211.574,184.860
259.226,140.388,211.574,184.860
262.420,108.763,206.000,180.000
260.353,136.690,211.574,184.860
261.133,140.590,211.574,184.860
262.420,108.763,206.000,180.000
260.353,136.690,211.574,184.860
261.133,142.150,211.574,184.860
262.420,98.502,206.000,180.000
261.913,132.669,211.574,184.860
264.253,141.248,211.574,184.860
265.033,137.349,211.574,184.860
272.681,98.502,206.000,180.000
263.389,131.940,216.255,188.950
259.403,139.115,216.255,188.950
293.202,98.502,206.000,180.000
269.814,129.001,221.040,193.131
265.739,136.335,221.040,193.131
303.463,88.241,206.000,180.000
316.289,98.502,206.000,180.000
326.550,98.502,206.000,180.000
336.811,98.502,206.000,180.000
347.072,98.502,206.000,180.000
347.072,88.241,206.000,180.000
367.593,88.241,206.000,180.000
384.986,82.806,236.038,206.235
395.051,74.102,231.004,201.837
402.715,78.360,231.004,201.837
410.380,75.805,231.004,201.837
418.044,76.657,231.004,201.837
415.489,79.212,231.004,201.837
424.856,81.766,231.004,201.837
425.708,84.321,231.004,201.837
433.372,78.360,231.004,201.837
427.411,84.321,231.004,201.837
429.966,81.766,231.004,201.837
422.301,89.430,231.004,201.837
426.559,90.282,231.004,201.837
421.635,96.538,226.078,197.533
422.469,92.371,226.078,197.533
424.969,94.871,226.078,197.533
420.150,104.207,221.257,193.321
425.859,95.235,221.257,193.321
431.569,89.526,221.257,193.321
427.491,98.498,221.257,193.321
431.723,98.502,206.000,180.000
434.567,82.738,221.257,193.321
428.857,90.079,221.257,193.321
434.567,81.107,221.257,193.321
427.888,86.584,226.152,197.598
428.722,77.414,226.152,197.598
421.895,83.013,231.156,201.970
430.109,77.774,226.227,197.663
424.271,86.948,226.227,197.663
431.777,76.106,226.227,197.663
421.487,81.707,231.232,202.036
431.347,83.039,226.301,197.727
427.176,87.210,226.301,197.727
428.010,89.713,226.301,197.727
428.845,92.216,226.301,197.727
429.679,89.713,226.301,197.727
427.176,97.221,226.301,197.727
433.016,89.713,226.301,197.727
437.841,99.058,221.475,193.511
439.415,112.925,216.752,189.384
441.813,107.332,216.752,189.384
436.219,114.523,216.752,189.384
433.822,116.920,216.752,189.384
428.229,122.514,216.752,189.384
467.498,121.237,202.000,176.000
430.308,128.230,212.129,185.345
424.834,130.576,212.129,185.345
477.545,128.772,202.000,176.000
437.227,127.946,212.129,185.345
427.061,128.728,212.129,185.345
467.498,128.772,202.000,176.000
436.564,131.074,212.129,185.345
435.782,130.292,212.129,185.345
435.000,127.946,212.129,185.345
442.537,126.153,207.606,181.393
443.303,123.857,207.606,181.393
441.007,121.562,207.606,181.393
438.711,123.857,207.606,181.393
435.761,126.529,203.178,177.525
441.537,123.369,198.846,173.739
445.202,119.704,198.846,173.739
437.139,124.835,198.846,173.739
439.338,121.170,198.846,173.739
441.537,120.437,198.846,173.739
443.736,119.704,198.846,173.739
438.605,126.301,198.846,173.739
443.736,122.636,198.846,173.739
445.935,126.301,198.846,173.739
453.998,124.102,198.846,173.739
446.934,133.726,194.605,170.034
459.129,128.704,194.605,170.034
474.342,125.677,190.455,166.408
472.989,130.835,186.394,162.859
483.586,127.936,182.419,159.386
480.994,136.765,178.529,155.987
479.726,140.331,174.721,152.661
479.727,145.063,170.995,149.405
487.018,141.188,167.349,146.219
482.262,149.288,163.780,143.101
479.243,145.061,163.780,143.101
475.017,151.703,163.780,143.101
473.205,148.684,163.780,143.101
465.357,152.910,163.780,143.101
435.773,163.174,163.780,143.101
425.509,166.193,163.780,143.101
427.320,161.966,163.780,143.101
420.679,166.193,163.780,143.101
415.245,169.211,163.780,143.101
413.434,162.570,163.780,143.101
409.208,165.589,163.780,143.101
406.769,155.863,167.404,146.267
407.386,157.714,167.404,146.267
405.535,152.160,167.404,146.267
373.364,126.559,206.000,180.000
373.364,116.298,206.000,180.000
363.103,116.298,206.000,180.000
363.103,116.298,206.000,180.000
363.103,116.298,206.000,180.000
363.103,116.298,206.000,180.000
363.103,116.298,206.000,180.000
363.103,116.298,206.000,180.000
352.842,116.298,206.000,180.000
352.842,116.298,206.000,180.000
352.842,116.298,206.000,180.000
352.842,116.298,206.000,180.000
352.842,116.298,206.000,180.000
342.581,116.298,206.000,180.000
342.581,116.298,206.000,180.000
342.581,106.037,206.000,180.000
332.321,106.037,206.000,180.000
332.321,106.037,206.000,180.000
322.060,106.037,206.000,180.000
322.060,106.037,206.000,180.000
322.060,106.037,206.000,180.000
311.799,106.037,206.000,180.000
334.329,148.161,160.393,140.141
329.008,152.300,160.393,140.141
330.148,153.224,156.972,137.152
330.148,151.898,153.625,134.228
333.424,150.600,150.349,131.365
327.327,154.480,150.349,131.365
323.448,158.359,150.349,131.365
326.219,153.371,150.349,131.365
325.665,159.468,150.349,131.365
333.144,161.403,147.142,128.564
330.432,165.200,147.142,128.564
333.144,167.912,147.142,128.564
332.602,169.539,147.142,128.564
334.229,171.166,147.142,128.564
332.602,168.454,147.142,128.564
336.398,171.166,147.142,128.564
333.686,170.624,147.142,128.564
334.229,173.336,147.142,128.564
332.602,171.709,147.142,128.564
328.160,173.100,150.398,131.408
326.497,173.655,150.398,131.408
324.833,175.318,150.398,131.408
325.388,170.328,150.398,131.408
324.833,173.100,150.398,131.408
326.497,174.764,150.398,131.408
324.833,176.427,150.398,131.408
327.606,173.655,150.398,131.408
325.942,175.318,150.398,131.408
325.388,171.437,150.398,131.408
329.269,174.209,150.398,131.408
328.714,167.002,150.398,131.408
332.595,169.774,150.398,131.408
335.367,164.784,150.398,131.408
334.813,167.556,150.398,131.408
338.694,161.458,150.398,131.408
338.140,157.577,150.398,131.408
340.912,160.349,150.398,131.408
342.575,155.359,150.398,131.408
347.919,155.157,147.191,128.606
348.462,151.359,147.191,128.606
351.175,151.901,147.191,128.606
353.888,145.933,147.191,128.606
356.601,141.049,147.191,128.606
360.785,133.530,144.052,125.863
362.378,126.627,144.052,125.863
321.633,85.943,206.000,180.000
319.633,73.682,210.000,184.000
319.633,73.682,210.000,184.000
319.633,63.208,210.000,184.000
319.633,63.208,210.000,184.000
319.633,52.733,210.000,184.000
319.633,42.259,210.000,184.000
319.633,42.259,210.000,184.000
307.159,30.285,214.000,187.000
307.159,30.285,214.000,187.000
307.159,30.285,214.000,187.000
296.485,19.611,214.000,187.000
296.485,19.611,214.000,187.000
285.811,19.611,214.000,187.000
282.474,21.111,210.000,184.000
272.000,10.637,210.000,184.000
272.000,10.637,210.000,184.000
261.525,10.637,210.000,184.000
251.051,10.637,210.000,184.000
251.051,10.637,210.000,184.000
240.577,0.162,210.000,184.000
277.110,45.228,157.333,137.468
230.103,0.162,210.000,184.000
230.103,0.162,210.000,184.000
219.628,0.162,210.000,184.000
219.628,0.162,210.000,184.000
219.628,0.162,210.000,184.000
209.154,0.162,210.000,184.000
209.154,0.162,210.000,184.000
209.154,10.637,210.000,184.000
209.154,10.637,210.000,184.000
209.154,10.637,210.000,184.000
209.154,10.637,210.000,184.000
209.154,10.637,210.000,184.000
209.154,10.637,210.000,184.000
219.628,10.637,210.000,184.000
219.628,10.637,210.000,184.000
219.628,10.637,210.000,184.000
219.628,10.637,210.000,184.000
230.103,21.111,210.000,184.000
230.103,21.111,210.000,184.000
230.103,21.111,210.000,184.000
230.103,21.111,210.000,184.000
230.103,21.111,210.000,184.000
230.103,21.111,210.000,184.000
230.103,10.637,210.000,184.000
230.103,10.637,210.000,184.000
230.103,10.637,210.000,184.000
230.103,10.637,210.000,184.000
230.103,10.637,210.000,184.000
230.103,10.637,210.000,184.000
230.103,10.637,210.000,184.000
230.103,10.637,210.000,184.000
230.103,10.637,210.000,184.000
230.103,10.637,210.000,184.000
230.721,9.137,214.000,187.000
230.721,9.137,214.000,187.000
241.395,9.137,214.000,187.000
267.575,50.597,179.409,156.756
241.395,9.137,214.000,187.000
252.069,9.137,214.000,187.000
252.069,9.137,214.000,187.000
252.069,9.137,214.000,187.000
262.743,9.137,214.000,187.000
262.743,9.137,214.000,187.000
262.743,9.137,214.000,187.000
273.417,9.137,214.000,187.000
273.417,9.137,214.000,187.000
273.417,19.811,214.000,187.000
273.417,19.811,214.000,187.000
284.091,19.811,214.000,187.000
284.091,30.485,214.000,187.000
284.091,30.485,214.000,187.000
284.091,30.485,214.000,187.000
284.091,30.485,214.000,187.000
284.091,41.158,214.000,187.000
292.265,39.158,219.000,191.000
269.503,97.084,228.238,199.420
265.296,108.022,228.238,199.420
292.265,50.059,219.000,191.000
272.641,104.645,223.371,195.167
268.523,112.055,223.371,195.167
290.265,58.959,223.000,195.000
275.934,99.076,223.371,195.167
301.378,67.294,223.000,195.000
278.864,104.995,228.313,199.485
269.606,115.937,228.313,199.485
272.131,120.145,228.313,199.485
274.656,122.670,228.313,199.485
277.181,125.195,228.313,199.485
279.706,129.403,228.313,199.485
301.378,89.095,223.000,195.000
284.231,122.860,228.313,199.485
278.339,132.118,228.313,199.485
307.992,96.209,232.000,203.000
293.661,133.973,228.313,199.485
281.037,141.548,228.313,199.485
290.295,145.756,228.313,199.485
275.987,153.331,228.313,199.485
267.349,155.490,233.364,203.899
264.768,159.792,233.364,203.899
266.649,153.073,238.527,208.410
256.977,162.746,238.527,208.410
259.614,163.625,238.527,208.410
264.011,164.504,238.527,208.410
254.339,172.418,238.527,208.410
260.494,168.021,238.527,208.410
249.063,175.935,238.527,208.410
262.252,168.021,238.527,208.410
245.930,172.102,243.805,213.021
245.031,174.798,243.805,213.021
239.536,167.779,249.199,217.734
244.130,172.372,249.199,217.734
254.235,165.942,249.199,217.734
242.292,174.210,249.199,217.734
252.397,167.779,249.199,217.734
258.828,166.861,249.199,217.734
257.909,167.779,249.199,217.734
268.014,161.349,249.199,217.734
301.409,131.894,261.000,228.000
291.356,152.306,249.199,217.734
314.429,118.874,261.000,228.000
327.448,105.855,261.000,228.000
379.761,104.920,243.885,213.091
393.246,93.232,243.885,213.091
398.447,91.172,238.684,208.547
399.326,85.013,238.684,208.547
404.416,81.300,233.594,204.100
406.999,78.716,233.594,204.100
411.980,73.423,228.612,199.747
406.080,77.636,228.612,199.747
410.294,71.737,228.612,199.747
406.080,74.265,228.612,199.747
411.980,70.052,228.612,199.747
407.766,74.265,228.612,199.747
413.665,68.366,228.612,199.747
406.080,70.894,228.612,199.747
410.955,67.338,223.737,195.487
401.882,74.761,223.737,195.487
409.305,68.988,223.737,195.487
400.233,74.761,223.737,195.487
402.707,73.937,223.737,195.487
391.985,79.710,223.737,195.487
397.759,75.586,223.737,195.487
393.635,76.411,223.737,195.487
388.592,80.238,228.687,199.813
393.934,71.905,233.747,204.234
393.935,76.575,228.762,199.878
387.433,84.396,223.884,195.616
389.909,88.522,223.884,195.616
345.920,84.023,251.000,219.000
345.920,84.023,251.000,219.000
333.420,84.023,251.000,219.000
333.420,84.023,251.000,219.000
333.420,84.023,251.000,219.000
320.921,96.522,251.000,219.000
308.422,96.522,251.000,219.000
308.422,96.522,251.000,219.000
284.673,144.917,219.109,191.444
270.942,153.802,219.109,191.444
259.300,155.874,223.957,195.680
255.172,150.095,223.957,195.680
247.742,159.176,223.957,195.680
243.614,148.444,223.957,195.680
232.881,154.223,223.957,195.680
220.498,150.095,223.957,195.680
180.303,121.521,251.000,219.000
155.304,109.022,251.000,219.000
75.383,144.473,223.957,195.680
72.906,140.345,223.957,195.680
75.383,137.868,223.957,195.680
77.860,137.043,223.957,195.680
70.429,136.217,223.957,195.680
67.953,133.740,223.957,195.680
63.825,129.612,223.957,195.680
59.697,132.089,223.957,195.680
57.220,131.263,223.957,195.680
54.743,133.740,223.957,195.680
53.918,134.566,223.957,195.680
53.918,137.448,219.181,191.507
57.034,135.596,214.507,187.423
57.825,136.387,214.507,187.423
58.616,137.178,214.507,187.423
61.665,138.414,209.933,183.426
62.439,139.188,209.933,183.426
63.213,139.962,209.933,183.426
62.439,137.640,209.933,183.426
63.213,138.414,209.933,183.426
62.439,134.544,209.933,183.426
63.213,136.866,209.933,183.426
60.891,134.544,209.933,183.426
61.665,133.770,209.933,183.426
60.891,134.544,209.933,183.426
61.665,133.770,209.933,183.426
62.439,136.092,209.933,183.426
64.761,133.770,209.933,183.426
67.082,134.544,209.933,183.426
67.856,136.866,209.933,183.426
73.273,137.640,209.933,183.426
77.143,138.414,209.933,183.426
79.465,140.735,209.933,183.426
67.856,147.700,209.933,183.426
73.273,142.283,209.933,183.426
77.143,147.700,209.933,183.426
68.630,150.022,209.933,183.426
69.404,153.892,209.933,183.426
62.439,148.474,209.933,183.426
59.456,139.241,205.456,179.515
55.669,129.395,205.456,179.515
60.468,134.482,210.002,183.486
229.449,123.521,246.000,215.000
250.582,153.782,214.648,187.546
245.744,162.380,219.397,191.695
244.936,171.276,219.397,191.695
247.362,173.703,219.397,191.695
254.641,164.806,219.397,191.695
258.685,167.233,219.397,191.695
261.111,158.336,219.397,191.695
268.907,151.805,214.718,187.607
263.367,155.763,214.718,187.607
272.073,145.473,214.718,187.607
272.865,149.430,214.718,187.607
274.596,143.249,219.469,191.758
291.720,110.796,246.000,215.000
291.720,98.522,246.000,215.000
303.993,98.522,246.000,215.000
303.993,98.522,246.000,215.000
303.993,98.522,246.000,215.000
316.266,98.522,246.000,215.000
316.266,98.522,246.000,215.000
316.266,98.522,246.000,215.000
328.539,98.522,246.000,215.000
328.539,98.522,246.000,215.000
340.812,98.522,246.000,215.000
340.812,98.522,246.000,215.000
353.085,98.522,246.000,215.000
389.342,146.610,201.338,175.917
399.358,152.062,197.045,172.165
407.349,146.978,197.045,172.165
408.075,153.515,197.045,172.165
410.254,152.789,197.045,172.165
413.886,157.874,197.045,172.165
411.707,151.336,197.045,172.165
410.980,159.326,197.045,172.165
410.254,154.242,197.045,172.165
406.054,165.179,192.843,168.494
403.921,161.625,192.843,168.494
401.181,168.217,188.730,164.901
397.703,168.913,188.730,164.901
395.021,172.683,184.706,161.384
390.255,176.088,184.706,161.384
385.488,178.130,184.706,161.384
380.722,182.897,184.706,161.384
378.679,178.130,184.706,161.384
373.913,185.620,184.706,161.384
369.147,179.492,184.706,161.384
365.742,184.258,184.706,161.384
359.614,193.110,184.706,161.384
352.125,201.962,184.706,161.384
337.826,201.281,184.706,161.384
332.576,208.908,180.767,157.943
321.248,202.911,180.767,157.943
303.347,203.237,184.766,161.437
295.855,199.832,184.766,161.437
289.725,192.340,184.766,161.437
294.492,199.832,184.766,161.437
303.993,98.522,246.000,215.000
303.993,98.522,246.000,215.000
303.993,98.522,246.000,215.000
303.993,98.522,246.000,215.000
303.993,98.522,246.000,215.000
303.993,98.522,246.000,215.000
303.993,110.796,246.000,215.000
303.993,110.796,246.000,215.000
303.993,110.796,246.000,215.000
303.993,110.796,246.000,215.000
303.993,110.796,246.000,215.000
303.993,110.796,246.000,215.000
303.993,110.796,246.000,215.000
303.993,110.796,246.000,215.000
303.993,110.796,246.000,215.000
303.993,110.796,246.000,215.000
303.993,110.796,246.000,215.000
303.993,110.796,246.000,215.000
303.993,110.796,246.000,215.000
303.993,110.796,246.000,215.000
303.993,98.522,246.000,215.000
303.993,98.522,246.000,215.000
303.993,98.522,246.000,215.000
303.993,98.522,246.000,215.000
303.993,98.522,246.000,215.000
303.993,98.522,246.000,215.000
303.993,98.522,246.000,215.000
303.993,98.522,246.000,215.000
303.993,98.522,246.000,215.000
303.993,98.522,246.000,215.000
303.993,98.522,246.000,215.000
303.993,98.522,246.000,215.000
303.993,98.522,246.000,215.000
303.993,98.522,246.000,215.000
303.993,98.522,246.000,215.000
303.993,98.522,246.000,215.000
303.993,98.522,246.000,215.000
303.993,98.522,246.000,215.000
303.993,98.522,246.000,215.000
303.993,98.522,246.000,215.000
303.993,98.522,246.000,215.000
303.993,98.522,246.000,215.000
303.993,98.522,246.000,215.000
303.993,98.522,246.000,215.000
303.993,98.522,246.000,215.000
303.993,98.522,246.000,215.000
303.993,98.522,246.000,215.000
303.993,98.522,246.000,215.000
303.993,98.522,246.000,215.000
303.993,98.522,246.000,215.000
303.993,98.522,246.000,215.000
316.266,98.522,246.000,215.000
316.266,98.522,246.000,215.000
316.266,98.522,246.000,215.000
316.266,98.522,246.000,215.000
316.266,98.522,246.000,215.000
316.266,98.522,246.000,215.000
316.266,98.522,246.000,215.000
316.266,98.522,246.000,215.000
316.266,98.522,246.000,215.000
316.266,98.522,246.000,215.000
316.266,98.522,246.000,215.000
316.266,98.522,246.000,215.000
316.266,98.522,246.000,215.000
316.266,98.522,246.000,215.000
316.266,98.522,246.000,215.000
316.266,98.522,246.000,215.000
316.266,98.522,246.000,215.000
316.266,98.522,246.000,215.000
316.266,98.522,246.000,215.000
316.266,98.522,246.000,215.000
316.266,98.522,246.000,215.000
316.266,98.522,246.000,215.000
316.266,98.522,246.000,215.000
316.266,98.522,246.000,215.000
316.266,98.522,246.000,215.000
316.266,98.522,246.000,215.000
316.266,98.522,246.000,215.000
316.266,98.522,246.000,215.000
316.266,98.522,246.000,215.000
316.266,98.522,246.000,215.000
316.266,98.522,246.000,215.000
316.266,98.522,246.000,215.000
316.266,98.522,246.000,215.000
316.266,98.522,246.000,215.000
316.266,98.522,246.000,215.000
316.266,98.522,246.000,215.000
316.266,98.522,246.000,215.000
316.266,98.522,246.000,215.000
316.266,98.522,246.000,215.000
316.266,98.522,246.000,215.000
316.266,98.522,246.000,215.000
316.266,98.522,246.000,215.000
316.266,98.522,246.000,215.000
316.266,98.522,246.000,215.000
316.266,98.522,246.000,215.000
316.266,98.522,246.000,215.000
316.266,98.522,246.000,215.000
316.266,98.522,246.000,215.000
316.266,98.522,246.000,215.000
316.266,98.522,246.000,215.000
316.266,98.522,246.000,215.000
316.266,98.522,246.000,215.000
316.266,98.522,246.000,215.000
316.266,98.522,246.000,215.000
316.266,98.522,246.000,215.000
316.266,98.522,246.000,215.000
303.993,98.522,246.000,215.000
281.821,139.595,215.494,188.285
273.668,143.281,220.262,192.451
277.728,132.726,220.262,192.451
275.292,138.409,220.262,192.451
271.232,140.845,220.262,192.451
275.292,141.657,220.262,192.451
276.104,142.469,220.262,192.451
276.916,138.409,220.262,192.451
279.352,142.469,220.262,192.451
283.411,144.905,220.262,192.451
288.556,145.303,225.135,196.709
279.427,149.453,225.135,196.709
291.876,151.943,225.135,196.709
283.358,154.072,230.116,201.061
299.476,151.527,230.116,201.061
291.841,154.072,230.116,201.061
307.959,158.313,230.116,201.061
321.042,154.734,225.209,196.773
310.249,162.206,225.209,196.773
319.381,154.734,225.209,196.773
306.928,158.885,225.209,196.773
300.527,163.383,220.406,192.577
309.465,157.696,220.406,192.577
292.402,165.008,220.406,192.577
281.840,159.321,220.406,192.577
272.902,161.758,220.406,192.577
270.465,152.821,220.406,192.577
268.027,152.008,220.406,192.577
262.340,147.946,220.406,192.577
256.652,152.008,220.406,192.577
257.465,147.946,220.406,192.577
255.027,142.259,220.406,192.577
253.462,148.228,215.706,188.470
253.463,144.872,211.106,184.451
251.128,147.207,211.106,184.451
244.124,151.098,211.106,184.451
240.233,150.320,211.106,184.451
236.342,154.211,211.106,184.451
234.007,158.102,211.106,184.451
233.229,160.436,211.106,184.451
229.338,162.771,211.106,184.451
227.003,163.549,211.106,184.451
219.999,167.440,211.106,184.451
201.724,133.794,251.000,219.000
215.671,167.287,206.604,180.518
186.725,131.294,256.000,224.000
184.225,142.087,261.000,228.000
168.706,139.587,266.000,233.000
168.706,139.587,266.000,233.000
168.706,139.587,266.000,233.000
155.448,139.587,266.000,233.000
139.191,137.587,272.000,237.000
139.191,137.587,272.000,237.000
125.805,137.587,272.000,237.000
70.894,158.950,206.604,180.518
73.179,165.805,206.604,180.518
73.264,169.339,211.175,184.512
74.966,164.875,215.847,188.594
69.396,160.897,215.847,188.594
71.783,158.510,215.847,188.594
66.213,157.714,215.847,188.594
65.418,155.327,215.847,188.594
63.031,159.305,215.847,188.594
60.643,153.735,215.847,188.594
56.665,156.123,215.847,188.594
51.095,153.735,215.847,188.594
51.891,151.348,215.847,188.594
51.095,150.553,215.847,188.594
47.117,152.940,215.847,188.594
49.504,147.370,215.847,188.594
46.437,154.749,211.244,184.572
48.773,149.298,211.244,184.572
44.879,154.749,211.244,184.572
47.215,150.856,211.244,184.572
46.437,156.307,211.244,184.572
47.215,153.971,211.244,184.572
44.879,159.422,211.244,184.572
45.658,153.971,211.244,184.572
47.994,157.864,211.244,184.572
44.101,158.643,211.244,184.572
50.106,156.858,206.740,180.636
47.820,160.669,206.740,180.636
50.106,159.907,206.740,180.636
49.344,159.144,206.740,180.636
50.814,160.336,202.331,176.784
53.051,165.557,202.331,176.784
50.814,160.336,202.331,176.784
54.543,167.049,202.331,176.784
52.305,161.828,202.331,176.784
54.543,167.049,202.331,176.784
52.305,170.778,202.331,176.784
54.543,167.049,202.331,176.784
52.305,173.762,202.331,176.784
56.035,168.540,202.331,176.784
55.289,175.253,202.331,176.784
