141.000,73.000,27.000,34.000
142.079,74.079,27.000,34.000
141.240,73.959,27.000,34.000
142.079,74.319,27.000,34.000
141.719,73.719,27.000,34.000
143.038,73.839,27.000,34.000
142.439,73.480,27.000,34.000
143.518,74.558,27.000,34.000
144.117,73.480,27.000,34.000
144.477,74.798,27.000,34.000
145.555,73.719,27.000,34.000
146.155,74.319,27.000,34.000
145.555,74.199,27.000,34.000
146.874,74.319,27.000,34.000
147.953,74.678,27.000,34.000
148.073,73.360,27.000,34.000
147.713,74.199,27.000,34.000
149.272,74.558,27.000,34.000
149.871,73.480,27.000,34.000
151.430,75.038,27.000,34.000
152.988,73.959,27.000,34.000
154.307,74.798,27.000,34.000
154.666,73.959,27.000,34.000
156.465,74.798,27.000,34.000
157.783,73.719,27.000,34.000
159.342,74.319,27.000,34.000
159.941,74.439,27.000,34.000
161.500,75.038,27.000,34.000
162.818,73.719,27.000,34.000
164.137,74.319,27.000,34.000
165.935,73.480,27.000,34.000
167.254,73.599,27.000,34.000
168.093,72.520,27.000,34.000
169.172,72.161,27.000,34.000
170.251,73.240,27.000,34.000
171.330,73.360,27.000,34.000
172.888,73.959,27.000,34.000
174.207,73.360,27.000,34.000
174.567,73.959,27.000,34.000
175.646,73.120,27.000,34.000
176.964,72.281,27.000,34.000
177.324,72.880,27.000,34.000
176.485,72.041,27.000,34.000
177.324,72.640,27.000,34.000
176.964,71.561,27.000,34.000
177.804,72.161,27.000,34.000
176.964,73.000,27.000,34.000
176.845,72.401,27.000,34.000
175.766,73.240,27.000,34.000
175.166,72.880,27.000,34.000
172.888,72.281,27.000,34.000
173.008,72.880,27.000,34.000
171.210,72.041,27.000,34.000
169.412,72.161,27.000,34.000
167.614,72.281,27.000,34.000
165.576,73.120,27.000,34.000
163.777,73.000,27.000,34.000
162.219,73.599,27.000,34.000
160.181,72.760,27.000,34.000
158.623,73.599,27.000,34.000
156.105,73.959,27.000,34.000
154.786,73.599,27.000,34.000
152.988,73.000,27.000,34.000
151.430,73.599,27.000,34.000
149.514,72.850,27.597,34.752
147.431,73.218,27.597,34.752
145.473,72.198,28.208,35.521
143.344,73.325,28.208,35.521
141.966,72.448,28.208,35.521
140.338,73.575,28.208,35.521
137.457,74.202,28.208,35.521
136.080,73.074,28.208,35.521
134.702,72.448,28.208,35.521
132.823,74.076,28.208,35.521
131.195,73.200,28.208,35.521
129.567,73.575,28.208,35.521
127.187,74.202,28.208,35.521
125.810,73.575,28.208,35.521
123.931,74.953,28.208,35.521
122.303,73.826,28.208,35.521
120.174,74.703,28.208,35.521
119.548,74.327,28.208,35.521
118.170,75.454,28.208,35.521
117.544,74.828,28.208,35.521
116.166,74.703,28.208,35.521
116.792,76.581,28.208,35.521
115.415,77.458,28.208,35.521
114.788,78.335,28.208,35.521
115.415,78.710,28.208,35.521
114.287,79.838,28.208,35.521
114.663,79.211,28.208,35.521
113.786,79.086,28.208,35.521
113.912,79.211,28.208,35.521
114.037,79.587,28.208,35.521
112.555,79.064,28.832,36.307
114.220,78.424,28.832,36.307
113.579,79.320,28.832,36.307
114.476,79.448,28.832,36.307
113.835,79.832,28.832,36.307
113.451,80.728,28.832,36.307
125.101,78.441,26.000,33.000
125.101,78.441,26.000,33.000
125.101,78.441,26.000,33.000
125.101,78.441,26.000,33.000
126.659,78.441,26.000,33.000
127.159,78.941,25.000,32.000
127.159,78.941,25.000,32.000
128.663,78.941,25.000,32.000
130.167,78.941,25.000,32.000
131.670,78.941,25.000,32.000
133.550,78.941,25.000,32.000
133.550,78.941,25.000,32.000
130.852,75.662,29.470,37.110
129.305,74.029,30.122,37.931
131.578,73.628,30.122,37.931
133.049,74.564,30.122,37.931
134.521,74.431,30.122,37.931
135.457,75.902,30.122,37.931
135.056,74.966,30.122,37.931
136.527,75.902,30.122,37.931
137.730,74.966,30.122,37.931
138.399,76.169,30.122,37.931
140.138,75.501,30.122,37.931
140.806,76.972,30.122,37.931
140.940,76.036,30.122,37.931
142.144,74.832,30.122,37.931
143.348,74.163,30.122,37.931
144.819,75.634,30.122,37.931
144.685,74.163,30.122,37.931
145.621,75.367,30.122,37.931
146.557,74.163,30.122,37.931
147.226,75.367,30.122,37.931
147.895,74.163,30.122,37.931
148.296,75.367,30.122,37.931
149.232,75.233,30.122,37.931
149.901,75.367,30.122,37.931
149.767,75.768,30.122,37.931
150.436,75.099,30.122,37.931
152.175,76.571,30.122,37.931
152.041,75.367,30.122,37.931
153.245,77.373,30.122,37.931
153.378,76.704,30.122,37.931
153.780,76.036,30.122,37.931
153.378,76.972,30.122,37.931
154.315,77.641,30.122,37.931
153.913,76.972,30.122,37.931
153.512,77.908,30.122,37.931
153.111,78.309,30.122,37.931
154.047,79.513,30.122,37.931
153.378,79.914,30.122,37.931
153.780,80.850,30.122,37.931
152.843,79.647,30.122,37.931
153.512,81.385,30.122,37.931
152.843,82.054,30.122,37.931
153.245,82.723,30.122,37.931
153.913,83.391,30.122,37.931
152.977,84.060,30.122,37.931
153.646,84.996,30.122,37.931
153.780,85.933,30.122,37.931
154.181,86.869,30.122,37.931
154.849,88.072,30.122,37.931
153.378,86.601,30.122,37.931
154.849,88.072,30.122,37.931
153.646,86.869,30.122,37.931
154.047,88.340,30.122,37.931
154.983,89.544,30.122,37.931
153.780,87.537,30.122,37.931
154.448,88.741,30.122,37.931
153.245,87.270,30.122,37.931
154.181,89.009,30.122,37.931
153.512,87.270,30.122,37.931
153.111,88.474,30.122,37.931
154.047,88.875,30.122,37.931
153.111,86.601,30.122,37.931
153.512,87.537,30.122,37.931
152.041,85.531,30.122,37.931
152.442,86.468,30.122,37.931
150.703,84.996,30.122,37.931
151.640,85.398,30.122,37.931
149.901,83.659,30.122,37.931
149.232,81.653,30.122,37.931
150.436,82.589,30.122,37.931
148.965,80.850,30.122,37.931
148.029,80.182,30.122,37.931
149.232,81.118,30.122,37.931
148.029,79.647,30.122,37.931
149.232,80.048,30.122,37.931
148.029,78.844,30.122,37.931
148.965,78.710,30.122,37.931
148.296,78.042,30.122,37.931
149.500,78.175,30.122,37.931
148.029,78.042,30.122,37.931
149.232,77.641,30.122,37.931
148.564,76.972,30.122,37.931
147.627,77.106,30.122,37.931
148.564,77.507,30.122,37.931
147.627,76.571,30.122,37.931
148.029,76.169,30.122,37.931
148.697,76.838,30.122,37.931
147.115,74.892,30.788,38.771
148.072,75.029,30.788,38.771
147.115,74.619,30.788,38.771
148.072,73.935,30.788,38.771
147.389,74.619,30.788,38.771
148.619,73.388,30.788,38.771
147.115,74.345,30.788,38.771
148.619,73.935,30.788,38.771
146.435,72.797,31.470,39.628
147.692,73.775,31.470,39.628
146.155,73.077,31.470,39.628
147.133,74.334,31.470,39.628
145.317,72.518,31.470,39.628
144.059,73.775,31.470,39.628
145.037,75.033,31.470,39.628
142.941,73.496,31.470,39.628
141.404,74.194,31.470,39.628
139.588,75.731,31.470,39.628
137.772,75.312,31.470,39.628
135.676,74.893,31.470,39.628
133.300,75.871,31.470,39.628
127.572,74.893,31.470,39.628
126.035,74.194,31.470,39.628
123.939,73.496,31.470,39.628
121.284,74.753,31.470,39.628
118.350,76.011,31.470,39.628
115.415,76.430,31.470,39.628
113.040,76.011,31.470,39.628
111.224,76.989,31.470,39.628
109.687,76.570,31.470,39.628
107.870,75.871,31.470,39.628
105.774,75.173,31.470,39.628
105.076,75.592,31.470,39.628
104.098,74.334,31.470,39.628
103.119,74.194,31.470,39.628
102.700,73.775,31.470,39.628
101.722,75.033,31.470,39.628
101.024,74.614,31.470,39.628
100.604,74.194,31.470,39.628
99.626,73.775,31.470,39.628
100.325,75.592,31.470,39.628
98.788,74.893,31.470,39.628
100.045,76.430,31.470,39.628
99.626,75.452,31.470,39.628
98.928,75.312,31.470,39.628
99.906,76.290,31.470,39.628
99.207,75.871,31.470,39.628
100.185,77.408,31.470,39.628
99.766,76.989,31.470,39.628
99.906,78.246,31.470,39.628
100.325,77.827,31.470,39.628
99.906,79.644,31.470,39.628
100.884,79.504,31.470,39.628
101.024,80.482,31.470,39.628
101.163,81.181,31.470,39.628
101.024,82.159,31.470,39.628
100.325,82.019,31.470,39.628
99.067,82.159,31.470,39.628
99.207,82.299,31.470,39.628
98.229,81.600,31.470,39.628
96.972,81.740,31.470,39.628
94.317,81.320,31.470,39.628
92.780,80.622,31.470,39.628
91.522,80.482,31.470,39.628
89.706,80.342,31.470,39.628
87.889,79.923,31.470,39.628
86.073,80.342,31.470,39.628
84.256,79.923,31.470,39.628
82.440,80.063,31.470,39.628
79.506,80.482,31.470,39.628
77.130,79.783,31.470,39.628
72.240,79.644,31.470,39.628
71.821,79.504,31.470,39.628
69.445,79.923,31.470,39.628
65.952,80.063,31.470,39.628
63.297,80.482,31.470,39.628
59.245,79.783,31.470,39.628
56.870,79.644,31.470,39.628
53.656,79.783,31.470,39.628
50.163,79.923,31.470,39.628
47.788,79.783,31.470,39.628
41.780,79.923,31.470,39.628
41.081,79.783,31.470,39.628
39.265,79.644,31.470,39.628
37.169,79.504,31.470,39.628
34.793,79.364,31.470,39.628
32.418,79.504,31.470,39.628
30.043,79.923,31.470,39.628
28.226,80.342,31.470,39.628
27.080,80.092,30.799,38.783
25.029,81.049,30.799,38.783
21.610,80.912,30.799,38.783
20.653,80.502,30.799,38.783
19.422,81.732,30.799,38.783
18.192,80.502,30.799,38.783
16.688,80.639,30.799,38.783
14.910,79.955,30.799,38.783
13.679,79.818,30.799,38.783
12.722,79.408,30.799,38.783
11.765,80.639,30.799,38.783
11.081,79.681,30.799,38.783
10.397,78.998,30.799,38.783
11.081,79.408,30.799,38.783
9.850,79.271,30.799,38.783
9.440,79.134,30.799,38.783
10.124,78.998,30.799,38.783
9.440,78.587,30.799,38.783
9.850,79.818,30.799,38.783
8.893,78.861,30.799,38.783
9.303,78.724,30.799,38.783
9.987,78.587,30.799,38.783
9.577,79.545,30.799,38.783
10.534,79.134,30.799,38.783
10.397,78.724,30.799,38.783
10.534,78.040,30.799,38.783
11.218,78.724,30.799,38.783
10.534,78.040,30.799,38.783
12.038,78.998,30.799,38.783
11.628,78.587,30.799,38.783
12.312,79.818,30.799,38.783
14.089,79.134,30.799,38.783
16.141,79.818,30.799,38.783
16.824,79.408,30.799,38.783
18.329,81.186,30.799,38.783
20.653,80.775,30.799,38.783
22.431,82.279,30.799,38.783
25.576,83.784,30.799,38.783
28.672,85.647,30.142,37.956
32.018,87.119,30.142,37.956
34.829,88.324,30.142,37.956
39.245,90.866,30.142,37.956
45.535,95.551,30.142,37.956
46.472,96.220,30.142,37.956
49.015,98.495,30.142,37.956
51.825,100.770,30.142,37.956
55.438,103.848,30.142,37.956
58.249,106.391,30.142,37.956
61.059,108.666,30.142,37.956
63.870,111.209,30.142,37.956
66.948,113.484,30.142,37.956
68.955,115.491,30.142,37.956
74.049,120.411,29.499,37.147
73.918,120.804,29.499,37.147
75.621,122.768,29.499,37.147
78.372,124.209,29.499,37.147
80.074,125.650,29.499,37.147
81.777,127.091,29.499,37.147
83.480,127.483,29.499,37.147
85.444,129.186,29.499,37.147
87.147,130.103,29.499,37.147
88.326,130.496,29.499,37.147
90.814,132.199,29.499,37.147
90.945,131.806,29.499,37.147
92.124,132.984,29.499,37.147
94.089,132.330,29.499,37.147
95.006,133.246,29.499,37.147
96.446,133.901,29.499,37.147
98.149,135.080,29.499,37.147
99.328,134.687,29.499,37.147
100.769,136.128,29.499,37.147
100.900,137.045,29.499,37.147
103.650,137.438,29.499,37.147
105.091,137.831,29.499,37.147
105.746,138.485,29.499,37.147
107.448,137.831,29.499,37.147
108.889,136.914,29.499,37.147
109.806,135.997,29.499,37.147
110.199,134.294,29.499,37.147
111.640,132.853,29.499,37.147
112.557,131.675,29.499,37.147
112.164,130.758,29.499,37.147
113.342,129.055,29.499,37.147
113.735,127.876,29.499,37.147
114.914,127.222,29.499,37.147
114.521,126.043,29.499,37.147
115.962,124.864,29.499,37.147
116.355,124.733,29.499,37.147
117.796,124.078,29.499,37.147
118.450,123.161,29.499,37.147
120.153,122.506,29.499,37.147
121.070,121.590,29.499,37.147
123.035,120.411,29.499,37.147
123.116,119.592,30.152,37.969
123.785,118.923,30.152,37.969
125.258,118.521,30.152,37.969
125.927,117.852,30.152,37.969
126.061,117.182,30.152,37.969
125.927,116.245,30.152,37.969
126.329,115.576,30.152,37.969
125.927,115.174,30.152,37.969
124.990,114.505,30.152,37.969
125.660,114.371,30.152,37.969
126.329,114.237,30.152,37.969
125.660,113.568,30.152,37.969
126.597,113.702,30.152,37.969
126.731,113.032,30.152,37.969
127.668,112.095,30.152,37.969
128.069,111.694,30.152,37.969
128.739,112.631,30.152,37.969
130.479,111.426,30.152,37.969
131.952,111.560,30.152,37.969
133.979,109.612,30.819,38.809
135.758,110.570,30.819,38.809
136.979,109.430,31.501,39.667
139.077,107.892,31.501,39.667
141.455,107.193,31.501,39.667
144.392,105.934,31.501,39.667
153.006,113.379,29.000,36.000
156.441,113.379,29.000,36.000
159.876,111.661,29.000,36.000
163.311,109.944,29.000,36.000
168.893,107.797,29.000,36.000
168.893,107.797,29.000,36.000
172.328,106.079,29.000,36.000
174.474,106.079,29.000,36.000
177.121,104.862,28.000,35.000
179.203,104.862,28.000,35.000
181.285,103.197,28.000,35.000
182.950,103.197,28.000,35.000
182.950,103.197,28.000,35.000
184.615,103.197,28.000,35.000
184.615,103.197,28.000,35.000
184.615,103.197,28.000,35.000
184.615,101.531,28.000,35.000
184.615,101.531,28.000,35.000
184.615,101.531,28.000,35.000
184.615,101.531,28.000,35.000
182.950,101.531,28.000,35.000
182.950,101.531,28.000,35.000
181.285,101.531,28.000,35.000
179.619,99.866,28.000,35.000
177.538,99.866,28.000,35.000
177.538,99.866,28.000,35.000
175.872,99.866,28.000,35.000
174.207,99.866,28.000,35.000
174.207,99.866,28.000,35.000
172.542,99.866,28.000,35.000
172.542,99.866,28.000,35.000
172.542,99.866,28.000,35.000
172.542,99.866,28.000,35.000
173.042,98.701,27.000,34.000
174.152,98.201,28.000,35.000
174.152,98.201,28.000,35.000
174.152,96.535,28.000,35.000
176.291,89.965,30.829,38.822
177.797,89.007,30.829,38.822
179.850,87.775,30.829,38.822
182.177,87.090,30.829,38.822
184.230,85.858,30.829,38.822
186.831,84.900,30.829,38.822
191.895,85.858,30.829,38.822
196.686,83.805,30.829,38.822
197.371,84.216,30.829,38.822
199.150,82.984,30.829,38.822
201.751,84.216,30.829,38.822
204.078,82.436,30.829,38.822
206.952,81.205,30.829,38.822
209.279,82.163,30.829,38.822
210.511,80.383,30.829,38.822
212.565,79.425,30.829,38.822
214.618,80.657,30.829,38.822
219.956,81.615,30.829,38.822
221.462,82.300,30.829,38.822
222.420,80.520,30.829,38.822
224.199,79.562,30.829,38.822
226.526,81.068,30.829,38.822
228.580,79.562,30.829,38.822
230.907,78.330,30.829,38.822
233.234,77.372,30.829,38.822
235.013,76.687,30.829,38.822
237.340,76.003,30.829,38.822
240.215,74.771,30.829,38.822
241.446,75.729,30.829,38.822
242.952,74.224,30.829,38.822
244.732,72.718,30.829,38.822
246.237,72.307,30.829,38.822
247.195,71.349,30.829,38.822
248.154,70.665,30.829,38.822
249.112,72.170,30.829,38.822
249.522,71.212,30.829,38.822
250.207,70.802,30.829,38.822
249.249,72.581,30.829,38.822
249.659,71.897,30.829,38.822
248.975,73.129,30.829,38.822
248.838,72.444,30.829,38.822
247.606,72.855,30.829,38.822
246.100,73.813,30.829,38.822
244.595,73.402,30.829,38.822
243.363,73.539,30.829,38.822
241.857,74.224,30.829,38.822
240.625,74.360,30.829,38.822
238.298,75.319,30.829,38.822
237.066,75.456,30.829,38.822
236.382,75.866,30.829,38.822
234.602,76.551,30.829,38.822
233.370,76.687,30.829,38.822
231.591,77.372,30.829,38.822
230.359,77.509,30.829,38.822
228.580,77.919,30.829,38.822
226.800,78.878,30.829,38.822
225.294,79.288,30.829,38.822
223.116,79.834,30.171,37.994
221.643,80.236,30.171,37.994
219.901,79.834,30.171,37.994
218.160,80.772,30.171,37.994
216.150,80.638,30.171,37.994
214.141,80.504,30.171,37.994
212.399,80.906,30.171,37.994
210.926,81.308,30.171,37.994
209.184,80.638,30.171,37.994
207.443,80.772,30.171,37.994
205.701,80.638,30.171,37.994
206.103,80.772,30.171,37.994
204.630,80.638,30.171,37.994
203.960,81.308,30.171,37.994
202.754,80.638,30.171,37.994
203.424,81.040,30.171,37.994
202.218,80.102,30.171,37.994
201.549,79.968,30.171,37.994
202.486,80.370,30.171,37.994
201.549,79.432,30.171,37.994
202.218,79.834,30.171,37.994
201.281,79.700,30.171,37.994
202.218,79.834,30.171,37.994
201.816,79.432,30.171,37.994
203.290,78.762,30.171,37.994
202.352,78.628,30.171,37.994
203.826,78.762,30.171,37.994
204.764,78.896,30.171,37.994
204.630,78.762,30.171,37.994
205.567,78.628,30.171,37.994
206.505,77.959,30.171,37.994
206.103,77.557,30.171,37.994
206.773,77.155,30.171,37.994
207.979,76.485,30.171,37.994
207.309,76.619,30.171,37.994
208.783,76.217,30.171,37.994
209.720,75.815,30.171,37.994
