111.000,98.000,25.000,101.000
111.709,101.547,25.000,101.000
110.527,104.622,25.000,101.000
110.291,106.750,25.000,101.000
109.108,105.094,25.000,101.000
108.399,105.804,25.000,101.000
107.216,107.932,25.000,101.000
106.034,110.534,25.000,101.000
103.433,112.189,25.000,101.000
101.777,115.736,25.000,101.000
97.757,117.865,25.000,101.000
94.210,118.101,25.000,101.000
92.081,115.973,25.000,101.000
89.007,112.425,25.000,101.000
86.879,110.297,25.000,101.000
88.534,109.588,25.000,101.000
87.352,109.351,25.000,101.000
89.953,111.480,25.000,101.000
91.135,111.243,25.000,101.000
93.737,112.898,25.000,101.000
94.919,113.608,25.000,101.000
96.575,110.534,25.000,101.000
99.176,108.405,25.000,101.000
98.939,107.223,25.000,101.000
101.541,106.513,25.000,101.000
103.196,108.169,25.000,101.000
104.851,111.243,25.000,101.000
105.088,111.952,25.000,101.000
106.743,108.405,25.000,101.000
106.507,104.858,25.000,101.000
106.743,101.784,25.000,101.000
105.088,100.128,25.000,101.000
104.378,99.892,25.000,101.000
105.561,99.655,25.000,101.000
105.324,102.257,25.000,101.000
107.453,100.601,25.000,101.000
106.743,102.730,25.000,101.000
106.980,102.493,25.000,101.000
104.851,104.149,25.000,101.000
105.561,100.601,25.000,101.000
103.906,98.000,25.000,101.000
102.250,95.872,25.000,101.000
100.747,96.963,25.553,103.235
100.989,99.138,25.553,103.235
99.297,98.413,25.553,103.235
95.671,99.138,25.553,103.235
91.562,99.863,25.553,103.235
87.936,96.237,25.553,103.235
83.827,93.579,25.553,103.235
82.135,91.403,25.553,103.235
80.926,94.062,25.553,103.235
80.684,97.688,25.553,103.235
81.410,100.347,25.553,103.235
82.618,104.456,25.553,103.235
82.376,103.731,25.553,103.235
84.552,104.456,25.553,103.235
87.694,105.664,25.553,103.235
92.770,102.039,25.553,103.235
95.913,97.929,25.553,103.235
99.538,94.787,25.553,103.235
102.681,94.545,25.553,103.235
105.339,97.204,25.553,103.235
103.647,100.347,25.553,103.235
106.790,99.621,25.553,103.235
109.932,98.896,25.553,103.235
114.041,95.271,25.553,103.235
114.081,84.489,25.008,101.033
113.844,80.941,25.008,101.033
112.831,90.868,25.562,103.268
109.789,93.990,26.127,105.553
108.218,89.489,26.705,107.889
104.515,83.840,27.296,110.276
99.124,77.530,27.900,112.716
95.693,74.099,27.900,112.716
92.678,87.453,28.000,114.000
92.678,87.453,28.000,114.000
120.900,85.695,29.148,117.758
122.830,89.280,29.148,117.758
110.423,93.415,29.148,117.758
106.747,98.657,28.527,115.247
104.319,100.546,28.527,115.247
101.350,98.118,28.527,115.247
100.541,96.769,28.527,115.247
100.271,91.642,28.527,115.247
102.160,87.594,28.527,115.247
104.049,86.245,28.527,115.247
106.477,85.975,28.527,115.247
109.446,85.165,28.527,115.247
114.033,88.673,28.527,115.247
114.843,89.483,28.527,115.247
119.430,90.292,28.527,115.247
124.557,92.181,28.527,115.247
126.446,89.213,28.527,115.247
127.795,88.943,28.527,115.247
126.985,89.753,28.527,115.247
129.954,91.102,28.527,115.247
128.065,92.991,28.527,115.247
126.716,94.880,28.527,115.247
127.525,96.229,28.527,115.247
124.557,96.499,28.527,115.247
125.366,92.991,28.527,115.247
122.938,88.943,28.527,115.247
121.049,85.435,28.527,115.247
119.700,82.467,28.527,115.247
121.049,83.816,28.527,115.247
119.700,84.626,28.527,115.247
122.668,86.515,28.527,115.247
119.700,83.546,28.527,115.247
117.271,80.578,28.527,115.247
116.462,77.070,28.527,115.247
114.573,74.642,28.527,115.247
111.065,70.594,28.527,115.247
107.017,67.086,28.527,115.247
104.049,67.356,28.527,115.247
100.541,72.483,28.527,115.247
99.192,77.610,28.527,115.247
97.303,81.657,28.527,115.247
95.414,84.086,28.527,115.247
92.985,87.594,28.527,115.247
90.557,86.245,28.527,115.247
93.525,86.515,28.527,115.247
98.112,86.245,28.527,115.247
99.462,88.673,28.527,115.247
103.509,88.943,28.527,115.247
107.017,92.451,28.527,115.247
109.985,93.261,28.527,115.247
113.493,96.769,28.527,115.247
115.382,99.197,28.527,115.247
116.731,96.229,28.527,115.247
119.160,93.261,28.527,115.247
120.509,95.689,28.527,115.247
122.938,98.657,28.527,115.247
122.668,101.086,28.527,115.247
125.636,104.594,28.527,115.247
125.906,109.181,28.527,115.247
124.557,112.689,28.527,115.247
128.065,114.578,28.527,115.247
127.255,112.150,28.527,115.247
125.906,111.340,28.527,115.247
125.097,112.689,28.527,115.247
123.747,114.578,28.527,115.247
124.017,116.467,28.527,115.247
125.366,119.435,28.527,115.247
126.176,118.086,28.527,115.247
128.065,119.975,28.527,115.247
127.795,118.086,28.527,115.247
125.906,115.118,28.527,115.247
127.795,110.530,28.527,115.247
129.144,108.642,28.527,115.247
129.414,109.991,28.527,115.247
130.224,110.261,28.527,115.247
131.573,107.832,28.527,115.247
132.922,105.943,28.527,115.247
130.493,102.975,28.527,115.247
129.684,98.927,28.527,115.247
128.335,94.880,28.527,115.247
126.446,90.832,28.527,115.247
125.636,88.403,28.527,115.247
124.827,90.832,28.527,115.247
122.938,93.261,28.527,115.247
126.446,97.848,28.527,115.247
132.112,100.276,28.527,115.247
136.160,102.165,28.527,115.247
136.430,97.578,28.527,115.247
137.239,94.610,28.527,115.247
136.970,94.340,28.527,115.247
137.779,96.229,28.527,115.247
138.049,98.657,28.527,115.247
139.398,101.626,28.527,115.247
140.208,105.134,28.527,115.247
137.239,107.562,28.527,115.247
136.430,106.753,28.527,115.247
135.620,103.245,28.527,115.247
133.192,99.197,28.527,115.247
129.684,101.626,28.527,115.247
127.795,104.054,28.527,115.247
129.144,107.562,28.527,115.247
128.874,111.070,28.527,115.247
126.985,109.181,28.527,115.247
128.335,112.150,28.527,115.247
129.144,111.880,28.527,115.247
129.414,107.832,28.527,115.247
128.818,103.478,29.158,117.797
125.785,101.547,29.158,117.797
117.786,105.132,29.158,117.797
119.165,107.615,29.158,117.797
113.925,107.339,29.158,117.797
110.891,104.305,29.158,117.797
108.960,102.374,29.158,117.797
108.133,99.340,29.158,117.797
110.063,95.755,29.158,117.797
114.200,91.066,29.158,117.797
118.889,92.997,29.158,117.797
118.062,94.927,29.158,117.797
121.647,100.168,29.158,117.797
125.785,103.753,29.158,117.797
129.922,104.581,29.158,117.797
132.956,100.995,29.158,117.797
133.783,97.961,29.158,117.797
131.852,93.824,29.158,117.797
130.473,93.548,29.158,117.797
131.852,97.134,29.158,117.797
137.644,100.719,29.158,117.797
141.782,105.408,29.158,117.797
139.851,107.891,29.158,117.797
141.782,109.270,29.158,117.797
141.745,107.108,29.803,120.403
139.208,104.007,29.803,120.403
139.490,105.980,29.803,120.403
142.027,109.081,29.803,120.403
143.437,112.182,29.803,120.403
147.102,114.720,29.803,120.403
143.437,118.385,29.803,120.403
142.591,122.049,29.803,120.403
142.309,125.714,29.803,120.403
138.080,128.252,29.803,120.403
134.415,130.789,29.803,120.403
132.442,128.252,29.803,120.403
127.086,130.789,29.803,120.403
126.804,133.326,29.803,120.403
125.394,136.991,29.803,120.403
126.240,137.273,29.803,120.403
123.703,135.299,29.803,120.403
122.293,130.507,29.803,120.403
120.320,125.150,29.803,120.403
120.038,120.922,29.803,120.403
117.501,113.874,29.803,120.403
113.836,109.645,29.803,120.403
112.426,112.182,29.803,120.403
112.144,115.847,29.803,120.403
111.298,117.257,29.803,120.403
108.197,116.975,29.803,120.403
109.043,117.821,29.803,120.403
109.889,113.592,29.803,120.403
110.171,109.363,29.803,120.403
107.070,104.007,29.803,120.403
101.713,99.214,29.803,120.403
98.049,94.986,29.803,120.403
100.586,96.395,29.803,120.403
107.634,99.496,29.803,120.403
109.607,100.342,29.803,120.403
114.963,101.752,29.803,120.403
119.756,99.214,29.803,120.403
118.346,97.805,29.803,120.403
117.501,99.778,29.803,120.403
118.346,97.805,29.803,120.403
117.501,100.342,29.803,120.403
119.474,105.135,29.803,120.403
119.756,109.927,29.803,120.403
123.421,113.592,29.803,120.403
124.830,115.002,29.803,120.403
126.240,113.592,29.803,120.403
131.032,112.182,29.803,120.403
131.878,114.720,29.803,120.403
132.160,116.693,29.803,120.403
130.751,118.103,29.803,120.403
131.596,121.204,29.803,120.403
132.442,124.305,29.803,120.403
134.979,122.895,29.803,120.403
135.527,123.026,30.462,123.067
136.391,120.432,30.462,123.067
136.103,123.602,30.462,123.067
137.544,124.466,30.462,123.067
133.222,124.755,30.462,123.067
124.865,129.653,30.462,123.067
119.967,135.128,30.462,123.067
120.831,138.298,30.462,123.067
119.391,137.433,30.462,123.067
119.102,134.264,30.462,123.067
119.967,129.941,30.462,123.067
116.797,127.924,30.462,123.067
114.780,126.483,30.462,123.067
117.373,122.737,30.462,123.067
118.814,124.755,30.462,123.067
113.993,124.290,31.136,125.790
110.164,122.817,31.136,125.790
110.459,120.756,31.136,125.790
109.575,121.050,31.136,125.790
108.691,118.989,31.136,125.790
106.630,120.461,31.136,125.790
104.568,123.701,31.136,125.790
102.506,126.352,31.136,125.790
106.335,128.413,31.136,125.790
108.397,130.475,31.136,125.790
109.870,131.948,31.136,125.790
112.520,128.708,31.136,125.790
115.171,127.235,31.136,125.790
113.698,129.297,31.136,125.790
109.280,126.646,31.136,125.790
106.630,127.530,31.136,125.790
109.870,130.770,31.136,125.790
112.520,133.420,31.136,125.790
112.815,136.071,31.136,125.790
110.753,133.420,31.136,125.790
109.280,130.770,31.136,125.790
106.041,132.242,31.136,125.790
104.568,133.126,31.136,125.790
108.986,132.242,31.136,125.790
109.280,132.537,31.136,125.790
106.630,134.598,31.136,125.790
105.746,139.016,31.136,125.790
106.630,137.544,31.136,125.790
105.157,134.304,31.136,125.790
103.684,131.064,31.136,125.790
101.034,127.824,31.136,125.790
96.616,123.995,31.136,125.790
92.198,123.701,31.136,125.790
