298.000,149.000,67.000,122.000
296.160,147.160,67.000,122.000
295.055,148.264,67.000,122.000
295.423,146.423,67.000,122.000
292.847,149.736,67.000,122.000
291.006,147.896,67.000,122.000
292.111,146.791,67.000,122.000
290.270,147.160,67.000,122.000
287.693,145.319,67.000,122.000
292.479,143.479,67.000,122.000
289.166,143.111,67.000,122.000
289.534,147.160,67.000,122.000
286.957,142.374,67.000,122.000
284.307,143.698,68.482,124.699
281.597,138.025,69.998,127.458
278.905,136.871,69.998,127.458
278.530,134.264,71.546,130.278
272.437,134.046,73.129,133.161
265.607,132.841,73.129,133.161
260.384,135.653,73.129,133.161
259.179,131.234,73.129,133.161
262.795,128.422,73.129,133.161
256.769,131.234,73.129,133.161
253.289,133.041,71.570,130.321
255.255,130.289,71.570,130.321
250.143,130.682,71.570,130.321
251.323,133.434,71.570,130.321
244.638,136.187,71.570,130.321
245.818,130.289,71.570,130.321
307.631,122.951,68.000,124.000
309.631,126.451,64.000,117.000
314.392,121.690,64.000,117.000
314.392,121.690,64.000,117.000
314.747,123.421,68.550,124.822
311.357,136.602,68.550,124.822
314.392,130.022,64.000,117.000
313.392,128.522,66.000,120.000
314.392,130.022,64.000,117.000
314.392,130.022,64.000,117.000
319.653,131.022,63.000,115.000
303.998,134.470,67.088,122.160
306.489,131.865,65.657,119.555
306.850,130.061,65.657,119.555
326.322,125.357,59.000,108.000
326.822,126.357,58.000,106.000
327.822,128.357,56.000,102.000
327.822,132.499,56.000,102.000
331.963,128.357,56.000,102.000
331.963,128.357,56.000,102.000
332.463,129.357,55.000,100.000
332.463,129.357,55.000,100.000
332.963,130.357,54.000,98.000
332.963,130.357,54.000,98.000
333.463,135.368,53.000,96.000
333.463,135.368,53.000,96.000
337.381,135.368,53.000,96.000
336.881,134.368,54.000,98.000
337.381,135.368,53.000,96.000
333.590,138.519,64.278,117.044
336.062,134.634,64.278,117.044
340.892,134.368,54.000,98.000
344.903,134.368,54.000,98.000
345.403,135.368,53.000,96.000
349.321,135.368,53.000,96.000
349.321,135.368,53.000,96.000
347.114,127.098,67.154,122.280
346.052,130.891,65.722,119.673
346.414,132.697,65.722,119.673
350.246,130.840,64.320,117.121
352.101,132.111,65.743,119.712
351.018,135.362,65.743,119.712
353.546,132.111,65.743,119.712
353.203,133.736,64.341,117.159
354.263,130.554,64.341,117.159
356.030,127.373,64.341,117.159
354.263,124.899,64.341,117.159
357.334,129.896,62.969,114.661
357.714,126.115,64.363,117.197
361.604,124.347,64.363,117.197
358.541,128.664,62.990,114.698
363.230,124.164,64.384,117.236
359.339,122.395,64.384,117.236
361.048,122.622,63.011,114.736
374.549,129.892,63.011,114.736
380.954,137.868,50.000,91.000
380.954,137.868,50.000,91.000
384.661,137.868,50.000,91.000
384.661,137.868,50.000,91.000
379.311,136.516,61.667,112.289
388.368,137.868,50.000,91.000
392.074,137.868,50.000,91.000
392.074,137.868,50.000,91.000
395.281,137.368,51.000,92.000
395.781,137.868,50.000,91.000
398.987,137.368,51.000,92.000
398.987,133.612,51.000,92.000
399.926,133.612,51.000,92.000
399.926,133.612,51.000,92.000
403.183,132.612,52.000,94.000
403.183,132.612,52.000,94.000
403.183,132.612,52.000,94.000
396.382,124.990,57.805,105.257
403.183,132.612,52.000,94.000
403.183,128.786,52.000,94.000
403.183,128.786,52.000,94.000
403.183,128.786,52.000,94.000
403.183,128.786,52.000,94.000
403.183,128.786,52.000,94.000
402.683,127.786,53.000,96.000
397.221,127.182,55.366,100.816
402.183,126.786,54.000,98.000
398.172,126.786,54.000,98.000
397.672,125.786,55.000,100.000
397.672,125.786,55.000,100.000
388.868,121.809,59.123,107.657
396.154,124.786,56.000,102.000
396.154,124.786,56.000,102.000
392.013,124.786,56.000,102.000
391.513,123.786,57.000,104.000
391.513,123.786,57.000,104.000
391.013,122.786,58.000,106.000
390.513,121.786,59.000,108.000
386.125,121.786,59.000,108.000
385.125,120.786,61.000,110.000
374.361,113.972,65.959,120.105
384.625,119.286,62.000,113.000
384.125,118.286,63.000,115.000
384.125,118.286,63.000,115.000
384.125,118.286,63.000,115.000
380.124,117.286,64.000,117.000
373.618,110.349,67.419,122.762
370.409,109.873,65.981,120.144
379.124,115.786,66.000,120.000
379.124,115.786,66.000,120.000
379.124,115.786,66.000,120.000
379.124,115.786,66.000,120.000
379.124,115.786,66.000,120.000
369.179,116.624,63.197,115.075
379.124,115.786,66.000,120.000
380.124,117.286,64.000,117.000
380.124,117.286,64.000,117.000
379.124,120.547,66.000,120.000
378.624,119.547,67.000,122.000
378.624,119.547,67.000,122.000
378.624,119.547,67.000,122.000
378.624,119.547,67.000,122.000
379.124,120.547,66.000,120.000
383.504,124.427,67.000,122.000
383.004,123.427,68.000,124.000
382.004,121.927,70.000,127.000
383.004,123.427,68.000,124.000
383.004,124.694,68.000,124.000
387.069,128.259,70.000,127.000
386.569,127.259,71.000,129.000
387.069,128.259,70.000,127.000
377.817,130.547,66.089,120.341
385.773,133.443,70.000,127.000
381.589,134.943,68.000,124.000
382.089,135.943,67.000,122.000
382.589,136.943,66.000,120.000
378.708,138.443,64.000,117.000
359.614,139.201,64.680,117.775
352.152,136.713,64.680,117.775
375.601,143.095,61.000,110.000
375.601,143.095,61.000,110.000
349.633,138.884,64.701,117.814
347.240,143.909,63.321,115.301
348.344,140.829,64.722,117.852
346.566,144.029,64.722,117.852
348.284,142.887,63.342,115.339
348.632,141.843,63.342,115.339
346.196,141.495,63.342,115.339
347.936,140.451,63.342,115.339
347.588,141.495,63.342,115.339
347.936,143.235,63.342,115.339
349.041,140.876,64.743,117.891
347.974,142.654,64.743,117.891
351.175,140.876,64.743,117.891
349.396,141.943,64.743,117.891
342.638,147.990,64.743,117.891
346.551,144.788,64.743,117.891
344.772,143.010,64.743,117.891
346.551,141.232,64.743,117.891
340.504,140.164,64.743,117.891
342.994,138.386,64.743,117.891
342.647,141.141,66.176,120.499
340.102,139.323,66.176,120.499
337.557,141.868,66.176,120.499
343.293,136.926,62.000,113.000
339.186,133.819,61.000,110.000
318.102,133.342,66.176,120.499
314.103,137.341,66.176,120.499
315.193,134.796,66.176,120.499
312.044,133.628,64.765,117.930
314.535,136.118,64.765,117.930
313.468,131.493,64.765,117.930
313.815,129.664,63.384,115.415
316.949,127.226,63.384,115.415
319.500,128.478,64.786,117.968
323.681,128.105,57.000,104.000
318.797,126.536,64.786,117.968
317.729,128.316,64.786,117.968
320.220,124.401,64.786,117.968
317.729,129.028,64.786,117.968
322.193,125.140,63.404,115.453
323.681,128.105,57.000,104.000
325.114,122.834,63.404,115.453
327.552,126.666,63.404,115.453
324.417,126.317,63.404,115.453
322.743,127.884,62.052,112.991
327.857,128.225,62.052,112.991
326.152,128.566,62.052,112.991
331.266,127.543,62.052,112.991
331.649,122.872,58.000,106.000
335.975,122.872,58.000,106.000
335.975,122.872,58.000,106.000
340.301,122.872,58.000,106.000
339.434,124.626,62.052,112.991
344.628,122.872,58.000,106.000
348.533,122.581,62.052,112.991
352.965,124.285,62.052,112.991
356.033,120.535,62.052,112.991
356.374,122.240,62.052,112.991
358.079,120.535,62.052,112.991
359.868,121.761,63.425,115.490
358.823,118.625,63.425,115.490
362.656,116.186,63.425,115.490
356.732,132.563,63.425,115.490
365.820,117.545,59.000,108.000
363.365,112.164,63.425,115.490
365.917,109.802,64.828,118.046
364.137,110.158,64.828,118.046
366.745,124.002,66.263,120.657
368.565,109.077,66.263,120.657
369.721,105.853,67.729,123.327
367.116,106.225,67.729,123.327
369.721,102.132,67.729,123.327
367.860,104.737,67.729,123.327
375.849,111.770,56.000,102.000
375.849,111.770,56.000,102.000
375.849,111.770,56.000,102.000
375.849,111.770,56.000,102.000
375.849,115.912,56.000,102.000
376.775,104.787,64.871,118.123
374.280,107.282,64.871,118.123
371.073,111.202,64.871,118.123
367.986,113.492,63.488,115.604
371.822,109.655,63.488,115.604
367.288,111.399,63.488,115.604
370.427,108.260,63.488,115.604
365.893,110.004,63.488,115.604
361.359,113.143,63.488,115.604
356.824,116.282,63.488,115.604
364.847,111.748,63.488,115.604
363.800,107.214,63.488,115.604
365.544,111.051,63.488,115.604
368.683,107.214,63.488,115.604
373.686,115.819,56.000,102.000
373.186,110.866,63.488,115.604
373.686,115.819,56.000,102.000
375.757,115.819,56.000,102.000
375.757,115.819,56.000,102.000
375.757,115.819,56.000,102.000
378.363,114.819,57.000,104.000
378.363,114.819,57.000,104.000
378.363,114.819,57.000,104.000
382.597,114.819,57.000,104.000
382.597,114.819,57.000,104.000
387.331,115.819,56.000,102.000
387.331,119.961,56.000,102.000
390.972,118.961,57.000,104.000
395.206,118.961,57.000,104.000
399.440,123.195,57.000,104.000
403.174,122.195,58.000,106.000
407.000,121.195,59.000,108.000
406.000,124.582,61.000,110.000
406.000,121.210,61.000,110.000
405.500,119.710,62.000,113.000
405.000,118.710,63.000,115.000
399.831,117.710,64.000,117.000
398.831,116.210,66.000,120.000
393.951,116.210,66.000,120.000
393.951,111.330,66.000,120.000
389.070,111.330,66.000,120.000
384.190,111.330,66.000,120.000
379.309,111.330,66.000,120.000
374.429,111.330,66.000,120.000
369.048,115.210,67.000,122.000
364.075,115.210,67.000,122.000
359.103,115.210,67.000,122.000
353.630,119.183,68.000,124.000
348.564,119.183,68.000,124.000
343.499,119.183,68.000,124.000
338.434,119.183,68.000,124.000
333.369,119.183,68.000,124.000
328.303,119.183,68.000,124.000
328.303,114.118,68.000,124.000
323.238,114.118,68.000,124.000
325.972,104.201,69.341,126.262
319.939,110.053,67.000,122.000
324.640,101.306,70.875,129.056
324.250,98.580,70.875,129.056
319.967,94.297,70.875,129.056
311.790,97.023,70.875,129.056
313.026,103.271,72.443,131.911
310.160,98.921,74.046,134.830
313.008,103.396,74.046,134.830
308.401,112.618,70.000,127.000
308.401,112.618,70.000,127.000
308.401,112.618,70.000,127.000
308.401,112.618,70.000,127.000
308.401,112.618,70.000,127.000
308.401,112.618,70.000,127.000
308.401,107.434,70.000,127.000
308.401,107.434,70.000,127.000
313.086,101.249,71.000,129.000
313.086,101.249,71.000,129.000
313.086,95.972,71.000,129.000
313.086,90.695,71.000,129.000
313.086,90.695,71.000,129.000
313.086,85.418,71.000,129.000
313.086,85.418,71.000,129.000
327.047,77.070,74.167,135.051
322.565,81.553,74.167,135.051
326.891,74.745,72.586,132.171
324.099,73.549,72.586,132.171
318.915,77.935,72.586,132.171
320.842,75.885,71.038,129.352
322.013,75.495,71.038,129.352
316.939,82.130,71.038,129.352
322.013,78.617,71.038,129.352
318.500,82.130,71.038,129.352
317.330,78.617,71.038,129.352
312.900,80.021,72.610,132.214
312.501,76.430,72.610,132.214
280.815,80.454,79.000,143.000
280.815,80.454,79.000,143.000
280.315,78.954,80.000,146.000
280.315,73.019,80.000,146.000
280.315,73.019,80.000,146.000
280.315,67.084,80.000,146.000
280.315,67.084,80.000,146.000
280.315,67.084,80.000,146.000
276.433,65.202,66.611,121.292
270.212,67.032,66.611,121.292
263.258,70.325,66.611,121.292
288.234,68.584,79.000,143.000
294.065,68.584,79.000,143.000
294.065,74.415,79.000,143.000
294.065,74.415,79.000,143.000
294.065,80.246,79.000,143.000
294.065,80.246,79.000,143.000
294.065,80.246,79.000,143.000
294.065,80.246,79.000,143.000
294.065,74.415,79.000,143.000
293.565,72.915,80.000,146.000
293.565,66.980,80.000,146.000
293.565,66.980,80.000,146.000
293.565,66.980,80.000,146.000
293.565,61.045,80.000,146.000
293.565,61.045,80.000,146.000
293.565,61.045,80.000,146.000
293.565,61.045,80.000,146.000
292.565,59.545,82.000,149.000
292.565,59.545,82.000,149.000
289.522,59.545,82.000,149.000
