162.000,188.000,34.000,84.000
161.319,187.319,34.000,84.000
161.546,188.000,34.000,84.000
159.957,188.681,34.000,84.000
161.092,188.000,34.000,84.000
160.411,187.773,34.000,84.000
161.092,187.546,34.000,84.000
159.957,188.227,34.000,84.000
160.184,189.362,34.000,84.000
158.595,188.227,34.000,84.000
159.730,188.908,34.000,84.000
157.687,187.773,34.000,84.000
160.184,188.908,34.000,84.000
159.503,188.227,34.000,84.000
159.276,188.908,34.000,84.000
161.773,189.135,34.000,84.000
160.184,190.724,34.000,84.000
158.595,189.135,34.000,84.000
160.184,192.540,34.000,84.000
158.577,194.092,33.275,82.209
160.431,195.183,32.565,80.456
159.779,195.400,32.565,80.456
160.431,195.618,32.565,80.456
160.569,197.104,31.871,78.740
159.930,195.615,31.871,78.740
162.271,196.679,31.871,78.740
161.633,194.764,31.871,78.740
164.639,194.578,31.191,77.061
167.763,194.786,31.191,77.061
168.804,194.578,31.191,77.061
168.596,194.370,31.191,77.061
167.971,192.495,31.191,77.061
166.097,191.037,31.191,77.061
165.472,192.079,31.191,77.061
166.513,193.120,31.191,77.061
166.305,194.161,31.191,77.061
164.847,195.203,31.191,77.061
164.222,193.328,31.191,77.061
161.931,193.953,31.191,77.061
159.224,194.578,31.191,77.061
158.183,195.619,31.191,77.061
161.307,194.578,31.191,77.061
162.348,193.953,31.191,77.061
164.222,195.411,31.191,77.061
163.181,194.786,31.191,77.061
163.806,194.994,31.191,77.061
161.098,195.619,31.191,77.061
157.975,196.244,31.191,77.061
158.183,194.370,31.191,77.061
156.309,194.994,31.191,77.061
154.434,194.786,31.191,77.061
152.976,194.578,31.191,77.061
153.601,193.953,31.191,77.061
152.976,195.827,31.191,77.061
150.686,196.869,31.191,77.061
152.976,194.578,31.191,77.061
150.687,194.374,31.881,78.766
151.751,194.586,31.881,78.766
150.687,193.522,31.881,78.766
148.788,191.546,32.587,80.508
147.299,190.882,33.308,82.290
145.298,189.325,33.308,82.290
145.075,191.771,33.308,82.290
143.092,191.092,34.045,84.110
140.591,191.319,34.045,84.110
138.092,191.096,34.798,85.971
136.930,190.399,34.798,85.971
139.021,191.561,34.798,85.971
139.718,191.328,34.798,85.971
139.486,191.096,34.798,85.971
140.648,191.793,34.798,85.971
140.880,192.025,34.798,85.971
142.971,190.864,34.798,85.971
145.527,189.702,34.798,85.971
148.547,191.793,34.798,85.971
152.032,192.490,34.798,85.971
150.871,191.328,34.798,85.971
152.962,192.490,34.798,85.971
155.053,193.652,34.798,85.971
158.283,190.049,35.568,87.873
160.421,192.661,35.568,87.873
164.933,190.524,35.568,87.873
168.970,192.661,35.568,87.873
172.532,190.049,35.568,87.873
176.569,191.236,35.568,87.873
180.606,188.149,35.568,87.873
184.644,189.337,35.568,87.873
187.256,189.574,35.568,87.873
187.968,190.286,35.568,87.873
187.731,189.099,35.568,87.873
188.076,186.402,36.355,89.817
190.261,188.101,36.355,89.817
192.629,185.345,37.159,91.805
194.366,187.578,37.159,91.805
196.102,189.315,37.159,91.805
194.366,189.563,37.159,91.805
196.599,190.307,37.159,91.805
193.870,189.563,37.159,91.805
195.606,188.322,37.159,91.805
198.832,187.578,37.159,91.805
196.599,186.834,37.159,91.805
195.799,187.095,36.367,89.847
196.528,187.338,36.367,89.847
194.866,184.581,37.171,91.835
196.603,185.325,37.171,91.835
195.858,184.581,37.171,91.835
198.589,187.311,37.171,91.835
197.348,186.566,37.171,91.835
199.581,185.325,37.171,91.835
199.829,184.084,37.171,91.835
203.281,181.266,37.994,93.867
203.534,179.997,37.994,93.867
205.817,181.266,37.994,93.867
205.056,179.997,37.994,93.867
208.057,177.643,38.834,95.943
210.391,175.828,38.834,95.943
211.845,175.036,39.693,98.066
211.579,173.711,39.693,98.066
213.965,171.325,39.693,98.066
215.290,170.530,39.693,98.066
217.145,170.265,39.693,98.066
217.410,170.530,39.693,98.066
219.265,168.675,39.693,98.066
217.940,168.940,39.693,98.066
217.145,169.735,39.693,98.066
219.000,168.410,39.693,98.066
218.205,168.675,39.693,98.066
217.940,168.940,39.693,98.066
217.145,168.675,39.693,98.066
215.820,168.410,39.693,98.066
216.756,166.500,40.572,100.236
217.568,166.229,40.572,100.236
217.297,167.042,40.572,100.236
217.568,166.771,40.572,100.236
217.839,166.500,40.572,100.236
219.358,163.986,41.469,102.454
219.081,166.478,41.469,102.454
220.633,163.334,42.387,104.720
221.482,164.183,42.387,104.720
221.894,161.556,43.325,107.037
222.762,161.267,43.325,107.037
219.580,163.292,43.325,107.037
219.290,163.581,43.325,107.037
219.580,162.135,43.325,107.037
218.133,163.581,43.325,107.037
218.423,162.714,43.325,107.037
217.555,163.003,43.325,107.037
219.580,163.292,43.325,107.037
218.712,162.424,43.325,107.037
221.315,162.714,43.325,107.037
218.712,161.846,43.325,107.037
218.423,160.399,43.325,107.037
217.555,163.581,43.325,107.037
218.423,161.556,43.325,107.037
222.183,162.424,43.325,107.037
225.005,163.341,44.283,109.406
226.049,163.051,45.263,111.826
227.560,163.958,45.263,111.826
230.280,160.633,45.263,111.826
230.582,162.144,45.263,111.826
233.302,160.633,45.263,111.826
236.626,157.913,45.263,111.826
238.948,154.481,46.264,114.300
243.581,153.555,46.264,114.300
240.183,155.717,46.264,114.300
242.556,151.568,47.288,116.829
246.029,151.253,47.288,116.829
242.556,149.042,47.288,116.829
245.397,144.938,47.288,116.829
243.187,147.148,47.288,116.829
247.923,145.569,47.288,116.829
245.107,147.225,48.334,119.414
246.916,147.578,49.404,122.056
240.552,149.308,50.497,124.757
244.935,147.622,50.497,124.757
244.598,150.657,50.497,124.757
246.283,148.297,50.497,124.757
249.992,147.285,50.497,124.757
257.072,146.274,50.497,124.757
262.804,145.262,50.497,124.757
267.861,148.971,50.497,124.757
272.919,152.005,50.497,124.757
277.302,146.948,50.497,124.757
280.336,147.959,50.497,124.757
287.049,152.214,49.420,122.096
292.658,147.925,49.420,122.096
300.247,150.894,49.420,122.096
306.517,148.585,49.420,122.096
312.450,151.477,48.366,119.492
315.357,147.925,48.366,119.492
312.450,146.310,48.366,119.492
317.012,149.140,47.335,116.944
321.121,145.664,47.335,116.944
326.494,147.244,47.335,116.944
333.763,146.296,47.335,116.944
338.503,146.612,47.335,116.944
341.980,145.664,47.335,116.944
342.928,146.612,47.335,116.944
346.404,144.400,47.335,116.944
352.088,148.388,46.325,114.450
353.016,145.604,46.325,114.450
357.036,147.151,46.325,114.450
362.295,149.935,46.325,114.450
363.223,145.295,46.325,114.450
366.625,147.460,46.325,114.450
370.027,147.151,46.325,114.450
373.429,144.367,46.325,114.450
376.832,146.532,46.325,114.450
379.615,145.604,46.325,114.450
383.636,147.151,46.325,114.450
387.410,146.284,45.337,112.010
392.853,146.603,44.370,109.621
398.482,148.085,44.370,109.621
398.098,150.110,43.424,107.283
401.868,149.820,43.424,107.283
405.057,150.690,43.424,107.283
404.187,146.921,43.424,107.283
408.536,146.631,43.424,107.283
411.725,147.501,43.424,107.283
414.335,147.791,43.424,107.283
415.784,148.081,43.424,107.283
415.494,147.211,43.424,107.283
416.364,147.501,43.424,107.283
416.654,147.211,43.424,107.283
415.784,146.921,43.424,107.283
417.814,144.312,43.424,107.283
419.843,145.181,43.424,107.283
423.380,144.369,42.498,104.995
428.204,143.518,42.498,104.995
430.191,141.532,42.498,104.995
427.069,142.383,42.498,104.995
424.514,144.870,41.592,102.756
422.548,146.769,40.705,100.565
420.101,147.055,39.837,98.420
417.706,146.823,38.987,96.322
415.863,147.599,38.156,94.268
413.570,146.325,38.156,94.268
411.278,146.580,38.156,94.268
408.475,147.853,38.156,94.268
405.199,146.158,37.342,92.257
398.966,148.900,37.342,92.257
396.240,151.566,36.546,90.290
392.580,153.274,36.546,90.290
357.386,133.753,45.000,111.000
358.919,132.753,46.000,113.000
360.988,132.753,46.000,113.000
363.056,132.753,46.000,113.000
363.056,130.684,46.000,113.000
367.193,126.547,46.000,113.000
367.193,126.547,46.000,113.000
367.193,126.547,46.000,113.000
371.330,126.547,46.000,113.000
371.830,123.410,45.000,111.000
371.830,123.410,45.000,111.000
375.896,123.410,45.000,111.000
375.896,123.410,45.000,111.000
380.462,124.410,44.000,109.000
367.213,157.004,35.767,88.364
363.153,159.631,35.767,88.364
361.481,161.303,35.767,88.364
358.377,162.497,35.767,88.364
383.929,164.168,35.767,88.364
385.268,160.961,36.558,90.319
372.961,161.735,37.367,92.318
366.077,163.043,38.193,94.360
410.367,159.618,39.038,96.448
414.798,156.751,39.038,96.448
411.391,155.413,39.902,98.582
408.993,154.614,39.902,98.582
412.457,151.151,39.902,98.582
425.511,148.220,39.902,98.582
428.975,146.888,39.902,98.582
432.438,144.490,39.902,98.582
433.237,142.625,39.902,98.582
470.270,164.738,39.902,98.582
457.943,158.396,40.785,100.763
453.858,148.320,40.785,100.763
455.764,147.503,40.785,100.763
455.492,145.597,40.785,100.763
453.586,144.235,40.785,100.763
442.421,147.775,40.785,100.763
436.702,146.959,40.785,100.763
429.894,148.320,40.785,100.763
431.642,149.657,39.915,98.614
429.243,149.390,39.915,98.614
423.646,146.459,39.915,98.614
419.116,147.258,39.915,98.614
416.716,145.998,39.064,96.511
414.368,146.259,39.064,96.511
410.978,143.911,39.064,96.511
407.065,147.302,39.064,96.511
404.718,148.085,39.064,96.511
402.892,149.910,39.064,96.511
400.023,153.823,39.064,96.511
393.503,157.735,39.064,96.511
390.112,154.866,39.064,96.511
385.678,153.040,39.064,96.511
384.374,154.344,39.064,96.511
378.897,151.997,39.064,96.511
373.531,153.780,38.231,94.453
367.150,151.993,38.231,94.453
359.237,154.291,38.231,94.453
353.985,153.576,37.416,92.439
343.743,156.823,37.416,92.439
339.996,156.573,37.416,92.439
333.251,158.322,37.416,92.439
328.005,156.573,37.416,92.439
318.531,157.318,36.618,90.468
314.375,157.563,36.618,90.468
309.730,159.274,36.618,90.468
303.757,158.589,35.837,88.538
299.141,153.390,36.630,90.497
293.516,155.102,36.630,90.497
288.380,160.237,36.630,90.497
285.200,158.526,36.630,90.497
277.130,154.857,36.630,90.497
274.439,156.569,36.630,90.497
258.542,162.683,36.630,90.497
233.352,147.275,36.630,90.497
230.172,144.096,36.630,90.497
227.971,145.319,36.630,90.497
224.775,145.586,37.440,92.500
222.525,147.336,37.440,92.500
220.775,150.586,37.440,92.500
218.025,146.336,37.440,92.500
216.275,143.587,37.440,92.500
212.526,137.337,37.440,92.500
210.776,139.587,37.440,92.500
214.026,140.837,37.440,92.500
211.276,139.587,37.440,92.500
212.526,134.837,37.440,92.500
208.776,139.087,37.440,92.500
206.026,149.836,37.440,92.500
200.402,159.255,36.642,90.527
191.124,163.286,35.860,88.596
187.122,161.692,35.096,86.707
182.302,166.005,34.347,84.858
178.862,163.023,34.347,84.858
174.963,159.583,34.347,84.858
171.064,157.061,34.347,84.858
168.083,157.290,34.347,84.858
164.643,154.767,34.347,84.858
166.248,158.207,34.347,84.858
162.350,156.602,34.347,84.858
165.790,159.583,34.347,84.858
162.350,156.143,34.347,84.858
165.148,161.248,33.615,83.048
162.230,158.779,33.615,83.048
160.210,162.146,33.615,83.048
157.741,159.677,33.615,83.048
158.863,162.146,33.615,83.048
155.946,163.268,33.615,83.048
153.477,163.492,33.615,83.048
150.559,160.126,33.615,83.048
148.090,161.248,33.615,83.048
143.760,155.905,34.359,84.886
141.236,157.052,34.359,84.886
138.254,157.740,34.359,84.886
134.813,158.887,34.359,84.886
131.863,161.340,33.626,83.076
128.046,161.565,33.626,83.076
125.591,160.936,32.909,81.304
122.296,157.640,32.909,81.304
118.512,174.750,33.637,83.103
114.694,162.397,33.637,83.103
111.325,159.478,33.637,83.103
102.117,160.152,33.637,83.103
99.198,162.173,33.637,83.103
96.278,162.397,33.637,83.103
88.417,158.579,33.637,83.103
85.498,156.109,33.637,83.103
82.610,160.242,32.920,81.331
80.192,160.902,32.920,81.331
76.016,157.605,32.920,81.331
72.279,159.143,32.920,81.331
68.181,161.070,32.218,79.596
60.853,163.370,31.530,77.899
58.117,165.264,31.530,77.899
54.959,162.949,31.530,77.899
46.327,165.685,31.530,77.899
38.959,166.317,31.530,77.899
37.064,167.791,31.530,77.899
34.328,170.948,31.530,77.899
24.150,169.868,32.228,79.622
15.328,168.792,32.228,79.622
13.391,167.286,32.228,79.622
8.872,165.349,32.228,79.622
4.446,168.480,31.541,77.924
-1.661,166.585,31.541,77.924
-5.242,163.847,31.541,77.924
-7.979,162.373,31.541,77.924
-7.347,163.005,31.541,77.924
8.447,162.373,31.541,77.924
6.130,160.899,31.541,77.924
9.710,145.104,31.541,77.924
4.867,159.214,31.541,77.924
0.866,164.057,31.541,77.924
-8.744,162.250,30.868,76.263
32.270,139.373,30.868,76.263
74.908,138.315,31.551,77.950
