450.000,91.000,31.000,37.000
446.850,97.195,30.339,36.211
439.914,102.561,30.339,36.211
437.427,105.047,30.339,36.211
431.014,107.796,30.339,36.211
425.387,110.282,30.339,36.211
422.377,112.246,30.339,36.211
416.749,113.423,30.339,36.211
415.432,114.693,29.692,35.439
410.440,113.712,29.059,34.683
406.280,115.653,28.439,33.943
405.282,118.025,27.833,33.220
404.202,119.586,27.833,33.220
402.401,121.627,27.833,33.220
401.425,124.180,27.239,32.511
399.427,128.058,27.239,32.511
398.135,129.350,27.239,32.511
396.607,134.168,27.239,32.511
395.878,138.025,26.658,31.818
396.896,139.940,27.248,32.522
395.603,144.760,27.248,32.522
397.601,149.109,27.248,32.522
397.013,154.398,27.248,32.522
393.175,151.721,27.851,33.241
390.892,154.244,27.851,33.241
390.051,152.923,27.851,33.241
389.210,147.756,27.851,33.241
387.408,143.071,27.851,33.241
385.126,142.470,27.851,33.241
380.921,140.428,27.851,33.241
379.712,140.203,27.257,32.532
381.711,140.086,27.257,32.532
380.653,139.968,27.257,32.532
378.654,141.261,27.257,32.532
376.890,143.731,27.257,32.532
378.419,144.789,27.257,32.532
380.182,144.436,27.257,32.532
377.008,147.376,27.257,32.532
377.125,149.139,27.257,32.532
371.834,150.433,27.257,32.532
376.890,148.434,27.257,32.532
378.654,149.492,27.257,32.532
379.242,150.785,27.257,32.532
376.302,149.492,27.257,32.532
374.303,150.080,27.257,32.532
374.656,151.373,27.257,32.532
373.833,150.550,27.257,32.532
374.891,149.962,27.257,32.532
373.833,151.256,27.257,32.532
374.421,152.079,27.257,32.532
375.479,156.429,27.257,32.532
377.478,154.901,27.257,32.532
380.182,155.959,27.257,32.532
379.226,162.312,26.676,31.839
382.333,167.030,26.676,31.839
380.607,165.995,26.676,31.839
379.572,166.570,26.676,31.839
384.404,171.013,26.107,31.160
385.868,169.775,26.107,31.160
390.260,166.959,26.107,31.160
385.868,167.973,26.107,31.160
383.432,168.848,25.550,30.495
383.174,169.917,25.005,29.845
383.497,169.161,25.005,29.845
384.252,168.622,25.005,29.845
385.439,170.240,25.005,29.845
386.625,175.094,25.005,29.845
387.165,176.065,25.005,29.845
388.567,174.663,25.005,29.845
389.538,179.085,25.005,29.845
386.841,183.939,25.005,29.845
388.243,183.400,25.005,29.845
388.135,183.724,25.005,29.845
387.466,184.978,24.472,29.208
391.467,184.983,25.013,29.855
391.791,184.228,25.013,29.855
388.014,184.336,25.013,29.855
385.964,185.307,25.013,29.855
387.151,185.630,25.013,29.855
385.964,184.228,25.013,29.855
385.425,185.415,25.013,29.855
384.022,187.465,25.013,29.855
383.482,188.436,25.013,29.855
385.101,187.033,25.013,29.855
387.367,185.846,25.013,29.855
387.259,187.249,25.013,29.855
385.856,188.652,25.013,29.855
385.964,190.486,25.013,29.855
384.993,192.752,25.013,29.855
385.317,191.781,25.013,29.855
383.914,192.320,25.013,29.855
383.806,193.723,25.013,29.855
383.051,193.615,25.013,29.855
381.864,192.860,25.013,29.855
380.570,194.738,24.480,29.218
379.831,194.210,24.480,29.218
378.247,193.893,24.480,29.218
376.981,194.714,23.958,28.595
378.532,195.231,23.958,28.595
377.094,195.436,23.447,27.985
375.981,196.346,23.447,27.985
375.071,195.638,23.447,27.985
373.958,197.358,23.447,27.985
372.643,196.650,23.447,27.985
374.160,195.537,23.447,27.985
372.845,196.852,23.447,27.985
371.328,197.762,23.447,27.985
370.418,197.257,23.447,27.985
369.508,196.144,23.447,27.985
367.788,194.627,23.447,27.985
369.103,194.323,23.447,27.985
368.866,193.549,22.947,27.388
367.183,193.054,22.947,27.388
365.698,193.153,22.947,27.388
365.599,194.242,22.947,27.388
364.906,193.549,22.947,27.388
364.015,193.450,22.947,27.388
364.906,193.549,22.947,27.388
364.292,193.364,22.458,26.804
363.420,192.686,22.458,26.804
362.742,190.652,22.458,26.804
363.226,189.780,22.458,26.804
362.548,189.295,22.458,26.804
362.064,188.424,22.458,26.804
360.805,188.714,22.458,26.804
359.351,186.874,22.458,26.804
358.479,186.195,22.458,26.804
354.701,187.067,22.458,26.804
350.342,185.808,22.458,26.804
349.664,181.836,22.458,26.804
348.017,182.514,22.458,26.804
351.601,178.155,22.458,26.804
350.342,175.926,22.458,26.804
349.470,177.379,22.458,26.804
350.536,176.701,22.458,26.804
351.795,174.279,22.458,26.804
352.086,175.151,22.458,26.804
353.151,174.667,22.458,26.804
351.698,173.214,22.458,26.804
352.376,172.729,22.458,26.804
347.629,168.757,22.458,26.804
333.776,194.624,22.458,26.804
333.291,196.077,22.458,26.804
359.879,168.944,22.955,27.397
350.670,181.718,22.955,27.397
324.430,167.162,22.955,27.397
338.392,156.566,22.955,27.397
311.953,147.753,22.955,27.397
303.140,157.557,22.955,27.397
286.009,139.238,22.955,27.397
309.279,124.681,22.955,27.397
286.009,104.382,22.955,27.397
386.070,62.357,28.000,33.000
363.654,89.730,22.955,27.397
342.562,116.169,22.955,27.397
331.967,109.138,22.955,27.397
331.868,107.851,22.955,27.397
393.886,46.706,27.000,32.000
386.879,44.259,27.000,33.000
382.381,42.916,22.955,27.397
375.152,41.431,22.955,27.397
377.628,24.696,22.955,27.397
364.656,-1.742,22.955,27.397
358.022,-3.426,22.955,27.397
362.874,-0.356,22.955,27.397
361.190,-1.049,22.955,27.397
363.666,-2.336,22.955,27.397
364.557,-3.822,22.955,27.397
364.656,-2.336,22.955,27.397
365.349,-4.416,22.955,27.397
365.646,-2.733,22.955,27.397
339.406,0.139,22.955,27.397
337.524,0.040,22.955,27.397
336.435,-0.257,22.955,27.397
340.297,-0.356,22.955,27.397
343.763,-0.851,22.955,27.397
347.625,0.040,22.955,27.397
351.684,0.337,22.955,27.397
350.506,0.342,23.462,28.003
349.301,0.347,23.981,28.623
348.991,-0.377,23.981,28.623
349.715,-0.687,23.981,28.623
350.439,-1.411,23.981,28.623
351.784,-2.549,23.981,28.623
355.612,-0.584,23.981,28.623
370.612,26.831,23.981,28.623
369.681,26.521,23.981,28.623
373.302,31.383,23.981,28.623
372.164,28.797,23.981,28.623
357.108,17.323,26.000,31.000
367.997,24.874,23.981,28.623
369.963,26.012,23.981,28.623
371.514,27.150,23.981,28.623
372.032,28.701,23.981,28.623
372.963,29.425,23.981,28.623
371.618,27.046,23.981,28.623
370.480,25.908,23.981,28.623
374.928,31.184,23.981,28.623
376.687,33.150,23.981,28.623
376.377,33.253,23.981,28.623
377.928,32.736,23.981,28.623
376.583,31.598,23.981,28.623
375.239,30.460,23.981,28.623
377.411,31.184,23.981,28.623
378.135,31.494,23.981,28.623
376.997,30.357,23.981,28.623
376.480,29.012,23.981,28.623
376.997,29.529,23.981,28.623
376.894,28.391,23.981,28.623
376.997,27.874,23.981,28.623
376.687,27.150,23.981,28.623
377.411,27.667,23.981,28.623
377.101,26.115,23.981,28.623
376.377,25.391,23.981,28.623
375.859,24.046,23.981,28.623
375.342,22.908,23.981,28.623
375.652,21.770,23.981,28.623
376.377,20.839,23.981,28.623
377.308,19.701,23.981,28.623
375.963,18.563,23.981,28.623
376.066,17.011,23.981,28.623
375.342,16.908,23.981,28.623
374.825,15.977,23.981,28.623
374.101,14.839,23.981,28.623
375.016,11.624,24.512,29.256
374.487,10.673,24.512,29.256
373.536,8.875,24.512,29.256
373.218,6.866,24.512,29.256
372.055,6.126,24.512,29.256
371.315,4.540,24.512,29.256
370.786,4.645,24.512,29.256
372.161,3.059,24.512,29.256
372.901,1.262,24.512,29.256
371.950,0.310,24.512,29.256
373.324,0.096,25.054,29.904
372.038,-0.571,25.609,30.565
401.533,28.925,25.609,30.565
401.644,30.582,25.609,30.565
402.417,29.587,25.609,30.565
402.969,28.814,25.609,30.565
403.964,27.157,25.609,30.565
402.749,25.279,25.609,30.565
402.417,23.180,25.609,30.565
401.644,20.639,25.609,30.565
401.091,19.645,25.609,30.565
402.086,18.872,25.609,30.565
401.975,17.215,25.609,30.565
400.981,16.220,25.609,30.565
400.650,13.901,25.609,30.565
401.865,12.023,25.609,30.565
401.533,11.249,25.609,30.565
401.865,10.034,25.609,30.565
400.650,5.505,25.609,30.565
399.434,5.394,25.609,30.565
399.987,4.400,25.609,30.565
400.981,4.511,25.609,30.565
401.533,3.516,25.609,30.565
400.760,1.859,25.609,30.565
401.754,2.191,25.609,30.565
401.202,1.417,25.609,30.565
401.091,0.644,25.609,30.565
401.610,-0.496,26.175,31.242
401.438,-2.599,26.754,31.933
406.770,29.018,27.346,32.639
420.100,34.799,27.346,32.639
411.725,37.040,27.346,32.639
422.136,38.866,26.763,31.943
434.027,37.596,26.763,31.943
445.919,37.250,26.763,31.943
454.808,38.520,26.763,31.943
463.467,39.790,26.763,31.943
472.394,41.712,27.355,32.650
480.065,46.551,27.355,32.650
484.195,49.265,27.355,32.650
489.505,53.631,27.355,32.650
495.996,59.649,27.355,32.650
493.753,61.891,27.355,32.650
494.815,63.898,27.355,32.650
497.530,69.680,27.355,32.650
498.329,78.501,27.961,33.372
500.379,87.788,27.961,33.372
501.447,96.304,28.579,34.111
505.351,101.939,29.212,34.865
508.502,111.894,29.212,34.865
510.140,124.369,29.212,34.865
508.502,137.096,29.212,34.865
510.635,144.391,28.589,34.122
512.732,153.887,28.589,34.122
514.581,153.517,28.589,34.122
516.432,154.475,27.979,33.394
517.518,153.389,27.979,33.394
519.087,153.268,27.979,33.394
519.690,152.665,27.979,33.394
524.398,151.820,27.979,33.394
526.208,150.492,27.979,33.394
524.156,148.923,27.979,33.394
523.553,144.458,27.979,33.394
525.122,142.889,27.979,33.394
526.691,143.492,27.979,33.394
528.501,141.682,27.979,33.394
529.587,142.044,27.979,33.394
530.655,139.796,28.598,34.133
532.003,139.546,29.231,34.888
532.886,139.168,29.231,34.888
533.516,138.538,29.231,34.888
533.138,139.168,29.231,34.888
535.534,137.529,29.231,34.888
417.585,-16.935,31.000,37.000
416.313,14.497,29.231,34.888
415.682,16.136,29.231,34.888
418.944,-15.123,31.000,37.000
415.654,16.561,29.231,34.888
418.944,-13.811,31.000,38.000
415.402,18.373,29.231,34.888
414.771,20.768,29.231,34.888
418.444,-10.149,32.000,38.000
415.150,22.792,29.231,34.888
414.015,24.935,29.231,34.888
414.141,26.827,29.231,34.888
414.519,28.466,29.231,34.888
416.646,-0.971,31.000,37.000
416.646,0.840,31.000,37.000
416.646,2.652,31.000,37.000
416.646,4.464,31.000,37.000
412.852,33.626,29.231,34.888
416.646,8.992,31.000,37.000
412.852,40.172,29.231,34.888
412.978,42.316,29.231,34.888
411.591,44.711,29.231,34.888
411.717,46.603,29.231,34.888
411.339,48.242,29.231,34.888
411.717,50.638,29.231,34.888
410.582,53.034,29.231,34.888
409.699,56.186,29.231,34.888
409.321,59.591,29.231,34.888
410.456,61.734,29.231,34.888
409.573,65.643,29.231,34.888
409.195,67.535,29.231,34.888
409.573,70.939,29.231,34.888
407.934,75.353,29.231,34.888
409.321,78.253,29.231,34.888
410.204,81.910,29.231,34.888
411.086,84.558,29.231,34.888
409.699,87.458,29.231,34.888
408.722,92.174,29.877,35.660
409.882,94.881,29.877,35.660
443.369,93.397,29.240,34.900
466.452,94.533,29.240,34.900
464.427,96.895,29.887,35.672
463.876,99.388,29.250,34.911
464.002,101.785,29.250,34.911
463.949,103.982,28.626,34.167
461.356,109.786,28.626,34.167
459.998,112.379,28.626,34.167
468.271,117.936,28.626,34.167
465.431,116.577,28.626,34.167
463.579,117.195,28.626,34.167
460.492,122.011,28.626,34.167
461.356,124.604,28.626,34.167
474.075,157.575,28.626,34.167
475.928,163.873,28.626,34.167
485.636,164.118,28.016,33.438
491.558,164.723,28.016,33.438
488.615,155.701,28.636,34.178
472.432,135.072,28.636,34.178
473.525,133.540,29.269,34.934
476.682,133.667,29.269,34.934
479.586,132.783,29.269,34.934
482.742,131.899,29.269,34.934
487.162,133.035,29.269,34.934
492.843,133.919,29.269,34.934
498.632,135.874,28.645,34.189
503.698,137.727,28.645,34.189
509.840,144.166,28.034,33.460
516.733,147.915,28.034,33.460
523.384,151.906,28.034,33.460
530.519,153.962,28.034,33.460
538.864,155.534,28.034,33.460
547.450,156.138,28.034,33.460
556.957,155.912,27.436,32.746
566.781,155.084,27.436,32.746
575.657,153.782,27.436,32.746
585.007,152.717,27.436,32.746
598.618,150.941,27.436,32.746
608.379,153.686,26.851,32.048
613.466,155.479,26.279,31.365
636.251,156.953,26.279,31.365
647.348,158.708,25.718,30.696
658.776,164.366,25.718,30.696
668.428,169.136,25.718,30.696
681.186,177.013,25.718,30.696
693.330,182.580,25.170,30.041
706.052,177.982,24.633,29.401
706.371,172.138,24.633,29.401
706.052,161.193,24.633,29.401
693.832,149.610,24.633,29.401
692.238,145.891,24.633,29.401
693.194,145.572,24.633,29.401
693.300,142.916,24.633,29.401
664.929,171.288,24.633,29.401
677.361,170.544,24.633,29.401
685.543,168.525,24.633,29.401
693.513,166.718,24.633,29.401
697.657,167.462,24.633,29.401
701.801,169.269,24.633,29.401
702.970,173.625,24.633,29.401
701.589,175.219,24.633,29.401
701.058,179.364,24.633,29.401
