164.000,121.000,27.000,24.000
163.498,120.298,27.000,24.000
164.602,120.599,27.000,24.000
165.305,119.695,27.000,24.000
165.204,119.796,27.000,24.000
165.505,119.896,27.000,24.000
165.696,120.442,26.424,23.488
166.580,120.540,26.424,23.488
166.679,120.835,26.424,23.488
167.366,119.951,26.424,23.488
166.679,120.442,26.424,23.488
167.366,121.326,26.424,23.488
167.464,121.032,26.424,23.488
167.955,121.130,26.424,23.488
168.142,122.421,25.861,22.987
169.200,120.980,25.861,22.987
169.488,121.845,25.861,22.987
170.161,121.364,25.861,22.987
169.872,121.076,25.861,22.987
169.776,120.403,25.861,22.987
170.065,120.884,25.861,22.987
170.930,121.941,25.861,22.987
171.218,122.037,25.861,22.987
171.506,121.172,25.861,22.987
172.179,121.652,25.861,22.987
171.699,121.941,25.861,22.987
171.602,122.421,25.861,22.987
171.314,120.787,25.861,22.987
171.987,119.922,25.861,22.987
171.506,119.442,25.861,22.987
172.564,119.153,25.861,22.987
171.891,120.019,25.861,22.987
171.026,120.307,25.861,22.987
171.314,121.556,25.861,22.987
171.410,122.229,25.861,22.987
170.930,121.556,25.861,22.987
170.449,122.614,25.861,22.987
170.930,121.172,25.861,22.987
170.065,120.691,25.861,22.987
170.545,120.403,25.861,22.987
170.834,120.115,25.861,22.987
169.776,120.595,25.861,22.987
170.065,121.460,25.861,22.987
170.161,122.518,25.861,22.987
170.257,123.767,25.861,22.987
170.353,124.824,25.861,22.987
170.257,125.497,25.861,22.987
169.776,124.632,25.861,22.987
169.104,125.113,25.861,22.987
169.776,123.671,25.861,22.987
169.488,124.152,25.861,22.987
169.200,123.286,25.861,22.987
169.680,123.575,25.861,22.987
168.815,123.094,25.861,22.987
169.488,122.421,25.861,22.987
170.353,123.286,25.861,22.987
169.488,122.614,25.861,22.987
170.161,123.286,25.861,22.987
170.065,123.383,25.861,22.987
169.969,123.863,25.861,22.987
169.872,124.344,25.861,22.987
169.392,123.479,25.861,22.987
170.065,124.536,25.861,22.987
169.776,123.286,25.861,22.987
169.296,122.421,25.861,22.987
169.969,123.094,25.861,22.987
169.296,121.845,25.861,22.987
169.776,122.518,25.861,22.987
168.719,121.460,25.861,22.987
168.815,122.325,25.861,22.987
168.911,121.460,25.861,22.987
169.007,122.325,25.861,22.987
168.911,123.190,25.861,22.987
169.200,123.671,25.861,22.987
169.488,122.998,25.861,22.987
169.969,123.671,25.861,22.987
168.911,122.614,25.861,22.987
169.007,123.479,25.861,22.987
169.680,122.614,25.861,22.987
169.200,122.518,25.861,22.987
170.065,121.845,25.861,22.987
170.545,122.710,25.861,22.987
171.026,123.190,25.861,22.987
170.353,122.325,25.861,22.987
171.218,121.652,25.861,22.987
171.122,122.325,25.861,22.987
171.602,122.229,25.861,22.987
171.314,123.094,25.861,22.987
171.987,122.037,25.861,22.987
171.506,122.902,25.861,22.987
172.179,123.767,25.861,22.987
171.699,123.094,25.861,22.987
171.410,121.652,25.861,22.987
172.468,122.517,25.861,22.987
172.756,121.845,25.861,22.987
171.971,122.488,26.433,23.496
172.855,123.569,26.433,23.496
172.757,122.488,26.433,23.496
172.855,123.372,26.433,23.496
172.954,123.077,26.433,23.496
173.445,122.193,26.433,23.496
173.543,122.881,26.433,23.496
173.641,121.997,26.433,23.496
173.936,122.881,26.433,23.496
174.231,121.604,26.433,23.496
174.918,122.881,26.433,23.496
175.017,122.193,26.433,23.496
174.918,122.488,26.433,23.496
175.606,121.997,26.433,23.496
175.311,121.112,26.433,23.496
175.017,121.604,26.433,23.496
176.097,122.881,26.433,23.496
176.392,121.997,26.433,23.496
175.901,121.505,26.433,23.496
176.392,122.979,26.433,23.496
176.097,122.291,26.433,23.496
176.785,123.765,26.433,23.496
176.490,122.881,26.433,23.496
176.196,123.176,26.433,23.496
177.473,123.667,26.433,23.496
176.589,123.569,26.433,23.496
176.097,122.881,26.433,23.496
177.375,121.407,26.433,23.496
176.097,122.488,26.433,23.496
176.785,123.569,26.433,23.496
176.097,122.881,26.433,23.496
176.392,121.997,26.433,23.496
175.508,123.077,26.433,23.496
175.803,124.158,26.433,23.496
176.097,124.453,26.433,23.496
176.589,125.337,26.433,23.496
175.508,124.846,26.433,23.496
175.017,124.944,26.433,23.496
176.097,123.863,26.433,23.496
175.606,122.783,26.433,23.496
175.115,122.095,26.433,23.496
175.999,123.176,26.433,23.496
175.901,122.881,26.433,23.496
175.099,121.500,27.018,24.016
174.798,121.399,27.018,24.016
175.701,122.504,27.018,24.016
175.400,122.805,27.018,24.016
174.496,121.901,27.018,24.016
175.199,120.998,27.018,24.016
174.496,121.299,27.018,24.016
174.396,120.596,27.018,24.016
174.697,119.893,27.018,24.016
174.396,120.797,27.018,24.016
174.095,120.094,27.018,24.016
173.793,120.998,27.018,24.016
174.496,121.500,27.018,24.016
173.793,120.395,27.018,24.016
174.496,121.901,27.018,24.016
173.793,121.801,27.018,24.016
173.693,121.098,27.018,24.016
174.195,122.203,27.018,24.016
173.291,123.709,27.018,24.016
173.793,124.412,27.018,24.016
173.894,125.115,27.018,24.016
174.195,123.608,27.018,24.016
173.090,123.106,27.018,24.016
173.392,123.408,27.018,24.016
173.894,123.307,27.018,24.016
174.396,123.408,27.018,24.016
173.492,123.307,27.018,24.016
173.593,123.408,27.018,24.016
173.894,124.111,27.018,24.016
173.793,123.809,27.018,24.016
173.291,124.713,27.018,24.016
172.990,125.215,27.018,24.016
173.693,124.914,27.018,24.016
173.392,125.215,27.018,24.016
172.287,124.111,27.018,24.016
172.588,123.608,27.018,24.016
172.890,124.111,27.018,24.016
172.388,123.408,27.018,24.016
172.488,122.705,27.018,24.016
171.986,121.399,27.018,24.016
173.090,122.504,27.018,24.016
171.785,121.399,27.018,24.016
172.488,121.500,27.018,24.016
171.785,120.194,27.018,24.016
172.086,120.696,27.018,24.016
171.383,119.793,27.018,24.016
171.484,120.094,27.018,24.016
171.584,120.194,27.018,24.016
171.685,121.098,27.018,24.016
171.584,120.194,27.018,24.016
170.614,119.966,26.442,23.504
170.909,119.279,26.442,23.504
170.811,120.163,26.442,23.504
170.319,119.082,26.442,23.504
169.631,118.591,26.442,23.504
169.730,117.903,26.442,23.504
169.631,117.411,26.442,23.504
169.140,118.296,26.442,23.504
169.238,118.197,26.442,23.504
169.337,118.689,26.442,23.504
168.059,118.197,26.442,23.504
168.550,117.903,26.442,23.504
168.059,117.411,26.442,23.504
167.961,115.937,26.442,23.504
167.666,115.249,26.442,23.504
166.978,115.741,26.442,23.504
167.076,116.232,26.442,23.504
166.781,115.348,26.442,23.504
166.487,116.232,26.442,23.504
165.995,116.134,26.442,23.504
166.487,116.822,26.442,23.504
165.406,117.313,26.442,23.504
165.111,117.215,26.442,23.504
165.995,118.296,26.442,23.504
165.897,118.591,26.442,23.504
165.209,120.261,26.442,23.504
165.700,120.753,26.442,23.504
164.619,121.637,26.442,23.504
164.225,122.907,27.027,24.024
164.325,123.610,27.027,24.024
164.225,122.706,27.027,24.024
163.321,123.208,27.027,24.024
163.019,122.706,27.027,24.024
162.919,122.203,27.027,24.024
163.622,121.701,27.027,24.024
162.919,120.596,27.027,24.024
162.417,120.295,27.027,24.024
162.517,121.601,27.027,24.024
161.814,120.496,27.027,24.024
162.316,120.194,27.027,24.024
161.211,120.295,27.027,24.024
161.513,121.601,27.027,24.024
162.216,119.893,27.027,24.024
161.513,118.788,27.027,24.024
162.015,118.688,27.027,24.024
161.513,118.185,27.027,24.024
162.216,119.290,27.027,24.024
161.714,119.190,27.027,24.024
162.819,119.089,27.027,24.024
163.120,118.989,27.027,24.024
163.019,117.884,27.027,24.024
162.115,117.181,27.027,24.024
162.819,116.679,27.027,24.024
163.723,116.377,27.027,24.024
163.823,117.683,27.027,24.024
163.321,116.779,27.027,24.024
163.220,115.674,27.027,24.024
163.723,116.578,27.027,24.024
164.225,116.478,27.027,24.024
163.522,116.980,27.027,24.024
164.426,115.272,27.027,24.024
163.923,114.770,27.027,24.024
164.828,114.670,27.027,24.024
165.330,113.766,27.027,24.024
164.225,113.464,27.027,24.024
164.727,114.770,27.027,24.024
165.631,113.665,27.027,24.024
164.928,114.167,27.027,24.024
165.832,115.674,27.027,24.024
166.334,115.574,27.027,24.024
165.430,116.076,27.027,24.024
166.133,116.377,27.027,24.024
165.430,116.679,27.027,24.024
166.334,114.971,27.027,24.024
165.832,115.674,27.027,24.024
167.138,115.373,27.027,24.024
166.435,116.076,27.027,24.024
166.937,115.373,27.027,24.024
167.640,115.875,27.027,24.024
168.343,115.373,27.027,24.024
167.439,116.478,27.027,24.024
167.941,115.976,27.027,24.024
168.444,115.473,27.027,24.024
167.941,116.578,27.027,24.024
169.247,114.871,27.027,24.024
168.343,115.574,27.027,24.024
169.046,115.875,27.027,24.024
169.147,116.578,27.027,24.024
169.649,115.674,27.027,24.024
170.352,116.578,27.027,24.024
169.532,115.583,27.625,24.555
170.251,117.328,27.625,24.555
170.148,116.610,27.625,24.555
171.278,117.328,27.625,24.555
170.354,115.788,27.625,24.555
171.072,115.275,27.625,24.555
172.407,116.610,27.625,24.555
171.894,117.123,27.625,24.555
172.818,117.020,27.625,24.555
172.304,116.507,27.625,24.555
173.023,117.842,27.625,24.555
173.742,116.096,27.625,24.555
173.434,115.994,27.625,24.555
173.536,117.534,27.625,24.555
174.050,117.842,27.625,24.555
174.768,116.712,27.625,24.555
175.076,117.842,27.625,24.555
175.384,116.507,27.625,24.555
174.871,118.252,27.625,24.555
175.590,118.766,27.625,24.555
175.076,116.815,27.625,24.555
175.795,116.507,27.625,24.555
175.487,117.020,27.625,24.555
175.590,115.891,27.625,24.555
175.282,115.994,27.625,24.555
175.590,116.918,27.625,24.555
175.898,118.047,27.625,24.555
175.384,117.328,27.625,24.555
175.076,118.252,27.625,24.555
176.001,118.150,27.625,24.555
175.692,118.663,27.625,24.555
175.795,119.176,27.625,24.555
175.898,118.252,27.625,24.555
175.590,117.534,27.625,24.555
175.487,118.252,27.625,24.555
175.384,118.355,27.625,24.555
175.692,119.074,27.625,24.555
175.384,119.587,27.625,24.555
175.076,120.100,27.625,24.555
176.206,119.587,27.625,24.555
175.076,120.511,27.625,24.555
176.206,119.998,27.625,24.555
175.076,120.511,27.625,24.555
176.001,119.998,27.625,24.555
175.487,119.279,27.625,24.555
174.768,119.587,27.625,24.555
175.487,118.868,27.625,24.555
174.436,119.769,28.236,25.098
175.171,119.244,28.236,25.098
174.226,118.509,28.236,25.098
174.331,117.355,28.236,25.098
173.806,118.299,28.236,25.098
174.751,119.034,28.236,25.098
174.856,118.089,28.236,25.098
174.961,117.565,28.236,25.098
173.596,117.880,28.236,25.098
174.331,118.194,28.236,25.098
173.806,118.929,28.236,25.098
174.331,118.824,28.236,25.098
172.967,118.509,28.236,25.098
172.546,118.994,28.860,25.654
173.082,119.745,28.860,25.654
172.116,118.994,28.860,25.654
171.580,118.457,28.860,25.654
170.615,119.208,28.860,25.654
170.722,118.243,28.860,25.654
169.971,118.350,28.860,25.654
169.864,118.028,28.860,25.654
169.113,118.779,28.860,25.654
169.649,119.316,28.860,25.654
168.469,118.779,28.860,25.654
168.577,119.745,28.860,25.654
167.182,119.423,28.860,25.654
167.290,119.315,28.860,25.654
166.539,118.565,28.860,25.654
166.217,118.886,28.860,25.654
165.466,119.423,28.860,25.654
165.359,118.243,28.860,25.654
165.466,117.707,28.860,25.654
164.930,118.028,28.860,25.654
164.393,119.637,28.860,25.654
165.144,119.315,28.860,25.654
164.608,118.994,28.860,25.654
163.857,119.101,28.860,25.654
164.179,119.208,28.860,25.654
164.072,117.599,28.860,25.654
164.393,118.994,28.860,25.654
164.501,118.886,28.860,25.654
164.179,117.707,28.860,25.654
163.643,117.814,28.860,25.654
163.750,118.350,28.860,25.654
164.072,117.599,28.860,25.654
164.179,118.350,28.860,25.654
164.715,117.385,28.860,25.654
164.179,117.277,28.860,25.654
165.359,118.028,28.860,25.654
165.037,117.707,28.860,25.654
165.359,116.956,28.860,25.654
166.110,118.565,28.860,25.654
165.144,118.028,28.860,25.654
165.681,117.707,28.860,25.654
164.930,116.956,28.860,25.654
165.681,117.277,28.860,25.654
164.715,117.170,28.860,25.654
165.466,118.350,28.860,25.654
166.646,116.956,28.860,25.654
165.103,116.561,29.499,26.221
165.431,117.328,29.499,26.221
166.418,118.973,29.499,26.221
165.870,117.986,29.499,26.221
165.541,118.753,29.499,26.221
166.309,117.986,29.499,26.221
165.760,116.999,29.499,26.221
166.089,116.670,29.499,26.221
165.980,116.780,29.499,26.221
166.528,117.767,29.499,26.221
166.637,118.534,29.499,26.221
167.624,118.644,29.499,26.221
167.076,117.876,29.499,26.221
166.966,118.863,29.499,26.221
166.637,119.850,29.499,26.221
167.624,120.617,29.499,26.221
167.515,119.192,29.499,26.221
166.966,120.179,29.499,26.221
166.857,121.165,29.499,26.221
166.966,120.179,29.499,26.221
167.295,120.508,29.499,26.221
167.405,119.082,29.499,26.221
167.295,119.850,29.499,26.221
167.624,119.082,29.499,26.221
167.076,119.630,29.499,26.221
166.528,120.398,29.499,26.221
167.515,119.850,29.499,26.221
167.186,120.179,29.499,26.221
166.637,121.165,29.499,26.221
167.624,119.740,29.499,26.221
167.076,119.630,29.499,26.221
166.747,120.179,29.499,26.221
167.734,119.850,29.499,26.221
168.282,119.082,29.499,26.221
167.076,119.850,29.499,26.221
167.624,118.863,29.499,26.221
167.953,119.630,29.499,26.221
166.966,118.644,29.499,26.221
167.734,119.192,29.499,26.221
168.940,119.959,29.499,26.221
167.953,118.973,29.499,26.221
168.063,120.398,29.499,26.221
168.392,119.192,29.499,26.221
168.721,120.398,29.499,26.221
169.050,118.973,29.499,26.221
168.282,118.424,29.499,26.221
168.611,118.753,29.499,26.221
169.378,120.179,29.499,26.221
168.483,120.912,30.152,26.801
167.251,119.456,30.152,26.801
168.483,119.119,30.152,26.801
167.569,119.869,30.819,27.394
167.683,118.838,30.819,27.394
166.881,119.640,30.819,27.394
166.767,118.838,30.819,27.394
166.881,118.953,30.819,27.394
166.996,119.984,30.819,27.394
167.798,119.869,30.819,27.394
166.996,120.213,30.819,27.394
167.110,120.556,30.819,27.394
166.996,119.526,30.819,27.394
166.423,119.182,30.819,27.394
166.767,118.609,30.819,27.394
165.736,119.640,30.819,27.394
165.850,119.067,30.819,27.394
165.278,120.098,30.819,27.394
165.392,118.838,30.819,27.394
165.278,119.640,30.819,27.394
164.476,120.442,30.819,27.394
164.132,119.640,30.819,27.394
163.330,119.526,30.819,27.394
163.674,119.411,30.819,27.394
162.414,119.755,30.819,27.394
162.758,120.098,30.819,27.394
161.498,120.900,30.819,27.394
161.383,120.786,30.819,27.394
161.269,120.671,30.819,27.394
160.467,119.869,30.819,27.394
159.769,119.923,31.501,28.001
158.716,120.274,31.501,28.001
158.489,121.057,32.198,28.620
157.263,120.120,32.910,29.253
156.407,119.508,32.910,29.253
156.040,119.386,32.910,29.253
155.184,119.753,32.910,29.253
154.572,120.120,32.910,29.253
153.066,118.908,33.638,29.901
152.441,118.533,33.638,29.901
151.816,119.158,33.638,29.901
151.191,118.283,33.638,29.901
150.816,119.158,33.638,29.901
149.691,118.783,33.638,29.901
149.066,117.658,33.638,29.901
149.191,116.783,33.638,29.901
148.565,117.908,33.638,29.901
148.941,117.783,33.638,29.901
147.815,118.408,33.638,29.901
146.690,119.533,33.638,29.901
146.065,118.158,33.638,29.901
145.044,116.400,34.382,30.562
145.172,117.039,34.382,30.562
144.789,118.445,34.382,30.562
143.894,117.295,34.382,30.562
143.255,117.934,34.382,30.562
143.383,117.295,34.382,30.562
142.233,116.400,34.382,30.562
143.128,117.550,34.382,30.562
142.233,118.189,34.382,30.562
141.594,118.828,34.382,30.562
140.700,117.934,34.382,30.562
140.061,117.550,34.382,30.562
140.700,116.656,34.382,30.562
139.549,118.062,34.382,30.562
139.166,119.212,34.382,30.562
139.549,118.828,34.382,30.562
137.888,117.423,34.382,30.562
138.016,116.273,34.382,30.562
138.399,116.145,34.382,30.562
136.561,116.735,35.143,31.238
135.646,115.820,35.143,31.238
136.902,117.790,34.394,30.572
136.008,117.151,34.394,30.572
136.391,118.557,34.394,30.572
135.241,117.151,34.394,30.572
135.880,118.301,34.394,30.572
135.241,117.151,34.394,30.572
135.624,118.301,34.394,30.572
134.474,117.151,34.394,30.572
133.579,118.301,34.394,30.572
133.195,117.151,34.394,30.572
133.834,119.068,34.394,30.572
133.195,118.174,34.394,30.572
132.812,118.301,34.394,30.572
132.428,117.151,34.394,30.572
131.119,118.006,35.155,31.248
130.466,118.398,35.155,31.248
129.552,117.484,35.155,31.248
128.637,117.614,35.155,31.248
128.506,116.961,35.155,31.248
128.114,118.137,35.155,31.248
126.777,116.842,35.932,31.940
126.643,116.442,35.932,31.940
125.975,117.377,35.932,31.940
125.842,117.510,35.932,31.940
125.441,116.308,35.932,31.940
124.628,115.539,36.727,32.647
125.310,117.314,36.727,32.647
124.628,117.723,36.727,32.647
124.491,116.495,36.727,32.647
123.536,116.904,36.727,32.647
122.853,115.949,36.727,32.647
121.898,116.085,36.727,32.647
122.580,116.768,36.727,32.647
121.183,115.132,37.540,33.369
120.485,115.830,37.540,33.369
120.066,114.574,37.540,33.369
119.369,115.830,37.540,33.369
119.508,114.295,37.540,33.369
117.790,113.781,38.371,34.107
117.648,115.064,38.371,34.107
116.935,113.781,38.371,34.107
116.222,113.638,38.371,34.107
115.509,114.351,38.371,34.107
114.510,115.350,38.371,34.107
115.223,115.778,38.371,34.107
113.655,115.635,38.371,34.107
112.942,115.492,38.371,34.107
111.658,116.205,38.371,34.107
110.945,116.633,38.371,34.107
109.661,117.632,38.371,34.107
109.804,116.633,38.371,34.107
109.661,115.920,38.371,34.107
108.948,116.348,38.371,34.107
108.235,115.350,38.371,34.107
107.522,114.637,38.371,34.107
107.380,116.776,38.371,34.107
107.237,116.348,38.371,34.107
106.809,115.635,38.371,34.107
106.381,116.348,38.371,34.107
105.668,115.350,38.371,34.107
106.381,116.348,38.371,34.107
105.383,116.491,38.371,34.107
104.955,115.778,38.371,34.107
103.957,116.491,38.371,34.107
104.385,117.204,38.371,34.107
104.242,116.491,38.371,34.107
104.670,116.633,38.371,34.107
104.242,117.346,38.371,34.107
103.529,116.633,38.371,34.107
104.528,117.346,38.371,34.107
104.100,115.778,38.371,34.107
102.935,114.365,39.219,34.862
102.790,113.927,39.219,34.862
102.644,114.948,39.219,34.862
102.498,115.676,39.219,34.862
101.769,114.656,39.219,34.862
102.498,115.385,39.219,34.862
101.769,116.114,39.219,34.862
101.624,117.134,39.219,34.862
101.186,116.405,39.219,34.862
102.498,115.968,39.219,34.862
101.186,115.239,39.219,34.862
102.498,115.968,39.219,34.862
101.186,115.239,39.219,34.862
101.624,115.968,39.219,34.862
100.895,115.239,39.219,34.862
101.624,115.676,39.219,34.862
100.895,114.948,39.219,34.862
101.915,114.510,39.219,34.862
101.186,116.405,39.219,34.862
101.915,115.093,39.219,34.862
101.186,114.948,39.219,34.862
101.624,113.344,39.219,34.862
100.020,114.365,39.219,34.862
101.040,114.802,39.219,34.862
100.312,114.656,39.219,34.862
101.624,113.927,39.219,34.862
99.829,115.508,40.087,35.633
99.382,114.763,40.087,35.633
100.127,114.316,40.087,35.633
99.382,114.465,40.087,35.633
99.233,115.508,40.087,35.633
99.680,114.167,40.087,35.633
98.637,114.316,40.087,35.633
98.786,115.657,40.087,35.633
98.637,115.508,40.087,35.633
98.488,115.359,40.087,35.633
98.041,114.614,40.087,35.633
97.892,115.359,40.087,35.633
98.637,114.316,40.087,35.633
97.594,113.571,40.087,35.633
97.743,114.316,40.087,35.633
98.190,113.571,40.087,35.633
99.233,114.614,40.087,35.633
98.488,114.465,40.087,35.633
97.445,114.912,40.087,35.633
98.190,113.273,40.087,35.633
97.743,114.912,40.087,35.633
97.892,113.273,40.087,35.633
97.445,114.018,40.087,35.633
97.594,112.975,40.087,35.633
96.253,112.826,40.087,35.633
97.296,114.167,40.087,35.633
97.743,113.720,40.087,35.633
96.700,113.571,40.087,35.633
96.849,114.912,40.087,35.633
97.296,114.167,40.087,35.633
97.743,114.316,40.087,35.633
96.402,113.869,40.087,35.633
97.743,113.124,40.087,35.633
96.998,113.273,40.087,35.633
97.147,113.422,40.087,35.633
97.296,114.167,40.087,35.633
96.551,113.124,40.087,35.633
96.104,113.571,40.087,35.633
96.551,114.614,40.087,35.633
95.806,114.763,40.087,35.633
96.253,113.124,40.087,35.633
96.700,112.677,40.087,35.633
95.955,114.614,40.087,35.633
95.806,113.869,40.087,35.633
95.657,113.422,40.087,35.633
95.210,113.273,40.087,35.633
95.955,113.720,40.087,35.633
95.508,112.975,40.087,35.633
94.763,113.422,40.087,35.633
95.210,114.167,40.087,35.633
95.955,113.422,40.087,35.633
95.210,114.465,40.087,35.633
95.359,113.124,40.087,35.633
94.912,114.465,40.087,35.633
95.359,115.508,40.087,35.633
95.210,115.359,40.087,35.633
94.465,115.210,40.087,35.633
94.018,114.763,40.087,35.633
94.465,114.912,40.087,35.633
94.018,115.061,40.087,35.633
93.869,116.104,40.087,35.633
93.720,115.955,40.087,35.633
93.869,115.508,40.087,35.633
93.422,117.147,40.087,35.633
93.869,115.806,40.087,35.633
93.124,116.253,40.087,35.633
93.273,116.104,40.087,35.633
93.124,116.253,40.087,35.633
92.677,116.700,40.087,35.633
91.932,116.551,40.087,35.633
92.081,115.806,40.087,35.633
91.932,114.763,40.087,35.633
91.783,116.402,40.087,35.633
91.634,117.147,40.087,35.633
90.591,116.402,40.087,35.633
90.442,116.849,40.087,35.633
90.889,115.806,40.087,35.633
90.442,116.253,40.087,35.633
91.187,116.700,40.087,35.633
90.442,115.657,40.087,35.633
90.591,117.891,40.087,35.633
89.548,116.551,40.087,35.633
89.101,118.189,40.087,35.633
89.250,116.253,40.087,35.633
89.697,116.998,40.087,35.633
89.250,116.849,40.087,35.633
89.101,118.189,40.087,35.633
89.250,117.445,40.087,35.633
89.399,117.891,40.087,35.633
89.846,118.338,40.087,35.633
88.803,118.785,40.087,35.633
88.654,117.147,40.087,35.633
88.207,116.402,40.087,35.633
89.250,115.955,40.087,35.633
89.101,116.700,40.087,35.633
88.356,116.849,40.087,35.633
88.803,116.700,40.087,35.633
88.058,116.849,40.087,35.633
88.505,116.700,40.087,35.633
87.760,116.849,40.087,35.633
87.909,116.700,40.087,35.633
87.462,117.147,40.087,35.633
87.611,116.700,40.087,35.633
87.164,115.061,40.087,35.633
88.505,114.018,40.087,35.633
87.164,114.763,40.087,35.633
88.207,115.508,40.087,35.633
88.356,116.253,40.087,35.633
89.101,115.210,40.087,35.633
88.356,115.359,40.087,35.633
88.505,115.806,40.087,35.633
87.462,114.167,40.087,35.633
87.909,114.912,40.087,35.633
88.654,113.869,40.087,35.633
87.611,114.316,40.087,35.633
88.356,114.465,40.087,35.633
89.101,114.912,40.087,35.633
88.356,113.869,40.087,35.633
88.803,114.614,40.087,35.633
88.356,115.061,40.087,35.633
89.101,114.912,40.087,35.633
88.952,114.167,40.087,35.633
88.803,114.018,40.087,35.633
88.654,115.061,40.087,35.633
88.803,115.508,40.087,35.633
89.250,115.359,40.087,35.633
89.995,114.614,40.087,35.633
89.548,114.465,40.087,35.633
89.697,113.422,40.087,35.633
89.548,115.359,40.087,35.633
89.697,114.614,40.087,35.633
90.442,115.657,40.087,35.633
91.187,114.614,40.087,35.633
90.740,114.763,40.087,35.633
90.889,114.018,40.087,35.633
91.038,115.359,40.087,35.633
91.187,116.104,40.087,35.633
92.528,114.763,40.087,35.633
91.485,115.210,40.087,35.633
92.528,113.869,40.087,35.633
92.081,113.720,40.087,35.633
92.826,114.763,40.087,35.633
92.677,114.316,40.087,35.633
92.826,115.657,40.087,35.633
93.273,114.912,40.087,35.633
93.422,113.869,40.087,35.633
94.465,115.508,40.087,35.633
92.826,116.849,40.087,35.633
93.869,115.210,40.087,35.633
93.720,115.359,40.087,35.633
94.763,114.614,40.087,35.633
94.316,115.955,40.087,35.633
95.061,114.912,40.087,35.633
94.912,115.657,40.087,35.633
95.359,116.700,40.087,35.633
94.614,114.465,40.087,35.633
94.465,115.508,40.087,35.633
95.210,115.359,40.087,35.633
95.657,116.402,40.087,35.633
94.912,116.253,40.087,35.633
95.657,115.508,40.087,35.633
94.316,116.253,40.087,35.633
96.253,114.614,40.087,35.633
95.806,116.253,40.087,35.633
95.955,114.614,40.087,35.633
95.508,116.253,40.087,35.633
96.253,114.912,40.087,35.633
96.700,115.657,40.087,35.633
95.657,116.998,40.087,35.633
96.402,115.061,40.087,35.633
97.147,116.104,40.087,35.633
96.998,115.359,40.087,35.633
97.445,116.998,40.087,35.633
98.190,115.359,40.087,35.633
96.849,116.104,40.087,35.633
97.892,115.359,40.087,35.633
97.743,116.998,40.087,35.633
97.892,116.551,40.087,35.633
97.743,117.892,40.087,35.633
97.296,115.359,40.087,35.633
98.339,114.614,40.087,35.633
98.488,115.955,40.087,35.633
98.041,114.912,40.087,35.633
98.488,115.359,40.087,35.633
98.041,116.402,40.087,35.633
99.382,116.551,40.087,35.633
100.127,116.104,40.087,35.633
99.382,115.955,40.087,35.633
99.233,116.700,40.087,35.633
100.276,115.657,40.087,35.633
100.127,116.998,40.087,35.633
100.276,115.657,40.087,35.633
100.425,115.806,40.087,35.633
100.574,116.849,40.087,35.633
99.531,116.700,40.087,35.633
100.276,116.253,40.087,35.633
100.723,115.806,40.087,35.633
99.978,114.167,40.087,35.633
100.723,116.104,40.087,35.633
100.574,116.551,40.087,35.633
99.531,117.296,40.087,35.633
99.978,116.253,40.087,35.633
100.723,115.210,40.087,35.633
99.382,116.253,40.087,35.633
100.425,115.508,40.087,35.633
99.978,116.849,40.087,35.633
100.549,116.223,39.232,34.873
99.528,116.077,39.232,34.873
99.674,115.640,39.232,34.873
99.820,115.203,39.232,34.873
99.382,116.807,39.232,34.873
100.694,116.369,39.232,34.873
99.090,117.098,39.232,34.873
100.403,116.078,39.232,34.873
98.507,115.932,39.232,34.873
99.236,116.952,39.232,34.873
99.674,116.515,39.232,34.873
98.827,117.871,38.396,34.129
100.111,116.586,38.396,34.129
99.558,117.363,37.577,33.402
100.536,117.223,37.577,33.402
99.837,117.363,37.577,33.402
98.860,116.944,37.577,33.402
99.558,116.525,37.577,33.402
100.536,117.503,37.577,33.402
99.558,117.642,37.577,33.402
99.977,118.340,37.577,33.402
99.837,118.201,37.577,33.402
99.418,119.178,37.577,33.402
100.675,118.480,37.577,33.402
101.094,117.503,37.577,33.402
100.675,116.525,37.577,33.402
101.374,117.503,37.577,33.402
100.675,116.525,37.577,33.402
101.374,117.503,37.577,33.402
100.396,116.525,37.577,33.402
101.653,117.503,37.577,33.402
100.955,117.921,37.577,33.402
100.815,118.340,37.577,33.402
100.396,118.480,37.577,33.402
101.653,119.458,37.577,33.402
101.513,118.759,37.577,33.402
101.374,118.340,37.577,33.402
100.955,117.642,37.577,33.402
100.536,118.061,37.577,33.402
102.072,119.039,37.577,33.402
101.094,118.061,37.577,33.402
100.396,117.642,37.577,33.402
101.653,119.458,37.577,33.402
101.513,118.759,37.577,33.402
100.536,118.340,37.577,33.402
100.955,116.804,37.577,33.402
99.235,116.869,38.408,34.141
100.234,117.583,38.408,34.141
100.091,116.869,38.408,34.141
99.663,117.012,38.408,34.141
98.949,116.869,38.408,34.141
99.663,117.583,38.408,34.141
98.949,116.869,38.408,34.141
99.092,117.583,38.408,34.141
99.914,116.984,37.589,33.413
99.775,117.683,37.589,33.413
99.635,118.940,37.589,33.413
98.936,117.683,37.589,33.413
99.356,116.984,37.589,33.413
98.936,116.006,37.589,33.413
100.280,117.036,36.788,32.700
99.596,117.446,36.788,32.700
100.280,116.215,36.788,32.700
99.870,116.352,36.788,32.700
99.186,117.583,36.788,32.700
100.417,116.899,36.788,32.700
100.553,116.215,36.788,32.700
99.870,117.446,36.788,32.700
98.913,115.942,36.788,32.700
99.870,117.172,36.788,32.700
99.186,117.856,36.788,32.700
99.870,116.625,36.788,32.700
99.186,117.583,36.788,32.700
99.870,117.446,36.788,32.700
99.186,117.856,36.788,32.700
99.596,115.805,36.788,32.700
99.733,115.121,36.788,32.700
98.502,115.532,36.788,32.700
100.006,117.856,36.788,32.700
98.776,116.352,36.788,32.700
99.733,117.309,36.788,32.700
98.502,116.899,36.788,32.700
100.006,116.489,36.788,32.700
99.049,117.446,36.788,32.700
99.186,117.583,36.788,32.700
98.776,117.172,36.788,32.700
98.366,117.856,36.788,32.700
99.323,117.172,36.788,32.700
98.639,116.215,36.788,32.700
97.956,117.719,36.788,32.700
97.974,118.634,37.602,33.424
98.673,118.494,37.602,33.424
97.695,117.237,37.602,33.424
97.555,117.376,37.602,33.424
97.695,115.280,37.602,33.424
97.834,117.376,37.602,33.424
97.695,115.280,37.602,33.424
97.834,117.376,37.602,33.424
97.695,115.839,37.602,33.424
98.393,117.935,37.602,33.424
97.415,116.678,37.602,33.424
97.555,118.215,37.602,33.424
97.695,117.237,37.602,33.424
97.834,118.215,37.602,33.424
98.254,116.398,37.602,33.424
97.275,114.581,37.602,33.424
97.415,115.839,37.602,33.424
97.724,115.904,38.433,34.163
96.439,116.619,38.433,34.163
96.010,115.333,38.433,34.163
96.439,116.904,38.433,34.163
95.724,116.761,38.433,34.163
96.153,117.190,38.433,34.163
95.876,116.071,39.284,34.919
95.730,116.217,39.284,34.919
95.584,116.947,39.284,34.919
95.730,115.925,39.284,34.919
96.168,116.655,39.284,34.919
96.314,115.925,39.284,34.919
96.168,116.947,39.284,34.919
96.606,116.509,39.284,34.919
95.414,116.880,40.153,35.692
95.265,115.836,40.153,35.692
95.712,116.283,40.153,35.692
94.494,116.972,41.041,36.481
95.257,116.210,41.041,36.481
94.189,115.447,41.041,36.481
95.257,114.379,41.041,36.481
95.104,114.532,41.041,36.481
94.952,114.379,41.041,36.481
96.324,113.616,41.041,36.481
95.867,114.074,41.041,36.481
96.630,115.447,41.041,36.481
95.068,114.252,41.949,37.288
95.224,113.784,41.949,37.288
96.627,113.317,41.949,37.288
96.783,114.408,41.949,37.288
97.251,113.940,41.949,37.288
96.159,114.408,41.949,37.288
96.939,113.317,41.949,37.288
98.030,114.720,41.949,37.288
96.939,114.564,41.949,37.288
98.654,114.408,41.949,37.288
97.874,114.252,41.949,37.288
98.342,116.279,41.949,37.288
97.874,115.499,41.949,37.288
99.589,115.032,41.949,37.288
99.121,115.811,41.949,37.288
98.654,115.032,41.949,37.288
100.369,116.123,41.949,37.288
100.213,115.655,41.949,37.288
99.745,115.811,41.949,37.288
100.525,116.591,41.949,37.288
100.369,115.811,41.949,37.288
100.525,115.343,41.949,37.288
100.992,117.370,41.949,37.288
101.460,115.032,41.949,37.288
100.681,116.123,41.949,37.288
101.148,115.032,41.949,37.288
100.681,117.058,41.949,37.288
101.460,115.032,41.949,37.288
100.992,115.187,41.949,37.288
101.772,114.720,41.949,37.288
101.304,115.187,41.949,37.288
100.837,114.720,41.949,37.288
101.616,114.252,41.949,37.288
102.084,115.032,41.949,37.288
101.304,114.564,41.949,37.288
101.772,114.408,41.949,37.288
102.240,113.628,41.949,37.288
102.396,114.720,41.949,37.288
102.240,113.940,41.949,37.288
101.772,115.343,41.949,37.288
102.863,113.940,41.949,37.288
103.331,113.472,41.949,37.288
102.240,113.316,41.949,37.288
102.707,114.720,41.949,37.288
102.863,113.316,41.949,37.288
102.707,113.784,41.949,37.288
102.552,113.005,41.949,37.288
102.396,115.032,41.949,37.288
101.928,115.187,41.949,37.288
102.707,116.591,41.949,37.288
101.928,115.499,41.949,37.288
102.707,115.343,41.949,37.288
101.304,117.682,41.949,37.288
101.772,116.279,41.949,37.288
100.992,117.994,41.949,37.288
101.148,116.902,41.949,37.288
99.745,116.435,41.949,37.288
100.525,115.967,41.949,37.288
99.121,117.682,41.949,37.288
98.654,118.773,41.949,37.288
99.121,117.994,41.949,37.288
97.718,117.526,41.949,37.288
97.874,116.747,41.949,37.288
96.783,118.462,41.949,37.288
96.003,117.370,41.949,37.288
95.847,118.462,41.949,37.288
95.380,117.682,41.949,37.288
94.288,119.085,41.949,37.288
93.509,118.929,41.949,37.288
94.288,118.773,41.949,37.288
93.197,117.682,41.949,37.288
92.247,116.784,42.878,38.113
92.726,118.218,42.878,38.113
91.610,117.422,42.878,38.113
91.451,117.262,42.878,38.113
92.247,117.103,42.878,38.113
91.451,118.537,42.878,38.113
91.291,118.378,42.878,38.113
90.494,118.218,42.878,38.113
90.016,117.103,42.878,38.113
89.857,116.306,42.878,38.113
89.698,117.422,42.878,38.113
90.176,116.944,42.878,38.113
89.379,116.784,42.878,38.113
89.538,118.218,42.878,38.113
89.060,117.103,42.878,38.113
88.263,116.625,42.878,38.113
88.742,116.465,42.878,38.113
87.307,117.262,42.878,38.113
88.104,116.784,42.878,38.113
87.307,117.262,42.878,38.113
87.467,116.147,42.878,38.113
87.945,115.669,42.878,38.113
87.148,117.422,42.878,38.113
87.307,115.987,42.878,38.113
87.148,115.509,42.878,38.113
87.307,115.350,42.878,38.113
87.467,116.465,42.878,38.113
86.670,116.306,42.878,38.113
85.873,116.784,42.878,38.113
85.714,116.306,42.878,38.113
85.236,115.828,42.878,38.113
86.670,116.306,42.878,38.113
85.873,115.828,42.878,38.113
85.714,117.581,42.878,38.113
85.236,117.422,42.878,38.113
86.351,117.900,42.878,38.113
85.873,117.422,42.878,38.113
85.714,116.625,42.878,38.113
85.236,115.828,42.878,38.113
86.670,116.944,42.878,38.113
86.192,116.784,42.878,38.113
86.989,118.537,42.878,38.113
86.192,117.422,42.878,38.113
86.670,116.944,42.878,38.113
86.192,119.015,42.878,38.113
87.307,118.537,42.878,38.113
87.148,120.609,42.878,38.113
86.670,119.812,42.878,38.113
86.510,120.928,42.878,38.113
87.626,119.812,42.878,38.113
86.829,120.290,42.878,38.113
86.670,119.175,42.878,38.113
87.467,119.015,42.878,38.113
87.945,118.856,42.878,38.113
87.467,120.928,42.878,38.113
87.945,119.812,42.878,38.113
87.148,119.653,42.878,38.113
87.945,121.406,42.878,38.113
87.148,120.609,42.878,38.113
87.626,120.131,42.878,38.113
87.148,118.696,42.878,38.113
87.945,117.581,42.878,38.113
87.467,118.696,42.878,38.113
88.582,117.900,42.878,38.113
87.148,119.015,42.878,38.113
88.263,117.581,42.878,38.113
88.104,118.059,42.878,38.113
87.307,117.581,42.878,38.113
88.104,118.059,42.878,38.113
86.989,117.581,42.878,38.113
87.148,119.015,42.878,38.113
86.989,118.218,42.878,38.113
87.010,117.301,43.826,38.957
86.196,116.812,43.826,38.957
86.684,117.952,43.826,38.957
85.870,118.767,43.826,38.957
85.707,117.301,43.826,38.957
84.893,115.835,43.826,38.957
86.033,115.998,43.826,38.957
85.544,117.789,43.826,38.957
85.707,116.649,43.826,38.957
85.218,116.812,43.826,38.957
85.381,116.649,43.826,38.957
85.870,116.161,43.826,38.957
84.730,116.323,43.826,38.957
84.241,115.835,43.826,38.957
85.056,117.952,43.826,38.957
84.567,117.138,43.826,38.957
85.381,116.323,43.826,38.957
84.567,115.835,43.826,38.957
85.056,117.301,43.826,38.957
83.915,116.486,43.826,38.957
84.404,118.278,43.826,38.957
83.915,116.161,43.826,38.957
83.101,115.346,43.826,38.957
83.915,116.161,43.826,38.957
83.101,116.649,43.826,38.957
83.915,116.812,43.826,38.957
83.101,117.301,43.826,38.957
82.938,116.161,43.826,38.957
82.775,115.672,43.826,38.957
83.590,115.183,43.826,38.957
82.449,115.020,43.826,38.957
83.590,116.812,43.826,38.957
81.798,115.998,43.826,38.957
82.938,116.161,43.826,38.957
82.775,115.020,43.826,38.957
81.635,116.812,43.826,38.957
81.798,115.346,43.826,38.957
82.612,114.857,43.826,38.957
81.146,116.975,43.826,38.957
81.961,115.835,43.826,38.957
81.146,117.301,43.826,38.957
81.635,115.835,43.826,38.957
80.820,117.952,43.826,38.957
81.961,116.812,43.826,38.957
80.820,116.649,43.826,38.957
80.983,115.509,43.826,38.957
81.798,116.975,43.826,38.957
81.309,115.835,43.826,38.957
81.798,117.626,43.826,38.957
80.983,116.486,43.826,38.957
81.472,116.323,43.826,38.957
81.961,117.464,43.826,38.957
81.472,116.649,43.826,38.957
82.286,116.161,43.826,38.957
82.124,117.626,43.826,38.957
81.635,116.812,43.826,38.957
80.820,116.323,43.826,38.957
81.635,115.183,43.826,38.957
80.495,115.672,43.826,38.957
81.961,117.464,43.826,38.957
81.472,116.975,43.826,38.957
82.612,118.441,43.826,38.957
81.146,116.975,43.826,38.957
82.286,118.767,43.826,38.957
82.775,117.301,43.826,38.957
81.961,116.812,43.826,38.957
82.775,117.952,43.826,38.957
81.961,118.441,43.826,38.957
82.449,117.301,43.826,38.957
83.590,116.486,43.826,38.957
82.124,115.998,43.826,38.957
83.264,117.464,43.826,38.957
82.775,115.998,43.826,38.957
82.938,115.835,43.826,38.957
82.960,115.235,44.796,39.819
83.127,116.400,44.796,39.819
81.961,115.901,44.796,39.819
83.460,115.401,44.796,39.819
82.627,117.566,44.796,39.819
83.127,116.400,44.796,39.819
82.294,116.234,44.796,39.819
83.460,115.401,44.796,39.819
82.960,116.900,44.796,39.819
83.793,115.401,44.796,39.819
82.960,117.566,44.796,39.819
83.793,116.733,44.796,39.819
82.960,118.232,44.796,39.819
83.793,117.399,44.796,39.819
83.293,118.565,44.796,39.819
82.794,119.397,44.796,39.819
82.960,117.899,44.796,39.819
84.126,117.066,44.796,39.819
82.294,116.234,44.796,39.819
83.127,117.066,44.796,39.819
82.627,116.567,44.796,39.819
82.794,118.731,44.796,39.819
83.293,116.900,44.796,39.819
82.794,116.733,44.796,39.819
83.626,115.901,44.796,39.819
82.794,118.065,44.796,39.819
83.626,117.233,44.796,39.819
82.794,117.732,44.796,39.819
82.294,116.900,44.796,39.819
82.461,119.064,44.796,39.819
81.961,117.566,44.796,39.819
83.127,117.399,44.796,39.819
81.961,119.231,44.796,39.819
82.794,117.732,44.796,39.819
82.960,116.567,44.796,39.819
82.461,116.400,44.796,39.819
82.627,116.567,44.796,39.819
82.128,117.399,44.796,39.819
81.961,117.233,44.796,39.819
82.794,117.066,44.796,39.819
82.294,116.900,44.796,39.819
82.128,116.733,44.796,39.819
81.628,116.567,44.796,39.819
82.128,117.732,44.796,39.819
80.962,116.900,44.796,39.819
82.128,118.398,44.796,39.819
81.628,118.565,44.796,39.819
82.128,117.732,44.796,39.819
81.295,116.567,44.796,39.819
81.795,119.064,44.796,39.819
82.294,118.565,44.796,39.819
82.128,119.730,44.796,39.819
81.628,118.565,44.796,39.819
82.461,118.731,44.796,39.819
81.961,117.566,44.796,39.819
83.127,120.063,44.796,39.819
81.628,118.898,44.796,39.819
82.794,118.398,44.796,39.819
82.294,120.562,44.796,39.819
82.128,119.730,44.796,39.819
81.628,118.565,44.796,39.819
82.794,120.063,44.796,39.819
82.627,118.898,44.796,39.819
83.460,118.398,44.796,39.819
83.293,120.229,44.796,39.819
82.461,119.064,44.796,39.819
83.293,118.232,44.796,39.819
82.794,119.397,44.796,39.819
83.959,118.565,44.796,39.819
84.792,118.398,44.796,39.819
83.626,117.566,44.796,39.819
84.792,117.066,44.796,39.819
84.958,116.567,44.796,39.819
85.125,118.398,44.796,39.819
83.626,117.899,44.796,39.819
84.459,117.732,44.796,39.819
84.625,117.899,44.796,39.819
84.792,118.731,44.796,39.819
85.957,117.899,44.796,39.819
85.458,117.732,44.796,39.819
85.291,116.900,44.796,39.819
85.458,116.733,44.796,39.819
85.624,115.901,44.796,39.819
85.791,115.401,44.796,39.819
85.291,117.566,44.796,39.819
85.125,118.398,44.796,39.819
85.291,117.899,44.796,39.819
85.458,117.399,44.796,39.819
85.291,118.565,44.796,39.819
85.791,117.732,44.796,39.819
86.290,118.565,44.796,39.819
85.458,120.396,44.796,39.819
85.957,119.230,44.796,39.819
87.122,118.731,44.796,39.819
86.290,118.232,44.796,39.819
86.789,119.730,44.796,39.819
87.289,118.565,44.796,39.819
86.275,118.988,45.787,40.700
87.466,118.477,45.787,40.700
86.616,117.626,45.787,40.700
86.105,117.796,45.787,40.700
87.296,119.328,45.787,40.700
87.466,118.137,45.787,40.700
87.296,120.009,45.787,40.700
86.786,118.818,45.787,40.700
86.616,117.967,45.787,40.700
86.786,118.137,45.787,40.700
86.275,118.307,45.787,40.700
87.807,117.456,45.787,40.700
86.616,117.626,45.787,40.700
86.445,117.456,45.787,40.700
88.317,116.946,45.787,40.700
87.466,118.477,45.787,40.700
88.317,116.946,45.787,40.700
87.807,117.797,45.787,40.700
87.296,118.307,45.787,40.700
88.487,117.116,45.787,40.700
87.977,118.988,45.787,40.700
87.807,117.797,45.787,40.700
87.637,116.605,45.787,40.700
87.807,116.095,45.787,40.700
87.296,116.946,45.787,40.700
88.487,116.435,45.787,40.700
87.977,116.605,45.787,40.700
87.126,117.456,45.787,40.700
87.977,117.967,45.787,40.700
87.466,118.818,45.787,40.700
88.317,117.626,45.787,40.700
87.126,117.456,45.787,40.700
87.296,116.946,45.787,40.700
88.147,117.456,45.787,40.700
86.956,116.265,45.787,40.700
86.445,116.775,45.787,40.700
87.637,116.265,45.787,40.700
87.126,116.775,45.787,40.700
86.956,117.286,45.787,40.700
86.445,116.095,45.787,40.700
87.637,117.967,45.787,40.700
86.445,118.137,45.787,40.700
87.296,118.307,45.787,40.700
86.445,117.116,45.787,40.700
86.956,117.967,45.787,40.700
86.445,118.137,45.787,40.700
86.616,118.307,45.787,40.700
85.424,117.456,45.787,40.700
86.275,117.286,45.787,40.700
86.105,117.456,45.787,40.700
85.594,117.967,45.787,40.700
86.445,118.137,45.787,40.700
86.275,119.328,45.787,40.700
86.105,118.137,45.787,40.700
85.594,117.626,45.787,40.700
86.445,117.116,45.787,40.700
85.254,116.946,45.787,40.700
85.765,117.456,45.787,40.700
84.914,117.967,45.787,40.700
86.105,118.137,45.787,40.700
84.914,118.647,45.787,40.700
85.084,117.456,45.787,40.700
85.594,116.946,45.787,40.700
86.445,119.158,45.787,40.700
85.594,118.307,45.787,40.700
85.765,118.137,45.787,40.700
84.233,118.988,45.787,40.700
85.424,118.137,45.787,40.700
85.935,118.988,45.787,40.700
84.403,118.137,45.787,40.700
85.254,118.647,45.787,40.700
85.084,117.797,45.787,40.700
85.254,118.307,45.787,40.700
85.084,117.456,45.787,40.700
85.254,117.967,45.787,40.700
85.424,119.839,45.787,40.700
85.594,120.349,45.787,40.700
85.424,119.498,45.787,40.700
86.275,118.647,45.787,40.700
85.424,117.797,45.787,40.700
85.594,118.647,45.787,40.700
86.105,117.797,45.787,40.700
85.254,117.967,45.787,40.700
85.424,118.137,45.787,40.700
85.594,118.307,45.787,40.700
85.765,117.456,45.787,40.700
84.573,117.967,45.787,40.700
86.445,118.477,45.787,40.700
85.594,117.626,45.787,40.700
86.445,118.818,45.787,40.700
85.254,117.626,45.787,40.700
85.765,116.435,45.787,40.700
84.914,117.286,45.787,40.700
84.403,116.435,45.787,40.700
85.935,116.605,45.787,40.700
84.744,115.414,45.787,40.700
84.914,116.265,45.787,40.700
85.084,116.095,45.787,40.700
85.594,117.967,45.787,40.700
86.105,118.477,45.787,40.700
84.914,116.605,45.787,40.700
84.403,116.095,45.787,40.700
86.275,117.286,45.787,40.700
84.744,116.435,45.787,40.700
84.573,117.286,45.787,40.700
85.424,116.435,45.787,40.700
84.914,116.265,45.787,40.700
85.084,115.414,45.787,40.700
84.573,114.563,45.787,40.700
85.084,113.712,45.787,40.700
84.233,114.904,45.787,40.700
84.744,115.074,45.787,40.700
83.893,115.925,45.787,40.700
84.403,115.414,45.787,40.700
84.233,115.925,45.787,40.700
84.063,117.456,45.787,40.700
83.212,116.946,45.787,40.700
83.723,117.797,45.787,40.700
82.531,117.626,45.787,40.700
83.723,117.116,45.787,40.700
82.191,117.967,45.787,40.700
83.042,116.776,45.787,40.700
82.872,116.265,45.787,40.700
82.361,116.776,45.787,40.700
82.872,118.307,45.787,40.700
81.680,116.776,45.787,40.700
81.170,117.626,45.787,40.700
81.680,117.116,45.787,40.700
80.830,117.967,45.787,40.700
80.319,118.137,45.787,40.700
81.170,117.626,45.787,40.700
80.319,117.116,45.787,40.700
80.830,118.307,45.787,40.700
79.298,116.776,45.787,40.700
80.489,116.265,45.787,40.700
79.979,115.754,45.787,40.700
79.128,115.584,45.787,40.700
79.298,116.435,45.787,40.700
79.128,115.925,45.787,40.700
78.277,117.116,45.787,40.700
78.787,116.265,45.787,40.700
77.256,115.414,45.787,40.700
78.107,114.563,45.787,40.700
76.916,115.074,45.787,40.700
77.426,116.605,45.787,40.700
76.575,117.456,45.787,40.700
77.086,118.307,45.787,40.700
75.554,117.797,45.787,40.700
76.405,117.286,45.787,40.700
75.894,116.776,45.787,40.700
74.703,116.946,45.787,40.700
73.512,116.435,45.787,40.700
74.703,115.584,45.787,40.700
73.172,115.414,45.787,40.700
73.682,115.925,45.787,40.700
72.831,116.095,45.787,40.700
72.661,116.946,45.787,40.700
72.151,118.137,45.787,40.700
72.321,117.967,45.787,40.700
71.470,117.116,45.787,40.700
72.661,118.307,45.787,40.700
70.109,117.116,45.787,40.700
71.300,118.988,45.787,40.700
70.789,118.137,45.787,40.700
69.258,117.626,45.787,40.700
70.449,116.095,45.787,40.700
69.461,117.021,44.811,39.832
69.627,116.521,44.811,39.832
69.128,117.354,44.811,39.832
68.295,117.187,44.811,39.832
68.462,115.688,44.811,39.832
67.629,114.523,44.811,39.832
68.129,115.688,44.811,39.832
66.630,113.856,44.811,39.832
67.462,115.022,44.811,39.832
65.963,114.523,44.811,39.832
66.463,115.688,44.811,39.832
65.630,114.190,44.811,39.832
65.305,115.096,43.855,38.982
65.794,114.607,43.855,38.982
64.979,115.422,43.855,38.982
65.142,114.607,43.855,38.982
64.653,113.792,43.855,38.982
64.165,113.303,43.855,38.982
64.328,112.488,43.855,38.982
64.165,113.629,43.855,38.982
63.350,114.118,43.855,38.982
63.513,113.303,43.855,38.982
63.350,114.444,43.855,38.982
62.861,114.607,43.855,38.982
62.046,113.466,43.855,38.982
62.535,112.325,43.855,38.982
62.698,112.814,43.855,38.982
61.883,113.955,43.855,38.982
61.720,112.488,43.855,38.982
61.231,111.999,43.855,38.982
62.372,114.118,43.855,38.982
61.231,112.977,43.855,38.982
62.046,114.444,43.855,38.982
60.905,112.651,43.855,38.982
61.068,111.836,43.855,38.982
61.557,113.303,43.855,38.982
61.394,112.162,43.855,38.982
60.905,112.977,43.855,38.982
59.764,113.792,43.855,38.982
60.253,112.977,43.855,38.982
59.764,113.466,43.855,38.982
59.601,111.673,43.855,38.982
59.438,112.488,43.855,38.982
59.601,111.673,43.855,38.982
58.786,112.814,43.855,38.982
58.949,111.021,43.855,38.982
59.112,110.206,43.855,38.982
58.949,111.999,43.855,38.982
58.460,113.140,43.855,38.982
59.275,111.673,43.855,38.982
58.134,112.488,43.855,38.982
57.645,112.325,43.855,38.982
57.482,111.510,43.855,38.982
58.949,112.651,43.855,38.982
57.482,112.488,43.855,38.982
58.297,111.673,43.855,38.982
57.482,113.140,43.855,38.982
57.971,111.347,43.855,38.982
56.830,112.814,43.855,38.982
57.319,112.977,43.855,38.982
57.482,112.814,43.855,38.982
56.993,112.325,43.855,38.982
55.852,111.510,43.855,38.982
55.689,110.369,43.855,38.982
55.852,110.858,43.855,38.982
55.363,112.651,43.855,38.982
56.178,111.836,43.855,38.982
55.037,112.977,43.855,38.982
54.222,112.488,43.855,38.982
55.037,111.347,43.855,38.982
54.222,111.836,43.855,38.982
55.037,112.325,43.855,38.982
53.896,111.510,43.855,38.982
53.407,111.999,43.855,38.982
54.548,112.488,43.855,38.982
54.059,111.999,43.855,38.982
52.918,112.162,43.855,38.982
53.733,111.347,43.855,38.982
52.592,111.836,43.855,38.982
52.755,112.325,43.855,38.982
52.266,111.836,43.855,38.982
53.081,112.977,43.855,38.982
52.918,113.792,43.855,38.982
52.429,114.281,43.855,38.982
53.570,113.466,43.855,38.982
53.081,112.977,43.855,38.982
52.592,114.444,43.855,38.982
51.777,113.303,43.855,38.982
52.918,113.140,43.855,38.982
52.429,112.977,43.855,38.982
53.244,114.118,43.855,38.982
52.103,113.303,43.855,38.982
51.614,112.488,43.855,38.982
51.451,113.629,43.855,38.982
52.266,113.466,43.855,38.982
51.777,113.303,43.855,38.982
50.962,112.814,43.855,38.982
51.777,114.607,43.855,38.982
50.636,112.814,43.855,38.982
51.889,112.758,42.920,38.151
51.730,114.194,42.920,38.151
51.570,112.758,42.920,38.151
51.092,114.194,42.920,38.151
51.570,113.396,42.920,38.151
50.453,112.599,42.920,38.151
52.208,113.715,42.920,38.151
51.411,112.599,42.920,38.151
52.527,112.120,42.920,38.151
52.049,111.323,42.920,38.151
51.570,111.801,42.920,38.151
51.092,112.599,42.920,38.151
52.208,112.120,42.920,38.151
52.049,111.642,42.920,38.151
52.045,112.510,42.004,37.337
51.889,111.105,42.004,37.337
53.294,112.197,42.004,37.337
52.201,111.417,42.004,37.337
52.982,111.261,42.004,37.337
53.881,114.217,41.109,36.541
54.339,113.759,41.109,36.541
53.270,112.995,41.109,36.541
54.034,112.536,41.109,36.541
53.270,112.078,41.109,36.541
54.339,113.147,41.109,36.541
53.881,113.911,41.109,36.541
54.645,113.759,41.109,36.541
54.187,114.523,41.109,36.541
53.728,113.759,41.109,36.541
55.103,114.828,41.109,36.541
53.728,114.064,41.109,36.541
54.798,115.134,41.109,36.541
54.645,114.675,41.109,36.541
54.492,114.217,41.109,36.541
54.034,115.287,41.109,36.541
53.881,113.911,41.109,36.541
55.256,115.592,41.109,36.541
53.881,114.828,41.109,36.541
54.645,114.981,41.109,36.541
54.187,114.523,41.109,36.541
53.728,114.064,41.109,36.541
55.103,115.439,41.109,36.541
53.728,114.370,41.109,36.541
54.798,114.217,41.109,36.541
54.645,116.203,41.109,36.541
54.187,114.828,41.109,36.541
54.034,115.287,41.109,36.541
53.575,113.606,41.109,36.541
54.645,114.675,41.109,36.541
53.881,113.606,41.109,36.541
55.256,114.675,41.109,36.541
53.881,113.300,41.109,36.541
54.951,112.231,41.109,36.541
53.575,112.078,41.109,36.541
54.951,113.759,41.109,36.541
53.881,112.995,41.109,36.541
55.562,114.675,41.109,36.541
54.492,113.300,41.109,36.541
55.256,113.453,41.109,36.541
54.798,114.217,41.109,36.541
55.867,114.370,41.109,36.541
55.409,112.995,41.109,36.541
55.256,114.064,41.109,36.541
55.103,113.606,41.109,36.541
55.983,113.259,40.232,35.762
55.834,113.708,40.232,35.762
56.881,114.156,40.232,35.762
57.030,113.409,40.232,35.762
56.282,113.259,40.232,35.762
57.030,114.306,40.232,35.762
56.282,113.558,40.232,35.762
57.329,114.605,40.232,35.762
56.881,113.558,40.232,35.762
58.226,115.203,40.232,35.762
57.180,113.558,40.232,35.762
56.731,113.110,40.232,35.762
57.778,113.259,40.232,35.762
57.927,111.614,40.232,35.762
57.180,112.960,40.232,35.762
57.628,114.007,40.232,35.762
58.376,113.857,40.232,35.762
57.927,112.811,40.232,35.762
57.479,113.558,40.232,35.762
59.124,113.110,40.232,35.762
58.376,113.857,40.232,35.762
59.124,114.306,40.232,35.762
58.675,113.558,40.232,35.762
60.021,113.110,40.232,35.762
58.974,112.362,40.232,35.762
59.423,112.212,40.232,35.762
59.871,112.063,40.232,35.762
60.320,114.007,40.232,35.762
59.273,114.754,40.232,35.762
60.021,113.708,40.232,35.762
59.273,112.960,40.232,35.762
60.021,114.007,40.232,35.762
60.469,113.558,40.232,35.762
60.619,114.007,40.232,35.762
61.666,113.857,40.232,35.762
61.217,114.007,40.232,35.762
61.067,114.754,40.232,35.762
60.918,114.904,40.232,35.762
60.768,114.156,40.232,35.762
62.114,114.904,40.232,35.762
61.067,114.156,40.232,35.762
60.619,113.110,40.232,35.762
61.965,114.754,40.232,35.762
61.217,114.605,40.232,35.762
60.768,115.053,40.232,35.762
61.815,115.502,40.232,35.762
61.366,113.857,40.232,35.762
60.918,113.708,40.232,35.762
60.469,113.259,40.232,35.762
61.516,112.811,40.232,35.762
60.768,113.857,40.232,35.762
61.516,113.110,40.232,35.762
60.768,112.960,40.232,35.762
60.619,112.212,40.232,35.762
60.170,112.661,40.232,35.762
59.722,113.409,40.232,35.762
60.170,112.960,40.232,35.762
59.722,113.708,40.232,35.762
60.170,112.960,40.232,35.762
60.021,113.110,40.232,35.762
59.273,113.259,40.232,35.762
59.124,114.007,40.232,35.762
58.675,115.652,40.232,35.762
59.722,115.203,40.232,35.762
58.974,114.754,40.232,35.762
58.824,114.904,40.232,35.762
59.871,115.652,40.232,35.762
59.722,114.306,40.232,35.762
59.871,114.156,40.232,35.762
59.722,112.811,40.232,35.762
59.572,114.156,40.232,35.762
59.423,112.811,40.232,35.762
59.572,114.455,40.232,35.762
60.433,112.963,39.374,34.999
59.116,113.695,39.374,34.999
60.433,111.792,39.374,34.999
59.409,112.231,39.374,34.999
59.263,112.963,39.374,34.999
60.580,113.109,39.374,34.999
59.263,114.426,39.374,34.999
60.287,114.573,39.374,34.999
59.848,113.841,39.374,34.999
59.702,113.695,39.374,34.999
60.141,115.304,39.374,34.999
60.873,115.744,39.374,34.999
60.141,115.597,39.374,34.999
60.873,114.865,39.374,34.999
59.848,116.183,39.374,34.999
60.580,115.743,39.374,34.999
60.141,115.890,39.374,34.999
61.165,116.329,39.374,34.999
60.434,115.597,39.374,34.999
59.994,114.865,39.374,34.999
63.360,113.841,39.374,34.999
61.751,113.402,39.374,34.999
61.457,115.160,40.000,36.000
64.295,114.087,39.374,34.999
64.441,113.356,39.374,34.999
62.246,114.965,39.374,34.999
63.177,112.301,40.245,35.774
62.266,114.233,41.136,36.565
60.384,113.035,42.046,37.374
61.165,115.067,42.046,37.374
59.565,113.843,42.976,38.201
60.363,113.683,42.976,38.201
60.843,115.440,42.976,38.201
60.363,113.683,42.976,38.201
60.843,114.482,42.976,38.201
61.457,115.160,40.000,36.000
61.457,115.160,40.000,36.000
61.457,115.160,40.000,36.000
61.457,115.160,40.000,36.000
61.457,115.667,40.000,36.000
61.459,116.005,42.060,37.386
61.302,115.848,42.060,37.386
61.146,115.067,42.060,37.386
60.990,114.910,42.060,37.386
60.521,114.129,42.060,37.386
60.677,114.285,42.060,37.386
61.459,114.754,42.060,37.386
61.302,113.660,42.060,37.386
60.026,112.435,42.990,38.213
60.825,112.915,42.990,38.213
60.184,111.663,43.941,39.059
60.020,112.153,43.941,39.059
61.817,113.296,43.941,39.059
61.813,114.500,43.004,38.226
61.334,113.700,43.004,38.226
61.494,114.819,43.004,38.226
62.293,113.700,43.004,38.226
62.133,114.180,43.004,38.226
61.653,113.381,43.004,38.226
61.174,113.541,43.004,38.226
60.694,112.422,43.004,38.226
61.813,111.942,43.004,38.226
61.014,111.143,43.004,38.226
61.174,112.582,43.004,38.226
61.014,111.783,43.004,38.226
60.854,112.582,43.004,38.226
60.694,112.102,43.004,38.226
60.691,112.664,42.087,37.411
61.160,114.072,42.087,37.411
61.629,112.977,42.087,37.411
60.847,114.072,42.087,37.411
61.942,113.602,42.087,37.411
60.847,115.010,42.087,37.411
61.316,114.541,42.087,37.411
61.473,115.323,42.087,37.411
61.004,114.228,42.087,37.411
61.160,113.759,42.087,37.411
61.942,113.290,42.087,37.411
61.473,112.820,42.087,37.411
60.378,113.915,42.087,37.411
61.160,114.697,42.087,37.411
61.942,113.602,42.087,37.411
61.473,114.697,42.087,37.411
60.065,114.228,42.087,37.411
60.534,114.072,42.087,37.411
59.752,115.167,42.087,37.411
59.596,114.072,42.087,37.411
59.752,115.792,42.087,37.411
59.596,115.323,42.087,37.411
59.439,115.167,42.087,37.411
60.221,114.072,42.087,37.411
59.439,115.792,42.087,37.411
60.847,114.697,42.087,37.411
60.378,113.602,42.087,37.411
61.160,114.072,42.087,37.411
60.691,113.290,42.087,37.411
59.596,113.759,42.087,37.411
59.127,112.664,42.087,37.411
59.283,111.569,42.087,37.411
59.439,112.038,42.087,37.411
60.534,110.630,42.087,37.411
59.127,112.038,42.087,37.411
59.596,110.943,42.087,37.411
58.814,112.038,42.087,37.411
58.657,113.133,42.087,37.411
59.439,112.038,42.087,37.411
59.596,112.820,42.087,37.411
59.127,112.351,42.087,37.411
58.344,113.759,42.087,37.411
59.752,112.977,42.087,37.411
58.344,112.195,42.087,37.411
58.814,112.664,42.087,37.411
58.657,113.759,42.087,37.411
58.501,112.977,42.087,37.411
58.032,111.569,42.087,37.411
58.501,112.351,42.087,37.411
58.032,111.256,42.087,37.411
59.127,111.725,42.087,37.411
58.823,110.175,43.018,38.239
58.344,110.335,43.018,38.239
58.184,111.135,43.018,38.239
58.663,110.016,43.018,38.239
58.184,111.135,43.018,38.239
57.210,110.214,43.970,39.085
56.720,111.685,43.970,39.085
56.556,112.829,43.970,39.085
56.066,111.685,43.970,39.085
55.903,112.829,43.970,39.085
57.374,111.685,43.970,39.085
56.883,112.829,43.970,39.085
56.720,112.665,43.970,39.085
57.537,113.482,43.970,39.085
58.027,112.665,43.970,39.085
57.537,115.444,43.970,39.085
58.354,116.588,43.970,39.085
57.537,113.809,43.970,39.085
57.047,111.685,43.970,39.085
56.230,109.560,43.970,39.085
55.412,110.051,43.970,39.085
58.244,112.200,43.032,38.251
57.764,111.080,43.032,38.251
56.965,112.200,43.032,38.251
59.044,113.639,43.032,38.251
57.924,114.759,43.032,38.251
60.079,116.246,42.115,37.435
58.983,114.211,42.115,37.435
60.392,115.307,42.115,37.435
59.609,114.837,42.115,37.435
59.453,112.802,42.115,37.435
59.296,111.081,42.115,37.435
61.644,109.985,42.115,37.435
60.548,110.141,42.115,37.435
60.079,109.985,42.115,37.435
61.487,110.141,42.115,37.435
60.392,110.298,42.115,37.435
62.114,111.394,42.115,37.435
61.331,110.611,42.115,37.435
62.740,111.707,42.115,37.435
61.644,110.611,42.115,37.435
61.174,112.020,42.115,37.435
63.522,109.985,42.115,37.435
62.427,109.515,42.115,37.435
64.775,111.237,42.115,37.435
63.053,111.707,42.115,37.435
62.270,110.298,42.115,37.435
64.931,111.394,42.115,37.435
63.522,109.985,42.115,37.435
63.366,111.707,42.115,37.435
64.462,112.802,42.115,37.435
63.366,111.081,42.115,37.435
65.714,111.863,42.115,37.435
63.992,110.141,42.115,37.435
65.088,111.863,42.115,37.435
64.305,110.141,42.115,37.435
65.401,111.863,42.115,37.435
64.618,110.141,42.115,37.435
63.835,112.176,42.115,37.435
64.931,111.394,42.115,37.435
64.462,112.802,42.115,37.435
63.679,110.768,42.115,37.435
65.088,112.802,42.115,37.435
64.305,111.707,42.115,37.435
66.027,112.802,42.115,37.435
64.749,111.901,43.047,38.264
64.269,113.341,43.047,38.264
65.709,112.861,43.047,38.264
64.589,113.981,43.047,38.264
65.709,111.581,43.047,38.264
66.014,112.760,42.129,37.448
67.736,113.543,42.129,37.448
66.953,113.073,42.129,37.448
67.736,113.856,42.129,37.448
67.266,113.073,42.129,37.448
68.675,114.482,42.129,37.448
67.893,114.326,42.129,37.448
68.675,115.109,42.129,37.448
68.206,114.639,42.129,37.448
68.989,115.735,42.129,37.448
68.519,114.326,42.129,37.448
68.049,114.482,42.129,37.448
68.519,113.073,42.129,37.448
67.110,114.169,42.129,37.448
68.519,113.386,42.129,37.448
67.423,114.169,42.129,37.448
69.145,114.952,42.129,37.448
67.736,113.230,42.129,37.448
67.579,114.326,42.129,37.448
67.110,116.361,42.129,37.448
67.893,116.518,42.129,37.448
67.423,117.614,42.129,37.448
67.444,115.738,43.061,38.276
66.964,116.858,43.061,38.276
65.844,115.418,43.061,38.276
66.004,116.218,43.061,38.276
65.204,114.457,43.061,38.276
66.964,116.218,43.061,38.276
65.524,114.777,43.061,38.276
65.043,116.858,43.061,38.276
66.804,116.698,43.061,38.276
66.004,116.538,43.061,38.276
66.804,117.658,43.061,38.276
66.004,116.858,43.061,38.276
65.524,115.098,43.061,38.276
65.364,113.337,43.061,38.276
67.444,112.537,43.061,38.276
66.644,114.297,43.061,38.276
66.164,113.817,43.061,38.276
68.628,115.922,42.142,37.460
67.219,114.513,42.142,37.460
68.315,115.922,42.142,37.460
67.845,114.513,42.142,37.460
67.375,115.922,42.142,37.460
69.411,114.199,42.142,37.460
68.315,114.669,42.142,37.460
68.785,115.452,42.142,37.460
68.002,113.729,42.142,37.460
69.411,112.633,42.142,37.460
68.628,114.043,42.142,37.460
67.845,112.946,42.142,37.460
69.255,113.729,42.142,37.460
69.098,113.573,42.142,37.460
67.819,113.971,43.075,38.289
67.659,112.850,43.075,38.289
68.780,114.291,43.075,38.289
67.659,113.491,43.075,38.289
68.460,114.291,43.075,38.289
68.300,112.850,43.075,38.289
68.460,113.330,43.075,38.289
68.940,112.210,43.075,38.289
68.460,113.010,43.075,38.289
68.620,113.491,43.075,38.289
67.819,113.971,43.075,38.289
68.300,112.530,43.075,38.289
68.460,113.651,43.075,38.289
69.260,114.771,43.075,38.289
68.460,115.892,43.075,38.289
67.980,115.092,43.075,38.289
67.179,115.572,43.075,38.289
68.300,114.131,43.075,38.289
67.499,112.690,43.075,38.289
67.019,114.131,43.075,38.289
68.140,112.690,43.075,38.289
67.339,114.451,43.075,38.289
66.539,113.330,43.075,38.289
65.738,114.451,43.075,38.289
65.578,113.651,43.075,38.289
64.778,114.451,43.075,38.289
63.803,113.197,44.028,39.136
65.276,114.343,44.028,39.136
64.457,113.197,44.028,39.136
64.294,114.015,44.028,39.136
64.130,112.870,44.028,39.136
63.312,112.052,44.028,39.136
65.112,114.179,44.028,39.136
64.294,114.343,44.028,39.136
65.439,114.179,44.028,39.136
64.948,114.670,44.028,39.136
67.076,113.524,44.028,39.136
66.257,115.324,44.028,39.136
66.094,114.833,44.028,39.136
65.603,114.015,44.028,39.136
68.057,112.870,44.028,39.136
67.239,113.033,44.028,39.136
67.076,113.524,44.028,39.136
67.894,112.379,44.028,39.136
69.366,114.833,44.028,39.136
68.548,114.997,44.028,39.136
69.366,116.143,44.028,39.136
69.203,115.324,44.028,39.136
69.366,114.833,44.028,39.136
70.839,115.652,44.028,39.136
70.348,115.161,44.028,39.136
70.839,115.652,44.028,39.136
71.330,114.506,44.028,39.136
70.512,114.015,44.028,39.136
71.657,115.161,44.028,39.136
71.166,115.652,44.028,39.136
70.348,114.833,44.028,39.136
70.371,113.891,45.002,40.002
70.740,112.928,45.998,40.887
69.699,112.298,47.015,41.791
68.635,113.105,48.055,42.716
69.171,114.355,48.055,42.716
68.993,112.748,48.055,42.716
69.886,114.713,48.055,42.716
69.350,113.462,48.055,42.716
70.957,112.212,48.055,42.716
69.707,112.391,48.055,42.716
69.171,113.641,48.055,42.716
70.779,114.534,48.055,42.716
69.886,115.427,48.055,42.716
69.350,114.891,48.055,42.716
70.600,114.713,48.055,42.716
70.064,113.820,48.055,42.716
71.782,113.759,47.031,41.805
71.257,111.836,47.031,41.805
70.034,110.263,47.031,41.805
69.160,109.389,47.031,41.805
70.034,110.612,47.031,41.805
69.160,108.689,47.031,41.805
68.286,109.563,47.031,41.805
68.810,109.389,47.031,41.805
69.335,109.913,47.031,41.805
67.908,108.181,48.071,42.730
67.014,106.930,48.071,42.730
66.836,108.896,48.071,42.730
66.657,108.717,48.071,42.730
67.193,109.610,48.071,42.730
68.086,108.360,48.071,42.730
66.836,108.896,48.071,42.730
66.300,109.074,48.071,42.730
66.121,108.896,48.071,42.730
67.014,108.360,48.071,42.730
66.478,107.466,48.071,42.730
66.300,108.360,48.071,42.730
66.121,107.824,48.071,42.730
65.942,108.002,48.071,42.730
66.836,108.896,48.071,42.730
66.657,108.002,48.071,42.730
66.121,108.896,48.071,42.730
66.300,108.002,48.071,42.730
67.550,109.253,48.071,42.730
65.942,108.002,48.071,42.730
67.193,109.968,48.071,42.730
65.734,108.197,49.135,43.675
65.917,108.015,49.135,43.675
67.673,107.600,48.087,42.744
65.472,107.684,49.151,43.690
65.289,106.771,49.151,43.690
66.203,108.415,49.151,43.690
64.924,107.867,49.151,43.690
64.741,106.588,49.151,43.690
66.020,107.867,49.151,43.690
64.376,106.222,49.151,43.690
65.655,106.771,49.151,43.690
64.741,105.492,49.151,43.690
64.559,106.405,49.151,43.690
64.011,107.319,49.151,43.690
63.463,106.405,49.151,43.690
63.645,106.222,49.151,43.690
63.097,105.674,49.151,43.690
62.549,105.126,49.151,43.690
64.193,106.405,49.151,43.690
62.915,105.857,49.151,43.690
63.463,105.674,49.151,43.690
62.549,105.857,49.151,43.690
62.001,106.771,49.151,43.690
61.819,106.588,49.151,43.690
62.001,108.232,49.151,43.690
60.722,107.319,49.151,43.690
62.001,107.867,49.151,43.690
60.357,106.953,49.151,43.690
61.271,107.501,49.151,43.690
60.357,108.780,49.151,43.690
60.174,107.501,49.151,43.690
60.357,109.145,49.151,43.690
59.809,107.867,49.151,43.690
59.626,107.684,49.151,43.690
59.444,108.597,49.151,43.690
59.992,109.876,49.151,43.690
59.078,108.597,49.151,43.690
59.779,110.296,48.103,42.758
59.957,109.402,48.103,42.758
59.779,110.653,48.103,42.758
59.242,109.759,48.103,42.758
60.851,111.011,48.103,42.758
59.957,112.620,48.103,42.758
59.421,110.653,48.103,42.758
60.672,112.262,48.103,42.758
58.706,110.653,48.103,42.758
59.600,111.547,48.103,42.758
59.063,110.296,48.103,42.758
59.242,109.759,48.103,42.758
58.706,110.653,48.103,42.758
58.170,111.190,48.103,42.758
58.348,109.938,48.103,42.758
58.885,111.547,48.103,42.758
57.991,111.726,48.103,42.758
58.885,111.547,48.103,42.758
57.991,109.938,48.103,42.758
57.454,111.190,48.103,42.758
56.560,110.296,48.103,42.758
58.624,111.269,47.077,41.846
58.099,112.493,47.077,41.846
58.095,113.108,46.073,40.954
59.082,111.729,45.091,40.080
59.585,112.232,45.091,40.080
58.076,110.389,45.091,40.080
59.585,111.227,45.091,40.080
58.747,111.729,45.091,40.080
57.378,112.155,46.088,40.967
59.356,113.087,45.105,40.094
59.998,112.707,44.143,39.239
58.194,112.215,44.143,39.239
58.686,112.707,44.143,39.239
58.522,112.871,44.143,39.239
58.358,113.035,44.143,39.239
58.194,112.871,44.143,39.239
58.030,113.363,44.143,39.239
57.537,113.527,44.143,39.239
58.358,112.707,44.143,39.239
57.537,111.887,44.143,39.239
57.373,112.379,44.143,39.239
57.209,113.527,44.143,39.239
58.358,112.707,44.143,39.239
57.537,112.543,44.143,39.239
58.358,113.363,44.143,39.239
57.537,113.855,44.143,39.239
57.373,113.691,44.143,39.239
57.209,112.871,44.143,39.239
58.358,113.363,44.143,39.239
57.537,112.215,44.143,39.239
55.857,110.930,45.120,40.107
55.690,113.110,45.120,40.107
55.187,111.600,45.120,40.107
57.031,113.110,45.120,40.107
56.864,111.936,45.120,40.107
59.123,114.141,44.158,39.251
57.646,113.649,44.158,39.251
57.482,112.500,44.158,39.251
58.302,112.336,44.158,39.251
57.810,113.485,44.158,39.251
56.989,112.008,44.158,39.251
56.169,113.813,44.158,39.251
56.989,112.993,44.158,39.251
56.825,114.470,44.158,39.251
57.974,113.649,44.158,39.251
57.482,112.500,44.158,39.251
58.630,113.321,44.158,39.251
58.466,114.470,44.158,39.251
57.646,112.993,44.158,39.251
58.794,114.798,44.158,39.251
57.974,113.321,44.158,39.251
57.482,115.126,44.158,39.251
57.646,113.321,44.158,39.251
58.138,113.157,44.158,39.251
57.317,112.008,44.158,39.251
58.896,115.116,43.216,38.414
59.202,115.990,42.295,37.595
59.044,114.889,42.295,37.595
58.887,113.789,42.295,37.595
59.359,114.260,42.295,37.595
58.887,115.046,42.295,37.595
59.988,113.632,42.295,37.595
60.459,115.361,42.295,37.595
59.359,113.946,42.295,37.595
59.830,115.046,42.295,37.595
60.616,114.260,42.295,37.595
61.088,113.160,42.295,37.595
62.188,115.204,42.295,37.595
61.717,114.732,42.295,37.595
61.874,114.889,42.295,37.595
62.345,113.789,42.295,37.595
63.760,114.889,42.295,37.595
62.345,113.789,42.295,37.595
64.389,115.204,42.295,37.595
63.289,114.418,42.295,37.595
64.703,116.461,42.295,37.595
64.700,117.317,41.393,36.793
64.238,117.163,41.393,36.793
65.931,116.701,41.393,36.793
65.161,116.547,41.393,36.793
65.623,118.240,41.393,36.793
66.084,117.163,41.393,36.793
67.161,116.086,41.393,36.793
67.930,115.009,41.393,36.793
67.161,113.932,41.393,36.793
68.854,115.624,41.393,36.793
68.084,116.394,41.393,36.793
69.777,116.547,41.393,36.793
69.007,116.086,41.393,36.793
70.700,115.009,41.393,36.793
69.930,115.778,41.393,36.793
71.315,117.470,41.393,36.793
70.854,117.932,41.393,36.793
72.238,118.086,41.393,36.793
73.007,117.932,41.393,36.793
72.853,117.470,41.393,36.793
74.238,119.163,41.393,36.793
74.700,118.086,41.393,36.793
74.238,117.932,41.393,36.793
76.546,115.932,41.393,36.793
75.469,115.778,41.393,36.793
75.623,115.317,41.393,36.793
77.623,115.471,41.393,36.793
76.546,115.624,41.393,36.793
77.930,115.778,41.393,36.793
79.113,116.615,40.510,36.009
79.866,117.368,40.510,36.009
80.153,118.768,39.646,35.241
81.184,118.915,39.646,35.241
81.332,118.473,39.646,35.241
82.363,119.505,39.646,35.241
82.805,118.473,39.646,35.241
82.658,117.442,39.646,35.241
84.573,116.705,39.646,35.241
85.015,117.442,39.646,35.241
84.868,117.000,39.646,35.241
85.605,117.736,39.646,35.241
87.590,117.686,38.801,34.489
88.599,119.272,38.801,34.489
88.455,118.263,38.801,34.489
90.041,118.119,38.801,34.489
89.609,119.128,38.801,34.489
90.618,117.830,38.801,34.489
90.762,117.398,38.801,34.489
92.349,116.388,38.801,34.489
93.070,115.956,38.801,34.489
92.925,114.946,38.801,34.489
94.223,116.533,38.801,34.489
93.791,117.254,38.801,34.489
95.089,116.821,38.801,34.489
95.521,117.830,38.801,34.489
97.108,117.686,38.801,34.489
96.963,118.984,38.801,34.489
97.108,119.128,38.801,34.489
98.117,119.272,38.801,34.489
97.973,119.705,38.801,34.489
98.982,119.561,38.801,34.489
99.126,118.840,38.801,34.489
99.271,117.830,38.801,34.489
100.280,119.128,38.801,34.489
99.847,121.003,38.801,34.489
99.703,120.570,38.801,34.489
99.847,120.138,38.801,34.489
100.569,119.417,38.801,34.489
101.290,120.138,38.801,34.489
100.857,120.859,38.801,34.489
100.424,120.138,38.801,34.489
101.434,119.705,38.801,34.489
101.001,118.407,38.801,34.489
100.569,117.398,38.801,34.489
101.578,116.965,38.801,34.489
101.145,116.821,38.801,34.489
101.001,115.811,38.801,34.489
100.569,115.379,38.801,34.489
101.578,117.254,38.801,34.489
100.857,116.821,38.801,34.489
99.559,116.677,38.801,34.489
100.569,118.840,38.801,34.489
100.136,118.407,38.801,34.489
98.838,117.109,38.801,34.489
100.424,118.984,38.801,34.489
100.280,124.608,38.801,34.489
99.559,123.599,38.801,34.489
99.126,122.878,38.801,34.489
98.405,121.868,38.801,34.489
98.838,118.263,38.801,34.489
97.540,116.100,38.801,34.489
98.261,117.398,38.801,34.489
97.702,117.349,37.973,33.754
97.561,117.490,37.973,33.754
97.137,117.631,37.973,33.754
97.561,116.361,37.973,33.754
96.855,115.373,37.973,33.754
96.714,115.232,37.973,33.754
96.291,116.502,37.973,33.754
97.279,116.361,37.973,33.754
97.137,115.655,37.973,33.754
96.714,115.232,37.973,33.754
96.291,115.937,37.973,33.754
96.149,115.232,37.973,33.754
95.726,115.655,37.973,33.754
96.432,114.102,37.973,33.754
96.291,115.090,37.973,33.754
95.867,116.925,37.973,33.754
96.291,117.913,37.973,33.754
95.585,116.643,37.973,33.754
94.879,115.373,37.973,33.754
95.303,116.078,37.973,33.754
95.162,115.373,37.973,33.754
95.020,116.925,37.973,33.754
94.597,115.655,37.973,33.754
94.174,116.078,37.973,33.754
94.032,116.784,37.973,33.754
94.738,117.772,37.973,33.754
94.032,117.066,37.973,33.754
95.020,118.054,37.973,33.754
94.597,116.784,37.973,33.754
93.891,115.796,37.973,33.754
95.162,115.655,37.973,33.754
94.738,116.925,37.973,33.754
94.315,117.066,37.973,33.754
95.585,117.490,37.973,33.754
94.879,118.195,37.973,33.754
94.456,117.207,37.973,33.754
96.291,117.349,37.973,33.754
95.867,118.336,37.973,33.754
95.162,117.349,37.973,33.754
94.009,116.243,38.813,34.501
95.308,115.810,38.813,34.501
96.029,115.089,38.813,34.501
95.596,115.233,38.813,34.501
94.875,116.243,38.813,34.501
95.596,115.522,38.813,34.501
95.163,116.243,38.813,34.501
96.173,114.945,38.813,34.501
95.740,116.243,38.813,34.501
95.596,115.810,38.813,34.501
95.452,116.532,38.813,34.501
96.750,117.253,38.813,34.501
96.317,115.954,38.813,34.501
97.616,116.676,38.813,34.501
96.894,116.532,38.813,34.501
97.039,115.810,38.813,34.501
97.471,114.223,38.813,34.501
98.193,114.945,38.813,34.501
98.914,114.512,38.813,34.501
98.770,115.810,38.813,34.501
99.203,115.666,38.813,34.501
99.347,117.253,38.813,34.501
100.068,115.666,38.813,34.501
99.924,116.964,38.813,34.501
100.357,115.377,38.813,34.501
101.078,116.387,38.813,34.501
100.934,115.666,38.813,34.501
100.789,116.387,38.813,34.501
101.222,115.666,38.813,34.501
101.078,114.368,38.813,34.501
100.357,115.666,38.813,34.501
102.232,114.368,38.813,34.501
101.354,114.435,39.672,35.264
101.206,115.762,39.672,35.264
101.354,116.204,39.672,35.264
100.911,114.288,39.672,35.264
101.059,115.615,39.672,35.264
100.911,116.647,39.672,35.264
100.764,116.794,39.672,35.264
100.321,117.531,39.672,35.264
100.647,115.764,40.550,36.044
100.195,114.408,40.550,36.044
101.853,115.764,40.550,36.044
101.702,114.408,40.550,36.044
101.250,116.669,40.550,36.044
101.100,115.312,40.550,36.044
102.155,116.669,40.550,36.044
102.004,115.312,40.550,36.044
101.853,115.162,40.550,36.044
103.210,113.805,40.550,36.044
102.757,114.860,40.550,36.044
102.607,115.614,40.550,36.044
102.757,114.559,40.550,36.044
102.305,115.312,40.550,36.044
102.155,116.669,40.550,36.044
103.812,115.614,40.550,36.044
103.059,116.066,40.550,36.044
102.607,116.518,40.550,36.044
102.456,114.860,40.550,36.044
101.702,116.518,40.550,36.044
103.662,116.367,40.550,36.044
102.908,117.422,40.550,36.044
102.757,116.669,40.550,36.044
104.415,115.312,40.550,36.044
103.662,116.970,40.550,36.044
103.511,116.518,40.550,36.044
103.360,117.573,40.550,36.044
103.210,115.915,40.550,36.044
105.169,116.970,40.550,36.044
104.415,115.915,40.550,36.044
103.662,115.463,40.550,36.044
104.717,117.121,40.550,36.044
103.963,118.176,40.550,36.044
105.319,116.518,40.550,36.044
104.566,115.463,40.550,36.044
104.415,117.121,40.550,36.044
103.963,116.669,40.550,36.044
105.018,115.915,40.550,36.044
104.264,115.463,40.550,36.044
103.812,117.422,40.550,36.044
102.582,115.616,41.447,36.842
102.120,115.462,41.447,36.842
103.198,115.616,41.447,36.842
103.044,114.846,41.447,36.842
102.890,115.924,41.447,36.842
102.120,116.695,41.447,36.842
101.658,115.000,41.447,36.842
101.504,114.230,41.447,36.842
101.042,116.232,41.447,36.842
102.120,116.695,41.447,36.842
102.890,115.616,41.447,36.842
102.428,114.230,41.447,36.842
101.658,116.232,41.447,36.842
102.428,115.770,41.447,36.842
101.966,115.000,41.447,36.842
102.736,114.538,41.447,36.842
101.966,115.616,41.447,36.842
101.504,113.922,41.447,36.842
101.350,115.000,41.447,36.842
100.731,113.793,42.364,37.657
100.574,114.266,42.364,37.657
100.416,115.368,42.364,37.657
101.204,113.951,42.364,37.657
100.731,115.368,42.364,37.657
99.773,112.828,43.301,38.490
99.933,112.989,43.301,38.490
99.451,114.437,43.301,38.490
100.255,113.311,43.301,38.490
99.451,112.506,43.301,38.490
99.290,113.954,43.301,38.490
99.451,114.115,43.301,38.490
99.290,113.632,43.301,38.490
99.129,113.472,43.301,38.490
98.968,112.023,43.301,38.490
98.807,113.472,43.301,38.490
100.899,112.667,43.301,38.490
99.773,114.437,43.301,38.490
98.793,113.176,44.259,39.342
98.628,114.986,44.259,39.342
98.135,115.808,44.259,39.342
99.615,116.960,44.259,39.342
98.793,115.479,44.259,39.342
98.299,117.289,44.259,39.342
99.780,116.137,44.259,39.342
98.957,116.302,44.259,39.342
98.793,116.137,44.259,39.342
98.628,115.644,44.259,39.342
97.806,117.453,44.259,39.342
98.957,117.289,44.259,39.342
98.464,118.440,44.259,39.342
97.121,117.493,45.239,40.212
96.097,116.525,46.239,41.102
96.269,115.666,46.239,41.102
97.472,116.869,46.239,41.102
96.612,116.009,46.239,41.102
96.441,116.181,46.239,41.102
96.269,116.697,46.239,41.102
95.753,115.838,46.239,41.102
98.400,116.773,45.253,40.225
97.222,116.941,45.253,40.225
96.718,117.446,45.253,40.225
96.886,116.268,45.253,40.225
96.381,117.446,45.253,40.225
96.213,115.932,45.253,40.225
95.036,118.118,45.253,40.225
97.302,118.061,44.288,39.367
97.137,118.225,44.288,39.367
96.314,117.732,44.288,39.367
96.808,118.225,44.288,39.367
96.314,117.073,44.288,39.367
96.808,118.555,44.288,39.367
95.985,118.061,44.288,39.367
95.820,118.555,44.288,39.367
96.972,117.732,44.288,39.367
96.478,117.896,44.288,39.367
95.655,116.744,44.288,39.367
95.491,117.896,44.288,39.367
95.326,118.390,44.288,39.367
96.808,119.213,44.288,39.367
95.655,119.049,44.288,39.367
95.162,117.896,44.288,39.367
96.314,117.073,44.288,39.367
95.491,118.555,44.288,39.367
95.326,118.061,44.288,39.367
95.690,116.771,45.268,40.238
94.849,118.286,45.268,40.238
94.523,117.317,46.270,41.129
94.007,117.489,46.270,41.129
93.491,116.973,46.270,41.129
93.319,117.145,46.270,41.129
94.867,115.941,46.270,41.129
94.007,117.489,46.270,41.129
93.835,116.285,46.270,41.129
94.695,116.113,46.270,41.129
93.835,117.661,46.270,41.129
94.695,116.113,46.270,41.129
93.835,115.597,46.270,41.129
93.663,115.081,46.270,41.129
93.835,116.629,46.270,41.129
93.663,116.457,46.270,41.129
93.147,115.253,46.270,41.129
92.975,117.145,46.270,41.129
92.459,116.285,46.270,41.129
91.769,115.652,47.294,42.039
91.945,117.585,47.294,42.039
92.823,116.706,47.294,42.039
92.296,117.234,47.294,42.039
92.823,116.355,47.294,42.039
92.648,116.531,47.294,42.039
92.120,117.058,47.294,42.039
93.702,116.882,47.294,42.039
93.175,117.761,47.294,42.039
93.702,116.882,47.294,42.039
93.175,116.355,47.294,42.039
94.405,114.773,47.294,42.039
93.527,116.003,47.294,42.039
94.054,115.827,47.294,42.039
95.636,116.706,47.294,42.039
94.405,116.179,47.294,42.039
95.284,117.058,47.294,42.039
96.866,115.827,47.294,42.039
95.987,117.409,47.294,42.039
97.569,116.882,47.294,42.039
96.691,118.113,47.294,42.039
96.515,116.531,47.294,42.039
97.745,116.706,47.294,42.039
98.624,116.179,47.294,42.039
98.448,116.355,47.294,42.039
99.327,117.234,47.294,42.039
100.558,116.355,47.294,42.039
99.327,116.531,47.294,42.039
101.261,116.003,47.294,42.039
102.140,116.179,47.294,42.039
101.261,116.706,47.294,42.039
102.140,115.827,47.294,42.039
103.370,114.949,47.294,42.039
102.140,117.234,47.294,42.039
102.528,114.763,48.340,42.969
103.786,113.864,48.340,42.969
102.887,116.559,48.340,42.969
103.426,114.942,48.340,42.969
104.325,116.559,48.340,42.969
103.786,114.583,48.340,42.969
102.692,115.785,49.409,43.920
103.977,114.500,49.409,43.920
103.794,116.152,49.409,43.920
103.610,114.500,49.409,43.920
104.016,115.348,50.503,44.891
103.453,114.784,50.503,44.891
105.142,114.597,50.503,44.891
104.579,115.535,50.503,44.891
106.268,115.723,50.503,44.891
105.705,113.658,50.503,44.891
105.341,113.746,51.620,45.884
104.766,112.403,51.620,45.884
105.725,114.513,51.620,45.884
105.150,114.321,51.620,45.884
106.876,114.130,51.620,45.884
106.684,114.321,51.620,45.884
107.644,114.897,51.620,45.884
107.068,113.554,51.620,45.884
107.644,116.432,51.620,45.884
106.874,114.531,52.762,46.900
108.246,116.688,52.762,46.900
107.658,115.315,52.762,46.900
106.464,113.372,53.929,47.937
108.669,115.577,53.929,47.937
107.667,114.174,53.929,47.937
106.862,112.188,55.123,48.998
107.886,111.573,55.123,48.998
107.682,110.959,55.123,48.998
107.477,113.622,55.123,48.998
107.682,111.369,55.123,48.998
107.477,112.803,55.123,48.998
107.272,110.549,55.123,48.998
108.706,110.344,55.123,48.998
106.608,110.865,56.342,50.082
106.399,109.399,56.342,50.082
104.933,111.703,56.342,50.082
105.830,109.193,57.589,51.190
104.332,107.695,57.589,51.190
105.830,110.477,57.589,51.190
109.255,114.359,55.000,49.000
105.822,112.838,57.589,51.190
103.896,112.624,57.589,51.190
104.304,114.614,56.361,50.098
103.256,113.148,56.361,50.098
104.723,112.519,56.361,50.098
103.256,110.634,56.361,50.098
102.628,111.262,56.361,50.098
102.000,112.310,56.361,50.098
101.790,110.005,56.361,50.098
101.581,111.053,56.361,50.098
100.533,109.168,56.361,50.098
102.000,111.472,56.361,50.098
100.533,110.005,56.361,50.098
100.324,111.891,56.361,50.098
100.114,112.519,56.361,50.098
102.419,111.472,56.361,50.098
99.839,108.962,57.608,51.207
100.481,110.460,57.608,51.207
101.552,111.103,57.608,51.207
100.910,109.176,57.608,51.207
101.552,111.103,57.608,51.207
101.338,108.748,57.608,51.207
101.552,110.675,57.608,51.207
102.194,110.460,57.608,51.207
101.124,109.390,57.608,51.207
103.051,110.032,57.608,51.207
101.980,108.533,57.608,51.207
103.479,110.889,57.608,51.207
103.265,110.246,57.608,51.207
103.051,109.176,57.608,51.207
105.935,111.579,56.379,50.115
105.306,110.112,56.379,50.115
105.516,112.836,56.379,50.115
104.887,113.884,56.379,50.115
107.192,115.770,56.379,50.115
106.564,114.303,56.379,50.115
106.354,113.255,56.379,50.115
106.145,114.722,56.379,50.115
108.450,112.417,56.379,50.115
106.983,110.950,56.379,50.115
106.773,109.065,56.379,50.115
107.821,108.017,56.379,50.115
107.192,110.741,56.379,50.115
107.821,108.855,56.379,50.115
107.192,106.969,56.379,50.115
109.078,108.855,56.379,50.115
108.030,108.645,56.379,50.115
108.659,110.950,56.379,50.115
108.030,109.484,56.379,50.115
109.078,110.950,56.379,50.115
108.450,110.322,56.379,50.115
108.240,111.789,56.379,50.115
108.030,111.579,56.379,50.115
108.240,111.789,56.379,50.115
108.450,113.255,56.379,50.115
107.402,113.884,56.379,50.115
107.192,113.674,56.379,50.115
110.015,113.603,55.177,49.046
108.990,112.167,55.177,49.046
107.554,112.783,55.177,49.046
107.349,111.347,55.177,49.046
109.195,110.732,55.177,49.046
107.759,109.707,55.177,49.046
107.144,110.322,55.177,49.046
106.529,110.117,55.177,49.046
108.105,110.837,54.000,48.000
107.102,109.834,54.000,48.000
105.697,110.035,54.000,48.000
107.102,110.235,54.000,48.000
105.697,111.640,54.000,48.000
103.642,110.484,55.195,49.062
103.847,111.920,55.195,49.062
102.822,114.177,55.195,49.062
105.980,115.689,54.018,48.016
104.575,115.086,54.018,48.016
102.103,113.930,55.213,49.078
103.539,114.136,55.213,49.078
102.103,113.930,55.213,49.078
101.487,113.315,55.213,49.078
100.872,113.520,55.213,49.078
101.898,112.083,55.213,49.078
100.461,112.699,55.213,49.078
99.435,112.083,55.213,49.078
98.820,113.520,55.213,49.078
101.487,113.315,55.213,49.078
100.051,113.520,55.213,49.078
99.435,114.136,55.213,49.078
98.820,115.572,55.213,49.078
101.077,114.956,55.213,49.078
100.051,116.803,55.213,49.078
99.025,116.188,55.213,49.078
101.789,115.722,54.036,48.032
100.383,115.120,54.036,48.032
99.160,113.963,55.231,49.094
101.008,112.937,55.231,49.094
99.571,113.142,55.231,49.094
98.545,114.579,55.231,49.094
99.982,114.784,55.231,49.094
99.776,116.221,55.231,49.094
99.160,117.247,55.231,49.094
100.597,116.632,55.231,49.094
99.571,116.837,55.231,49.094
100.597,117.042,55.231,49.094
99.571,116.426,55.231,49.094
99.776,116.221,55.231,49.094
99.982,116.016,55.231,49.094
99.776,115.400,55.231,49.094
99.571,116.426,55.231,49.094
100.597,116.221,55.231,49.094
99.982,117.247,55.231,49.094
100.187,117.453,55.231,49.094
100.578,116.987,54.053,48.047
101.582,115.982,54.053,48.047
100.176,116.585,54.053,48.047
100.779,118.393,54.053,48.047
100.176,118.192,54.053,48.047
99.573,118.393,54.053,48.047
101.382,118.192,54.053,48.047
100.377,117.991,54.053,48.047
99.373,116.987,54.053,48.047
100.779,117.590,54.053,48.047
99.774,118.594,54.053,48.047
102.093,118.526,52.901,47.023
100.717,117.542,52.901,47.023
100.127,116.559,52.901,47.023
101.897,115.576,52.901,47.023
100.914,116.559,52.901,47.023
99.931,116.363,52.901,47.023
100.521,118.526,52.901,47.023
100.717,116.756,52.901,47.023
99.734,116.166,52.901,47.023
99.144,117.542,52.901,47.023
101.307,116.559,52.901,47.023
99.931,117.542,52.901,47.023
99.341,116.953,52.901,47.023
99.144,117.149,52.901,47.023
98.948,116.953,52.901,47.023
98.751,116.756,52.901,47.023
98.161,116.953,52.901,47.023
97.965,116.756,52.901,47.023
98.948,116.559,52.901,47.023
97.965,117.936,52.901,47.023
99.855,117.490,51.773,46.020
98.893,118.837,51.773,46.020
98.316,117.490,51.773,46.020
98.893,118.837,51.773,46.020
97.546,117.874,51.773,46.020
100.048,116.912,51.773,46.020
99.085,117.105,51.773,46.020
98.123,117.682,51.773,46.020
97.546,117.105,51.773,46.020
99.278,117.297,51.773,46.020
98.316,117.490,51.773,46.020
98.123,117.297,51.773,46.020
97.161,116.720,51.773,46.020
98.123,116.143,51.773,46.020
97.161,116.335,51.773,46.020
98.123,117.297,51.773,46.020
98.316,117.105,51.773,46.020
97.739,116.527,51.773,46.020
96.776,115.950,51.773,46.020
98.508,117.682,51.773,46.020
97.931,117.490,51.773,46.020
97.739,118.837,51.773,46.020
99.960,118.029,50.668,45.039
99.018,117.087,50.668,45.039
100.713,116.146,50.668,45.039
99.395,117.087,50.668,45.039
100.843,118.838,49.588,44.078
99.720,118.159,50.685,45.053
101.039,117.594,50.685,45.053
99.501,117.291,51.806,46.050
101.234,117.484,51.806,46.050
100.271,116.906,51.806,46.050
100.849,116.714,51.806,46.050
100.271,116.906,51.806,46.050
101.234,115.943,51.806,46.050
102.197,115.366,51.806,46.050
101.234,115.558,51.806,46.050
102.967,115.751,51.806,46.050
102.004,116.328,51.806,46.050
102.967,115.751,51.806,46.050
102.389,114.018,51.806,46.050
104.122,114.981,51.806,46.050
103.160,115.558,51.806,46.050
105.278,114.981,51.806,46.050
104.315,115.558,51.806,46.050
104.892,114.596,51.806,46.050
103.930,115.943,51.806,46.050
107.266,115.506,50.702,45.068
105.570,116.449,50.702,45.068
107.745,118.201,49.620,44.107
107.741,117.427,48.562,43.166
108.283,116.524,48.562,43.166
107.380,116.705,48.562,43.166
109.004,116.163,48.562,43.166
109.546,117.066,48.562,43.166
108.283,117.246,48.562,43.166
109.546,116.705,48.562,43.166
109.365,117.607,48.562,43.166
108.463,117.788,48.562,43.166
110.087,118.690,48.562,43.166
109.546,119.232,48.562,43.166
109.365,118.690,48.562,43.166
109.185,119.232,48.562,43.166
111.531,117.968,48.562,43.166
109.907,117.788,48.562,43.166
110.809,119.412,48.562,43.166
109.185,118.871,48.562,43.166
110.809,119.051,48.562,43.166
109.185,118.149,48.562,43.166
109.877,120.175,47.527,42.246
109.534,118.058,48.578,43.181
108.632,119.322,48.578,43.181
109.895,119.502,48.578,43.181
109.354,119.322,48.578,43.181
108.812,118.780,48.578,43.181
110.437,118.599,48.578,43.181
109.173,119.141,48.578,43.181
110.076,117.877,48.578,43.181
109.534,119.863,48.578,43.181
108.993,118.961,48.578,43.181
110.256,117.697,48.578,43.181
108.993,119.322,48.578,43.181
110.256,117.697,48.578,43.181
108.993,118.599,48.578,43.181
110.256,118.058,48.578,43.181
108.632,117.155,48.578,43.181
110.256,117.336,48.578,43.181
108.993,118.599,48.578,43.181
109.173,117.697,48.578,43.181
110.076,119.683,48.578,43.181
108.812,117.697,48.578,43.181
108.270,116.433,48.578,43.181
107.368,115.891,48.578,43.181
109.354,117.155,48.578,43.181
107.505,116.115,49.653,44.136
107.321,116.669,49.653,44.136
107.505,115.008,49.653,44.136
107.321,115.193,49.653,44.136
107.136,116.115,49.653,44.136
106.012,114.287,50.752,45.113
106.201,113.721,50.752,45.113
104.881,115.041,50.752,45.113
106.578,114.098,50.752,45.113
105.258,113.910,50.752,45.113
104.315,115.230,50.752,45.113
106.856,115.529,49.669,44.150
105.194,114.606,49.669,44.150
104.640,115.529,49.669,44.150
106.671,113.868,49.669,44.150
104.640,114.791,49.669,44.150
106.302,114.237,49.669,44.150
104.029,112.791,50.768,45.127
105.350,113.734,50.768,45.127
103.651,112.791,50.768,45.127
104.217,112.602,50.768,45.127
102.897,112.414,50.768,45.127
104.595,112.225,50.768,45.127
103.274,111.659,50.768,45.127
103.085,112.225,50.768,45.127
104.029,110.904,50.768,45.127
102.708,112.602,50.768,45.127
102.142,111.659,50.768,45.127
102.708,112.980,50.768,45.127
102.519,112.414,50.768,45.127
101.953,112.602,50.768,45.127
103.651,112.414,50.768,45.127
101.953,111.470,50.768,45.127
104.131,111.769,49.686,44.165
102.839,111.954,49.686,44.165
102.481,110.508,50.785,45.142
102.292,109.564,50.785,45.142
102.103,108.998,50.785,45.142
101.159,109.186,50.785,45.142
102.103,110.130,50.785,45.142
100.562,108.652,51.908,46.141
99.983,110.002,51.908,46.141
100.562,109.037,51.908,46.141
99.597,108.459,51.908,46.141
99.405,110.195,51.908,46.141
98.826,109.616,51.908,46.141
99.405,110.195,51.908,46.141
98.440,108.845,51.908,46.141
97.861,110.581,51.908,46.141
98.440,111.160,51.908,46.141
97.475,110.581,51.908,46.141
96.896,112.317,51.908,46.141
97.475,112.510,51.908,46.141
96.896,113.089,51.908,46.141
96.318,113.282,51.908,46.141
95.739,114.632,51.908,46.141
95.546,115.211,51.908,46.141
95.353,115.790,51.908,46.141
94.388,116.369,51.908,46.141
93.810,116.562,51.908,46.141
94.774,115.983,51.908,46.141
93.810,116.947,51.908,46.141
93.231,116.755,51.908,46.141
91.880,118.491,51.908,46.141
92.992,117.309,50.802,45.157
92.048,118.631,50.802,45.157
92.236,117.687,50.802,45.157
91.292,117.876,50.802,45.157
91.104,117.309,50.802,45.157
89.170,116.222,51.926,46.156
91.398,118.388,50.818,45.172
90.076,117.066,50.818,45.172
89.132,116.877,50.818,45.172
90.076,117.066,50.818,45.172
88.534,115.587,51.943,46.171
87.955,116.552,51.943,46.171
88.148,114.814,51.943,46.171
87.183,115.008,51.943,46.171
89.783,114.569,50.835,45.187
88.083,113.625,50.835,45.187
86.760,113.436,50.835,45.187
86.949,112.491,50.835,45.187
86.760,112.302,50.835,45.187
86.571,114.381,50.835,45.187
86.931,113.223,49.751,44.223
88.226,112.299,49.751,44.223
86.192,112.854,49.751,44.223
85.637,112.669,49.751,44.223
87.301,112.854,49.751,44.223
85.637,113.408,49.751,44.223
87.301,112.854,49.751,44.223
85.267,114.148,49.751,44.223
84.712,112.854,49.751,44.223
85.637,112.299,49.751,44.223
85.082,112.484,49.751,44.223
86.007,113.038,49.751,44.223
84.712,113.223,49.751,44.223
84.528,113.038,49.751,44.223
83.973,112.114,49.751,44.223
84.897,112.669,49.751,44.223
83.603,114.333,49.751,44.223
84.897,112.669,49.751,44.223
83.004,111.220,50.852,45.201
81.681,112.543,50.852,45.201
82.626,110.842,50.852,45.201
81.681,111.031,50.852,45.201
82.626,111.220,50.852,45.201
83.351,110.791,49.767,44.237
81.686,111.716,49.767,44.237
83.351,110.421,49.767,44.237
81.686,111.346,49.767,44.237
82.611,111.161,49.767,44.237
81.686,112.456,49.767,44.237
82.611,111.901,49.767,44.237
81.484,111.604,50.868,45.216
82.052,110.658,50.868,45.216
80.728,111.604,50.868,45.216
82.546,112.997,49.783,44.252
82.731,112.072,49.783,44.252
81.806,111.147,49.783,44.252
83.101,112.442,49.783,44.252
80.823,110.992,50.885,45.231
82.525,111.938,50.885,45.231
81.579,112.884,50.885,45.231
81.012,111.560,50.885,45.231
82.714,112.505,50.885,45.231
81.012,113.451,50.885,45.231
83.092,112.127,50.885,45.231
81.156,113.000,52.011,46.232
83.387,114.798,50.902,45.246
82.063,115.365,50.902,45.246
83.766,114.798,50.902,45.246
82.063,113.473,50.902,45.246
83.766,113.284,50.902,45.246
82.820,114.608,50.902,45.246
84.639,115.273,49.816,44.281
82.359,115.360,50.918,45.261
84.062,115.170,50.918,45.261
82.359,114.981,50.918,45.261
84.441,115.549,50.918,45.261
83.116,113.846,50.918,45.261
82.170,115.170,50.918,45.261
83.494,114.981,50.918,45.261
82.170,115.549,50.918,45.261
83.116,113.846,50.918,45.261
81.413,114.413,50.918,45.261
83.116,114.981,50.918,45.261
81.791,115.170,50.918,45.261
81.223,115.738,50.918,45.261
82.927,114.413,50.918,45.261
81.223,114.603,50.918,45.261
82.548,114.792,50.918,45.261
80.467,115.360,50.918,45.261
82.170,115.927,50.918,45.261
80.845,114.981,50.918,45.261
81.034,115.170,50.918,45.261
80.845,115.738,50.918,45.261
80.277,116.306,50.918,45.261
81.602,116.495,50.918,45.261
80.277,115.170,50.918,45.261
81.602,114.603,50.918,45.261
79.664,112.727,52.045,46.262
80.406,114.153,50.935,45.276
82.109,113.585,50.935,45.276
80.406,113.017,50.935,45.276
82.109,113.964,50.935,45.276
80.406,113.396,50.935,45.276
81.352,112.449,50.935,45.276
79.414,114.894,52.062,46.277
80.768,113.153,52.062,46.277
79.801,112.185,52.062,46.277
80.381,112.766,52.062,46.277
79.801,112.185,52.062,46.277
79.994,111.218,52.062,46.277
79.027,109.864,52.062,46.277
79.994,111.605,52.062,46.277
79.027,111.025,52.062,46.277
79.220,112.379,52.062,46.277
78.640,111.025,52.062,46.277
80.381,111.992,52.062,46.277
79.027,109.864,52.062,46.277
79.994,111.218,52.062,46.277
78.640,111.799,52.062,46.277
80.381,111.218,52.062,46.277
79.027,109.090,52.062,46.277
78.059,110.831,52.062,46.277
80.188,110.638,52.062,46.277
78.833,111.992,52.062,46.277
81.349,111.025,52.062,46.277
79.607,110.057,52.062,46.277
79.414,111.799,52.062,46.277
81.648,110.986,50.952,45.290
81.643,112.382,49.865,44.325
81.087,112.567,49.865,44.325
80.161,112.382,49.865,44.325
82.199,111.455,49.865,44.325
80.902,112.753,49.865,44.325
81.829,111.455,49.865,44.325
81.643,111.641,49.865,44.325
81.458,112.567,49.865,44.325
80.902,111.641,49.865,44.325
82.570,111.826,49.865,44.325
80.531,109.417,49.865,44.325
81.458,111.826,49.865,44.325
79.945,109.990,50.968,45.305
79.755,112.073,50.968,45.305
78.429,110.747,50.968,45.305
80.513,110.558,50.968,45.305
78.808,111.126,50.968,45.305
78.619,111.695,50.968,45.305
77.672,109.990,50.968,45.305
78.240,110.937,50.968,45.305
77.293,111.126,50.968,45.305
78.240,110.179,50.968,45.305
77.140,111.575,49.881,44.339
75.842,109.907,49.881,44.339
77.511,111.946,49.881,44.339
75.613,110.109,50.985,45.320
75.974,110.044,49.898,44.354
76.530,111.713,49.898,44.354
74.861,113.012,49.898,44.354
76.159,111.342,49.898,44.354
73.875,112.583,51.002,45.335
73.686,110.498,51.002,45.335
73.496,110.309,51.002,45.335
74.444,112.394,51.002,45.335
73.117,110.309,51.002,45.335
72.928,112.773,51.002,45.335
70.987,110.108,52.130,46.338
69.807,108.992,53.284,47.363
71.589,109.587,53.284,47.363
70.203,110.181,53.284,47.363
68.817,109.983,53.284,47.363
70.203,109.389,53.284,47.363
68.817,110.775,53.284,47.363
67.827,110.181,53.284,47.363
67.629,109.191,53.284,47.363
66.242,110.181,53.284,47.363
66.044,109.587,53.284,47.363
65.054,111.369,53.284,47.363
64.064,110.379,53.284,47.363
63.470,109.389,53.284,47.363
64.460,110.775,53.284,47.363
62.843,110.867,54.462,48.411
61.426,109.855,54.462,48.411
60.819,110.058,54.462,48.411
60.212,110.665,54.462,48.411
60.597,112.547,53.301,47.379
59.607,110.764,53.301,47.379
59.013,112.943,53.301,47.379
57.626,111.556,53.301,47.379
58.616,113.339,53.301,47.379
57.626,111.952,53.301,47.379
56.239,111.358,53.301,47.379
55.645,113.537,53.301,47.379
55.447,112.943,53.301,47.379
54.060,111.160,53.301,47.379
52.673,111.754,53.301,47.379
52.475,112.745,53.301,47.379
51.485,112.151,53.301,47.379
50.098,111.160,53.301,47.379
49.108,110.566,53.301,47.379
47.901,111.891,54.480,48.427
46.484,109.664,54.480,48.427
46.281,110.676,54.480,48.427
44.208,109.511,55.686,49.498
43.173,110.545,55.686,49.498
42.139,111.166,55.686,49.498
41.104,110.545,55.686,49.498
40.069,109.511,55.686,49.498
39.448,109.717,55.686,49.498
37.585,111.166,55.686,49.498
36.550,111.373,55.686,49.498
35.516,109.924,55.686,49.498
34.481,111.373,55.686,49.498
33.446,109.511,55.686,49.498
31.997,111.787,55.686,49.498
30.962,111.994,55.686,49.498
29.928,111.373,55.686,49.498
28.479,111.580,55.686,49.498
27.444,110.545,55.686,49.498
25.995,111.166,55.686,49.498
24.960,110.959,55.686,49.498
24.340,110.338,55.686,49.498
22.477,109.717,55.686,49.498
21.442,109.511,55.686,49.498
20.407,108.890,55.686,49.498
18.958,110.338,55.686,49.498
18.751,109.717,55.686,49.498
17.303,109.511,55.686,49.498
15.440,110.545,55.686,49.498
14.405,109.511,55.686,49.498
13.370,111.787,55.686,49.498
11.922,111.994,55.686,49.498
12.129,111.373,55.686,49.498
