123.000,87.000,132.000,176.000
119.976,85.186,132.000,176.000
124.210,85.790,132.000,176.000
123.605,86.395,132.000,176.000
126.629,85.790,132.000,176.000
128.443,85.186,132.000,176.000
130.257,84.581,132.000,176.000
130.862,85.186,132.000,176.000
133.886,83.371,132.000,176.000
135.700,85.186,132.000,176.000
136.305,83.371,132.000,176.000
138.119,85.186,132.000,176.000
137.514,82.162,132.000,176.000
141.747,85.186,132.000,176.000
141.143,80.952,132.000,176.000
142.957,85.186,132.000,176.000
143.562,82.162,132.000,176.000
144.166,85.186,132.000,176.000
144.771,80.952,132.000,176.000
146.585,85.186,132.000,176.000
143.562,79.743,132.000,176.000
145.376,83.976,132.000,176.000
142.352,82.162,132.000,176.000
140.538,83.976,132.000,176.000
138.724,80.952,132.000,176.000
135.700,82.767,132.000,176.000
133.886,82.162,132.000,176.000
132.071,82.767,132.000,176.000
130.257,82.162,132.000,176.000
129.652,81.557,132.000,176.000
130.257,83.372,132.000,176.000
129.652,80.348,132.000,176.000
130.257,83.372,132.000,176.000
132.071,82.767,132.000,176.000
131.467,84.581,132.000,176.000
133.281,83.976,132.000,176.000
133.886,85.791,132.000,176.000
135.700,82.767,132.000,176.000
135.095,85.791,132.000,176.000
135.700,83.976,132.000,176.000
136.305,85.791,132.000,176.000
135.700,83.976,132.000,176.000
135.095,84.581,132.000,176.000
135.700,81.557,132.000,176.000
136.305,83.372,132.000,176.000
135.700,82.767,132.000,176.000
136.305,85.791,132.000,176.000
134.490,81.557,132.000,176.000
138.724,85.791,132.000,176.000
136.909,81.557,132.000,176.000
139.933,84.581,132.000,176.000
140.538,81.557,132.000,176.000
141.143,83.372,132.000,176.000
142.957,80.348,132.000,176.000
144.771,83.372,132.000,176.000
145.376,81.557,132.000,176.000
144.771,83.372,132.000,176.000
146.585,80.348,132.000,176.000
147.190,82.162,132.000,176.000
146.585,80.348,132.000,176.000
147.190,82.162,132.000,176.000
145.376,80.348,132.000,176.000
144.771,82.162,132.000,176.000
144.166,79.138,132.000,176.000
142.352,82.162,132.000,176.000
140.538,81.557,132.000,176.000
141.143,82.162,132.000,176.000
138.119,81.557,132.000,176.000
137.514,82.162,132.000,176.000
138.119,79.138,132.000,176.000
137.514,82.162,132.000,176.000
138.119,79.138,132.000,176.000
137.514,82.162,132.000,176.000
138.119,77.929,132.000,176.000
137.514,82.162,132.000,176.000
139.328,77.929,132.000,176.000
138.724,82.162,132.000,176.000
140.538,77.929,132.000,176.000
139.933,83.371,132.000,176.000
140.538,77.929,132.000,176.000
142.352,83.371,132.000,176.000
140.538,79.138,132.000,176.000
144.771,83.371,132.000,176.000
145.376,81.557,132.000,176.000
144.771,85.790,132.000,176.000
146.585,82.767,132.000,176.000
147.190,87.000,132.000,176.000
145.376,83.976,132.000,176.000
147.190,88.210,132.000,176.000
147.795,82.767,132.000,176.000
150.819,88.210,132.000,176.000
150.214,82.767,132.000,176.000
153.238,89.419,132.000,176.000
146.130,83.080,134.921,179.894
149.221,87.407,134.921,179.894
147.367,83.080,134.921,179.894
150.457,87.407,134.921,179.894
148.603,84.316,134.921,179.894
149.221,87.407,134.921,179.894
147.367,83.080,134.921,179.894
149.221,86.171,134.921,179.894
146.130,83.080,134.921,179.894
147.985,86.171,134.921,179.894
149.839,81.844,134.921,179.894
147.985,86.171,134.921,179.894
151.076,81.844,134.921,179.894
151.694,83.698,134.921,179.894
153.548,81.844,134.921,179.894
151.694,83.698,134.921,179.894
154.784,80.607,134.921,179.894
155.402,82.462,134.921,179.894
154.784,81.844,134.921,179.894
159.111,79.989,134.921,179.894
158.493,81.844,134.921,179.894
161.584,81.226,134.921,179.894
163.438,83.080,134.921,179.894
166.529,78.753,134.921,179.894
169.619,80.607,134.921,179.894
172.710,77.517,134.921,179.894
175.801,80.607,134.921,179.894
180.128,75.044,134.921,179.894
181.982,78.135,134.921,179.894
187.545,73.808,134.921,179.894
190.636,75.662,134.921,179.894
193.727,71.335,134.921,179.894
198.053,74.426,134.921,179.894
201.144,70.099,134.921,179.894
205.471,70.717,134.921,179.894
209.798,66.390,134.921,179.894
215.361,68.245,134.921,179.894
219.688,63.918,134.921,179.894
225.251,63.300,134.921,179.894
229.578,62.682,134.921,179.894
233.905,60.827,134.921,179.894
238.232,61.445,134.921,179.894
241.323,62.063,134.921,179.894
244.413,61.445,134.921,179.894
248.740,63.300,134.921,179.894
251.831,65.154,134.921,179.894
254.921,63.300,134.921,179.894
258.012,65.154,134.921,179.894
261.103,65.772,134.921,179.894
264.193,65.154,134.921,179.894
267.284,67.009,134.921,179.894
271.611,66.390,134.921,179.894
277.174,68.245,134.921,179.894
282.737,68.863,134.921,179.894
288.301,69.481,134.921,179.894
295.100,71.335,134.921,179.894
299.427,73.190,134.921,179.894
306.226,72.572,134.921,179.894
313.026,71.954,134.921,179.894
321.061,73.808,134.921,179.894
327.861,70.717,134.921,179.894
335.897,72.572,134.921,179.894
343.932,71.954,134.921,179.894
350.732,71.335,134.921,179.894
358.767,71.954,134.921,179.894
366.803,70.099,134.921,179.894
373.603,71.954,134.921,179.894
380.402,68.863,134.921,179.894
387.201,70.717,134.921,179.894
392.765,67.627,134.921,179.894
397.092,70.717,134.921,179.894
401.418,66.390,134.921,179.894
405.745,69.481,134.921,179.894
408.971,69.612,132.043,176.058
413.206,71.427,132.043,176.058
413.811,69.612,132.043,176.058
416.836,72.637,132.043,176.058
419.860,72.032,132.043,176.058
419.255,73.846,132.043,176.058
422.280,76.871,132.043,176.058
422.885,78.686,132.043,176.058
425.910,80.501,132.043,176.058
424.095,81.106,132.043,176.058
427.120,81.711,132.043,176.058
424.095,83.526,132.043,176.058
424.700,82.921,132.043,176.058
424.095,85.945,132.043,176.058
421.070,82.921,132.043,176.058
420.465,85.945,132.043,176.058
418.651,82.921,132.043,176.058
414.416,85.945,132.043,176.058
413.811,85.340,132.043,176.058
413.206,83.526,132.043,176.058
408.971,86.550,132.043,176.058
409.796,83.180,129.227,172.303
408.020,86.140,129.227,172.303
405.060,84.364,129.227,172.303
405.652,84.956,129.227,172.303
403.876,85.548,129.227,172.303
402.100,83.772,129.227,172.303
399.139,85.548,129.227,172.303
398.547,84.956,129.227,172.303
396.771,86.732,129.227,172.303
398.547,84.956,129.227,172.303
396.771,89.100,129.227,172.303
394.995,88.508,129.227,172.303
393.219,89.100,129.227,172.303
393.811,92.061,129.227,172.303
390.851,95.021,129.227,172.303
387.890,97.981,129.227,172.303
383.746,100.941,129.227,172.303
379.602,102.717,129.227,172.303
376.641,109.230,129.227,172.303
371.313,107.454,129.227,172.303
368.353,112.782,129.227,172.303
371.313,114.558,129.227,172.303
367.169,118.703,129.227,172.303
366.577,124.031,129.227,172.303
371.905,134.096,129.227,172.303
367.761,141.793,129.227,172.303
363.616,136.464,129.227,172.303
360.656,139.424,129.227,172.303
356.512,135.280,129.227,172.303
354.736,140.608,129.227,172.303
355.328,143.569,129.227,172.303
355.920,142.977,129.227,172.303
356.512,145.937,129.227,172.303
354.736,145.345,129.227,172.303
356.512,149.489,129.227,172.303
353.552,146.529,129.227,172.303
355.328,151.857,129.227,172.303
354.736,153.634,129.227,172.303
355.328,155.410,129.227,172.303
353.552,158.370,129.227,172.303
354.144,158.962,129.227,172.303
353.552,161.922,129.227,172.303
355.328,166.067,129.227,172.303
353.552,163.106,129.227,172.303
356.512,167.251,129.227,172.303
353.552,167.843,129.227,172.303
355.328,168.435,129.227,172.303
353.552,166.659,129.227,172.303
354.144,168.435,129.227,172.303
353.552,167.843,129.227,172.303
354.144,168.435,129.227,172.303
351.183,167.843,129.227,172.303
352.959,168.435,129.227,172.303
349.999,169.027,129.227,172.303
350.591,169.619,129.227,172.303
349.999,169.027,129.227,172.303
347.039,169.619,129.227,172.303
346.447,167.843,129.227,172.303
347.039,168.435,129.227,172.303
344.079,165.474,129.227,172.303
345.855,164.882,129.227,172.303
344.079,164.290,129.227,172.303
342.303,163.698,129.227,172.303
341.711,159.554,129.227,172.303
343.487,161.330,129.227,172.303
340.526,161.922,129.227,172.303
339.934,156.594,129.227,172.303
338.158,158.370,129.227,172.303
335.198,155.410,129.227,172.303
335.790,157.186,129.227,172.303
332.830,155.410,129.227,172.303
332.238,157.186,129.227,172.303
328.093,155.410,129.227,172.303
325.133,157.186,129.227,172.303
322.173,157.778,129.227,172.303
318.029,157.186,129.227,172.303
315.068,160.146,129.227,172.303
310.924,159.554,129.227,172.303
306.780,160.146,129.227,172.303
305.004,161.922,129.227,172.303
300.859,163.698,129.227,172.303
297.899,164.290,129.227,172.303
293.755,166.066,129.227,172.303
290.794,166.659,129.227,172.303
287.834,167.251,129.227,172.303
284.874,167.843,129.227,172.303
280.730,164.882,129.227,172.303
276.585,166.659,129.227,172.303
271.257,162.514,129.227,172.303
267.112,163.106,129.227,172.303
258.926,160.586,132.087,176.115
253.480,159.981,132.087,176.115
248.033,156.955,132.087,176.115
242.587,156.350,132.087,176.115
238.351,154.534,132.087,176.115
235.325,152.719,132.087,176.115
231.089,149.693,132.087,176.115
228.064,149.088,132.087,176.115
223.828,146.062,132.087,176.115
220.802,143.037,132.087,176.115
217.776,140.011,132.087,176.115
213.540,136.985,132.087,176.115
209.304,133.959,132.087,176.115
207.489,132.144,132.087,176.115
204.463,130.328,132.087,176.115
202.374,129.008,135.009,180.012
201.755,124.678,135.009,180.012
198.663,125.297,135.009,180.012
198.044,120.967,135.009,180.012
194.952,122.823,135.009,180.012
194.333,119.730,135.009,180.012
191.240,120.348,135.009,180.012
191.859,118.493,135.009,180.012
187.529,119.111,135.009,180.012
186.911,117.256,135.009,180.012
183.818,117.874,135.009,180.012
183.199,117.256,135.009,180.012
181.344,117.874,135.009,180.012
179.488,117.256,135.009,180.012
177.633,114.163,135.009,180.012
174.540,114.782,135.009,180.012
172.684,114.163,135.009,180.012
170.829,109.833,135.009,180.012
171.447,111.689,135.009,180.012
168.354,109.833,135.009,180.012
167.736,107.978,135.009,180.012
164.643,108.596,135.009,180.012
162.788,106.741,135.009,180.012
163.406,107.359,135.009,180.012
161.551,104.267,135.009,180.012
159.695,104.885,135.009,180.012
156.602,101.792,135.009,180.012
154.747,103.648,135.009,180.012
154.128,101.792,135.009,180.012
152.273,102.411,135.009,180.012
151.654,98.081,135.009,180.012
152.273,99.937,135.009,180.012
151.654,98.081,135.009,180.012
151.035,94.988,135.009,180.012
150.417,96.844,135.009,180.012
151.035,92.514,135.009,180.012
149.180,91.896,135.009,180.012
149.798,90.040,135.009,180.012
147.943,89.422,135.009,180.012
148.561,87.566,135.009,180.012
146.706,89.422,135.009,180.012
147.324,86.329,135.009,180.012
146.706,88.185,135.009,180.012
146.087,88.803,135.009,180.012
146.706,90.659,135.009,180.012
144.850,91.277,135.009,180.012
146.706,91.896,135.009,180.012
146.087,93.751,135.009,180.012
147.943,94.370,135.009,180.012
148.561,94.988,135.009,180.012
149.180,95.607,135.009,180.012
151.035,96.225,135.009,180.012
152.891,94.370,135.009,180.012
155.984,96.225,135.009,180.012
156.602,96.844,135.009,180.012
157.221,98.700,135.009,180.012
159.076,99.318,135.009,180.012
160.932,98.700,135.009,180.012
162.788,100.555,135.009,180.012
164.643,99.937,135.009,180.012
167.736,100.555,135.009,180.012
169.592,101.174,135.009,180.012
171.447,101.792,135.009,180.012
174.540,103.648,135.009,180.012
176.395,104.266,135.009,180.012
177.014,102.411,135.009,180.012
177.632,105.504,135.009,180.012
175.777,106.122,135.009,180.012
175.158,103.029,135.009,180.012
172.066,102.411,135.009,180.012
164.797,103.628,137.996,183.995
170.487,97.938,137.996,183.995
169.854,99.835,137.996,183.995
173.015,99.203,137.996,183.995
171.119,101.099,137.996,183.995
173.015,97.938,137.996,183.995
172.383,98.570,137.996,183.995
171.751,92.880,137.996,183.995
172.383,94.777,137.996,183.995
171.751,94.145,137.996,183.995
172.383,94.777,137.996,183.995
173.015,94.145,137.996,183.995
172.383,93.513,137.996,183.995
174.280,94.145,137.996,183.995
173.648,90.984,137.996,183.995
175.544,95.409,137.996,183.995
177.441,89.719,137.996,183.995
176.809,94.145,137.996,183.995
179.970,89.719,137.996,183.995
181.867,92.880,137.996,183.995
182.499,94.777,137.996,183.995
184.395,95.409,137.996,183.995
186.292,93.513,137.996,183.995
186.924,97.938,137.996,183.995
188.821,97.306,137.996,183.995
188.189,97.938,137.996,183.995
188.821,99.835,137.996,183.995
189.453,96.674,137.996,183.995
188.821,101.099,137.996,183.995
190.718,97.938,137.996,183.995
191.350,103.628,137.996,183.995
189.453,99.203,137.996,183.995
191.350,102.364,137.996,183.995
190.718,100.467,137.996,183.995
191.350,103.628,137.996,183.995
190.718,101.731,137.996,183.995
191.350,104.893,137.996,183.995
190.718,102.996,137.996,183.995
191.350,104.893,137.996,183.995
188.189,104.260,137.996,183.995
190.085,103.628,137.996,183.995
188.189,105.525,137.996,183.995
190.085,102.364,137.996,183.995
188.189,105.525,137.996,183.995
190.085,102.364,137.996,183.995
188.189,105.525,137.996,183.995
190.085,101.099,137.996,183.995
188.189,105.525,137.996,183.995
190.085,99.835,137.996,183.995
188.189,105.525,137.996,183.995
190.085,99.835,137.996,183.995
188.189,104.260,137.996,183.995
190.085,99.835,137.996,183.995
188.189,104.260,137.996,183.995
191.350,98.570,137.996,183.995
189.453,102.996,137.996,183.995
191.350,99.835,137.996,183.995
189.453,102.996,137.996,183.995
191.350,99.835,137.996,183.995
188.189,102.996,137.996,183.995
191.350,99.835,137.996,183.995
188.189,102.996,137.996,183.995
190.085,99.835,137.996,183.995
188.189,102.996,137.996,183.995
190.085,101.099,137.996,183.995
188.189,101.731,137.996,183.995
188.821,102.364,137.996,183.995
189.453,101.731,137.996,183.995
190.085,103.628,137.996,183.995
188.189,101.731,137.996,183.995
190.085,104.893,137.996,183.995
188.189,101.731,137.996,183.995
190.085,104.893,137.996,183.995
189.453,101.731,137.996,183.995
188.821,106.157,137.996,183.995
191.982,100.467,137.996,183.995
188.821,106.157,137.996,183.995
190.718,101.731,137.996,183.995
188.821,107.421,137.996,183.995
191.982,101.731,137.996,183.995
188.821,107.421,137.996,183.995
191.982,102.996,137.996,183.995
188.821,108.686,137.996,183.995
191.982,102.996,137.996,183.995
188.821,109.950,137.996,183.995
191.982,104.260,137.996,183.995
190.085,108.686,137.996,183.995
190.718,104.260,137.996,183.995
190.085,108.686,137.996,183.995
191.982,105.525,137.996,183.995
191.350,108.686,137.996,183.995
191.982,106.789,137.996,183.995
192.614,109.950,137.996,183.995
191.982,106.789,137.996,183.995
192.614,111.215,137.996,183.995
191.982,105.525,137.996,183.995
192.614,109.950,137.996,183.995
191.982,106.789,137.996,183.995
192.614,111.215,137.996,183.995
191.982,105.525,137.996,183.995
192.614,111.215,137.996,183.995
193.247,106.789,137.996,183.995
192.614,112.479,137.996,183.995
193.247,106.789,137.996,183.995
193.879,112.479,137.996,183.995
194.511,106.789,137.996,183.995
193.879,112.479,137.996,183.995
194.511,108.054,137.996,183.995
193.879,111.215,137.996,183.995
195.775,108.054,137.996,183.995
195.143,111.215,137.996,183.995
194.511,108.054,137.996,183.995
198.937,112.479,137.996,183.995
198.304,108.054,137.996,183.995
198.937,112.479,137.996,183.995
202.098,110.583,137.996,183.995
198.937,115.008,137.996,183.995
202.098,108.054,137.996,183.995
198.937,112.479,137.996,183.995
203.362,110.583,137.996,183.995
201.465,113.744,137.996,183.995
204.627,109.318,137.996,183.995
203.994,113.744,137.996,183.995
208.420,109.318,137.996,183.995
207.788,113.744,137.996,183.995
212.213,110.583,137.996,183.995
211.581,115.008,137.996,183.995
216.006,109.318,137.996,183.995
216.639,115.008,137.996,183.995
222.329,110.583,137.996,183.995
221.696,116.273,137.996,183.995
227.386,111.847,137.996,183.995
226.754,117.537,137.996,183.995
231.180,110.583,137.996,183.995
230.548,116.273,137.996,183.995
234.973,111.847,137.996,183.995
235.605,117.537,137.996,183.995
237.502,111.847,137.996,183.995
236.870,117.537,137.996,183.995
241.295,111.847,137.996,183.995
239.399,118.801,137.996,183.995
243.824,113.111,137.996,183.995
244.456,117.537,137.996,183.995
247.617,113.111,137.996,183.995
248.250,117.537,137.996,183.995
250.146,113.111,137.996,183.995
250.779,117.537,137.996,183.995
255.204,111.847,137.996,183.995
253.307,118.801,137.996,183.995
257.733,111.847,137.996,183.995
257.101,116.273,137.996,183.995
260.262,109.318,137.996,183.995
263.423,112.479,137.996,183.995
262.791,108.054,137.996,183.995
267.216,109.950,137.996,183.995
265.320,108.054,137.996,183.995
269.745,107.421,137.996,183.995
271.642,109.318,137.996,183.995
273.538,104.893,137.996,183.995
275.435,109.318,137.996,183.995
277.332,102.364,137.996,183.995
279.228,108.054,137.996,183.995
282.390,101.099,137.996,183.995
283.022,105.525,137.996,183.995
287.447,98.570,137.996,183.995
289.344,102.996,137.996,183.995
292.505,97.306,137.996,183.995
294.402,99.203,137.996,183.995
297.563,93.513,137.996,183.995
299.460,97.938,137.996,183.995
302.621,92.248,137.996,183.995
304.517,95.409,137.996,183.995
306.414,93.513,137.996,183.995
308.311,94.145,137.996,183.995
308.943,90.984,137.996,183.995
312.104,94.145,137.996,183.995
309.922,90.142,141.049,188.066
310.568,90.788,141.049,188.066
309.922,91.434,141.049,188.066
313.153,89.495,141.049,188.066
309.922,91.434,141.049,188.066
309.275,92.080,141.049,188.066
308.629,92.726,141.049,188.066
304.106,94.665,141.049,188.066
302.167,96.604,141.049,188.066
298.936,97.250,141.049,188.066
296.997,100.481,141.049,188.066
293.766,102.420,141.049,188.066
289.243,104.358,141.049,188.066
286.012,105.004,141.049,188.066
282.781,104.358,141.049,188.066
279.550,107.589,141.049,188.066
275.026,109.528,141.049,188.066
270.503,111.466,141.049,188.066
265.590,115.420,144.170,192.227
259.646,117.402,144.170,192.227
256.343,119.383,144.170,192.227
255.433,123.424,147.360,196.480
249.357,128.150,147.360,196.480
245.626,128.078,150.620,200.827
240.380,129.436,153.953,205.270
239.675,123.088,153.953,205.270
238.969,128.025,153.953,205.270
236.853,121.677,153.953,205.270
236.148,112.508,153.953,205.270
232.250,102.188,157.359,209.812
229.761,88.647,160.840,214.454
227.550,76.120,160.840,214.454
225.340,65.067,160.840,214.454
223.129,54.014,160.840,214.454
219.445,41.487,160.840,214.454
217.234,31.907,160.840,214.454
215.023,23.802,160.840,214.454
214.286,17.170,160.840,214.454
210.602,13.485,160.840,214.454
211.339,8.327,160.840,214.454
207.655,4.643,160.840,214.454
206.918,2.432,160.840,214.454
206.502,6.849,157.410,209.880
207.485,9.782,154.053,205.405
205.368,11.900,154.053,205.405
206.074,15.429,154.053,205.405
202.545,17.546,154.053,205.405
199.016,21.075,154.053,205.405
198.310,23.192,154.053,205.405
197.604,25.310,154.053,205.405
194.075,27.427,154.053,205.405
196.398,33.019,150.768,201.024
194.326,30.946,150.768,201.024
192.254,35.782,150.768,201.024
191.864,30.602,147.553,196.737
191.483,35.957,144.406,192.542
188.175,36.619,144.406,192.542
186.190,38.603,144.406,192.542
184.205,37.942,144.406,192.542
180.897,35.957,144.406,192.542
178.912,37.942,144.406,192.542
175.604,35.957,144.406,192.542
170.973,41.911,144.406,192.542
167.665,45.219,144.406,192.542
164.357,48.527,144.406,192.542
161.049,51.835,144.406,192.542
159.065,51.174,144.406,192.542
157.080,55.805,144.406,192.542
156.418,52.497,144.406,192.542
159.871,57.738,141.327,188.436
160.754,61.620,138.313,184.418
158.853,62.253,138.313,184.418
162.021,60.352,138.313,184.418
158.853,67.323,138.313,184.418
160.938,71.121,135.364,180.485
159.078,75.463,135.364,180.485
157.217,78.563,135.364,180.485
155.357,81.664,135.364,180.485
153.497,84.765,135.364,180.485
152.876,86.625,135.364,180.485
151.016,92.207,135.364,180.485
150.396,94.067,135.364,180.485
148.535,97.168,135.364,180.485
147.915,97.788,135.364,180.485
149.776,95.928,135.364,180.485
150.396,100.269,135.364,180.485
151.016,99.649,135.364,180.485
156.597,102.750,135.364,180.485
157.217,103.370,135.364,180.485
164.039,103.990,135.364,180.485
162.179,107.091,135.364,180.485
170.241,102.750,135.364,180.485
169.621,109.571,135.364,180.485
173.962,111.432,135.364,180.485
175.822,114.533,135.364,180.485
176.442,112.672,135.364,180.485
175.822,110.812,135.364,180.485
177.683,108.951,135.364,180.485
174.582,109.571,135.364,180.485
173.962,103.990,135.364,180.485
175.822,99.649,135.364,180.485
172.721,95.308,135.364,180.485
169.621,90.967,135.364,180.485
167.760,86.625,135.364,180.485
165.900,84.765,135.364,180.485
162.799,85.385,135.364,180.485
158.458,87.246,135.364,180.485
159.078,81.664,135.364,180.485
157.218,86.005,135.364,180.485
155.357,82.905,135.364,180.485
152.256,86.005,135.364,180.485
151.636,87.866,135.364,180.485
153.497,89.726,135.364,180.485
156.597,92.827,135.364,180.485
159.698,89.726,135.364,180.485
161.559,92.827,135.364,180.485
165.900,89.726,135.364,180.485
171.481,91.587,135.364,180.485
170.861,90.967,135.364,180.485
178.923,89.106,135.364,180.485
175.822,92.207,135.364,180.485
182.644,90.346,135.364,180.485
179.543,97.168,135.364,180.485
181.372,80.238,146.000,195.000
185.089,97.058,135.364,180.485
180.872,70.682,147.000,196.000
191.291,90.482,135.364,180.485
193.151,86.141,135.364,180.485
188.810,89.242,135.364,180.485
185.709,82.420,135.364,180.485
169.589,68.182,151.000,201.000
169.589,67.682,151.000,202.000
169.089,67.182,152.000,203.000
168.089,66.182,154.000,205.000
167.589,65.682,155.000,206.000
167.089,64.682,156.000,208.000
166.589,64.182,157.000,209.000
166.089,63.182,158.000,211.000
165.589,62.682,159.000,212.000
174.942,61.682,160.000,214.000
173.942,60.682,162.000,216.000
183.469,59.682,163.000,218.000
182.969,49.062,164.000,219.000
192.645,48.062,165.000,221.000
192.145,47.562,166.000,222.000
201.964,47.062,167.000,223.000
201.464,46.562,168.000,224.000
201.464,46.562,168.000,224.000
225.986,84.984,151.016,201.354
200.464,55.488,170.000,227.000
199.964,54.988,171.000,228.000
188.867,43.891,172.000,229.000
188.867,43.391,172.000,230.000
177.702,43.391,173.000,230.000
177.702,42.891,173.000,231.000
166.956,42.891,173.000,231.000
166.456,42.891,174.000,231.000
166.456,42.391,174.000,232.000
155.684,42.391,174.000,232.000
155.184,41.891,175.000,233.000
155.184,52.743,175.000,233.000
155.184,52.743,175.000,233.000
155.184,52.243,175.000,234.000
173.111,68.721,176.015,234.687
183.594,72.753,176.015,234.687
174.117,65.974,179.909,239.879
172.982,71.017,183.890,245.187
177.066,62.186,187.958,250.611
183.028,69.241,192.117,256.156
192.709,64.840,192.117,256.156
187.445,62.663,176.000,235.000
198.365,62.663,176.000,235.000
220.852,72.069,192.117,256.156
230.534,78.230,192.117,256.156
240.216,75.590,192.117,256.156
251.658,74.709,192.117,256.156
259.580,68.548,192.117,256.156
264.173,70.431,188.020,250.694
258.143,69.570,188.020,250.694
265.896,65.263,188.020,250.694
253.384,52.257,175.000,234.000
253.384,52.257,175.000,234.000
253.384,52.757,175.000,233.000
252.908,59.043,184.011,245.347
247.007,64.944,184.011,245.347
249.536,62.415,184.011,245.347
245.320,66.630,184.011,245.347
246.164,72.532,184.011,245.347
252.065,80.119,184.011,245.347
247.850,72.532,184.011,245.347
238.576,71.689,184.011,245.347
229.975,76.742,180.086,240.115
224.200,75.917,180.086,240.115
221.724,86.643,180.086,240.115
219.249,89.118,180.086,240.115
221.724,98.194,180.086,240.115
218.078,104.730,176.246,234.995
225.345,94.233,176.246,234.995
229.382,99.886,176.246,234.995
233.420,97.463,176.246,234.995
245.417,94.521,172.488,229.983
255.634,106.875,168.809,225.079
270.107,104.057,165.209,220.279
278.432,107.841,165.209,220.279
291.137,113.838,161.686,215.582
302.248,114.579,161.686,215.582
314.682,123.303,158.238,210.984
324.107,119.678,158.238,210.984
334.878,132.409,154.864,206.485
344.051,139.398,151.561,202.082
341.968,142.870,151.561,202.082
355.161,143.564,151.561,202.082
360.022,145.647,151.561,202.082
367.660,150.508,151.561,202.082
369.945,157.347,148.329,197.772
378.732,162.731,145.166,193.555
386.047,166.057,145.166,193.555
385.382,165.391,145.166,193.555
393.982,174.507,142.070,189.427
397.379,178.408,139.041,185.387
400.564,179.045,139.041,185.387
407.572,181.636,136.075,181.434
413.183,184.753,136.075,181.434
412.559,184.130,136.075,181.434
418.170,182.260,136.075,181.434
418.794,184.130,136.075,181.434
424.404,181.013,136.075,181.434
417.547,185.377,136.075,181.434
424.404,183.506,136.075,181.434
421.649,183.638,133.174,177.565
418.598,187.909,133.174,177.565
416.768,184.859,133.174,177.565
414.938,186.689,133.174,177.565
410.667,187.299,133.174,177.565
408.836,183.028,133.174,177.565
406.140,186.686,130.334,173.778
401.960,186.089,130.334,173.778
397.780,190.268,130.334,173.778
394.795,186.089,130.334,173.778
392.156,188.517,127.554,170.072
385.727,189.101,127.554,170.072
382.805,189.686,127.554,170.072
378.715,189.101,127.554,170.072
383.974,193.192,127.554,170.072
381.391,192.189,124.834,166.446
379.676,192.761,124.834,166.446
376.816,189.902,124.834,166.446
379.801,195.535,122.172,162.896
378.122,192.736,122.172,162.896
375.323,189.938,122.172,162.896
378.122,189.378,122.172,162.896
387.608,182.207,130.000,174.000
387.608,182.707,130.000,173.000
375.442,189.377,119.567,159.422
380.060,183.707,129.000,171.000
380.560,183.707,128.000,171.000
380.560,183.707,128.000,171.000
372.619,184.207,128.000,170.000
373.119,184.207,127.000,170.000
373.119,184.207,127.000,170.000
362.494,191.736,114.521,152.695
358.822,194.359,114.521,152.695
355.149,193.835,114.521,152.695
351.476,191.211,114.521,152.695
356.198,194.884,114.521,152.695
351.476,191.211,114.521,152.695
349.902,191.736,114.521,152.695
350.618,192.858,112.079,149.439
350.104,191.318,112.079,149.439
348.564,190.804,112.079,149.439
348.050,189.264,112.079,149.439
347.537,190.804,112.079,149.439
347.023,189.264,112.079,149.439
345.483,190.804,112.079,149.439
342.915,189.264,112.079,149.439
344.456,192.858,112.079,149.439
348.050,189.264,112.079,149.439
346.510,189.777,112.079,149.439
344.969,190.291,112.079,149.439
343.429,190.804,112.079,149.439
342.915,190.291,112.079,149.439
343.429,191.831,112.079,149.439
344.969,189.264,112.079,149.439
343.429,191.831,112.079,149.439
341.888,193.372,112.079,149.439
341.375,193.885,112.079,149.439
342.915,192.345,112.079,149.439
340.348,193.885,112.079,149.439
338.807,192.345,112.079,149.439
338.294,194.912,112.079,149.439
337.014,193.041,109.689,146.252
334.793,193.148,107.350,143.133
332.334,190.688,107.350,143.133
327.908,193.148,107.350,143.133
324.465,189.705,107.350,143.133
320.039,187.246,107.350,143.133
313.645,186.754,107.350,143.133
307.252,187.246,107.350,143.133
300.858,185.770,107.350,143.133
294.464,189.213,107.350,143.133
289.054,187.738,107.350,143.133
283.644,191.180,107.350,143.133
280.202,188.721,107.350,143.133
274.792,191.180,107.350,143.133
272.333,187.738,107.350,143.133
266.923,192.164,107.350,143.133
264.463,187.738,107.350,143.133
262.004,190.197,107.350,143.133
260.529,186.754,107.350,143.133
261.021,189.213,107.350,143.133
262.496,183.803,107.350,143.133
259.053,188.229,107.350,143.133
259.545,188.721,107.350,143.133
259.053,189.213,107.350,143.133
258.562,184.787,107.350,143.133
259.053,183.311,107.350,143.133
255.611,179.868,107.350,143.133
254.682,152.363,128.000,171.000
254.182,151.863,129.000,172.000
254.182,143.370,129.000,173.000
245.677,143.370,130.000,173.000
252.108,168.165,107.350,143.133
244.677,141.870,132.000,176.000
236.484,141.870,132.000,176.000
235.984,133.178,133.000,177.000
227.265,132.678,134.000,178.000
227.265,123.879,134.000,179.000
218.954,123.879,134.000,179.000
218.454,123.379,135.000,180.000
217.954,122.879,136.000,181.000
209.535,122.379,136.000,182.000
209.035,121.879,137.000,183.000
208.535,121.379,138.000,184.000
199.997,121.379,138.000,184.000
199.497,120.879,139.000,185.000
198.997,120.379,140.000,186.000
198.997,119.879,140.000,187.000
206.083,150.274,109.725,146.300
189.259,118.879,142.000,189.000
189.259,118.879,142.000,189.000
199.946,144.804,112.153,149.537
179.915,117.879,143.000,191.000
179.415,109.022,144.000,191.000
179.415,108.522,144.000,192.000
169.978,108.022,145.000,193.000
169.978,98.558,145.000,194.000
179.925,126.265,122.413,163.217
178.243,129.070,122.413,163.217
176.560,122.901,122.413,163.217
179.364,120.096,122.413,163.217
182.083,115.382,125.121,166.828
184.949,119.394,125.121,166.828
190.107,113.385,127.889,170.519
199.027,108.460,130.719,174.292
205.658,113.366,133.611,178.148
218.513,111.530,133.611,178.148
228.919,106.021,133.611,178.148
236.877,110.306,133.611,178.148
248.507,104.796,133.611,178.148
256.465,98.063,133.611,178.148
258.301,91.330,133.611,178.148
255.240,87.045,133.611,178.148
257.077,90.105,133.611,178.148
249.883,83.689,136.567,182.089
249.257,85.566,136.567,182.089
243.203,80.306,139.589,186.118
238.341,78.911,142.677,190.236
230.659,74.772,145.834,194.445
224.646,74.103,145.834,194.445
215.960,77.444,145.834,194.445
208.108,74.600,149.060,198.747
208.791,82.112,149.060,198.747
207.851,83.456,152.358,203.144
205.441,81.933,155.729,207.639
207.419,75.935,159.175,212.233
223.614,59.451,176.000,235.000
234.535,59.451,176.000,235.000
244.955,59.451,177.000,235.000
245.455,59.451,176.000,235.000
245.955,60.451,175.000,233.000
245.455,70.804,176.000,234.000
245.455,70.304,176.000,235.000
244.955,69.804,177.000,236.000
244.955,69.804,177.000,236.000
244.955,58.832,177.000,236.000
244.955,58.832,177.000,236.000
244.955,58.832,177.000,236.000
244.955,58.332,177.000,237.000
244.455,58.332,178.000,237.000
244.455,57.832,178.000,238.000
243.955,57.832,179.000,238.000
216.577,77.859,173.736,231.648
243.455,56.832,180.000,240.000
207.905,69.987,181.509,242.012
201.583,75.075,185.525,247.367
205.833,77.625,185.525,247.367
199.883,73.375,185.525,247.367
205.833,67.425,185.525,247.367
215.183,75.075,185.525,247.367
221.132,77.625,185.525,247.367
220.283,85.274,185.525,247.367
231.332,89.524,185.525,247.367
244.082,93.774,185.525,247.367
310.545,102.197,179.000,238.000
322.124,113.775,178.000,237.000
335.908,124.803,178.000,237.000
342.995,108.370,185.525,247.367
354.045,109.220,185.525,247.367
363.394,116.869,185.525,247.367
371.044,119.419,185.525,247.367
376.928,121.092,189.630,252.840
384.812,127.975,185.586,247.448
411.587,149.154,174.000,232.000
411.087,148.654,175.000,233.000
411.587,160.006,174.000,232.000
422.360,160.006,174.000,232.000
421.860,159.506,175.000,233.000
421.860,170.359,175.000,233.000
422.360,170.359,174.000,233.000
422.360,181.672,174.000,232.000
422.860,182.172,173.000,231.000
422.360,192.918,174.000,231.000
422.360,192.418,174.000,232.000
422.360,203.190,174.000,232.000
411.587,203.690,174.000,231.000
411.587,214.450,174.000,231.000
397.962,225.835,173.964,231.952
386.758,236.758,170.254,227.006
378.800,245.945,166.624,222.165
371.929,246.708,166.624,222.165
368.112,255.105,166.624,222.165
361.242,263.503,166.624,222.165
355.898,270.373,166.624,222.165
352.524,273.478,163.070,217.427
349.223,279.396,159.593,212.790
345.991,283.779,156.189,208.253
345.587,290.828,152.859,203.812
343.486,294.330,152.859,203.812
339.985,299.232,152.859,203.812
342.290,304.780,149.599,199.465
341.604,305.465,149.599,199.465
345.031,306.151,149.599,199.465
345.966,312.902,146.409,195.212
350.759,316.923,143.286,191.049
354.185,318.327,140.231,186.974
358.777,319.701,137.240,182.987
360.663,317.815,137.240,182.987
365.157,317.948,134.314,179.085
368.368,314.520,131.449,175.266
373.833,311.164,128.646,171.528
377.959,304.681,128.646,171.528
379.898,299.125,125.903,167.870
386.243,291.626,125.903,167.870
387.974,284.128,125.903,167.870
393.208,280.914,123.218,164.290
391.801,282.122,120.590,160.787
393.459,277.149,120.590,160.787
394.011,274.387,120.590,160.787
393.700,273.439,118.019,157.358
394.240,272.898,118.019,157.358
398.025,268.032,118.019,157.358
394.593,271.273,115.502,154.002
397.355,272.405,113.039,150.718
400.058,271.517,110.628,147.504
398.795,275.532,108.269,144.359
402.267,272.060,108.269,144.359
401.987,276.946,105.960,141.280
403.443,272.577,105.960,141.280
401.016,275.975,105.960,141.280
405.385,270.635,105.960,141.280
402.304,275.417,103.700,138.267
405.629,272.091,103.700,138.267
404.204,269.715,103.700,138.267
403.729,269.240,103.700,138.267
405.154,265.915,103.700,138.267
402.779,263.539,103.700,138.267
402.304,262.114,103.700,138.267
399.928,260.689,103.700,138.267
399.453,260.214,103.700,138.267
396.127,257.838,103.700,138.267
392.802,256.413,103.700,138.267
389.476,253.087,103.700,138.267
385.200,253.562,103.700,138.267
379.974,251.187,103.700,138.267
377.874,248.540,101.489,135.319
372.760,250.864,101.489,135.319
370.435,246.680,101.489,135.319
368.110,249.935,101.489,135.319
366.055,245.551,99.325,132.433
363.780,246.916,99.325,132.433
363.325,242.821,99.325,132.433
359.229,244.186,99.325,132.433
359.684,241.001,99.325,132.433
358.319,241.456,99.325,132.433
357.864,237.360,99.325,132.433
357.409,238.726,99.325,132.433
360.595,235.540,99.325,132.433
360.139,234.175,99.325,132.433
361.505,235.540,99.325,132.433
362.870,231.445,99.325,132.433
361.505,230.080,99.325,132.433
364.690,228.714,99.325,132.433
364.235,225.529,99.325,132.433
364.690,225.074,99.325,132.433
366.055,222.799,99.325,132.433
364.690,220.524,99.325,132.433
366.965,218.248,99.325,132.433
364.690,217.793,99.325,132.433
366.055,213.698,99.325,132.433
362.870,212.333,99.325,132.433
361.505,209.147,99.325,132.433
361.050,210.513,99.325,132.433
357.864,205.507,99.325,132.433
355.589,206.872,99.325,132.433
356.044,203.687,99.325,132.433
352.859,202.322,99.325,132.433
352.404,200.046,99.325,132.433
351.038,201.412,99.325,132.433
349.673,196.406,99.325,132.433
349.218,196.861,99.325,132.433
347.853,193.676,99.325,132.433
346.488,192.311,99.325,132.433
346.943,190.035,99.325,132.433
343.758,189.580,99.325,132.433
346.133,187.045,97.207,129.609
343.906,187.490,97.207,129.609
341.679,184.373,97.207,129.609
341.234,186.600,97.207,129.609
339.007,183.482,97.207,129.609
336.780,183.927,97.207,129.609
337.226,179.919,97.207,129.609
332.327,181.255,97.207,129.609
329.209,179.029,97.207,129.609
326.092,180.365,97.207,129.609
322.084,179.919,97.207,129.609
318.966,178.583,97.207,129.609
315.849,180.810,97.207,129.609
313.622,176.802,97.207,129.609
310.505,179.029,97.207,129.609
306.497,177.693,97.207,129.609
304.270,179.919,97.207,129.609
300.262,176.802,97.207,129.609
298.035,178.138,97.207,129.609
294.918,175.021,97.207,129.609
291.800,176.357,97.207,129.609
290.464,171.458,97.207,129.609
287.347,174.575,97.207,129.609
283.339,169.676,97.207,129.609
280.221,171.903,97.207,129.609
276.213,167.895,97.207,129.609
273.987,168.340,97.207,129.609
269.978,167.004,97.207,129.609
266.861,168.340,97.207,129.609
263.744,167.895,97.207,129.609
259.735,165.668,97.207,129.609
256.618,168.786,97.207,129.609
252.610,166.559,97.207,129.609
249.493,167.895,97.207,129.609
245.484,165.668,97.207,129.609
241.476,167.895,97.207,129.609
238.359,167.450,97.207,129.609
237.023,167.895,97.207,129.609
233.905,163.887,97.207,129.609
230.788,166.114,97.207,129.609
231.233,162.106,97.207,129.609
227.225,164.332,97.207,129.609
225.889,162.106,97.207,129.609
223.662,160.769,97.207,129.609
221.436,161.215,97.207,129.609
220.100,158.988,97.207,129.609
216.982,161.215,97.207,129.609
216.537,158.097,97.207,129.609
215.201,161.215,97.207,129.609
214.756,159.879,97.207,129.609
216.092,159.433,97.207,129.609
215.646,160.769,97.207,129.609
219.654,158.543,97.207,129.609
220.990,161.660,97.207,129.609
224.108,162.106,97.207,129.609
227.225,158.097,97.207,129.609
230.343,161.215,97.207,129.609
231.679,161.660,97.207,129.609
234.796,162.996,97.207,129.609
238.804,159.879,97.207,129.609
241.031,162.996,97.207,129.609
243.258,159.879,97.207,129.609
246.375,162.106,97.207,129.609
247.711,159.879,97.207,129.609
247.266,162.106,97.207,129.609
248.602,159.879,97.207,129.609
247.266,162.106,97.207,129.609
249.493,158.097,97.207,129.609
247.266,159.433,97.207,129.609
249.493,157.207,97.207,129.609
247.266,159.433,97.207,129.609
248.602,157.207,97.207,129.609
247.266,154.980,97.207,129.609
245.039,151.863,97.207,129.609
242.812,146.964,97.207,129.609
240.586,141.174,97.207,129.609
235.352,134.658,99.357,132.476
232.165,129.651,99.357,132.476
228.069,125.554,99.357,132.476
223.061,123.278,99.357,132.476
218.965,126.464,99.357,132.476
213.957,128.740,99.357,132.476
208.950,133.748,99.357,132.476
