289.000,67.000,64.000,236.000
288.434,61.908,64.000,236.000
286.737,65.868,64.000,236.000
281.645,65.303,64.000,236.000
279.948,64.737,64.000,236.000
277.119,68.697,64.000,236.000
274.290,68.132,64.000,236.000
268.067,70.960,64.000,236.000
266.369,73.789,64.000,236.000
263.541,76.618,64.000,236.000
260.712,79.447,64.000,236.000
255.620,81.144,64.000,236.000
252.791,81.710,64.000,236.000
254.488,83.407,64.000,236.000
249.396,86.236,64.000,236.000
254.488,80.013,64.000,236.000
244.870,89.631,64.000,236.000
237.515,99.249,64.000,236.000
234.687,90.762,64.000,236.000
242.041,78.881,64.000,236.000
239.213,82.841,64.000,236.000
238.647,86.802,64.000,236.000
246.002,76.052,64.000,236.000
251.094,67.566,64.000,236.000
243.739,89.631,64.000,236.000
239.778,99.249,64.000,236.000
239.213,109.998,64.000,236.000
236.384,119.616,64.000,236.000
305.573,48.390,64.000,237.000
305.073,47.890,65.000,238.000
312.389,47.390,65.000,239.000
308.165,32.851,64.000,236.000
286.100,74.152,64.000,236.000
278.935,72.128,65.416,241.221
277.201,65.767,65.416,241.221
283.562,59.406,65.416,241.221
276.044,66.924,65.416,241.221
271.996,67.502,65.416,241.221
269.105,76.176,65.416,241.221
271.996,82.538,65.416,241.221
280.670,88.899,65.416,241.221
276.622,94.103,65.416,241.221
281.827,87.742,65.416,241.221
292.814,79.068,65.416,241.221
307.271,71.550,65.416,241.221
312.985,72.450,64.021,236.077
311.287,78.676,64.021,236.077
309.590,73.582,64.021,236.077
306.760,78.676,64.021,236.077
308.458,80.373,64.021,236.077
306.760,76.412,64.021,236.077
310.722,79.242,64.021,236.077
305.628,71.884,64.021,236.077
307.326,74.714,64.021,236.077
305.628,78.676,64.021,236.077
308.458,75.846,64.021,236.077
311.287,74.148,64.021,236.077
314.117,73.582,64.021,236.077
307.892,73.016,64.021,236.077
311.853,70.186,64.021,236.077
314.683,68.488,64.021,236.077
312.985,65.659,64.021,236.077
310.156,65.093,64.021,236.077
306.194,62.263,64.021,236.077
298.837,60.565,64.021,236.077
305.062,63.395,64.021,236.077
311.287,68.488,64.021,236.077
305.062,71.318,64.021,236.077
297.895,57.550,65.437,241.301
292.689,61.600,65.437,241.301
284.011,64.492,65.437,241.301
275.334,59.286,65.437,241.301
267.814,65.649,65.437,241.301
270.707,58.129,65.437,241.301
279.384,47.138,65.437,241.301
277.648,40.775,65.437,241.301
274.756,50.609,65.437,241.301
273.020,54.658,65.437,241.301
263.294,47.787,66.885,246.639
259.155,55.474,66.885,246.639
253.834,52.518,66.885,246.639
257.973,55.474,66.885,246.639
266.434,55.813,68.365,252.096
275.500,62.461,68.365,252.096
286.982,61.856,68.365,252.096
294.839,64.878,68.365,252.096
299.070,57.021,68.365,252.096
297.256,52.791,68.365,252.096
290.609,48.560,68.365,252.096
296.048,55.208,68.365,252.096
291.817,60.647,68.365,252.096
299.674,68.504,68.365,252.096
290.609,73.943,68.365,252.096
283.961,67.295,68.365,252.096
290.609,75.152,68.365,252.096
293.630,81.800,68.365,252.096
289.117,78.080,66.907,246.720
294.440,86.952,66.907,246.720
304.495,93.458,66.907,246.720
299.172,89.318,66.907,246.720
306.861,94.641,66.907,246.720
301.537,86.952,66.907,246.720
296.214,78.080,66.907,246.720
290.891,70.391,66.907,246.720
280.836,61.519,66.907,246.720
271.964,52.647,66.907,246.720
262.986,42.166,65.480,241.459
262.407,49.691,65.480,241.459
261.828,54.901,65.480,241.459
261.250,61.268,65.480,241.459
256.040,61.847,65.480,241.459
254.303,62.426,65.480,241.459
249.094,57.216,65.480,241.459
254.303,57.795,65.480,241.459
246.778,54.901,65.480,241.459
250.830,57.795,65.480,241.459
247.936,59.532,65.480,241.459
249.672,62.426,65.480,241.459
254.882,65.320,65.480,241.459
255.461,61.268,65.480,241.459
260.671,63.005,65.480,241.459
263.565,60.110,65.480,241.459
266.459,57.216,65.480,241.459
268.196,55.480,65.480,241.459
273.405,51.428,65.480,241.459
273.984,54.322,65.480,241.459
278.036,56.058,65.480,241.459
279.773,58.953,65.480,241.459
284.982,61.847,65.480,241.459
286.719,63.583,65.480,241.459
289.613,68.793,65.480,241.459
292.508,67.057,65.480,241.459
295.402,74.582,65.480,241.459
293.665,69.372,65.480,241.459
295.402,71.109,65.480,241.459
293.665,68.214,65.480,241.459
297.717,60.689,65.480,241.459
295.981,54.322,65.480,241.459
294.244,59.532,65.480,241.459
289.034,53.164,65.480,241.459
281.509,60.689,65.480,241.459
273.984,64.741,65.480,241.459
267.617,67.635,65.480,241.459
271.669,62.426,65.480,241.459
276.879,61.847,65.480,241.459
278.615,63.583,65.480,241.459
279.194,56.058,65.480,241.459
276.300,54.322,65.480,241.459
273.405,61.847,65.480,241.459
278.615,54.322,65.480,241.459
280.352,45.639,65.480,241.459
284.404,47.376,65.480,241.459
281.509,51.428,65.480,241.459
287.877,53.164,65.480,241.459
286.140,51.428,65.480,241.459
293.665,56.637,65.480,241.459
300.033,59.532,65.480,241.459
297.138,61.268,65.480,241.459
305.821,59.532,65.480,241.459
302.927,56.637,65.480,241.459
308.137,52.585,65.480,241.459
305.242,50.849,65.480,241.459
304.663,45.639,65.480,241.459
311.031,49.691,65.480,241.459
306.979,39.851,65.480,241.459
313.346,42.745,65.480,241.459
319.714,41.008,65.480,241.459
314.504,36.956,65.480,241.459
323.187,37.535,65.480,241.459
321.450,38.114,65.480,241.459
328.975,32.904,65.480,241.459
327.239,38.114,65.480,241.459
326.660,36.377,65.480,241.459
327.239,32.325,65.480,241.459
328.975,35.220,65.480,241.459
325.768,37.236,64.084,236.310
318.403,41.202,64.084,236.310
323.502,37.236,64.084,236.310
326.334,41.202,64.084,236.310
323.502,44.034,64.084,236.310
325.823,42.732,62.717,231.270
326.378,44.395,62.717,231.270
332.476,39.405,62.717,231.270
327.487,38.851,62.717,231.270
334.694,42.732,62.717,231.270
329.704,43.286,62.717,231.270
326.932,41.623,62.717,231.270
327.487,45.504,62.717,231.270
324.714,48.276,62.717,231.270
319.725,48.831,62.717,231.270
315.844,50.494,62.717,231.270
314.180,51.048,62.717,231.270
318.590,55.117,61.380,226.338
313.706,52.404,61.380,226.338
313.164,54.032,61.380,226.338
316.962,50.234,61.380,226.338
313.164,52.947,61.380,226.338
314.792,49.149,61.380,226.338
310.993,50.777,61.380,226.338
308.280,48.064,61.380,226.338
302.312,47.521,61.380,226.338
295.258,42.638,61.380,226.338
289.289,42.095,61.380,226.338
286.576,41.552,61.380,226.338
287.119,44.265,61.380,226.338
287.661,42.638,61.380,226.338
287.119,46.436,61.380,226.338
283.321,39.382,61.380,226.338
288.204,44.265,61.380,226.338
283.321,36.126,61.380,226.338
284.948,38.839,61.380,226.338
290.917,35.041,61.380,226.338
288.204,30.158,61.380,226.338
293.087,36.126,61.380,226.338
292.545,32.328,61.380,226.338
296.343,39.382,61.380,226.338
296.886,42.095,61.380,226.338
298.513,45.893,61.380,226.338
293.630,51.862,61.380,226.338
292.002,55.660,61.380,226.338
293.630,59.458,61.380,226.338
298.513,51.319,61.380,226.338
301.226,56.203,61.380,226.338
295.258,61.086,61.380,226.338
300.141,54.032,61.380,226.338
299.599,49.149,61.380,226.338
296.886,54.032,61.380,226.338
301.769,51.319,61.380,226.338
299.809,58.440,60.071,221.512
307.774,60.033,60.071,221.512
313.615,54.191,60.071,221.512
318.395,50.474,60.071,221.512
321.050,55.253,60.071,221.512
316.271,51.536,60.071,221.512
318.926,54.191,60.071,221.512
313.084,52.598,60.071,221.512
309.367,51.005,60.071,221.512
299.278,45.164,60.071,221.512
295.560,48.881,60.071,221.512
300.340,45.164,60.071,221.512
304.057,51.005,60.071,221.512
296.091,48.350,60.071,221.512
290.250,42.509,60.071,221.512
286.533,43.040,60.071,221.512
287.064,46.757,60.071,221.512
284.409,53.660,60.071,221.512
280.691,51.005,60.071,221.512
275.912,56.846,60.071,221.512
277.064,54.602,58.790,216.788
282.781,58.240,58.790,216.788
289.537,54.602,58.790,216.788
296.294,58.240,58.790,216.788
293.695,53.562,58.790,216.788
294.215,49.924,58.790,216.788
292.656,54.602,58.790,216.788
299.412,59.279,58.790,216.788
299.932,59.799,58.790,216.788
302.061,67.621,57.536,212.165
305.622,70.164,57.536,212.165
311.217,74.741,57.536,212.165
309.691,69.146,57.536,212.165
307.148,65.586,57.536,212.165
316.811,74.233,57.536,212.165
309.182,74.741,57.536,212.165
302.570,73.215,57.536,212.165
299.010,72.707,57.536,212.165
302.570,76.267,57.536,212.165
296.975,73.724,57.536,212.165
294.432,76.267,57.536,212.165
288.837,79.828,57.536,212.165
284.259,79.319,57.536,212.165
282.734,83.897,57.536,212.165
281.208,84.405,57.536,212.165
276.630,83.897,57.536,212.165
276.121,86.440,57.536,212.165
269.509,83.897,57.536,212.165
265.949,86.440,57.536,212.165
261.371,82.879,57.536,212.165
262.897,84.405,57.536,212.165
269.509,76.776,57.536,212.165
267.983,83.388,57.536,212.165
269.509,80.845,57.536,212.165
264.932,85.422,57.536,212.165
271.544,81.862,57.536,212.165
270.018,87.457,57.536,212.165
279.682,84.914,57.536,212.165
274.087,91.526,57.536,212.165
269.509,86.948,57.536,212.165
263.914,83.388,57.536,212.165
272.561,82.879,57.536,212.165
276.121,80.336,57.536,212.165
279.682,75.759,57.536,212.165
274.087,81.353,57.536,212.165
273.578,74.741,57.536,212.165
276.643,73.572,56.309,207.640
272.163,70.087,56.309,207.640
275.647,67.599,56.309,207.640
274.154,74.070,56.309,207.640
278.634,72.576,56.309,207.640
285.105,79.047,56.309,207.640
281.621,75.563,56.309,207.640
283.114,81.039,56.309,207.640
280.625,86.514,56.309,207.640
284.110,91.990,56.309,207.640
278.634,87.510,56.309,207.640
273.158,91.990,56.309,207.640
275.647,95.474,56.309,207.640
270.172,90.994,56.309,207.640
264.696,87.510,56.309,207.640
257.230,86.016,56.309,207.640
250.758,83.527,56.309,207.640
245.283,79.047,56.309,207.640
245.781,75.563,56.309,207.640
245.283,79.047,56.309,207.640
245.781,79.545,56.309,207.640
249.740,78.401,55.108,203.212
252.175,80.837,55.108,203.212
257.534,86.195,55.108,203.212
259.970,84.734,55.108,203.212
261.431,86.195,55.108,203.212
261.919,86.682,55.108,203.212
267.277,84.247,55.108,203.212
265.816,88.631,55.108,203.212
273.123,81.324,55.108,203.212
268.739,80.837,55.108,203.212
272.149,86.195,55.108,203.212
271.662,83.759,55.108,203.212
270.200,80.349,55.108,203.212
274.585,87.657,55.108,203.212
269.226,92.041,55.108,203.212
274.585,85.708,55.108,203.212
277.995,93.990,55.108,203.212
280.431,88.631,55.108,203.212
284.815,93.016,55.108,203.212
284.328,86.682,55.108,203.212
291.636,91.067,55.108,203.212
290.174,85.708,55.108,203.212
292.610,85.221,55.108,203.212
291.148,90.580,55.108,203.212
295.533,86.195,55.108,203.212
291.148,84.734,55.108,203.212
286.764,93.016,55.108,203.212
285.303,98.374,55.108,203.212
281.892,105.682,55.108,203.212
276.534,110.066,55.108,203.212
273.123,102.759,55.108,203.212
271.662,96.426,55.108,203.212
269.226,93.990,55.108,203.212
262.893,102.272,55.108,203.212
259.483,110.553,55.108,203.212
252.175,117.861,55.108,203.212
258.509,115.425,55.108,203.212
256.073,113.964,55.108,203.212
253.637,113.476,55.108,203.212
248.278,116.887,55.108,203.212
253.637,109.579,55.108,203.212
252.175,107.143,55.108,203.212
256.560,105.682,55.108,203.212
249.252,102.272,55.108,203.212
241.945,107.631,55.108,203.212
234.765,96.790,56.328,207.708
230.283,93.305,56.328,207.708
234.310,85.324,57.574,212.304
234.819,81.761,57.574,212.304
241.435,80.234,57.574,212.304
241.326,82.638,58.848,217.001
246.612,74.301,60.150,221.802
249.271,79.086,60.150,221.802
252.993,79.618,60.150,221.802
257.779,79.086,60.150,221.802
262.564,80.681,60.150,221.802
264.159,75.896,60.150,221.802
273.199,81.745,60.150,221.802
279.048,87.594,60.150,221.802
283.347,86.795,61.481,226.710
281.717,88.426,61.481,226.710
284.984,77.460,62.841,231.726
281.095,73.571,62.841,231.726
283.873,65.238,62.841,231.726
281.095,68.016,62.841,231.726
277.207,71.904,62.841,231.726
276.651,76.904,62.841,231.726
272.762,80.793,62.841,231.726
272.207,82.459,62.841,231.726
272.762,79.682,62.841,231.726
272.207,75.793,62.841,231.726
264.019,76.111,64.231,236.853
260.044,73.272,64.231,236.853
266.290,65.891,64.231,236.853
271.401,63.052,64.231,236.853
281.053,64.755,64.231,236.853
289.571,72.137,64.231,236.853
297.370,80.682,62.861,231.802
293.480,73.458,62.861,231.802
286.256,66.234,62.861,231.802
276.913,59.634,64.252,236.930
271.801,46.570,64.252,236.930
264.417,35.778,64.252,236.930
270.665,34.074,64.252,236.930
265.553,36.914,64.252,236.930
263.849,36.346,64.252,236.930
270.097,32.370,64.252,236.930
263.849,37.482,64.252,236.930
264.417,32.370,64.252,236.930
262.713,34.074,64.252,236.930
265.553,30.098,64.252,236.930
255.897,38.618,64.252,236.930
253.057,44.866,64.252,236.930
260.441,47.706,64.252,236.930
256.465,50.546,64.252,236.930
252.489,53.386,64.252,236.930
250.785,53.954,64.252,236.930
244.537,53.386,64.252,236.930
239.425,55.090,64.252,236.930
235.183,52.689,62.882,231.878
230.180,55.468,62.882,231.878
225.177,56.024,62.882,231.878
222.398,53.245,62.882,231.878
219.618,48.242,62.882,231.878
217.950,45.463,62.882,231.878
211.836,51.577,62.882,231.878
207.945,63.251,62.882,231.878
203.793,75.903,61.541,226.933
210.865,72.095,61.541,226.933
209.233,66.111,61.541,226.933
205.730,58.520,62.903,231.954
200.996,48.455,64.294,237.086
194.744,50.160,64.294,237.086
188.492,48.455,64.294,237.086
377.718,31.455,60.000,221.000
370.819,53.899,64.294,237.086
366.841,59.015,64.294,237.086
370.265,64.282,62.923,232.030
368.597,64.838,62.923,232.030
370.876,75.354,61.581,227.082
369.243,78.076,61.581,227.082
364.343,69.910,61.581,227.082
362.376,80.202,60.268,222.239
359.712,81.800,60.268,222.239
360.245,77.005,60.268,222.239
355.450,72.210,60.268,222.239
353.852,75.940,60.268,222.239
356.516,65.817,60.268,222.239
351.980,67.228,61.602,227.156
348.168,72.129,61.602,227.156
344.356,73.763,61.602,227.156
343.438,81.958,60.288,222.312
342.905,87.821,60.288,222.312
340.980,93.787,59.002,217.571
339.415,96.395,59.002,217.571
328.461,96.917,59.002,217.571
319.595,96.395,59.002,217.571
310.672,94.190,57.744,212.931
306.859,99.905,56.513,208.390
302.363,103.402,56.513,208.390
298.866,105.900,56.513,208.390
293.371,103.402,56.513,208.390
287.714,105.142,55.308,203.947
247.133,98.786,55.308,203.947
319.537,64.737,54.000,200.000
319.537,58.777,54.000,199.000
248.511,78.828,55.308,203.947
247.392,83.166,56.531,208.459
253.889,76.669,56.531,208.459
256.387,82.166,56.531,208.459
259.886,84.665,56.531,208.459
270.148,83.915,57.782,213.071
274.746,87.490,57.782,213.071
274.235,93.109,57.782,213.071
275.767,95.663,57.782,213.071
274.598,95.956,59.060,217.785
275.120,94.389,59.060,217.785
279.819,98.044,59.060,217.785
