125.000,162.000,74.000,55.000
122.214,161.240,74.000,55.000
123.987,162.000,74.000,55.000
122.721,161.240,74.000,55.000
122.468,162.000,74.000,55.000
124.240,161.240,74.000,55.000
122.468,162.000,74.000,55.000
124.240,161.240,74.000,55.000
122.468,162.000,74.000,55.000
124.240,161.240,74.000,55.000
122.468,162.000,74.000,55.000
124.240,161.240,74.000,55.000
122.468,162.000,74.000,55.000
124.240,161.240,74.000,55.000
122.468,161.494,74.000,55.000
123.734,161.747,74.000,55.000
121.961,162.000,74.000,55.000
123.734,161.240,74.000,55.000
121.961,162.000,74.000,55.000
123.734,161.240,74.000,55.000
121.961,162.000,74.000,55.000
123.734,161.240,74.000,55.000
122.468,162.000,74.000,55.000
124.240,160.734,74.000,55.000
122.974,162.507,74.000,55.000
123.227,161.240,74.000,55.000
122.974,161.494,74.000,55.000
122.721,161.747,74.000,55.000
122.974,162.507,74.000,55.000
123.227,161.240,74.000,55.000
122.974,161.494,74.000,55.000
122.721,161.747,74.000,55.000
122.468,162.000,74.000,55.000
124.240,160.734,74.000,55.000
122.468,162.507,74.000,55.000
124.240,161.240,74.000,55.000
122.468,161.494,74.000,55.000
124.240,162.253,74.000,55.000
122.974,160.987,74.000,55.000
122.721,162.253,74.000,55.000
122.468,160.987,74.000,55.000
122.963,162.218,75.637,56.217
121.151,160.924,75.637,56.217
122.445,160.665,75.637,56.217
121.668,159.888,75.637,56.217
123.480,160.147,75.637,56.217
122.186,159.888,75.637,56.217
122.445,159.112,75.637,56.217
123.739,159.888,75.637,56.217
122.445,158.076,75.637,56.217
124.257,159.370,75.637,56.217
123.998,159.629,75.637,56.217
123.221,158.335,75.637,56.217
124.516,160.147,75.637,56.217
124.257,158.853,75.637,56.217
124.516,159.629,75.637,56.217
124.257,158.853,75.637,56.217
124.516,159.629,75.637,56.217
124.257,158.335,75.637,56.217
124.516,159.629,75.637,56.217
124.257,157.817,75.637,56.217
124.516,158.594,75.637,56.217
124.775,158.335,75.637,56.217
123.998,159.112,75.637,56.217
124.257,158.853,75.637,56.217
124.516,158.594,75.637,56.217
124.775,158.335,75.637,56.217
123.998,159.112,75.637,56.217
124.775,158.853,75.637,56.217
123.998,158.076,75.637,56.217
125.292,157.817,75.637,56.217
124.516,156.523,75.637,56.217
126.328,155.229,75.637,56.217
125.551,156.523,75.637,56.217
126.845,153.158,75.637,56.217
125.551,154.452,75.637,56.217
128.398,152.123,75.637,56.217
127.622,152.382,75.637,56.217
129.952,152.640,75.637,56.217
128.657,149.793,75.637,56.217
130.987,150.052,75.637,56.217
130.728,148.240,75.637,56.217
132.022,146.946,75.637,56.217
133.078,145.799,74.024,55.018
135.089,144.676,72.446,53.845
137.056,144.055,70.901,52.697
136.328,142.842,70.901,52.697
138.721,141.767,69.389,51.573
138.774,142.088,67.909,50.473
139.936,139.996,67.909,50.473
139.540,139.414,66.461,49.397
140.468,138.407,65.044,48.343
142.664,137.849,63.656,47.312
141.574,135.889,63.656,47.312
142.664,134.799,63.656,47.312
142.881,135.889,63.656,47.312
140.921,133.492,63.656,47.312
142.010,132.403,63.656,47.312
140.921,131.314,63.656,47.312
141.574,130.225,63.656,47.312
143.723,130.099,62.299,46.303
142.230,129.033,62.299,46.303
141.591,128.393,62.299,46.303
143.083,128.180,62.299,46.303
140.738,127.114,62.299,46.303
142.657,126.475,62.299,46.303
141.472,126.352,60.970,45.316
142.932,126.143,60.970,45.316
140.637,126.769,60.970,45.316
142.293,126.247,59.670,44.349
141.945,126.523,58.398,43.404
143.744,126.723,58.398,43.404
141.945,126.923,58.398,43.404
142.544,125.124,58.398,43.404
142.974,125.779,57.152,42.478
143.772,126.421,55.934,41.572
145.112,125.081,55.934,41.572
144.786,126.447,54.741,40.686
146.634,125.978,53.573,39.818
147.735,126.225,52.431,38.969
148.121,126.468,51.313,38.138
148.999,126.644,51.313,38.138
148.121,126.117,51.313,38.138
148.999,125.590,51.313,38.138
149.377,126.843,50.219,37.325
149.893,125.984,50.219,37.325
149.377,126.499,50.219,37.325
150.580,125.296,50.219,37.325
151.281,127.185,49.148,36.529
150.777,126.344,49.148,36.529
151.954,125.503,49.148,36.529
151.668,127.027,48.100,35.750
151.832,126.204,48.100,35.750
151.668,127.027,48.100,35.750
152.161,126.863,48.100,35.750
152.655,127.027,48.100,35.750
152.375,128.202,47.074,34.987
152.858,128.041,47.074,34.987
153.019,128.524,47.074,34.987
151.892,129.007,47.074,34.987
152.697,128.846,47.074,34.987
152.214,130.296,47.074,34.987
151.086,129.491,47.074,34.987
150.925,130.618,47.074,34.987
152.053,130.779,47.074,34.987
150.925,130.940,47.074,34.987
152.375,132.068,47.074,34.987
150.925,130.296,47.074,34.987
153.019,132.068,47.074,34.987
151.247,131.585,47.074,34.987
151.408,133.035,47.074,34.987
151.247,132.551,47.074,34.987
150.119,134.001,47.074,34.987
151.247,135.129,47.074,34.987
149.556,133.906,48.115,35.761
150.380,135.388,48.115,35.761
149.556,136.541,48.115,35.761
148.733,137.364,48.115,35.761
147.910,138.188,48.115,35.761
146.757,138.682,48.115,35.761
145.604,139.176,48.115,35.761
144.452,140.328,48.115,35.761
143.958,141.481,48.115,35.761
144.123,142.304,48.115,35.761
143.299,142.798,48.115,35.761
141.817,141.645,48.115,35.761
142.970,143.127,48.115,35.761
143.135,144.939,48.115,35.761
143.115,145.056,49.180,36.553
141.600,146.234,49.180,36.553
143.326,146.703,50.268,37.361
142.466,147.219,50.268,37.361
143.326,148.767,50.268,37.361
141.778,147.219,50.268,37.361
142.982,149.455,50.268,37.361
142.122,149.627,50.268,37.361
141.262,151.175,50.268,37.361
142.466,152.380,50.268,37.361
141.606,150.831,50.268,37.361
142.466,152.380,50.268,37.361
142.294,151.175,50.268,37.361
140.401,153.412,50.268,37.361
141.262,154.960,50.268,37.361
140.057,156.852,50.268,37.361
140.574,155.304,50.268,37.361
141.778,157.196,50.268,37.361
142.638,155.992,50.268,37.361
141.090,157.884,50.268,37.361
141.950,157.024,50.268,37.361
141.778,158.573,50.268,37.361
142.294,156.680,50.268,37.361
142.332,157.244,49.196,36.565
143.848,156.403,49.196,36.565
144.353,155.224,49.196,36.565
143.848,154.382,49.196,36.565
143.885,153.312,48.147,35.785
142.334,152.899,47.120,35.022
139.915,154.028,47.120,35.022
138.141,154.834,47.120,35.022
136.368,155.641,47.120,35.022
136.093,155.237,46.115,34.275
144.446,109.548,73.000,54.000
176.590,122.331,46.115,34.275
179.668,123.457,45.132,33.544
180.749,125.465,45.132,33.544
146.159,111.211,73.000,54.000
146.159,114.576,73.000,54.000
146.159,114.576,73.000,54.000
146.159,114.576,73.000,54.000
146.159,114.576,73.000,54.000
149.525,114.576,73.000,54.000
149.525,114.576,73.000,54.000
149.525,114.576,73.000,54.000
149.525,114.576,73.000,54.000
149.525,114.576,73.000,54.000
149.525,114.576,73.000,54.000
149.525,114.576,73.000,54.000
149.525,114.576,73.000,54.000
149.525,114.576,73.000,54.000
149.525,114.576,73.000,54.000
149.525,114.576,73.000,54.000
149.525,114.576,73.000,54.000
149.525,114.076,73.000,55.000
149.525,114.076,73.000,55.000
149.525,114.576,73.000,54.000
149.525,117.942,73.000,54.000
149.525,117.942,73.000,54.000
149.525,117.942,73.000,54.000
149.525,117.942,73.000,54.000
149.525,117.942,73.000,54.000
149.525,121.308,73.000,54.000
149.525,121.308,73.000,54.000
181.065,137.401,44.213,32.861
184.016,139.647,43.270,32.160
183.478,141.275,42.347,31.474
185.073,142.579,42.347,31.474
185.217,143.593,42.347,31.474
185.942,142.289,42.347,31.474
185.797,142.144,42.347,31.474
186.232,143.738,42.347,31.474
184.110,116.777,43.284,32.171
183.073,115.740,43.284,32.171
183.517,118.258,43.284,32.171
184.978,121.028,42.361,31.485
184.253,119.723,42.361,31.485
184.978,123.348,42.361,31.485
184.253,125.232,42.361,31.485
185.558,126.827,42.361,31.485
184.543,126.102,42.361,31.485
184.398,128.567,42.361,31.485
183.673,130.451,42.361,31.485
184.978,132.626,42.361,31.485
184.543,134.511,42.361,31.485
183.818,135.815,42.361,31.485
185.123,136.830,42.361,31.485
184.978,137.845,42.361,31.485
185.993,139.150,42.361,31.485
186.428,139.874,42.361,31.485
185.993,140.019,42.361,31.485
187.587,140.454,42.361,31.485
186.573,139.729,42.361,31.485
186.428,140.164,42.361,31.485
185.703,138.860,42.361,31.485
185.848,139.005,42.361,31.485
185.703,138.860,42.361,31.485
185.268,138.135,42.361,31.485
185.703,138.280,42.361,31.485
184.978,138.425,42.361,31.485
185.123,139.440,42.361,31.485
184.978,140.454,42.361,31.485
184.543,141.469,42.361,31.485
183.818,142.194,42.361,31.485
183.963,142.049,42.361,31.485
183.818,142.194,42.361,31.485
183.383,142.049,42.361,31.485
183.238,141.614,42.361,31.485
183.963,142.629,42.361,31.485
183.238,141.324,42.361,31.485
183.673,140.599,42.361,31.485
183.528,141.614,42.361,31.485
150.957,118.698,67.000,50.000
150.957,119.198,67.000,49.000
151.457,119.198,66.000,49.000
151.957,119.198,65.000,49.000
151.957,119.698,65.000,48.000
152.457,120.198,64.000,47.000
152.957,117.262,63.000,47.000
152.957,117.262,63.000,47.000
153.457,117.762,62.000,46.000
153.957,117.762,61.000,46.000
153.957,118.262,61.000,45.000
154.457,118.262,60.000,45.000
154.457,118.762,60.000,44.000
152.192,118.762,59.000,44.000
152.192,118.762,59.000,44.000
152.692,119.262,58.000,43.000
152.692,119.262,58.000,43.000
153.192,119.262,57.000,43.000
153.192,119.762,57.000,42.000
153.692,119.762,56.000,42.000
153.692,120.262,56.000,41.000
154.192,120.262,55.000,41.000
154.192,120.262,55.000,41.000
154.692,120.762,54.000,40.000
154.692,120.762,54.000,40.000
155.192,121.262,53.000,39.000
155.192,121.262,53.000,39.000
155.692,121.262,52.000,39.000
155.692,121.762,52.000,38.000
156.192,121.762,51.000,38.000
156.192,121.762,51.000,38.000
156.692,122.262,50.000,37.000
156.692,122.262,50.000,37.000
156.692,122.262,50.000,37.000
157.192,122.262,49.000,37.000
157.192,122.762,49.000,36.000
157.192,122.762,49.000,36.000
157.192,122.762,49.000,36.000
159.439,122.762,49.000,36.000
159.939,125.009,48.000,36.000
159.939,125.009,48.000,36.000
159.939,125.009,48.000,36.000
159.939,127.243,48.000,36.000
159.939,127.243,48.000,36.000
159.939,129.978,48.000,35.000
157.748,129.978,48.000,35.000
157.748,131.668,48.000,36.000
157.748,133.903,48.000,36.000
157.748,136.696,48.000,36.000
155.513,139.488,48.000,36.000
155.513,142.281,48.000,36.000
153.279,145.074,48.000,36.000
153.279,147.308,48.000,36.000
151.045,149.543,48.000,36.000
148.811,152.335,48.000,36.000
148.811,154.570,48.000,36.000
146.576,156.804,48.000,36.000
146.576,159.038,48.000,36.000
143.783,160.655,48.000,35.000
141.593,160.655,48.000,35.000
139.402,161.203,48.000,35.000
137.211,161.203,48.000,35.000
135.020,161.203,48.000,35.000
132.281,161.203,48.000,35.000
130.090,161.203,48.000,35.000
127.352,159.012,48.000,35.000
125.161,159.012,48.000,35.000
122.970,159.012,48.000,35.000
120.779,156.821,48.000,35.000
118.588,156.821,48.000,35.000
116.397,154.631,48.000,35.000
114.206,154.631,48.000,35.000
112.016,152.987,48.000,35.000
110.325,152.987,47.000,35.000
108.171,150.833,47.000,35.000
106.017,148.679,47.000,35.000
103.862,148.679,47.000,35.000
101.708,145.987,47.000,35.000
99.554,143.833,47.000,35.000
99.554,141.679,47.000,35.000
97.400,139.524,47.000,35.000
95.246,137.370,47.000,35.000
95.246,135.216,47.000,35.000
95.246,133.062,47.000,35.000
95.246,133.062,47.000,35.000
94.746,130.908,48.000,35.000
94.746,130.908,48.000,35.000
115.724,143.236,30.658,22.786
116.878,142.502,30.658,22.786
117.403,141.768,30.658,22.786
94.246,125.983,49.000,36.000
94.246,124.860,49.000,36.000
94.246,124.360,49.000,37.000
93.746,122.099,50.000,37.000
93.746,122.099,50.000,37.000
93.746,119.801,50.000,37.000
93.246,119.301,51.000,38.000
119.056,134.142,31.336,23.291
120.664,133.821,31.336,23.291
121.844,133.499,31.336,23.291
122.595,132.748,31.336,23.291
123.345,132.641,31.336,23.291
123.024,131.676,31.336,23.291
124.847,131.140,31.336,23.291
126.241,131.032,31.336,23.291
127.206,130.282,31.336,23.291
128.171,131.032,31.336,23.291
129.048,130.441,32.030,23.806
130.035,130.770,32.030,23.806
131.021,129.783,32.030,23.806
132.666,131.208,32.030,23.806
134.091,132.633,32.030,23.806
136.173,133.401,32.030,23.806
138.256,134.168,32.030,23.806
140.119,134.058,32.030,23.806
141.698,134.136,32.738,24.333
143.379,134.696,32.738,24.333
144.760,135.473,33.463,24.871
145.562,134.901,33.463,24.871
146.822,135.015,33.463,24.871
112.920,110.030,67.000,50.000
115.518,110.030,68.000,50.000
115.518,109.530,68.000,51.000
115.018,109.530,69.000,51.000
115.018,109.030,69.000,52.000
114.518,112.236,70.000,52.000
115.323,112.236,70.000,52.000
115.323,115.454,70.000,52.000
118.540,115.454,70.000,52.000
118.540,115.454,70.000,52.000
118.540,113.845,70.000,52.000
118.540,113.845,70.000,52.000
118.540,113.845,70.000,52.000
118.540,113.845,70.000,52.000
118.540,113.845,70.000,52.000
118.540,113.845,70.000,52.000
116.262,106.910,35.733,26.558
116.761,108.489,34.971,25.992
117.599,110.045,34.971,25.992
117.001,111.840,34.971,25.992
117.838,113.396,34.971,25.992
118.437,115.191,34.971,25.992
117.838,115.790,34.971,25.992
118.915,116.628,34.971,25.992
118.078,116.987,34.971,25.992
118.437,118.303,34.971,25.992
119.035,119.859,34.971,25.992
117.958,120.697,34.971,25.992
119.753,122.253,34.971,25.992
120.591,123.569,34.971,25.992
121.668,122.492,34.971,25.992
120.591,123.808,34.971,25.992
122.147,122.492,34.971,25.992
123.224,123.330,34.971,25.992
123.583,122.731,34.971,25.992
124.421,122.851,34.971,25.992
123.104,123.689,34.971,25.992
122.506,124.766,34.971,25.992
124.062,125.364,34.971,25.992
123.703,125.005,34.971,25.992
125.259,123.449,34.971,25.992
124.899,123.569,34.971,25.992
125.977,122.492,34.971,25.992
125.857,123.330,34.971,25.992
125.259,122.731,34.971,25.992
124.421,122.851,34.971,25.992
124.780,121.774,34.971,25.992
125.857,122.612,34.971,25.992
126.455,123.210,34.971,25.992
125.378,124.048,34.971,25.992
126.216,123.449,34.971,25.992
125.139,122.851,34.971,25.992
125.019,122.013,34.971,25.992
124.181,121.175,34.971,25.992
123.822,122.013,34.971,25.992
124.899,121.654,34.971,25.992
124.062,120.816,34.971,25.992
124.421,122.133,34.971,25.992
124.780,123.449,34.971,25.992
124.421,122.612,34.971,25.992
124.062,122.013,34.971,25.992
125.378,124.048,34.971,25.992
125.977,124.886,34.971,25.992
126.575,125.245,34.971,25.992
125.259,126.082,34.971,25.992
125.857,126.202,34.971,25.992
126.695,127.279,34.971,25.992
126.814,127.638,34.971,25.992
126.695,126.561,34.971,25.992
127.532,126.681,34.971,25.992
127.173,126.082,34.971,25.992
127.054,127.159,34.971,25.992
