213.000,121.000,21.000,95.000
211.918,117.754,21.000,95.000
212.134,115.373,21.000,95.000
211.485,113.858,21.000,95.000
211.701,111.478,21.000,95.000
209.321,111.694,21.000,95.000
208.672,109.313,21.000,95.000
207.590,110.395,21.000,95.000
207.806,111.478,21.000,95.000
206.724,112.127,21.000,95.000
208.672,110.612,21.000,95.000
211.485,107.798,21.000,95.000
215.597,106.283,21.000,95.000
218.410,108.231,21.000,95.000
221.224,109.746,21.000,95.000
221.007,107.798,21.000,95.000
218.754,108.768,21.465,97.102
218.533,108.547,21.465,97.102
216.985,106.999,21.465,97.102
214.109,107.220,21.465,97.102
211.806,106.375,21.940,99.250
213.205,104.573,22.425,101.446
215.285,104.805,22.425,101.446
216.903,102.725,22.425,101.446
218.059,102.956,22.425,101.446
220.601,100.876,22.425,101.446
221.756,101.569,22.425,101.446
220.139,99.489,22.425,101.446
219.445,97.871,22.425,101.446
217.827,95.329,22.425,101.446
217.134,93.249,22.425,101.446
221.063,94.867,22.425,101.446
222.014,93.505,22.921,103.691
223.667,92.796,22.921,103.691
224.848,91.615,22.921,103.691
223.667,90.434,22.921,103.691
225.793,93.033,22.921,103.691
227.919,94.214,22.921,103.691
230.045,92.088,22.921,103.691
232.171,94.686,22.921,103.691
234.769,95.867,22.921,103.691
232.644,98.466,22.921,103.691
230.045,100.119,22.921,103.691
227.447,102.245,22.921,103.691
228.155,105.316,22.921,103.691
225.085,107.442,22.921,103.691
223.280,109.231,22.432,101.479
224.436,109.924,22.432,101.479
222.817,107.381,22.432,101.479
221.199,107.150,22.432,101.479
218.656,106.919,22.432,101.479
214.264,105.763,22.432,101.479
209.871,102.757,22.432,101.479
205.479,103.451,22.432,101.479
201.087,101.370,22.432,101.479
200.393,102.064,22.432,101.479
200.624,99.983,22.432,101.479
199.468,101.139,22.432,101.479
200.624,103.220,22.432,101.479
202.242,102.526,22.432,101.479
204.785,104.607,22.432,101.479
206.404,107.150,22.432,101.479
208.022,110.155,22.432,101.479
210.103,110.849,22.432,101.479
211.258,108.306,22.432,101.479
208.253,108.999,22.432,101.479
205.710,106.919,22.432,101.479
207.955,109.561,21.954,99.315
209.991,107.072,21.954,99.315
212.027,109.108,21.954,99.315
215.874,107.524,21.954,99.315
224.245,106.393,21.954,99.315
227.639,103.904,21.954,99.315
229.675,102.321,21.954,99.315
226.281,101.189,21.954,99.315
220.625,99.153,21.954,99.315
214.064,97.569,21.954,99.315
205.240,98.248,21.954,99.315
201.394,100.737,21.954,99.315
199.810,96.891,21.954,99.315
200.036,92.139,21.954,99.315
200.715,83.768,21.954,99.315
204.109,79.922,21.954,99.315
207.502,76.981,21.954,99.315
209.539,74.039,21.954,99.315
210.670,72.003,21.954,99.315
206.315,70.139,20.000,92.000
211.137,70.018,21.954,99.315
206.315,72.968,20.000,92.000
206.315,78.624,20.000,92.000
209.327,83.933,21.954,99.315
208.196,89.136,21.954,99.315
207.517,94.793,21.954,99.315
208.196,96.829,21.954,99.315
207.340,100.723,21.486,97.197
210.218,104.044,21.486,97.197
212.795,107.428,21.028,95.125
209.172,110.566,20.000,92.000
209.172,116.222,20.000,92.000
209.941,120.277,21.028,95.125
207.051,122.379,20.000,91.000
207.051,125.178,20.000,91.000
207.051,127.977,20.000,91.000
207.051,127.977,20.000,91.000
207.051,128.477,20.000,90.000
208.086,134.659,19.711,89.168
209.101,134.862,19.711,89.168
210.930,134.659,19.711,89.168
211.945,132.831,19.711,89.168
209.711,130.597,19.711,89.168
211.539,128.362,19.711,89.168
211.336,126.534,19.711,89.168
210.486,116.907,20.147,91.141
211.939,120.436,20.147,91.141
213.808,116.907,20.147,91.141
211.939,113.377,20.147,91.141
214.223,112.754,20.147,91.141
216.507,112.547,20.147,91.141
210.883,114.084,19.000,86.000
210.883,116.724,19.000,86.000
210.883,119.363,19.000,86.000
210.883,119.363,19.000,86.000
210.883,119.863,19.000,85.000
213.513,119.863,19.000,85.000
213.513,120.363,19.000,84.000
216.597,120.863,18.000,83.000
216.597,120.863,18.000,83.000
219.133,121.497,18.000,83.000
221.669,121.497,18.000,83.000
221.669,124.033,18.000,83.000
224.205,124.033,18.000,83.000
226.741,126.569,18.000,83.000
226.741,126.569,18.000,83.000
229.374,123.291,19.316,87.381
228.777,120.305,19.316,87.381
229.277,129.105,18.000,83.000
225.225,123.989,19.743,89.314
226.907,122.790,20.180,91.290
228.778,123.414,20.180,91.290
229.595,123.385,19.750,89.343
231.179,126.888,19.328,87.438
232.729,125.708,18.916,85.573
234.622,127.936,18.513,83.749
236.720,126.601,18.513,83.749
237.102,126.206,18.118,81.963
238.035,126.767,18.118,81.963
237.102,125.086,18.118,81.963
237.870,125.535,18.519,83.776
236.152,122.291,18.519,83.776
234.326,119.689,18.124,81.990
231.898,118.008,18.124,81.990
233.953,117.448,18.124,81.990
233.392,115.393,18.124,81.990
234.326,112.592,18.124,81.990
236.500,110.765,17.737,80.241
236.317,109.851,17.737,80.241
238.328,111.131,17.737,80.241
235.117,110.280,19.000,84.000
239.259,110.917,17.737,80.241
235.117,110.280,19.000,84.000
238.893,110.917,17.737,80.241
237.613,110.003,17.737,80.241
239.259,110.186,17.737,80.241
239.807,111.465,17.737,80.241
238.527,112.014,17.737,80.241
240.538,111.831,17.737,80.241
240.355,111.648,17.737,80.241
242.732,112.562,17.737,80.241
241.818,111.648,17.737,80.241
240.538,110.734,17.737,80.241
239.624,112.745,17.737,80.241
237.248,111.100,17.737,80.241
234.506,110.917,17.737,80.241
232.129,112.562,17.737,80.241
231.216,115.304,17.737,80.241
229.205,114.025,17.737,80.241
229.753,112.014,17.737,80.241
227.742,109.272,17.737,80.241
228.291,111.283,17.737,80.241
230.302,111.831,17.737,80.241
232.312,113.111,17.737,80.241
229.570,109.637,17.737,80.241
227.194,109.089,17.737,80.241
225.914,108.541,17.737,80.241
223.904,107.261,17.737,80.241
221.621,104.667,18.130,82.016
219.940,103.359,18.130,82.016
217.884,106.161,18.130,82.016
216.817,106.135,17.743,80.267
216.269,104.124,17.743,80.267
218.749,106.566,17.365,78.556
217.138,105.671,17.365,78.556
219.221,108.406,16.995,76.880
220.097,108.932,16.995,76.880
218.714,109.233,19.000,86.000
218.714,109.733,19.000,85.000
218.714,107.103,19.000,85.000
218.714,107.603,19.000,84.000
218.714,107.103,19.000,85.000
218.714,107.103,19.000,85.000
226.646,105.131,16.995,76.880
225.420,106.007,16.995,76.880
223.143,106.883,16.995,76.880
220.516,106.708,16.995,76.880
218.590,108.634,16.995,76.880
212.797,109.733,19.000,85.000
210.167,110.233,19.000,84.000
210.167,110.233,19.000,84.000
210.667,110.233,18.000,84.000
210.667,110.733,18.000,83.000
210.667,113.269,18.000,83.000
210.667,113.903,18.000,83.000
213.854,116.285,16.278,73.636
210.667,122.145,18.000,83.000
210.667,127.217,18.000,83.000
210.667,129.753,18.000,83.000
214.175,129.294,15.591,70.529
210.667,135.949,18.000,82.000
210.667,135.949,18.000,82.000
210.667,138.476,18.000,82.000
210.667,138.476,18.000,82.000
210.667,138.476,18.000,82.000
210.667,138.476,18.000,82.000
210.667,137.976,18.000,83.000
210.667,137.976,18.000,83.000
210.667,137.976,18.000,83.000
211.301,137.976,18.000,83.000
211.301,138.476,18.000,82.000
211.301,138.476,18.000,82.000
211.301,138.476,18.000,82.000
208.774,138.476,18.000,82.000
208.774,138.476,18.000,82.000
206.248,138.476,18.000,82.000
206.248,135.949,18.000,82.000
203.721,135.949,18.000,82.000
201.195,135.949,18.000,82.000
199.300,135.949,18.000,82.000
199.300,135.949,18.000,82.000
196.773,137.976,18.000,83.000
196.773,137.976,18.000,83.000
196.773,137.976,18.000,83.000
196.773,137.976,18.000,83.000
198.809,137.476,19.000,84.000
203.279,149.755,15.263,69.048
206.268,151.171,15.263,69.048
203.976,136.976,19.000,85.000
206.606,136.976,19.000,85.000
209.236,136.976,19.000,85.000
219.683,147.553,15.263,69.048
222.042,146.452,15.263,69.048
223.143,145.665,15.263,69.048
223.930,144.250,15.263,69.048
223.772,142.519,15.263,69.048
225.188,141.104,15.263,69.048
224.530,138.871,15.601,70.576
227.263,136.781,15.601,70.576
229.996,134.048,15.601,70.576
231.443,131.958,15.601,70.576
231.604,129.867,15.601,70.576
217.136,120.517,19.000,85.000
217.136,120.517,19.000,85.000
215.163,121.017,19.000,84.000
215.163,121.017,19.000,84.000
214.517,121.017,19.000,84.000
214.984,130.033,15.601,70.576
212.434,121.017,18.000,84.000
209.388,123.562,19.000,84.000
209.388,123.562,19.000,84.000
209.388,123.562,19.000,84.000
208.743,123.562,19.000,84.000
214.235,129.843,15.946,72.137
215.714,129.679,15.946,72.137
214.235,130.829,15.946,72.137
212.427,130.665,15.946,72.137
210.619,129.515,15.946,72.137
208.154,129.350,15.946,72.137
205.689,130.172,15.946,72.137
202.896,128.036,15.946,72.137
201.417,125.570,15.946,72.137
193.838,119.490,18.000,82.000
199.591,124.600,15.606,70.599
198.786,122.509,15.606,70.599
196.628,124.037,15.273,69.093
186.287,116.215,18.000,81.000
189.623,120.363,15.273,69.093
186.317,118.317,15.273,69.093
186.160,115.956,15.273,69.093
185.688,112.965,15.273,69.093
181.913,107.902,17.000,78.000
179.712,110.865,15.273,69.093
176.689,110.540,14.948,67.620
175.303,107.921,14.948,67.620
176.073,104.686,14.948,67.620
177.459,101.143,14.948,67.620
178.230,98.216,14.948,67.620
177.151,95.597,14.948,67.620
178.230,97.908,14.948,67.620
177.350,97.590,14.629,66.178
176.198,99.312,14.317,64.766
175.755,97.394,14.317,64.766
174.132,96.657,14.317,64.766
163.557,94.147,17.000,77.000
163.557,91.799,17.000,77.000
167.727,95.727,14.317,64.766
161.210,89.452,17.000,77.000
166.265,94.560,14.317,64.766
158.862,88.952,17.000,78.000
159.491,94.265,14.317,64.766
158.458,95.298,14.317,64.766
157.130,97.806,14.317,64.766
155.802,100.315,14.317,64.766
154.106,103.423,14.011,63.385
151.651,104.145,14.011,63.385
150.641,105.733,14.011,63.385
149.919,104.722,14.011,63.385
151.507,106.022,14.011,63.385
152.700,105.471,14.321,64.788
153.920,102.457,14.638,66.221
152.562,100.797,14.638,66.221
153.496,101.160,14.962,67.686
151.800,102.548,14.962,67.686
149.487,101.777,14.962,67.686
150.441,101.828,15.293,69.184
147.762,101.356,15.293,69.184
146.974,101.513,15.293,69.184
148.603,100.257,15.632,70.714
148.932,100.311,15.977,72.279
147.779,101.134,15.977,72.279
148.932,99.652,15.977,72.279
147.779,98.499,15.977,72.279
145.723,99.921,16.331,73.878
143.535,101.772,16.331,73.878
142.021,104.297,16.331,73.878
144.209,107.494,16.331,73.878
145.050,111.029,16.331,73.878
145.892,114.226,16.331,73.878
147.070,116.751,16.331,73.878
149.594,116.583,16.331,73.878
155.148,118.770,16.331,73.878
167.365,118.477,16.692,75.513
175.569,116.392,17.062,77.183
178.481,114.261,17.439,78.891
174.516,104.325,19.000,85.000
179.851,111.216,17.439,78.891
181.337,112.394,17.825,80.637
171.876,103.825,19.000,86.000
168.577,103.825,19.000,86.000
165.277,103.825,19.000,86.000
160.658,103.825,19.000,86.000
158.018,103.825,19.000,86.000
155.379,103.325,19.000,87.000
152.730,103.325,19.000,87.000
152.730,102.825,19.000,88.000
149.552,102.325,20.000,89.000
149.552,101.825,20.000,90.000
149.552,101.325,20.000,91.000
149.552,101.325,20.000,91.000
148.152,101.325,20.000,91.000
148.779,106.223,19.041,86.136
147.406,105.242,19.041,86.136
144.855,106.615,19.041,86.136
142.554,100.825,20.000,92.000
143.968,95.168,20.000,92.000
144.675,92.340,20.000,92.000
144.175,91.840,21.000,93.000
144.175,91.340,21.000,94.000
147.060,90.840,21.000,95.000
155.855,90.840,21.000,95.000
159.520,90.840,21.000,95.000
162.451,93.772,21.000,95.000
163.917,99.636,21.000,95.000
165.383,102.567,21.000,95.000
165.383,105.499,21.000,95.000
165.383,109.164,21.000,95.000
165.383,112.096,21.000,95.000
165.383,115.027,21.000,95.000
165.383,115.760,21.000,95.000
168.315,115.760,21.000,95.000
168.315,118.692,21.000,95.000
166.116,118.692,21.000,95.000
165.383,118.692,21.000,95.000
162.451,121.624,21.000,95.000
159.520,122.124,21.000,94.000
157.356,122.124,21.000,94.000
157.356,122.124,21.000,94.000
157.356,119.239,21.000,94.000
157.356,113.469,21.000,94.000
157.356,107.699,21.000,94.000
157.356,104.093,21.000,94.000
158.798,98.323,21.000,94.000
164.634,100.274,16.747,75.761
167.223,92.852,16.747,75.761
169.897,90.832,16.390,74.145
172.769,88.299,16.390,74.145
173.951,88.130,16.390,74.145
173.782,90.326,16.390,74.145
174.964,90.157,16.390,74.145
175.809,92.352,16.390,74.145
176.316,94.886,16.390,74.145
173.106,98.433,16.390,74.145
171.248,104.345,16.390,74.145
169.053,108.568,16.390,74.145
167.870,111.777,16.390,74.145
153.599,108.162,21.000,95.000
152.907,122.549,16.753,75.786
149.627,125.830,16.753,75.786
146.346,128.074,16.753,75.786
144.793,129.973,16.753,75.786
145.656,131.527,16.753,75.786
147.210,132.735,16.753,75.786
149.711,131.718,17.123,77.462
152.634,129.213,17.502,79.176
156.061,125.065,17.502,79.176
157.926,123.627,17.889,80.928
150.761,110.953,21.000,95.000
153.693,108.021,21.000,95.000
159.145,110.842,17.889,80.928
156.625,102.158,21.000,95.000
159.557,102.158,21.000,95.000
163.534,106.454,17.889,80.928
160.999,96.841,21.000,94.000
166.082,103.587,17.889,80.928
167.004,100.821,17.889,80.928
168.295,99.162,17.889,80.928
170.323,96.028,17.889,80.928
168.663,94.369,17.889,80.928
170.570,97.490,18.285,82.718
166.653,97.553,18.690,84.549
161.067,97.360,18.690,84.549
158.178,96.012,18.690,84.549
156.059,97.745,18.690,84.549
157.022,98.323,18.690,84.549
153.748,96.589,18.690,84.549
152.014,97.553,18.690,84.549
152.592,96.589,18.690,84.549
150.859,95.626,18.690,84.549
150.052,94.491,19.103,86.419
150.643,96.263,19.103,86.419
151.453,93.877,19.526,88.331
150.849,91.664,19.526,88.331
145.383,81.288,20.000,91.000
148.182,78.489,20.000,91.000
148.182,78.489,20.000,91.000
148.182,75.690,20.000,91.000
148.182,75.690,20.000,91.000
150.981,75.690,20.000,91.000
150.981,73.390,20.000,90.000
153.734,73.390,20.000,90.000
159.240,73.390,20.000,90.000
164.745,76.143,20.000,90.000
166.121,78.396,20.000,91.000
166.121,84.494,20.000,90.000
166.121,89.500,20.000,91.000
168.221,92.299,20.000,91.000
168.221,97.898,20.000,91.000
168.221,98.398,20.000,90.000
168.221,98.898,20.000,89.000
168.221,101.141,20.000,90.000
168.221,101.141,20.000,90.000
168.221,101.141,20.000,90.000
168.221,101.141,20.000,90.000
168.221,102.329,20.000,89.000
165.478,105.072,20.000,89.000
164.106,107.816,20.000,89.000
161.363,110.559,20.000,89.000
161.363,113.302,20.000,89.000
158.620,116.045,20.000,89.000
158.620,116.545,20.000,88.000
156.386,116.545,19.000,88.000
156.386,119.223,19.000,88.000
155.717,119.223,19.000,88.000
155.717,119.223,19.000,88.000
155.717,119.223,19.000,88.000
155.717,119.223,19.000,88.000
155.717,119.223,19.000,88.000
155.717,119.223,19.000,88.000
155.717,119.223,19.000,88.000
157.725,119.223,19.000,88.000
157.725,119.223,19.000,88.000
155.047,119.223,19.000,88.000
155.717,117.045,19.000,87.000
155.717,114.396,19.000,87.000
155.717,111.747,19.000,87.000
155.717,111.747,19.000,87.000
155.717,109.098,19.000,87.000
155.717,106.449,19.000,87.000
155.717,103.799,19.000,87.000
162.393,102.217,19.135,86.561
166.209,100.669,18.726,84.715
169.103,97.389,18.726,84.715
170.840,95.652,18.726,84.715
170.261,93.143,18.726,84.715
171.998,92.178,18.726,84.715
171.033,90.827,18.726,84.715
172.907,91.916,18.327,82.909
172.718,91.727,18.327,82.909
174.418,90.783,18.327,82.909
174.229,90.594,18.327,82.909
173.285,90.783,18.327,82.909
175.740,93.616,18.327,82.909
168.981,88.093,19.000,88.000
168.981,88.593,19.000,87.000
168.981,88.593,19.000,87.000
168.981,88.593,19.000,87.000
168.981,88.593,19.000,87.000
173.762,88.114,19.147,86.618
174.749,86.732,19.147,86.618
175.341,85.351,19.147,86.618
174.749,85.943,19.147,86.618
172.578,84.956,19.147,86.618
170.803,84.759,19.147,86.618
168.237,86.140,19.147,86.618
166.461,85.548,19.147,86.618
163.896,88.114,19.147,86.618
161.331,85.943,19.147,86.618
159.160,85.351,19.147,86.618
156.595,87.522,19.147,86.618
152.846,86.535,19.147,86.618
150.281,85.154,19.147,86.618
148.505,83.773,19.147,86.618
146.729,82.786,19.147,86.618
145.742,82.194,19.147,86.618
144.756,82.786,19.147,86.618
138.484,80.350,19.000,85.000
137.169,80.350,19.000,85.000
135.196,82.980,19.000,85.000
132.982,79.284,19.571,88.534
130.360,77.065,19.571,88.534
132.566,82.980,19.000,85.000
131.562,80.091,19.571,88.534
134.184,79.486,19.571,88.534
134.789,80.494,19.571,88.534
134.991,83.519,19.571,88.534
136.403,88.158,19.571,88.534
139.428,93.201,19.571,88.534
142.857,99.453,19.571,88.534
145.479,104.495,19.571,88.534
150.925,109.134,19.571,88.534
157.984,113.369,19.571,88.534
161.009,114.378,19.571,88.534
161.211,115.790,19.571,88.534
161.009,114.378,19.571,88.534
159.194,110.142,19.571,88.534
158.042,108.559,19.153,86.646
159.818,106.388,19.153,86.646
162.496,104.078,18.745,84.798
164.621,101.180,18.745,84.798
163.655,97.123,18.745,84.798
162.303,94.998,18.745,84.798
164.814,92.873,18.745,84.798
163.338,92.846,18.345,82.990
165.418,90.767,18.345,82.990
163.244,90.376,17.954,81.220
156.398,88.341,17.954,81.220
148.812,87.786,17.954,81.220
145.297,86.490,17.954,81.220
138.821,78.904,17.954,81.220
135.305,76.869,17.954,81.220
118.847,69.249,19.000,86.000
118.847,63.470,19.000,87.000
123.275,49.912,17.954,81.220
161.233,59.496,19.000,87.000
161.221,39.277,17.954,81.220
211.567,52.211,19.000,87.000
237.396,52.211,19.000,87.000
255.674,35.088,18.351,83.017
248.298,36.412,18.351,83.017
261.801,39.667,17.960,81.247
274.202,36.890,17.960,81.247
275.497,38.926,17.960,81.247
252.565,43.630,19.000,87.000
249.916,46.279,19.000,87.000
243.955,51.577,19.000,87.000
260.974,63.777,17.577,79.514
266.951,71.204,17.577,79.514
266.408,79.718,17.577,79.514
259.706,86.420,17.577,79.514
249.018,100.368,17.577,79.514
232.897,113.953,17.577,79.514
220.760,119.931,17.577,79.514
214.488,119.557,17.202,77.819
211.474,116.898,17.202,77.819
205.269,118.139,17.202,77.819
202.610,114.416,17.202,77.819
204.206,115.302,17.202,77.819
208.283,113.352,17.202,77.819
210.233,107.147,17.202,77.819
214.311,103.424,17.202,77.819
220.515,99.702,17.202,77.819
223.529,96.688,17.202,77.819
224.415,97.574,17.202,77.819
223.174,98.106,17.202,77.819
225.479,105.020,17.202,77.819
217.502,110.870,17.202,77.819
213.779,113.175,17.202,77.819
212.424,112.808,16.835,76.159
209.822,116.452,16.835,76.159
