0.32398462
0.03025889
0.03019452
0.03022289
0.03316474
0.03319645
0.03313708
0.03285027
0.03291321
0.03287363
0.03344035
0.03351450
0.03350711
0.03361297
0.03365183
0.03403687
0.03381848
0.03360391
0.03364158
0.03372955
0.03361249
0.03372765
0.03437352
0.03440309
0.03425837
0.03448272
0.03447461
0.03457904
0.03454208
0.03467345
0.03466463
0.03506565
0.03505397
0.03485656
0.03500152
0.03506112
0.03510690
0.03523088
0.03542757
0.03527164
0.03528762
0.03542328
0.03557181
0.03561950
0.03563094
0.03582883
0.03585505
0.03570676
0.03674817
0.03589058
0.03608584
0.03604650
0.03615141
0.03645849
0.03639269
0.03634024
0.03643560
0.03657365
0.03646564
0.03653932
0.03667307
0.03670478
0.03635025
0.03637171
0.03639627
0.03660059
0.03652596
0.03672409
0.03692865
0.03738618
0.03729701
0.03726625
0.03732419
0.03735662
0.03734565
0.03745270
0.03736377
0.03756309
0.03725648
0.03781128
0.03740263
0.03802633
0.03792810
0.03794813
0.03823447
0.03885674
0.03811169
0.03831506
0.03844643
0.03841114
0.03837824
0.03849363
0.03846717
0.03872991
0.03873444
0.03882027
0.03960514
0.03884006
0.03883338
0.03898597
0.03905511
0.03904676
0.03913689
0.03925967
0.03936362
0.03941345
0.03961182
0.03943658
0.03941941
0.03959370
0.03950191
0.03969550
0.03972340
0.04007220
0.04003763
0.04002666
0.03999829
0.04025149
0.04026914
0.04031301
0.04029107
0.04034615
0.04037070
0.04050183
0.04059005
0.04092622
0.04085302
0.04110670
0.04081869
0.04087067
0.04096651
0.04088116
0.04095411
0.04135919
0.04117680
0.04127502
0.04143667
0.04168940
0.04149175
0.04191971
0.04154468
0.04179287
0.04169035
0.04184127
0.04183912
0.04222441
0.04188299
0.04234791
0.04221201
0.04227066
0.04236317
0.04231405
0.04229689
0.04235387
0.04258823
0.04393268
0.04255748
0.04261422
0.04285336
0.04279661
0.04292464
0.04296088
0.04337430
0.04306364
0.04368711
0.04313540
0.04310870
0.04369450
0.04340267
0.04333663
0.04353356
0.04354644
0.04395771
0.04369974
0.04368496
0.04401207
0.04392719
0.04375243
0.04389763
0.04387093
0.04408646
0.04414225
0.04413724
0.04413581
0.04442024
0.04438305
0.04448485
0.04452658
0.04446912
0.04454064
0.04492521
0.04456019
0.04473877
0.04507995
0.04489541
0.04498577
0.04503322
0.04519558
0.04526234
0.04521251
0.04518843
0.04558158
0.04548335
0.04536676
0.04569268
0.04554176
0.04586387
0.04585624
0.04590988
0.04578662
0.04587555
0.04609346
0.04609752
0.04633904
0.04613185
0.04796743
0.04642010
0.04642415
0.04634142
0.04658651
0.04657650
0.04665494
0.04674745
0.04685259
0.04721975
0.04709172
0.04713535
0.04754114
0.04724312
0.04720187
0.04725242
0.04723740
0.04722500
0.04754424
0.04752636
0.04764032
0.04758835
0.04763055
0.04770470
0.04783559
0.04788589
0.04796505
0.04803824
0.04812074
0.04829741
0.04828143
0.04866290
0.04831910
0.04846239
0.04844069
0.04873228
0.04859114
0.04896855
0.04878569
0.04889655
0.04902530
0.04911971
0.04899597
0.04919648
0.04908276
0.04930305
0.04927039
0.04939604
0.04964066
0.04974627
0.04970407
0.04991984
0.04963398
0.04971480
0.04980826
0.05095387
0.04999256
0.05001807
0.05009961
0.05012989
0.05038309
0.05019999
0.05046606
0.05052733
0.05068636
0.05060172
0.05072570
0.05060935
0.05077076
0.05077457
0.05185342
0.05109262
0.05105877
0.05121613
0.05102038
0.05129600
0.05136132
0.05147529
0.05149937
0.05164599
0.05157781
0.05168509
0.05176806
0.05166936
0.05198956
0.05195594
0.05183768
0.05202222
0.05288100
0.05223036
0.05220866
0.05228066
0.05226660
0.05234599
0.05238891
0.05265737
0.05261397
0.05251980
0.05284524
0.05278921
0.05283165
0.05297756
0.05291438
0.05308795
0.05304360
0.05316210
0.05349064
0.05331779
0.05338860
0.05356741
0.05363894
0.05381966
0.05372977
0.05394888
0.05366015
0.05390787
0.05414796
0.05403900
0.05395198
0.05431557
0.05440640
0.05425978
0.05453277
0.05438757
0.05486417
0.05467391
0.05458212
0.05445504
0.05469084
0.05512214
0.05503964
0.05502343
0.05512047
0.05506253
0.05516386
0.05521917
0.05535269
0.05522037
0.05559468
0.05544376
0.05561733
0.05701971
0.05566597
0.05571866
0.05597138
0.05592275
0.05573201
0.05595183
0.05610800
0.05605459
0.05607557
0.05609012
0.05713201
0.05643821
0.05656338
0.05658269
0.05670357
0.05694079
0.05957103
0.05670118
0.05704427
0.05693913
0.05697608
0.05706835
0.05721116
0.05737448
0.05727649
0.05735135
0.05726027
0.05752277
0.05768728
0.05775833
0.05777764
0.05783629
0.05792952
0.05828643
0.05802655
0.05799961
0.05831194
0.05817461
0.05817151
0.05835748
0.05815387
0.05841112
0.05849957
0.05850410
0.05851817
0.05877280
0.05877042
0.05877662
0.05895996
0.06012154
0.05875587
0.05901790
0.05924678
0.05951309
0.05917859
0.05923700
0.05969357
0.05957389
0.05950379
0.05979872
0.05937505
0.05978489
0.05973816
0.05971408
0.06008244
0.06020570
0.05996227
0.06002331
0.06009603
0.06015539
0.06029749
0.06026530
0.06054974
0.06052756
0.06054473
0.06065536
0.06058741
0.06078053
0.06073689
0.06073141
0.06089735
0.06124258
0.06098938
0.06125522
0.06113195
0.06134844
0.06138706
0.06130886
0.06140089
0.06145501
0.06155133
0.06152344
0.06165433
0.06186366
0.06166983
0.06191945
0.06192398
0.06315160
0.06210661
0.06199002
0.06215310
0.06215048
0.08779645
0.06218219
0.06219673
0.06218624
0.06225777
0.06227922
0.06233048
0.06235480
0.06265044
0.06266284
0.06287909
0.06281543
0.06261349
0.06320047
0.06260848
0.06307149
0.06308007
0.06320500
0.06317258
0.06368375
0.06317830
0.06326771
0.06351399
0.06338382
0.06330347
0.06380200
0.06335378
0.06370425
0.06374955
0.06374431
0.06389356
0.06423569
0.06390476
0.06394911
0.06475377
0.06398606
0.06423569
0.06419778
0.06428552
0.06414509
0.06553173
0.06452537
0.06472635
0.06451225
0.06483483
0.06481218
0.06481218
0.06504607
0.06478310
0.06489134
0.06501555
0.06525397
0.06512332
0.06535268
0.06529808
0.06588554
0.06550837
0.06536913
0.06552291
0.06557798
0.06577229
0.06581903
0.06596828
0.06605458
0.06609893
0.06618762
0.06586337
0.06626725
0.06618452
0.06675649
0.06628442
0.06655455
0.06647348
0.06661487
0.06681514
0.06671834
0.06680059
0.06692600
0.06701088
0.06694674
0.06708741
0.06687999
0.06707239
0.06723118
0.06791759
0.06686401
0.06697607
0.06688809
0.06713462
0.06735349
0.06757402
0.06733060
0.06725287
0.06746459
0.06748128
0.06738901
0.06790686
0.06805396
0.06915665
0.06848121
0.06823468
0.06828880
0.06863880
0.06855869
0.06860113
0.06888676
0.06858039
0.06856251
0.06885147
0.06903696
0.06892061
0.06889057
0.06917095
0.06905842
0.06938219
0.06900382
0.06959152
0.06938624
0.06952572
0.06952524
0.06928325
0.06955409
0.06980538
0.06991386
0.06996846
0.07003284
0.07033229
0.07013273
0.07020497
0.06997776
0.07024837
0.07035065
0.07030129
0.07033801
0.07026482
0.07058311
0.07068825
0.07061815
0.07061005
0.07071400
0.07207131
0.07100511
0.07080913
0.07105041
0.07105803
0.07148886
0.07132483
0.07120585
0.07127762
0.07148051
0.07156157
0.07178879
0.07161641
0.08272195
0.07406330
0.07493401
0.07212996
0.07201052
0.07179070
0.07212710
0.07201052
0.07227325
0.07202959
0.07240057
0.07239532
0.07248116
0.07238197
0.07262588
0.07244945
0.07288241
0.07277298
0.07277369
0.07271504
0.07309437
0.07297730
0.07302833
0.07297206
0.07315016
0.07325745
0.07331300
0.07363605
0.07335973
0.07358408
0.07341719
0.07384491
0.07374620
0.07372260
0.07392383
0.07407665
0.07399511
0.07361841
0.07380676
0.07378125
0.07451987
0.07363629
0.07442975
0.07416677
0.07437730
0.07446790
0.07438445
0.07451510
0.07485485
0.07475591
0.07488275
0.07490969
0.07487440
0.07545996
0.07500958
0.07508302
0.07522416
0.07536125
0.07527280
0.07566738
0.07546902
0.07546186
0.07565069
0.07550597
0.07561469
0.07585239
0.07598066
0.07578897
0.07586384
0.07602143
0.07602215
0.07601118
0.07620788
0.07634735
0.07615042
0.07638478
0.07653642
0.07642460
0.07692552
0.07854223
0.11186194
0.09102058
0.08219814
0.08777285
0.07937384
0.07806110
0.08207440
0.08075976
0.07881641
0.07793069
0.07800245
0.08241630
0.07743883
0.08104563
0.08078098
0.07981443
0.07814074
0.07876492
0.07910728
0.08961749
0.07814646
0.07835770
0.07889462
0.08180547
0.07872772
0.07830000
0.07854080
0.07870865
0.07880735
0.07842803
0.07878971
0.07885599
0.07868218
