0.04546905
0.03116417
0.03425002
0.03072572
0.03361273
0.03336453
0.03377819
0.03354740
0.03367162
0.03371167
0.03377318
0.03376222
0.03383446
0.03396392
0.03386164
0.03408527
0.03441739
0.03416252
0.03434896
0.03430676
0.03431940
0.03436112
0.03473806
0.03464150
0.03470087
0.03489637
0.03476906
0.03472614
0.03478479
0.03791499
0.03522730
0.03508949
0.03553152
0.03537893
0.03546023
0.03556204
0.03563952
0.03549409
0.03563952
0.03582001
0.03555465
0.03629160
0.03589582
0.03577876
0.03591943
0.03593373
0.03630877
0.03664446
0.03641725
0.03639030
0.03638315
0.03645325
0.03647852
0.03653526
0.03682446
0.03675961
0.03809476
0.03693247
0.03680849
0.03673601
0.03655839
0.03686357
0.03700829
0.03664613
0.03681850
0.03684640
0.03694344
0.03694415
0.03693104
0.03717184
0.03723025
0.03722119
0.03732109
0.03730249
0.03759718
0.03740311
0.03749824
0.03772902
0.03762889
0.03931999
0.03775001
0.03770566
0.03792167
0.03773212
0.03802967
0.03806472
0.03811049
0.03810334
0.03810453
0.03818369
0.03848672
0.03860545
0.03846335
0.03863358
0.03851128
0.03866172
0.03872561
0.03918123
0.03917503
0.03881741
0.03917456
0.03881335
0.03901601
0.03968072
0.03922606
0.03923202
0.03948140
0.03939366
0.03948832
0.03962803
0.03960800
0.03979635
0.03971100
0.03968239
0.03975058
0.04013920
0.03984666
0.04096031
0.03999829
0.04012823
0.04024315
0.04004884
0.04023576
0.04027605
0.04057455
0.04057145
0.04094434
0.04068446
0.04108977
0.04107928
0.04117346
0.04112768
0.04346752
0.04146194
0.04149318
0.04156923
0.04158688
0.04174852
0.04173136
0.04163218
0.04169321
0.04175615
