0.03978539
0.03196096
0.03176212
0.03184319
0.03469944
0.03460693
0.03464222
0.03472590
0.03480697
0.03497720
0.03494525
0.03500390
0.03508592
0.03504848
0.03527594
0.03532481
0.03539252
0.03526211
0.03545642
0.03552938
0.03544116
0.03564429
0.03565335
0.03575349
0.03574920
0.03593230
0.03599811
0.03606153
0.03608418
0.03606129
0.03614950
0.03612185
0.03623962
0.03625607
0.03640985
0.03647971
0.03661227
0.03657532
0.03651214
0.03682637
0.03677773
0.03720593
0.03683639
0.03701234
0.03705359
0.03699732
0.03717470
0.03730774
0.03731203
0.03728938
0.03734779
0.03742123
0.03761125
0.03756833
0.03772736
0.03765464
0.03772593
0.03780437
0.03792334
0.03806591
0.03800178
0.03790593
0.03822494
0.03822041
0.03831482
0.03833079
0.03830862
0.03843617
0.03852916
0.03858161
0.03867745
0.03890109
0.03889084
0.03888392
0.03900456
0.03900909
0.03900719
0.03915453
0.03910708
0.03920984
0.03905630
0.03933573
0.03942180
0.03950524
0.03947449
0.03960609
0.03967357
0.03926659
0.03934455
0.03939843
0.03952646
0.03958631
0.03959918
0.03972149
0.03971100
0.03979445
0.04028320
0.04014468
0.04018211
0.04042149
0.04045296
0.04056120
0.04069972
0.04075313
0.04079390
0.04081488
0.04085016
0.04096031
0.04109859
0.04110312
0.04119253
0.04084992
0.04089761
0.04102683
0.04099035
0.04095554
0.04124594
0.04114652
0.04105139
0.04172969
0.04126620
0.04200029
0.04187036
0.04200912
0.04160762
0.04179049
0.04189825
0.04185438
0.04198623
0.04204035
0.04211378
0.04187489
0.04210162
0.04224682
0.04259729
0.04362154
0.04283834
0.04285693
0.04296255
0.04280066
0.04304528
0.04310513
0.04329252
0.04337668
0.04337549
0.04344845
0.04353118
0.04353285
0.04365897
0.04364133
0.04359603
0.04377222
0.04384565
0.04403758
0.04394650
0.04383945
0.04418612
0.04399490
0.04421234
0.04431343
0.04434133
0.04437494
0.04448652
0.04449821
0.04457331
0.04461169
0.04469991
0.04487634
0.04514074
0.04485369
0.04489589
0.04504347
0.04510760
0.04512906
0.04512000
0.04505444
0.04523826
0.04533458
0.04538083
0.04562020
0.04541421
0.04563785
0.04556012
0.04579186
0.04599237
0.04591346
0.04590607
0.04602170
0.04603410
0.04624057
0.04618835
0.04637980
0.04643083
0.04624033
0.04614496
0.04623032
0.04623985
0.04643321
0.04635715
0.04674220
0.04681754
0.04688168
0.04700446
0.04716969
0.04685783
0.04680777
0.04684544
0.04690981
0.04709125
0.04706836
0.04753852
0.04765010
0.04770660
0.04774022
0.04783392
0.04785132
0.04800844
0.04805923
0.04802179
0.04812980
0.04817319
0.04829192
0.04835415
0.04793191
0.04849219
0.04855680
0.04847765
0.04863262
0.04861021
0.04862571
0.04887652
0.04877472
0.04873610
0.04902124
0.04896808
0.05005407
0.04912186
0.04927349
0.04928994
0.04965878
0.04926562
0.04946423
0.04964662
0.04962134
0.04954576
0.04968715
0.04974675
0.04984212
0.04983306
0.04976535
0.05003166
0.05006170
0.05025077
0.05019999
0.05020738
0.05034304
0.05036664
0.05032992
0.05051184
0.05051589
0.05074930
0.05075336
0.05079341
0.05058050
0.05108142
0.05099320
0.05057573
0.05077100
0.05077338
0.05125451
0.05132985
0.05124021
0.05131984
0.05139351
0.05156422
0.05161524
0.05171394
0.05164480
0.05194950
0.05187964
0.05211735
0.05188704
0.05224109
0.05214262
0.05227423
0.05234265
0.05244303
0.05247021
0.05254388
0.05349183
0.09502816
0.06113243
0.05309677
0.05289030
0.05417347
0.05470753
0.05506539
0.05467176
0.05325317
0.05308580
0.05325937
0.05490375
0.05520153
0.05527544
0.05534911
0.05543399
0.05562043
0.05401683
0.05554843
0.05566454
0.05560446
0.05575156
0.05575943
0.05594587
0.05546308
0.05418897
0.05418563
0.05424881
0.05418801
0.05431747
0.05434847
0.05453038
0.05590725
0.05611396
0.05449820
0.05606818
0.05452681
0.05467582
0.05483055
0.05480623
0.05498338
0.05654311
0.05543685
0.05655766
0.05512595
0.05704570
0.05692840
0.05712652
0.05729771
0.05751681
0.05779958
0.05764174
0.05749559
0.05748868
0.05756044
0.05594945
0.05773711
0.05792809
0.05819440
0.05804873
0.05813670
0.05812025
0.05817413
0.05649018
0.05834723
0.05648756
0.05695224
0.05678463
0.05819917
0.05833173
0.05696630
0.05702853
0.05692005
0.05700803
0.05721807
0.05886221
0.05879378
0.05875158
0.05741072
0.05756783
0.05756211
0.05756569
0.05908442
0.05976343
0.05961776
0.05970073
0.05963349
0.05982542
0.05979037
0.05991530
0.06006646
0.06036711
0.06028032
0.06019664
0.06018114
0.06034589
0.05865431
0.06031251
0.06068039
0.05867958
0.06056380
0.05878353
0.06081963
0.05894947
0.05915093
0.05910230
0.05957222
0.05908775
0.06089115
0.06091070
0.06122613
0.05943561
0.05959821
0.05913806
0.05949092
0.05933928
0.05937076
0.06138110
0.06136799
0.05996799
0.06200504
0.06014371
0.06048870
0.06383705
0.06037521
0.06221247
0.06218505
0.06045842
0.06239581
0.06221390
0.06246877
0.06228852
0.06260824
0.06270242
0.06284475
0.06282568
0.06304502
0.06141400
0.06317663
0.06127906
0.06141233
0.06339622
0.06163597
0.06316185
0.06325817
0.06196785
0.06331038
0.06319642
0.06177664
0.06345439
0.06341529
0.06194043
0.06404877
0.06605291
0.06234670
0.06235290
0.06417966
0.06426454
0.06423450
0.06433249
0.06440806
0.06441784
0.06456137
0.06453300
0.06490803
0.06508756
0.06451011
0.06526423
0.06505132
0.06507134
0.06468749
0.06546855
0.06598282
0.06553292
0.06566691
0.06554270
0.06525922
0.06550050
0.06554151
0.06545663
0.06558490
0.06600809
0.06563783
0.06561136
0.06624269
0.06808925
0.06447673
0.06660342
0.06665087
0.06631565
0.06628585
0.06639361
0.06645179
0.06638765
0.06649351
0.06654143
0.06686187
0.06673646
0.06663203
0.06702638
0.06696272
0.06694627
0.06703472
0.06573582
0.06565404
0.06554985
0.06555653
0.06570196
0.06702971
0.06579089
0.06637454
0.06753325
0.06603718
0.06615400
0.06598496
0.06614828
0.06623626
0.06834173
0.06750011
0.06767845
0.06792092
0.06793237
0.06860042
0.06603360
0.06908727
0.06856871
0.06883645
0.06887293
0.06873178
0.06912732
0.06898427
0.06945276
0.06906462
0.06909037
0.06744313
0.06929255
0.06934547
0.06734085
0.06988883
0.06766844
0.06941652
0.06956959
0.06937647
0.06942987
0.06965113
0.06825614
0.06819296
0.06835532
0.06974053
0.06828237
0.06811404
0.06842732
0.06832719
0.07037377
0.07039905
0.07039690
0.07042003
0.07038689
0.07072043
0.07080245
0.07048869
0.07081461
0.07089162
0.07247996
0.07098532
0.07124233
0.07094526
0.07131648
0.07114410
0.06945109
0.07141852
0.07129359
0.07008243
0.06992221
0.06999874
0.07004356
0.07001448
0.07157755
0.07020450
0.07034445
0.07019138
0.07030964
0.07026887
0.07051849
0.07210922
0.07226110
0.07218552
0.07206440
0.07226491
0.07395458
0.07243371
0.07240772
0.07292914
0.07222176
0.07245564
0.07452202
0.07287002
0.07339597
0.07383990
0.07329369
0.07164907
0.07322812
0.07184410
0.07330394
0.07332373
0.07366300
0.07167602
0.07182598
0.07246113
0.07189870
0.07188773
0.07413006
