0.03048730
0.03111768
0.03068686
0.03069305
0.03342605
0.03342390
0.03272724
0.03218079
0.03233218
0.03227663
0.03233433
0.03248906
0.03244877
0.03264570
0.03265715
0.03279662
0.03284788
0.03288579
0.03311014
0.03287601
0.03294849
0.03300142
0.03304386
0.03305483
0.03315210
0.03320885
0.03349066
0.03334641
0.03335285
0.03333306
0.03357530
0.03365207
0.03353310
0.03375077
0.03387547
0.03388381
0.03422093
0.03400469
0.03393745
0.03408360
0.03406644
0.03413701
0.03439426
0.03441501
0.03433323
0.03438354
0.03462315
0.03460169
0.03463554
0.03480887
0.03469801
0.03475904
0.03487301
0.03550982
0.03500175
0.03495216
0.03494501
0.03518128
0.03512573
0.03534460
0.03525209
0.03530765
0.03543043
0.03531766
0.03559089
0.03548980
0.03560734
0.03567672
0.03589749
0.03573895
0.03645539
0.03597951
0.03598833
0.03618860
0.03600669
0.03621554
0.03613925
0.03620243
0.03641582
0.03642726
0.03634977
0.03642583
0.03654075
0.03662205
0.03671455
0.03660798
0.03697157
0.03685021
0.03709030
0.03770614
0.03968430
0.03856874
0.03860497
0.03719831
0.03734303
0.03724957
0.03734112
0.03749394
0.03737187
0.03738761
0.03759575
0.03753018
0.03798795
0.03763390
0.03788209
0.03766489
0.03781915
0.03801179
0.03802085
0.03800344
0.03815746
0.03827405
0.03817916
0.03844404
0.03858495
0.03858685
0.03863692
0.03882766
0.03873825
0.03874588
0.03872561
0.03875780
0.03904486
0.03885627
0.03892493
0.03917551
0.03907108
0.03917956
0.03926849
0.03913116
0.03931117
0.03929114
0.03939295
0.03961277
0.03948593
0.03958774
0.03962541
0.03984141
0.03965402
0.03968310
0.03996897
0.03997397
0.04004192
0.04006124
0.04021931
0.04016542
0.04019117
0.04064202
0.04057574
0.04038739
0.04040074
0.04055023
0.04058909
0.04078937
0.04067802
0.04073858
0.04080749
0.04093075
0.04160333
0.04120851
0.04105949
0.04112220
0.04143548
0.04119992
0.04122710
0.04478741
0.04391623
0.04387641
0.04172468
0.04151750
0.04171824
0.04178572
0.04181671
0.04197764
0.04226851
0.04213190
0.04243469
0.04217196
0.04213715
0.04223084
0.04215145
0.04235506
0.04225421
0.04255033
0.04256344
0.04256415
0.04266834
0.04271984
0.04291368
0.04297662
0.04318953
0.04300523
0.04293990
0.04331207
0.04312849
0.04306626
0.04341364
0.04332900
0.04327416
0.04349136
0.04368424
0.04349637
0.04359531
0.04364514
0.04404616
0.04381537
0.04371715
0.04388714
0.04397273
0.04388261
0.04419327
0.04417014
0.04409885
0.04441690
0.04456735
0.04444408
0.04431081
0.04482055
0.04466724
0.04453468
0.04479194
0.04500484
0.04466510
0.04488277
0.04503655
0.04504704
0.04527187
0.04506493
0.04521108
0.04531288
0.04560351
0.04543304
0.04551053
0.04577446
0.04563475
0.04555035
0.04567480
0.04590845
0.04588175
0.04581881
0.04600382
0.04599023
0.04622960
0.04647923
0.04610252
0.04633164
0.04635000
0.04641008
0.04658008
0.04637599
0.04662156
0.04633093
0.04670453
0.04673624
0.04676604
0.04674530
0.04715872
0.04690719
0.04708147
0.04726362
0.04711890
0.04738426
0.04729295
0.04733825
0.04753256
0.04738688
0.04746699
0.04747558
0.04750848
0.04804707
0.04787254
0.04785800
0.04789734
0.04777861
0.04794002
0.04809117
0.04802346
0.04825068
0.04831862
0.04823542
0.04830885
0.04835176
0.04858041
0.04861212
0.04856062
0.04854822
0.04865074
0.04898524
0.04900312
0.04888797
0.04889822
0.04917192
0.04917955
0.04912233
0.04916596
0.04924846
0.04938364
0.04922295
0.04937816
0.04943347
0.04946613
0.04978013
0.04990792
0.04974914
0.04969907
0.04979539
0.04996800
0.05005360
0.04998565
0.05012012
0.05027819
0.05023265
0.05025697
0.05033207
0.05037761
0.05041718
0.05080032
0.05068874
0.05055356
0.05062294
0.05079150
0.05080152
0.05101228
0.05102277
0.05108738
0.05099869
0.05122089
0.05129719
0.05120420
0.05123019
0.05128384
0.05131507
0.05130887
0.05148458
0.05143547
0.05167294
0.05186009
0.05189395
0.05167961
0.05183077
0.05198026
0.05192447
0.05204988
0.05216455
0.05264735
0.05224013
0.05227423
0.05249572
0.05252194
0.05258274
0.05261421
0.05259609
0.05260801
0.05279136
0.05312300
0.05409455
0.05551386
0.05733466
0.05649519
0.05836892
0.05531764
0.05449986
0.05326533
0.05336499
0.05352545
0.05344319
0.05354738
0.05358028
0.05366921
0.05371356
0.05395436
0.05376625
0.05394197
0.05392551
0.05409098
0.05389261
0.05397463
0.05413103
0.05426526
0.05442810
0.05427313
0.05438685
0.05447102
0.05457687
0.05471659
0.05471587
0.05454397
0.05554724
0.05491757
0.05494452
0.05510950
0.05513477
0.05515575
0.05533171
0.05528712
0.05526161
0.05541706
0.05529904
0.05530071
0.05575037
0.05579472
0.05578279
0.05571318
0.05585837
0.05578995
0.05591178
0.05585694
0.05594707
0.05618143
0.05712819
0.05628777
0.05646276
0.05635643
0.05635834
0.05678916
0.05680132
0.05650425
0.05662870
0.05691910
0.05682540
0.05686665
0.05700588
0.05686760
0.05711722
0.05724049
0.05730152
0.05727363
0.05723596
0.05738306
0.05751324
0.05744314
0.05768657
0.05756736
0.05769730
0.05772352
0.05768585
0.05773687
0.05798745
0.05801463
0.05808663
0.05812502
0.05817485
0.05804610
0.05827928
0.05826354
0.05854487
0.05845404
0.05850816
0.05855298
0.05862379
0.05848908
0.05863500
0.05871916
0.05874276
0.05890393
0.05919337
0.05930495
0.05915141
0.05915260
0.05903530
0.05949783
0.05951571
0.05930305
0.05938482
0.05928278
0.05956149
0.05969453
0.05965352
0.05983901
0.05992818
0.05985332
0.05990338
0.06012869
0.06036878
0.05999637
0.06005478
0.06039047
0.06050014
0.06042576
0.06044722
0.06041694
0.06037283
0.06078267
0.06045032
0.06142378
0.06493139
0.06311512
0.06327367
0.06128502
0.06102538
0.06101775
0.06181145
0.06139374
0.06131148
0.06129575
0.06121659
0.06141567
0.06155801
0.06154370
0.06160545
0.06163764
0.06190491
0.06177807
0.06172132
0.06186914
0.06194949
0.06224108
0.06235433
0.06474543
0.06214094
0.06240416
0.06236601
0.06234837
0.06235337
0.06255817
0.06230426
0.06288338
0.06281281
0.06267858
0.06278038
0.06284261
0.06301856
0.06283045
0.06305766
0.06307626
0.06326389
0.06340480
0.06322479
0.06329942
0.06330800
0.06335950
0.06370258
0.06357360
0.06349254
0.06349778
0.06358600
0.06386542
0.06377268
0.06380057
0.06408978
0.06422400
0.06408882
0.06419039
0.06418252
0.06425762
0.06441903
0.06442142
0.06451797
0.06461382
0.06512284
0.06450582
0.06460142
0.06482434
0.06505156
0.06481791
0.06482935
0.06517982
0.06502223
0.06513572
0.06515384
0.06509924
0.06527185
0.06529832
0.06544542
0.06548595
0.06542659
0.06568742
0.06571078
0.06549406
0.06621981
0.06605387
0.06610107
0.06600118
0.06626773
0.06612253
0.06604362
0.06633353
0.06602788
0.06638336
0.06751323
0.06652713
0.06645942
0.06667805
0.06670833
0.06666255
0.06676936
0.06683016
0.06708622
0.06683373
0.06700540
0.06701446
0.06706142
0.06714058
0.06743407
0.06741929
0.06735611
0.06749725
0.06732321
0.06744838
0.06748652
0.06777740
0.06777358
0.06754255
0.06782746
0.06794286
0.06813359
0.06791949
0.06789136
0.06840873
0.06808543
0.06824183
0.06831789
0.06851602
0.06826901
0.06848407
0.06867099
0.06863546
0.06894112
0.06859159
0.06881881
0.06863213
0.06891298
0.06909800
0.06901360
0.06906366
0.06925797
0.06941152
0.06919789
0.06924653
0.06933761
0.06931734
0.06949544
0.06965423
0.06976366
0.06975985
0.06977677
0.06975555
0.07004666
0.06987143
0.06998348
0.06981421
0.07005763
0.07013869
0.07103801
0.07027769
0.07027173
0.07066607
0.07051921
0.07051206
0.07041121
0.07056046
0.07072067
0.07083583
0.07092428
0.07095790
0.07114482
0.07100940
0.07081842
0.07106829
0.07117271
0.07145739
0.07115245
0.07137418
0.07149863
0.07164454
0.07158780
0.07150078
0.07149911
0.07177281
0.07172847
0.07180285
0.07212949
0.07190132
0.07186627
0.07194877
0.07207203
0.07219958
0.07238460
0.07241225
0.07256699
0.07252431
0.07248020
0.07267833
0.07254004
0.07275319
0.07392144
0.07251287
0.07288766
0.07303977
0.07272601
0.07317424
0.07309651
0.07334685
0.07312536
0.07320881
0.07317209
0.07341862
0.07346416
0.07330823
0.07361197
0.07349682
0.07374787
0.07355094
0.07405114
0.07396054
0.07366061
0.07403588
0.07405329
0.07416558
0.07418728
0.07402015
0.07435560
0.07463551
0.07457781
0.07467294
0.07446623
0.07483721
0.07458353
0.07483959
0.07469416
0.07490730
0.07507920
0.07509518
0.07531023
0.07532811
0.07544255
0.07524848
0.07494402
0.07524753
0.07523823
0.07524753
0.07539129
0.07544470
0.07547855
0.07535052
0.07550192
0.07594371
0.07574916
0.07596159
0.07614827
0.07601357
0.07600355
0.07602239
0.07633781
0.07619047
0.07639360
0.07633948
0.07639456
0.07650757
0.07657266
0.07674241
0.07668233
0.07668209
0.07658911
0.07682514
0.07681441
0.07670403
0.07688427
0.07727194
0.07727098
0.07710648
0.07705784
0.07754087
0.07730103
0.07749248
0.07723475
0.07748818
0.07752872
0.07765508
0.07802820
0.07781506
0.07791734
0.07781482
0.07812214
0.07789636
0.07825828
0.07813454
0.07811832
0.07822871
0.07856941
0.07850266
0.07820320
0.07846284
0.07862067
0.07861066
0.07872844
0.07886267
0.07887888
0.07864022
0.07882547
0.07902002
0.07903576
0.07902670
0.07911992
0.07895994
0.07919288
0.07984519
0.07938576
0.07928228
0.07987213
0.07962561
0.07975554
0.07968402
0.07990122
0.08004022
0.08010340
0.07995200
0.07988334
0.07988262
0.08016109
0.08023715
0.08016086
0.08043981
0.08045053
0.08042741
0.08045983
0.08031034
0.08072209
0.08090138
0.08071470
0.08066392
0.08114195
0.08106017
0.08088851
0.08098602
0.08108664
0.08091187
0.08090591
0.08147144
0.08125758
0.08146286
0.08166885
0.08155608
0.08128166
0.08128834
0.08122420
0.08152723
0.08185577
0.08206058
0.08198333
0.08202243
0.08201551
0.08217263
0.08212066
0.08233404
0.08243608
0.08232450
0.08222127
0.08248949
0.08247542
0.08252287
0.08253980
0.08239150
0.08298230
0.08268571
0.08295178
0.08275485
0.08287096
0.08298993
0.08310199
0.08329654
0.08314657
0.08323836
0.08313918
0.08347034
0.08331180
0.08338308
0.08362198
0.08368254
0.08372521
0.08353877
0.08348823
0.08398843
0.08397913
0.08405805
0.08431053
0.08410287
0.08406043
0.08447838
0.08424997
0.08433342
0.08432508
0.08438706
0.08430147
0.08461380
0.08467793
0.08473492
0.08497000
0.08489847
0.08495879
0.08470654
0.08521676
0.08511209
0.08516860
0.08539677
0.08540916
0.08561206
0.08551741
0.08563066
0.08535576
0.08575749
0.08544707
0.08565450
0.08575439
0.08577585
0.08614874
0.08606553
0.08603334
0.08616328
0.08621502
0.08609128
0.08610439
0.08599210
