0.01722622
0.03029776
0.02966952
0.02964854
0.03224993
0.03239322
0.03249764
0.03239131
0.03246140
0.03217077
0.03140688
0.03164291
0.03167176
0.03162861
0.03171158
0.03187561
0.03189993
0.03178501
0.03185010
0.03185582
0.03204083
0.03206801
0.03216505
0.03221583
0.03229141
0.03228784
0.03236341
0.03238964
0.03255439
0.03263640
0.03266978
0.03255820
0.03288817
0.03265333
0.03284931
0.03289485
0.03298211
0.03294778
0.03305721
0.03305578
0.03342199
0.03350306
0.03329945
0.03343654
0.03341675
0.03350282
0.03351641
0.03384161
0.03391075
0.03370810
0.03365970
0.03383207
0.03394866
0.03389502
0.03420401
0.03394771
0.03415823
0.03423309
0.03423142
0.03445268
0.03431678
0.03459048
0.03468800
0.03445506
0.03488016
0.03470993
0.03461027
0.03504181
0.03495026
0.03494525
0.03513026
0.03524637
0.03510523
0.03516507
0.03522468
0.03526235
0.03531432
0.03533602
0.03544021
0.03543878
0.03559852
0.03657365
0.03569746
0.03564906
0.03583169
0.03597212
0.03582788
0.03784561
0.03626871
0.03603697
0.03604722
0.03619218
0.03635979
0.03645921
0.03639627
0.03635955
0.03660274
0.03687763
0.03690100
0.03689575
0.03688192
0.03673363
0.03671622
0.03705311
0.03699851
0.03689933
0.03720212
0.03718519
0.03718519
0.03713989
0.03721881
0.03736854
0.03741074
0.03737426
0.03750181
0.03750563
0.03760290
0.03764796
0.03777885
0.03781414
0.03776526
0.03796124
0.03808928
0.03808761
0.03811884
0.03820181
0.03833985
0.03819013
0.03845096
0.03850293
0.03840804
0.03857636
0.03857899
0.03868032
0.03857899
0.03871965
0.03869343
0.03906083
0.03886199
0.03901887
0.03899956
0.03905582
0.03914022
0.03909755
0.03926373
0.03927851
0.03948069
0.03949165
0.03945327
0.03958488
0.03960443
0.03958917
0.03967881
0.03970981
0.03997707
0.03998494
0.04001927
0.04002714
0.04003358
0.04009175
0.04017401
0.04032660
0.04039025
0.04057765
0.04056263
0.04048824
0.04063463
0.04056525
0.04062057
0.04097414
0.04106045
0.04079556
0.04074025
0.04094768
0.04113293
0.04127979
0.04121351
0.04129553
0.04123116
0.04136682
0.04156566
0.04174995
0.04153180
0.04156303
0.04158139
0.04183435
0.04165554
0.04190159
0.04187512
0.04188561
0.04205966
0.04215336
0.04243183
0.04241371
0.04211378
0.04238915
0.04236674
0.04248476
0.04249811
0.04269695
0.04267049
0.04273272
0.04281092
0.04363060
0.04384804
0.04344773
0.04345369
0.04375100
0.04384685
0.04426408
0.04400468
0.04402852
0.04402947
0.04410529
0.04422259
0.04429436
0.04450488
0.04458952
0.04456139
0.04475927
0.04457188
0.04466343
0.04464340
0.04454803
0.04472470
0.04480600
0.04486060
0.04508257
0.04521537
0.04509497
0.04525542
0.04515433
0.04539084
0.04526734
0.04526377
0.04565144
0.04575992
0.04584241
0.04581594
0.04590678
0.04579449
0.04587936
0.04594159
0.04556608
0.04521251
0.04561901
0.04548502
0.04569530
0.04563951
0.04555464
0.04562116
0.04600835
0.04594898
0.04609489
0.04594946
0.04593992
0.04594874
0.04610562
0.04625893
0.04602575
0.04618049
0.04630518
0.04640484
0.05193758
0.04940939
0.04860449
0.04872370
0.04710007
0.04681969
0.04698086
0.04700851
0.04765797
0.04768610
0.04769492
0.04747105
0.04719949
0.04746032
0.04774928
0.04814124
0.04845262
0.04822898
0.04810119
0.04831529
0.04791808
0.04779744
0.04768896
0.04813552
0.04803157
0.04792213
0.04842973
0.04886556
0.04886866
0.04891229
0.04894876
0.04936171
0.04909825
0.04907727
0.04932952
0.04933643
0.04939008
0.04928541
0.04968619
0.04955482
0.05231285
0.05170918
0.05173182
0.04988408
0.04974270
0.04990554
0.04982257
0.04994702
0.05007482
0.05007768
0.05049992
0.05031371
0.05020881
0.05036187
0.05046320
0.05039477
0.05088019
0.05082655
0.05086112
0.05077672
0.05109286
0.05085230
0.05053091
0.05091524
