0.01774883
0.03002334
0.02976656
0.02970529
0.03229594
0.03231645
0.03231502
0.03229046
0.03254390
0.03243709
0.03151655
0.03130293
0.03138471
0.03139567
0.03163004
0.03160167
0.03184056
0.03185725
0.03181386
0.03204560
0.03210449
0.03192544
0.03207254
0.03212571
0.03227663
0.03218365
0.03224826
0.03237510
0.03249121
0.03237295
0.03253770
0.03256702
0.03263068
0.03276920
0.03275371
0.03284955
0.03304076
0.03328919
0.03314352
0.03307390
0.03326273
0.03317213
0.03315473
0.03342533
0.03339911
0.03343558
0.03344512
0.03341746
0.03357959
0.03373528
0.03388453
0.03384733
0.03381371
0.03381634
0.03428459
0.03400183
0.03392363
0.03398418
0.03418970
0.03395939
0.03419471
0.03438210
0.03442240
0.03445077
0.03449583
0.03455162
0.03464603
0.03465366
0.03463626
0.03476691
0.03508091
0.03482747
0.03507495
0.03487301
0.03495288
0.03500986
0.03500128
0.03540611
0.03531981
0.03531957
0.03544164
0.03552675
0.03576255
0.03569770
0.03567553
0.03577805
0.03594184
0.03595519
0.03614712
0.03607678
0.03592348
0.03611612
0.03600168
0.03611279
0.03634381
0.03620839
0.03645134
0.03657508
0.03653288
0.03643394
0.03647804
0.03670001
0.03665972
0.03662515
0.03729558
0.03677869
0.03698182
0.03698063
0.03700733
0.03712702
0.03698635
0.03709579
0.03715086
0.03744626
0.03745985
0.03742051
0.03746295
0.03755331
0.03767824
0.03759980
