0.03421450
0.03877568
0.03796911
0.03807473
0.04090476
0.03913617
0.03872418
0.03854823
0.03864717
0.03874564
0.03888726
0.03884816
0.03878617
0.03898525
0.03894901
0.03939939
0.03921652
0.03912020
0.03928471
0.03955698
0.03952312
0.03951383
0.03947330
0.03948188
0.03955197
0.03957534
0.03986049
0.03974676
0.03987575
0.04000163
0.04016113
0.04012752
0.04005003
0.04012442
0.04027963
0.04031491
0.04041266
0.04043198
0.04055381
0.04062414
0.04052544
0.04061556
0.04079866
0.04094458
0.04081869
0.04126644
0.04115891
0.04085183
0.04135108
0.04202056
0.04193377
0.04201007
0.04203367
0.04226995
0.04221320
0.04217815
0.04221439
0.04345942
0.04250264
0.04281354
0.04292703
0.04287171
0.04278207
0.04282165
0.04285383
0.04288435
0.04306674
0.04303813
0.04317045
0.04329491
0.04320049
0.04327440
0.04341841
0.04364657
0.04364371
0.04365277
0.04364204
0.04369164
0.04390001
0.04385734
0.04401708
0.04411125
0.04415250
0.04413962
0.04403973
0.04457164
0.04445004
0.04465842
0.04437852
0.04449654
0.04448509
0.04461837
0.04449582
0.04464650
0.04471564
0.04485202
0.04521894
0.04508042
0.04496479
0.04512286
0.04558110
0.04530525
0.04520941
0.04517937
0.04519224
0.04517388
0.04536080
0.04535508
0.04542470
0.04560876
0.04564452
0.04562569
0.04570341
0.04600167
0.04582691
0.04593992
0.04617286
0.04605627
0.04764843
0.04663253
0.04655027
0.04681087
0.04679894
0.04666328
0.04651904
0.04661155
0.04690576
0.04655194
0.04671359
0.04676437
0.04700994
0.04690528
0.04694796
0.04725099
0.04724765
0.04719710
0.04717708
0.04729652
0.04754019
0.04754066
0.04740214
0.04756093
0.04767704
0.04831815
0.04789019
0.04788375
0.04778790
0.04785490
0.04798269
0.04809856
0.04806924
0.04837799
0.04853296
0.04874039
0.04847836
0.04838657
0.04850602
0.04861259
0.04893517
0.04940653
0.04931569
0.04883289
0.04927182
0.04941964
0.04908609
0.04908657
0.04944038
0.04974270
0.04964495
0.04959035
0.04952455
0.04950142
0.04959440
0.04970670
0.04985738
0.05002832
0.04984927
0.04996061
0.05007291
0.05054307
0.05012083
0.05015898
0.05025840
0.05024743
0.05034566
0.05043674
0.05061626
0.05067444
0.05045152
0.05060315
0.05074191
0.05066347
0.05068612
0.05064273
0.05097318
0.05130935
0.05127192
0.05104017
0.05096054
0.05177808
0.05139089
0.05135274
0.05130768
0.05164790
0.05162573
0.05166340
0.05152488
0.05168653
0.05166912
0.05183053
0.05204272
0.05174875
0.05196214
0.05197525
0.05204320
0.05213809
0.05230761
0.05242825
0.05263376
0.05231857
0.05244279
0.05249953
0.05259299
0.05245543
0.05278039
