0.01784992
0.03132820
0.03075171
0.03055525
0.03339005
0.03343081
0.03293920
0.03220296
0.03240299
0.03225374
0.03233933
0.03242803
0.03257775
0.03275704
0.03297138
0.03281856
0.03285503
0.03288436
0.03288007
0.03287530
0.03307939
0.03312922
0.03315449
0.03344655
0.03346467
0.03352594
0.03333163
0.03351569
0.03349876
0.03362226
0.03376794
0.03369546
0.03372288
0.03388619
0.03384852
0.03380060
0.03393507
0.03395224
0.03414392
0.03391695
0.03413987
0.03412104
0.03421164
0.03419709
0.03437090
0.03436923
0.03437686
0.03453112
0.03456593
0.03492403
0.03469086
0.03466558
0.03508377
0.03486252
0.03488994
0.03499055
0.03497791
0.03504372
0.03506255
0.03516197
0.03526044
0.03522897
0.03534508
0.03535819
0.03545642
0.03561950
0.03561950
0.03574777
0.03592682
0.03576851
0.03574800
0.03586817
0.03592610
0.03620338
0.03603578
0.03604364
0.03644395
0.03642011
0.03635669
0.03647876
0.03659749
0.03649282
0.03653550
0.03649330
0.03663445
0.03679037
0.03684354
0.03689528
0.03714657
0.03695560
0.03703380
0.03700233
0.03721929
0.03732896
0.03749084
0.03724098
0.03734636
0.03748703
0.03745294
0.03746390
0.03762245
0.03774190
0.03769684
0.03778219
0.03793883
0.03784776
0.03793073
0.03801680
0.03821778
0.03845358
0.03818464
0.03832316
0.03825188
0.03842330
0.03859019
0.03857851
0.03861690
0.03871036
0.03870630
0.03856802
0.03877878
0.03888202
0.03881502
0.03927660
0.03897190
0.03904128
0.03903913
0.03904963
0.03920960
0.03915071
0.03945422
0.03936005
0.03934336
0.03940845
0.03943753
0.03949499
0.03951335
0.03970790
0.03968644
0.03977656
0.03982592
0.04028940
0.04000521
0.04004216
0.04005790
0.04031539
0.04030418
0.04025459
0.04057813
0.04052877
