0.03622508
0.03187680
0.03171706
0.03198862
0.03466225
0.03485942
0.03474665
0.03484035
0.03493500
0.03497863
0.03504944
0.03522658
0.03516936
0.03524852
0.03531098
0.03539610
0.03555727
0.03557348
0.03548336
0.03558969
0.03570414
0.03563046
0.03572059
0.03590083
0.03594565
0.03591275
0.03595805
0.03609300
0.03615260
0.03667474
0.03672838
0.03678465
0.03646493
0.03653336
0.03670907
0.03669024
0.03665757
0.03689194
0.03688931
0.03691697
0.03699756
0.03702927
0.03698587
0.03711534
0.03711748
0.03733158
0.03762126
0.03745031
0.03841996
0.03751373
0.03745937
0.03768849
0.03774214
0.03779101
0.03784657
0.03800011
0.03808403
0.03819799
0.03823900
0.03823352
0.03827143
0.03832984
0.03843594
0.03835130
0.03876901
0.03863883
0.03869295
0.03873014
0.03875399
0.03883862
0.03905082
0.03895664
0.03912592
0.03904366
0.03912830
0.03938222
0.03931665
0.03941059
0.03938890
0.03953147
0.03956676
0.03961062
0.03963780
0.03979564
0.03977871
0.03916860
0.03905630
0.03914237
0.03909636
0.03941774
0.04023409
0.04023480
0.04026914
0.03943920
0.03944898
0.04046679
0.04050732
0.04070187
0.04059553
0.04166818
0.04072261
0.03995180
0.04000711
0.04032159
0.04019690
0.04091382
0.04098821
0.04105997
0.04102588
0.04160500
0.04140234
0.04138803
0.04152203
0.04164147
0.04160357
0.04175067
0.04098916
0.04085469
0.04169488
0.04171443
0.04181600
0.04194236
0.04218626
0.04215074
0.04211545
0.04227948
0.04215527
0.04232669
0.04242373
0.04250026
0.04254246
0.04260230
0.04271293
0.04280114
0.04273939
0.04281855
0.04281163
0.04208851
0.04224038
0.04223847
0.04229927
0.04241729
0.04248524
0.04259753
0.04264402
0.04262376
0.04277086
0.04285216
0.04280162
0.04275656
0.04288793
0.04301405
0.04298258
0.04335093
0.04308987
0.04323363
0.04346037
0.04349089
0.04356074
0.04360771
0.04364133
0.04371095
0.04360461
0.04390883
0.04392886
0.04380393
0.04400682
0.04398584
0.04426026
0.04423738
0.04432917
0.04430628
0.04422212
0.04448819
0.04466820
0.04463601
0.04556108
0.04471755
0.04563236
0.04564500
0.04562664
0.04591155
0.04587555
0.04575515
0.04520917
0.04535222
0.04524183
0.04539776
0.04546976
0.04550457
0.04571986
0.04569840
0.04643750
0.04651952
0.04662204
0.04670501
0.04675174
0.04688668
0.04706621
0.04733944
0.04700375
0.04714870
0.04709530
0.04711008
0.04720402
0.04752660
0.04742002
0.04751086
0.04752660
0.04772592
0.04776883
0.04771066
0.04777312
0.04804015
0.04804039
0.04812169
0.04882574
0.04833651
0.04834080
0.04837132
0.04822421
0.04848909
0.04843807
0.04856157
0.04859304
0.04869366
0.04883099
0.05026555
0.04891491
0.04890633
0.04913092
0.04908299
0.04903054
0.04931188
0.04922748
0.04922199
0.04948020
0.04948926
0.04941511
0.04954529
0.04978943
0.04961324
0.04982615
0.04976940
0.04966164
0.04974246
0.04986572
0.05003405
0.05003405
0.05010939
0.05012846
0.05010343
