0.01764584
0.03109241
0.03056216
0.03045726
0.03323483
0.03273463
0.03224158
0.03161216
0.03176212
0.03176475
0.03197742
0.03199959
0.03187561
0.03202772
0.03218389
0.03215003
0.03223586
0.03207517
0.03197551
0.03205633
0.03206825
0.03208113
0.03210783
0.03226137
0.03224325
0.03299212
0.03242040
0.03241515
0.03242087
0.03254652
0.03264999
0.03272867
0.03323269
0.03316975
0.03345513
0.03353429
0.03341770
0.03339577
0.03351307
0.03347158
0.03365874
0.03371978
0.03383112
0.03369737
0.03381443
0.03392625
0.03385568
0.03403807
0.03415132
0.03424501
0.03421187
0.03424835
0.03443146
0.03447080
0.03449488
0.03459048
0.03458953
0.03469133
0.03470445
0.03485608
0.03489017
0.03492332
0.03483033
0.03486872
0.03508449
0.03503442
0.03507018
0.03516126
0.03513265
0.03529811
0.03543401
0.03538036
0.03539538
0.03543615
0.03548265
0.03552556
0.03562117
0.03575015
0.03573298
0.03582764
0.03593254
0.03595304
0.03591800
0.03608346
0.03608727
0.03627300
0.03626728
0.03637934
0.03637099
0.03645563
0.03668571
0.03665185
0.03668261
0.03660965
0.03670239
0.03666973
0.03677011
0.03689075
0.03698897
0.03707600
0.03715563
0.03724599
0.03736830
0.03737211
0.03734827
0.03740573
0.03748441
0.03757358
0.03758073
0.03771496
0.03768611
0.03775263
0.03784585
0.03786373
0.03782701
0.03793454
0.03802538
0.03824282
0.03822875
0.03833699
0.03820014
0.03839517
0.03866196
0.03851509
0.03847861
0.03857780
0.03859544
0.03862858
0.03878927
0.03876758
0.03881073
0.03899217
0.03914523
0.03902411
0.03915524
0.03914547
0.03929329
0.03923273
0.03934789
0.03946948
0.03936434
0.03951216
0.03954172
0.03958726
0.03972816
0.03965783
0.03986573
0.04016948
0.03993702
0.03987670
0.04011726
0.04005265
0.04009914
0.04029369
0.04025483
0.04039598
0.04036784
0.04042721
0.04063010
0.04076409
0.04065275
0.04081059
0.04076505
0.04108119
0.04084897
0.04090619
0.04098272
0.04108953
0.04113102
0.04108834
0.04142523
0.04127765
0.04129720
0.04139304
0.04171276
0.04150271
0.04181528
0.04166079
0.04189587
0.04180932
0.04184031
0.04196644
0.04203367
0.04183102
0.04155946
0.04211378
0.04217577
0.04188299
0.04177380
0.04223990
0.04203987
0.04199743
0.04219913
0.04210138
0.04197454
0.04232264
0.04220223
0.04205608
0.04204988
0.04249907
0.04306030
0.04307961
0.04312277
0.04316568
0.04334116
0.04348493
0.04332209
0.04348588
0.04352093
0.04353952
0.04362535
0.04371476
0.04378724
0.04369330
0.04378891
