0.01840019
0.03243876
0.03174996
0.03236341
0.03452563
0.03438377
0.03457546
0.03351188
0.03322077
0.03336668
0.03335810
0.03357697
0.03337383
0.03348970
0.03354931
0.03365254
0.03365612
0.03376269
0.03382826
0.03382730
0.03413153
0.03406501
0.03401828
0.03412437
0.03404379
0.03429151
0.03425860
0.03435707
0.03435326
0.03436303
0.03447652
0.03459668
0.03462195
0.03475499
0.03469014
0.03481030
0.03487372
0.03514719
0.03515530
0.03502274
0.03505588
0.03520751
0.03528690
0.03526711
0.03530192
0.03543520
0.03550315
0.03558064
0.03559327
0.03570366
0.03570199
0.03579950
0.03581619
0.03590822
0.03625393
0.03614116
0.03608990
0.03610158
0.03610563
0.03622866
0.03627515
0.03649783
0.03640151
0.03646779
0.03664041
0.03663349
0.03672361
0.03672743
0.03682542
0.03681374
0.03701615
0.03709459
0.03693843
0.03711176
0.03711796
0.03715777
0.03722596
0.03739977
0.03737283
0.03743744
0.03753471
0.03756523
0.03759623
0.03760409
0.03778338
0.04241085
0.04021025
0.04018354
0.04013681
0.04029918
0.03854179
0.03812909
0.03903151
0.03887320
0.03856134
0.03829622
0.03836966
0.03859544
0.03846145
0.03859830
0.03866529
0.03880167
0.03874445
0.03904390
0.03885150
0.03895378
0.03898907
0.03912854
0.03914165
0.03919005
0.03928661
0.03938103
0.03930235
0.03935933
0.03955245
0.03951144
0.03958941
0.03984213
0.03979921
0.03983521
0.03974462
0.03992224
0.03994179
0.04004693
0.04007006
0.04026079
0.04042840
0.04016185
0.04047775
0.04037833
0.04023099
0.04069328
0.04065704
0.04058337
0.04061985
0.04097629
0.04075217
0.04094744
0.04116940
0.04105973
0.04095292
0.04122090
0.04127097
0.04113865
0.04123759
0.04137516
0.04154110
0.04141712
0.04149294
0.04183197
0.04162335
0.04163837
0.04186678
0.04183173
0.04184961
0.04191613
0.04206729
0.04204011
0.04255319
0.04234982
0.04270434
0.04303455
0.04248595
0.04241848
0.04242659
0.04239130
0.04252052
0.04273415
0.04268336
0.04266262
0.04287195
0.04295063
0.04293346
0.04301667
0.04304075
0.04304028
0.04320812
0.04323745
0.04338503
0.04348874
0.04345322
0.04357266
0.04375482
0.04370403
0.04370117
0.04382944
0.04380035
0.04388595
0.04398751
0.04412127
0.04410172
0.04402709
0.04423380
0.04450250
0.04437399
0.04446578
0.04457283
0.04456758
0.04456520
0.04460216
0.04485750
0.04479957
0.04480791
0.04501557
0.04510713
0.04505038
0.04526043
0.04510355
0.04514694
0.04521656
0.04525781
0.04542208
0.04539156
0.04556370
0.04552937
0.04557991
0.04556632
0.04573941
0.04573989
0.04587388
0.04586625
0.04600644
0.04607892
0.04603672
0.04616666
0.04612613
0.04621100
0.04645824
0.04652882
0.04638648
0.04637170
0.04654884
0.04659343
0.04671502
0.04657149
0.04680586
0.04684305
0.04693842
0.04690647
0.04706979
0.04702640
0.04713440
0.04742956
0.04737329
0.04724288
0.04728103
0.04734898
0.04766464
0.04755855
0.04768443
0.04773068
0.04772043
0.04767466
0.04786038
0.04792380
0.04793739
0.04802752
0.04794717
0.04822302
0.04812384
0.04861450
0.04833436
0.04839730
0.04837346
0.04846191
0.04862022
0.04856014
0.04878283
0.04875135
0.04876804
0.04884338
0.04882908
0.04890847
0.04899526
0.04925942
0.04911232
0.04925752
0.04942584
0.04935575
0.04937315
0.04947162
0.04943657
0.04954100
0.04963255
0.04974508
0.04981780
0.04976130
0.04995322
0.05013919
0.05044508
0.05039430
0.05011296
0.05019808
0.05019712
0.05049968
0.05053711
0.05041575
0.05049729
0.05232787
0.05067682
0.05075312
0.05079436
0.05079436
0.05099392
0.05118275
0.05130982
0.05140829
0.05135584
0.05127048
0.05128598
0.05151129
0.05144429
0.05164194
0.05153584
0.05158305
0.05167246
0.05192399
0.05194306
0.05202079
0.05190539
0.05220199
0.05198169
0.05204272
0.05222607
0.05229211
0.05219126
0.05326891
0.05280924
0.05299640
0.05277157
0.05364871
0.05281425
0.05266738
0.05277729
0.05286264
0.05298615
0.05294704
0.05305529
0.05313516
0.05315518
0.05337048
0.05321407
0.05333352
0.05334926
0.05337405
0.05359578
0.05435038
0.05364251
0.05374861
0.05382156
0.05372262
0.05400610
0.05400681
0.05385232
0.05413461
0.05409217
0.05434847
0.05428982
0.05445123
0.05452085
0.05453825
0.05462623
0.05461836
0.05478954
0.05483007
0.05474210
0.05482626
0.05491471
0.05487537
0.05487943
0.05517220
0.05510426
0.05519295
0.05520773
0.05527973
0.05541372
0.05539680
0.05560160
0.05557275
0.05578160
0.05564117
0.05565524
0.05585265
0.05575776
0.05589771
0.05607390
0.05624008
0.05606675
0.05607891
0.05620885
0.05644846
0.05631661
0.05664706
0.05637383
0.05646920
0.05658388
0.05676055
0.05682778
0.05681872
0.05691481
0.05699015
0.05705619
0.05707884
0.05718851
0.05726767
0.05729485
0.05725217
0.05730057
0.05738950
0.05746055
0.05769849
0.05752158
0.05766869
0.05771780
0.05784798
0.05788159
0.05782652
0.05787754
0.05821919
0.05814934
0.05831242
0.05815649
0.05834961
0.05824590
0.05835223
0.05862927
0.05864954
0.05853152
0.05850005
0.05871964
0.05866194
0.05873752
0.05923939
0.05902696
0.05892038
0.05904841
0.05891681
0.05902696
0.05919075
0.05920672
0.05938482
0.05950284
0.05941129
0.05948544
0.05964661
0.05961561
0.05972123
0.05965066
0.05992961
0.05987787
0.06036186
0.05993319
0.06034994
0.06006193
0.06023788
0.06018114
0.06051135
0.06032586
0.06045151
0.06048584
0.06059027
0.06055498
0.06052971
0.06064510
0.06067252
0.06085587
0.06087875
0.06105351
0.06086516
0.06100893
0.06123066
0.06100678
0.06140161
0.06123257
0.06134176
0.06151271
0.06152916
0.06150460
0.06152940
0.06162405
0.06182480
0.06193066
0.06200528
0.06191587
0.06182146
0.06211782
0.06195164
0.06224394
0.06252027
0.06208587
0.06216741
0.06233621
0.06245685
0.06247997
0.06280756
0.06321764
0.06292963
0.06278729
0.06278872
0.06294560
0.06283879
0.06400609
0.06326032
0.06334805
0.06336951
0.06342983
0.07049346
0.06734920
0.06437659
0.06351662
0.06348681
0.06370234
0.06419206
0.06391215
0.06388426
0.06386280
0.06396055
0.06388617
0.06396937
0.06389713
0.06414104
0.06424832
0.06435966
0.06555510
0.06448245
0.06443024
0.06438899
0.06442690
0.06464243
0.06447196
0.06488657
0.06503248
0.06485271
0.06489944
0.06475735
0.06492138
0.06523418
0.06521297
0.06518507
0.06538057
0.06531453
0.06541753
0.06534815
0.06557417
0.06550264
0.06575155
0.06560159
0.06558347
0.06567144
0.06623650
0.06628060
0.06582475
0.06611180
0.06631517
0.06629348
0.06616950
0.06617928
0.06638408
0.06631398
0.06649590
0.06674623
0.06643939
0.06667829
0.06680036
0.06682754
0.06687832
0.06682158
0.06703234
0.06699896
0.06724143
0.06705880
0.06724930
0.06707597
0.06739116
0.06729412
0.06747770
0.06762648
0.06755877
0.06762075
0.06770468
0.06769586
0.06787586
0.06795096
0.06786704
0.06787515
0.06824350
0.06807470
0.06827712
0.06815958
0.06828833
0.06830382
0.06857753
0.06838799
0.06860900
0.06855464
0.06872797
0.06839800
0.06844473
0.06846189
0.06910229
0.06904697
0.06912899
0.06899428
0.06924415
0.06931448
0.06919503
0.06950665
0.06962657
0.06955719
0.06947160
0.06961942
0.06984448
0.06956172
0.06983352
0.06974030
0.06995749
0.07002974
0.06985593
0.07020378
0.07028413
0.07002807
0.07026100
0.07020259
0.07045388
0.07046890
0.07043099
0.07116747
0.07081580
0.07080603
0.07057691
0.07094932
0.07086754
0.07216644
0.07114244
0.07113457
0.07158351
0.07105732
0.07181954
0.07142425
0.07132840
0.07137465
0.07114792
0.07133555
0.07156992
0.07180762
0.07175446
0.07197857
0.07217669
0.07222629
0.07230878
0.07203436
0.07223558
0.07231998
0.07292843
0.07226872
0.07226801
0.07240462
0.07261133
0.07247686
0.07252765
0.07272696
0.07267666
0.07266831
0.07268453
0.07271481
0.07285619
0.07297683
0.07313704
0.07337761
0.07333469
0.07325411
0.07326555
0.07332993
0.07410908
0.07400465
0.07389164
0.07375240
0.07404399
0.07418275
0.07357121
0.07389903
0.07420373
0.07392216
0.07409501
0.07433605
0.07431006
0.07433963
0.07560849
0.07437277
0.07456613
0.07455325
0.07472420
0.07501936
0.07486463
0.07467151
0.07480741
0.07477069
0.07491779
0.07488656
0.07497454
0.07519960
0.07512403
0.07520533
0.07524681
0.07543111
0.07541656
0.07570124
0.07580376
0.07571030
0.07587051
0.07583904
0.07567072
0.07611680
0.07593536
0.07596087
0.07584143
0.07589149
0.07641673
0.07622433
0.07623029
0.07784271
0.07688856
0.07636690
0.07650518
0.07657719
0.07648015
0.07657099
0.07666993
0.07688403
0.07691979
0.07689524
0.07720852
0.07706070
0.07725191
0.07728004
0.07751822
0.07723784
0.07745123
0.07730222
0.07756138
0.07742763
0.07795382
0.07761621
0.07778502
0.07783651
0.07793403
0.07800889
0.07805324
0.07805514
0.07779932
0.07809067
0.07810020
0.07830286
0.07825613
0.07841706
0.07855320
0.07843041
0.07838559
0.07852507
0.07842660
0.07861233
0.07871461
0.07882094
0.07887053
0.07911587
0.07924008
0.07932878
0.07918930
0.07908940
0.07951927
0.07980251
0.07958937
0.07963228
0.07950354
0.07963777
0.07977486
0.07983470
0.07995844
0.07992125
0.08015823
0.08004022
0.07976913
0.08051801
0.08026576
0.08009386
0.08035469
0.08016133
0.08043051
0.08028769
0.08078814
0.08056736
0.08029509
0.08063173
0.08078074
0.08085227
0.08084679
0.08083200
0.08102059
0.08083320
0.08094835
0.08112979
0.08106303
0.08139277
0.08160734
0.08138585
0.08145523
0.08170748
0.08155894
0.08160758
0.08192658
0.08184004
0.08186674
0.08197021
0.08186555
0.08225870
0.08211660
0.08228397
0.08264232
0.08250022
0.08220267
0.08230209
0.08250570
0.08255315
0.08238530
0.08245230
0.08265066
0.08308864
0.08287406
0.08288336
0.08296180
0.08377814
0.08337235
0.08300710
0.08310294
0.08318877
0.08327246
0.08324575
0.08342171
0.08331323
0.08336520
0.08366823
0.08380961
0.08395481
0.08358788
0.08416557
0.08397555
0.08421302
0.08378911
0.08400273
0.08418536
0.08431864
0.08427382
0.08428431
0.08443570
0.08460355
0.08455634
0.08442044
0.08454132
0.08466864
0.08461690
0.08485341
0.08482623
0.08504629
0.08469677
0.08494949
0.08504701
0.08524156
0.08506846
0.08537436
0.08557701
0.08547235
0.08542371
0.08589125
0.08632064
0.08608866
0.08592081
0.08610010
0.08603501
0.08657289
0.08683109
0.08702397
0.08704066
0.08700514
0.08701181
0.08707213
0.08754063
0.08727598
0.08734441
0.08739948
0.08748055
0.08730745
0.08756089
0.08775759
0.08773017
0.08762288
0.08790803
0.08795905
0.08780098
0.08812785
0.08792567
0.08818436
0.08844256
0.08825254
0.08821678
0.08869195
0.08860993
0.08867073
0.08888054
0.08885098
0.08892965
0.08895755
0.08919263
0.08897305
0.08984065
0.09038734
0.08935857
0.08939338
0.08942032
0.08936834
0.08958077
0.08938646
0.09042573
0.09004116
0.08963275
0.08981943
0.09005117
0.08990240
0.09015894
0.09023309
0.09024239
0.09019089
0.09050632
0.09053040
0.09074736
0.09033203
0.09099770
0.09108019
0.09071660
0.09112120
0.09116554
0.09139419
0.09094119
0.09134007
0.09123158
0.09138417
0.09152865
0.09140325
0.09151649
0.09208822
0.09198594
0.09194732
0.09187818
0.09231973
0.09236550
0.09239173
0.09226727
0.09218311
0.09242535
0.09281015
0.09222484
0.09209347
0.09270978
0.09260631
0.09306955
0.09304404
0.09314537
0.09318972
0.09315062
0.09321117
0.09329653
0.09347606
0.09341097
0.09321880
0.09336782
0.09358716
0.09365821
0.09377122
0.09382391
0.09434962
0.09406924
0.09394956
0.09390545
0.09447908
0.09440637
0.09415746
0.09503937
0.09451103
0.09462833
0.09449196
0.09454155
0.09490561
0.09475613
0.09490299
0.09526920
0.10250068
0.10042882
0.10026217
0.09705710
0.09605455
0.09535670
0.09562016
0.09552431
0.09542274
0.09600878
0.09545612
0.09579062
0.09611821
0.09604692
0.09620786
0.09639382
0.09643817
0.09633183
0.09638500
0.09654617
0.09666276
0.09667158
0.09671307
0.09655046
0.09695554
0.09698176
0.09697700
0.09693551
0.09691095
0.09701800
0.09752440
0.09848976
0.09721947
0.09732866
0.09760451
0.09735298
0.09766889
0.09796023
0.09792995
0.09786081
0.09781909
0.09782648
0.09806252
0.09813690
0.09828568
0.09811735
0.09847903
0.09823227
0.09844518
0.09844637
0.09864593
0.09874368
0.09860015
0.09857607
0.09863448
0.09905982
0.09867191
0.09903908
0.09868622
0.09891891
0.09892178
0.09919572
0.09933543
0.09935880
0.09925413
0.09936571
0.09977150
0.09911251
0.09963512
0.09951854
0.09925032
0.09959459
0.09949970
0.09981179
0.09997296
0.09959483
0.09951568
0.09973359
0.09981871
0.09959292
0.09926319
0.10383248
0.09954739
0.09972715
0.10011458
0.09976029
0.09972572
0.09987259
0.10000896
0.10027933
0.09996605
0.10050011
0.10053968
0.10038424
0.10028362
0.10023737
0.10011172
0.10048819
0.10045457
0.10062718
0.10049987
0.10067940
0.10043740
0.10086083
0.10080600
0.10098052
0.10108614
0.10093689
0.10108829
0.10077429
0.10122561
0.10074162
0.10112739
0.10110998
0.10098743
0.10128069
0.10135436
0.10123062
0.10119534
0.10144615
0.10142708
0.10213280
0.10198259
0.10156369
0.10165596
0.10168219
0.10159349
0.10170436
0.10164499
0.10183644
0.10137415
0.10204387
0.10213685
0.10161734
0.10200429
0.10160947
0.10209250
0.10201764
0.10277414
0.10230780
0.10242534
0.10261893
0.10263109
0.10271096
0.10275054
0.10266161
0.10273314
0.10278916
0.10287619
0.10297203
0.10288811
0.10292935
0.10320878
0.10322165
0.10288882
0.10298371
0.10296178
0.10233617
0.10241866
0.10271358
0.10262227
0.10252953
0.10305953
0.10276127
0.10285497
0.10322094
0.10331511
0.10290217
0.10369539
0.10371304
0.10303688
0.10337639
0.10368204
0.10317349
0.10360169
0.10316277
0.10351562
0.10387969
0.10386348
0.10410762
0.10371923
0.10355735
0.10358405
0.10351276
0.10352373
0.10367513
0.10403061
0.10392332
0.10390449
0.10404730
0.10425997
0.10452390
0.10494971
0.10467458
0.10454130
0.10448813
0.10430145
0.10446095
0.10509109
0.10494375
0.10464478
0.10516477
0.10511041
0.10474277
0.10527539
0.10509968
0.10509825
0.10509634
0.10547733
0.10556412
0.10534596
0.10573196
0.10552073
0.10552549
0.10577941
0.10584903
0.10657477
0.10572529
0.10580635
0.10609627
0.10623169
0.10602450
0.10744667
0.10630846
0.10625148
0.10584402
0.10623312
0.10646772
0.10666609
0.10668945
0.10663247
0.10684347
0.10669255
0.10653520
0.10685587
0.10700488
0.10687423
0.10709119
0.10713100
0.10754848
0.10734868
0.10749149
0.10735559
0.10739136
0.10782743
0.10771513
0.10747790
0.10761380
0.10737634
0.10748482
0.10787940
0.10815620
0.10823512
0.10813618
0.10828018
0.10785842
0.10793400
0.10853457
0.10860610
0.10867190
0.10823536
0.10832858
0.10850716
0.10854197
0.10859656
0.10839152
0.10893512
0.10877037
0.10897374
0.10913587
0.10883951
0.10897493
0.10869479
0.10901308
0.10923672
0.10915208
0.10961962
0.10962081
0.10994244
0.10951257
0.10970497
0.10917711
0.10967612
0.10973477
0.10960960
0.11012650
0.10953379
0.10984564
0.11019278
0.10981846
0.11001611
0.11171484
0.11050916
0.11004066
0.11018229
0.11021757
0.11063647
0.11058092
0.11018682
0.11035728
0.11060882
0.11093354
0.11108112
0.11071181
0.11080480
0.11105323
0.11101055
0.11097836
0.11109948
0.11151052
0.11119628
0.11114168
0.11157274
0.11133361
0.11142063
0.11164689
0.11190486
0.11166167
0.11190867
0.11166763
0.11177087
0.11227179
0.11176920
0.11205745
0.11264467
0.11200476
0.11230874
0.11246228
0.11206603
0.11227870
0.11225414
0.11287618
0.11284852
0.11226130
0.11317348
0.11280584
0.11267495
0.11278224
0.11323118
0.11317205
0.11789155
0.11320066
0.11292601
0.11313128
0.11334109
0.11364627
0.11330390
0.11351848
0.11343622
0.11605263
0.11357260
0.11377597
0.11373997
0.11370945
0.11380315
0.11333752
