0.01859069
0.03230643
0.03174734
0.03177381
0.03463054
0.03480029
0.03478694
0.03452468
0.03379393
0.03302550
0.03477430
0.03429127
0.03439808
0.03442860
0.03327394
0.03337765
0.03342032
0.03415132
0.03423882
0.03397298
0.03413582
0.03428602
0.03415680
0.03419209
0.03422594
0.03446841
0.03428650
0.03447318
0.03434944
0.03453064
0.03430533
0.03419328
0.03437281
0.03435087
0.03453255
0.03476143
0.03458548
0.03469968
0.03492069
0.03472400
0.03498888
0.03479362
0.03497982
0.03497696
0.03516436
0.03566861
0.03553200
0.03556681
0.03573203
0.03568196
0.03650141
0.03613257
0.03550792
0.03555179
0.03559327
0.03556919
0.03572011
0.03610396
0.03629875
0.03635812
0.03635049
0.03633976
0.03653479
0.03618169
0.03616452
0.03613687
0.03651047
0.03646660
0.03664899
0.03640199
0.03649926
0.03669691
0.03666997
0.03674102
0.03678274
0.03675914
0.03681755
0.03738761
0.03749967
0.03746772
0.03743219
0.03746557
0.03759575
0.03773999
0.03724241
0.03735256
0.03743792
0.03742027
0.03760552
0.03756380
0.03774762
0.03795671
0.03824186
0.03835654
0.03824759
0.03838420
0.03835917
0.03845930
0.03849721
0.03884935
0.03862762
0.03869677
0.03826141
0.03837681
0.03845382
0.03854847
0.03879428
0.03901076
0.03909302
0.03919983
0.03921771
0.03948116
0.03939223
0.03942871
0.03948355
0.03950238
0.03957510
0.03961897
0.03969908
0.03971958
0.03985357
0.03980780
0.03999829
0.04004073
0.03998423
0.04005098
0.04004669
