0.03667998
0.03055072
0.03043246
0.03047895
0.03340340
0.03347421
0.03328657
0.03332686
0.03363228
0.03329062
0.03318191
0.03339815
0.03332257
0.03391171
0.03386378
0.03401208
0.03376412
0.03390908
0.03391552
0.03383899
0.03422427
0.03384972
0.03439021
0.03448963
0.03441620
0.03417039
0.03434706
0.03445101
0.03445530
0.03456235
0.03450036
0.03474998
0.03479528
0.03460073
0.03514743
0.03482890
0.03489590
0.03508830
0.03505802
0.03516078
0.03532243
0.03538465
0.03521633
0.03537488
0.03538251
0.03533649
0.03542757
0.03555465
0.03563070
0.03549194
0.03606820
0.03745151
0.03622770
0.03625941
0.03644156
0.03644681
0.03641605
0.03617001
0.03619838
0.03634191
0.03631949
0.03672123
0.03633165
0.03653073
0.03701949
0.03701138
0.03721619
0.03829384
0.03719068
0.03748369
0.03736281
0.03695083
0.03697181
0.03734279
