0.01909900
0.03249359
0.03200078
0.03218842
0.03476810
0.03489828
0.03479147
0.03465700
0.03473330
0.03356433
0.03381562
0.03357434
0.03377223
0.03384161
0.03382850
0.03409815
0.03400135
0.03411365
0.03450608
0.03407931
0.03446293
0.03432941
0.03443503
0.03455424
0.03451633
0.03465486
0.03462601
0.03475904
0.03587413
0.03479528
0.03455687
0.03499722
0.03497624
0.03484011
0.03511763
0.03557467
0.03513765
0.03521919
0.03526497
0.03556943
0.03549123
0.03559327
0.03557730
0.03563976
0.03637171
0.03595495
0.03624797
0.03605461
0.03594375
0.03595257
0.03604317
0.03646326
0.03622723
0.03620410
0.03636336
0.03638411
0.03644347
0.03657293
0.03665423
0.03707337
0.03688335
0.03673840
0.03676486
0.03676677
0.03697634
0.03696465
0.03702044
0.03735852
0.03719306
0.03723693
0.03712678
0.03728557
0.03732085
0.03753448
0.03749061
0.03766441
0.03760147
0.03766036
0.03771758
0.03772688
0.03790760
0.03786898
0.03788614
0.03855491
0.03809690
0.03819370
0.03816056
0.03827643
0.03828526
0.03834057
0.03806210
0.03815675
0.03825569
0.03831458
0.03855872
0.03839922
0.03841281
0.03857303
0.03889275
0.03897452
0.03881621
0.03872228
0.03879189
0.03887320
0.03900480
0.03890300
0.03894281
0.03943753
0.03948951
0.03949666
0.03934526
0.03945947
0.03973293
0.03972983
0.04006243
0.03993392
0.03993964
0.03997159
0.04001355
0.03976727
0.03985453
0.04004788
0.03993201
0.04002452
0.04016328
0.04040480
0.04052782
0.04052281
0.04074717
0.04067564
0.04075003
0.04078841
0.04085326
0.04088593
0.04103947
0.04106927
0.04096460
0.04116297
0.04140806
0.04120421
0.04133487
0.04129648
0.04148936
0.04178643
0.04151011
0.04164696
0.04175377
0.04179192
0.04196715
0.04205585
0.04194188
0.04200363
0.04216170
0.04215240
0.04224420
0.04236436
0.04217720
0.04248214
0.04238009
0.04244566
0.04244161
0.04392362
0.04252172
0.04272056
0.04300976
0.04285240
0.04293180
0.04301786
0.04288197
0.04290175
0.04314113
0.04340076
0.04319644
0.04327226
0.04337931
0.04372501
0.04427648
0.04349947
0.04357886
0.04352260
0.04373693
0.04390216
0.04380465
0.04395056
0.04442096
0.04399729
0.04408240
0.04414487
0.04444647
0.04439211
0.04433513
0.04443955
0.04460835
0.04488468
0.04476428
0.04477596
0.04468822
0.04479647
0.04504061
0.04488707
0.04492211
0.04502726
0.04516578
0.04479790
0.04534459
0.04535103
0.04519057
0.04549551
0.04538608
0.04545879
0.04566598
0.04569674
0.04572797
0.04589415
0.04582739
0.04590821
0.04585433
0.04608345
0.04605341
0.04612231
0.04653478
0.04633951
0.04625034
0.04632020
0.04654670
0.04636574
0.04643369
0.04664469
0.04671836
0.04668927
0.04676723
0.04688454
0.04698467
0.04712510
0.04698300
0.04696298
0.04748368
0.04722929
0.04732418
0.04744601
0.04739046
0.04723644
0.04755926
0.04776931
0.04758072
0.04757833
0.04802179
0.04785419
0.04779887
0.04805851
0.04817319
0.04813457
0.04826689
0.04832029
0.04810262
0.04815340
0.04810190
0.04853272
0.04813528
0.04820418
0.04835844
0.04852343
0.04847646
0.04851723
0.04846525
0.04858398
0.04892755
0.04906225
0.04928398
0.04912591
0.04905534
0.04918957
0.04935265
0.04942656
0.04920268
0.04928374
0.04938555
0.04943275
0.04949784
0.04940271
0.04942989
0.04947734
0.04962778
0.04963779
0.04975533
0.04980564
0.04983473
0.04985738
0.05005240
0.05004835
0.05012202
0.05013490
0.05033779
0.05037284
0.05056262
0.05114150
0.05087566
0.05093980
0.05081701
0.05092001
0.05103779
0.05086017
0.05127645
0.05139470
0.05127048
0.05144763
0.05158663
0.05147099
0.05135393
0.05156851
0.05162740
0.05160952
0.05138373
0.05155325
0.05161285
0.05154943
0.05672288
0.05365300
0.05478001
0.05469155
0.05219769
0.05243850
0.05249476
0.05224991
0.05237985
0.05249286
0.05253959
0.05267262
0.05282784
0.05271864
0.05278111
0.05305457
0.05303049
0.05299306
0.05313611
0.05321646
0.05328703
0.05336976
0.05328679
0.05337715
0.05339265
0.05337024
0.05363917
0.05363441
0.05377793
0.05375266
0.05382943
0.05394554
0.05393553
0.05396914
0.05412793
0.05404139
0.05419087
0.05434847
0.05435848
0.05438447
0.05439425
0.05449319
0.05443048
0.05457115
0.05462313
0.05479574
0.05455065
0.05463862
0.05495596
0.05490422
0.05512619
0.05516744
0.05532432
0.05520153
0.05519104
0.05541730
0.05545497
0.05536866
0.05555081
0.05552649
0.05553818
0.05576682
0.05568290
0.05577040
0.05577707
0.05604625
0.05594659
0.05610847
0.05622578
0.05627179
0.05633473
0.05632019
0.05632710
0.05653882
0.05644774
0.05652761
0.05667543
0.05654812
0.05683112
0.05680156
0.05688691
0.05677700
0.05689454
0.05702996
0.05723166
0.05730343
0.05718160
0.05694985
0.05733800
0.05717063
0.05728316
0.05733418
0.05728173
0.05736113
0.05736732
0.05729508
0.05734038
0.05756140
0.05746198
0.05778193
0.05777121
0.05779481
0.05785155
0.05791903
0.05786133
0.05830884
0.05805326
0.05829144
0.05869341
0.05829835
0.05827641
0.05839849
0.05852604
0.05848527
0.05857301
0.05864000
0.05900145
0.05889225
0.05868459
0.05886364
0.05892491
0.05903602
0.05919862
0.05925393
0.05908537
0.05962420
0.05973601
0.05978513
0.05973506
0.05976796
0.05983257
0.05976272
0.05985403
0.05981135
0.06006289
0.06017923
0.06022096
0.06034112
0.06045747
0.06051254
0.06032252
0.06054449
0.06063724
0.06071734
