0.04165578
0.04141808
0.04153609
0.04145408
0.04418683
0.04424119
0.04391766
0.04404759
0.04404664
0.04407215
0.04420376
0.04472256
0.04492450
0.04492307
0.04498863
0.04500008
0.04506612
0.04519224
0.04766822
0.04530978
0.04528761
0.04522538
0.04543066
0.04542994
0.04557419
0.04572320
0.04565382
0.04560423
0.04585433
0.04586220
0.04591417
0.04604077
0.04609680
0.04651260
0.04627705
0.04626918
0.04622507
0.04657817
0.04642868
0.04652905
0.04643059
0.04667211
0.04663825
0.04669309
0.04672265
0.04681945
0.04674435
0.04691792
0.04682994
0.04714727
0.04715681
0.04721904
0.04717278
0.04677081
0.04700565
0.04710555
0.04720569
0.04710150
0.04715919
0.04761147
0.04773259
0.04790235
0.04786515
0.04797912
0.04805350
0.04807949
0.04809976
0.04821587
0.04824495
0.04830527
0.04829192
0.04846478
0.04846430
0.04869318
0.04865527
0.04863811
0.04875994
0.04874182
0.04883385
0.04895163
0.04882169
0.04893351
0.04913878
0.04916167
0.04934382
0.04929328
0.04924965
0.04944468
0.04947686
0.04954886
0.04953599
0.04974413
0.04980230
0.04987073
0.04983449
0.04988503
0.05014586
0.05007625
0.05010104
0.05007100
0.05024529
0.05014062
0.05030179
0.05041265
0.05046487
0.05049157
0.05061841
0.05065918
0.05055451
0.05069900
0.05072832
0.05076241
0.05096745
0.05096674
0.05109739
0.05105090
0.05105257
0.05131340
0.05143118
0.05139995
0.05150318
0.05138421
0.05151296
0.05166197
0.05180287
0.05173326
0.05186677
0.05192018
0.05233121
0.05203557
0.05207539
0.05214643
0.05225253
0.05229092
0.05236530
0.05246782
0.05254555
0.05256176
0.05262232
0.05257154
0.05331755
0.05276346
0.05270934
0.05271554
0.05290270
0.05288911
0.05310440
0.05319071
0.05317593
0.05315590
0.05316472
0.05345845
0.05336094
0.05352783
0.05340409
0.05334473
0.05343652
0.05350995
0.05367517
0.05372119
0.05382681
0.05405283
0.05386353
0.05384278
0.05397034
0.05416846
0.05419230
0.05419660
0.05428386
0.05411649
0.05407929
0.05407572
0.05425620
0.05432677
0.05429220
0.05441523
0.05443096
0.05458403
0.05455375
0.05462670
0.05470014
0.05477548
0.05494261
0.05476785
0.05506253
0.05501318
0.05511117
0.05511355
0.05532503
0.05532050
0.05542064
0.05557036
0.05551410
0.05564404
0.05567336
0.05576682
0.05565906
0.05574131
0.05575490
0.05580544
0.05590177
0.05615854
0.05608058
0.05621147
0.05638170
0.05631733
0.05631232
0.05639243
0.05661798
0.05667853
0.05671215
0.05661464
0.05675721
0.05678391
0.05696654
0.05696297
0.05709672
0.05720711
0.05728102
0.05720949
0.05720282
0.05749321
0.05748248
0.05747771
0.05728269
0.05766058
0.05758071
0.05771518
0.05768585
0.05783820
0.05789876
0.05795026
0.05784059
0.05805326
0.05796647
0.05807662
0.05823445
0.05828214
0.05851221
0.05838799
0.05862522
0.05868697
0.05882645
0.05868053
0.05930734
0.05922008
0.05943513
0.05937195
0.05945277
0.05961442
0.05973291
0.05973196
0.05978298
0.05970621
0.05985975
0.06001759
0.05988169
0.06018138
0.06010127
0.06027722
0.06028247
0.06019378
0.06037283
0.06027627
0.06039119
0.06076789
0.06074882
0.06099129
0.06065083
0.06069899
0.06080461
0.06084776
0.06095505
0.06097293
0.06106973
0.06102276
0.06114149
0.06123066
0.06131721
0.06146240
0.06146955
0.06154633
0.06158352
0.06169510
0.06164742
0.06194234
0.06176043
0.06183457
0.06193089
0.06206322
0.06191659
0.06217504
0.06208038
0.06218457
0.06197882
0.06198931
0.06191683
0.06213880
0.06207442
0.06219292
0.06212211
0.06236792
0.06240368
0.06247807
0.06266475
0.06275702
0.06272221
0.06274819
0.06260228
0.06275368
0.06285763
0.06316376
0.06297040
0.06319118
0.06330729
0.06310201
0.06338215
0.06336093
0.06353331
0.06350636
0.06376338
0.06380272
0.06380391
0.06376839
0.06386042
0.06386089
0.06388617
0.06403947
0.06426096
0.06418109
0.06424022
0.06440067
0.06444240
0.06442189
0.06437325
0.06442738
0.06464076
0.06469440
0.06452155
0.06489539
0.06468248
0.06495094
0.06495833
0.06498170
0.06493425
0.06505013
0.06536198
0.06539774
0.06536484
0.06534600
0.06565690
0.06590295
0.06560326
0.06565690
0.06579542
0.06565046
0.06590772
0.06590939
0.06604505
0.06606579
0.06598711
0.06620526
0.06622744
0.06626511
0.06626797
0.06645083
0.06676602
0.06652617
0.06651759
0.06661534
0.06675482
0.06693363
0.06689477
0.06694174
0.06703210
0.06716394
0.06721330
0.06737208
0.06772637
0.06746078
0.06767941
0.06802964
0.06759620
0.06772184
0.06776953
0.06772161
0.06774235
0.06789923
0.06835699
0.06863809
0.06847191
0.06846976
0.06858492
0.06851625
0.06875658
0.06867504
0.06892133
0.06903338
0.06895328
0.06906486
0.06908894
0.09424233
0.06926680
0.06932187
0.06928229
0.06922865
0.06955385
0.06954646
0.06947231
0.06957650
0.06968093
0.06969666
0.06971955
0.06983256
0.06943798
0.06971741
0.06973195
0.06976700
0.06998229
0.06992197
0.06994200
0.07005215
0.06990385
0.07021523
0.07010961
0.07016206
0.07049155
0.07064676
0.07073975
0.07079434
0.07100892
0.07084894
0.07089019
0.07075453
0.07082963
0.07096148
0.07101130
0.07107782
0.07107353
0.07127452
0.07165933
0.07182193
0.07115269
0.07134485
0.07141638
0.07140040
0.07165313
0.07153630
0.07187867
0.07178712
0.07181716
0.07176232
0.07194710
0.07240844
0.07251501
0.07261896
0.07256198
0.07257128
0.07258701
0.07258248
0.07270932
0.07305741
0.07304859
0.07301378
0.07311034
0.07312822
0.07322264
0.07314086
0.07342505
0.07331896
0.07364655
0.07364464
0.07356381
0.07348800
0.07372403
0.07377553
0.07381868
0.07404685
0.07395291
0.07409430
0.07415318
0.07425570
0.07433224
0.07439089
0.07453346
0.07453132
0.07442641
0.07450843
0.07469201
0.07464790
0.07490730
0.07461572
0.07463145
0.07469034
0.07497191
0.07499576
0.07516956
0.07522106
0.07526350
0.07514644
0.07534742
0.07539415
0.07543206
0.07552004
0.07567096
0.07566261
0.07592392
0.07586384
0.07586622
0.07593203
0.07617664
0.07626820
0.07619905
0.07618833
0.07635856
0.07636666
0.07686567
0.07646322
0.07667518
0.07662463
0.07662106
0.07671452
0.07644677
0.07677507
0.07730031
0.07700133
0.07696915
0.07715845
0.07706666
0.07727289
0.07704663
0.07725048
0.07743692
0.07746220
0.07750034
0.07755923
0.07765126
0.07770491
0.07769704
0.07804108
0.07785106
0.07783604
0.07795286
0.07803702
0.11024761
0.14381599
0.07875228
0.07851267
0.07830119
0.07851315
0.07855248
0.07870460
0.07873797
0.07870388
0.07888579
0.07892251
0.07900119
0.07906127
0.07886839
0.07904172
0.07914400
0.07927370
0.07903337
0.07928967
0.07939434
0.07960486
0.07949996
0.07955527
0.07969379
0.07978153
0.07985330
0.07970834
0.08032322
0.08012319
0.08010554
0.08019042
0.07992578
0.08016777
0.08018303
0.08033395
0.08044696
0.08054733
0.08048940
0.08058262
0.08118796
0.08076859
0.08080053
0.08078194
0.08099437
0.08086753
0.08103585
0.08110952
0.08119130
0.08125401
0.08140707
0.08127475
0.08145380
0.08148074
0.08153057
0.08159208
0.08174062
0.08180618
0.08172321
0.08188105
0.08175421
0.08219218
0.08212328
0.08217764
0.08233047
0.08228874
0.08234358
0.08252645
0.08229995
0.08262539
0.08253789
0.08266449
0.08275700
0.08259821
0.08266425
0.08272719
0.08308315
0.08291531
0.08310175
0.08300304
0.08318996
0.08312154
0.08323002
0.08334088
0.08350015
0.08368635
0.08340287
0.08351851
0.08370924
0.08392286
0.08382559
0.08379602
0.08404732
0.08407068
0.08419609
0.08419776
0.08412862
0.08425212
0.08433509
0.08457875
0.08455110
0.08458424
0.08466458
0.08466482
0.08457088
0.08462477
0.08490014
0.08511162
0.08465624
0.08498025
0.08476543
0.08521295
0.08523703
0.08537793
0.08554053
0.08606911
0.08536792
0.08563566
0.08559918
0.08554769
0.08576155
0.08575964
0.08578062
0.08593273
0.08605647
0.08619523
0.08608699
0.08620954
0.08625531
0.08631301
0.08650017
0.08650231
0.08658004
0.08634949
0.08677030
0.08687139
0.08671904
0.08698034
0.08683705
0.08703303
0.08681965
0.08715034
0.08692813
0.08717084
0.08732581
0.08730507
0.08724689
0.08725572
0.08744645
0.08766294
0.08775091
0.08778667
0.08767080
0.08796406
0.08785152
0.08790565
0.08771729
0.08808279
0.08812666
0.08809543
0.08815098
0.08804536
0.08833861
0.08814621
0.08838558
0.08855033
0.08882380
0.08868384
0.08876610
0.08862233
0.08902431
0.08903646
0.08908224
0.08907413
0.08912277
0.08930111
0.08917022
0.08941841
0.08962083
0.08917427
0.08903050
0.08902073
0.08912683
0.08922935
0.08933330
0.08972597
0.08919144
0.08942080
0.08981013
0.08959699
0.08970714
0.08970785
0.08990598
0.08961129
0.08986282
0.09010696
0.08991408
0.09027696
0.09028172
0.09040093
0.09040451
0.09070945
0.09084249
0.09081244
0.09093451
0.09093833
0.09061193
0.09101653
0.09090543
0.09083724
0.09093451
0.09094214
0.09144711
0.09119654
0.09124207
0.09120131
0.09137392
0.09165335
0.09162521
0.09157324
0.09150410
0.09180808
0.09170747
0.09201288
0.09222674
0.09198093
0.09247017
0.09241581
0.09245324
0.09273601
0.09243989
0.09258580
0.09276223
0.09285569
0.09284449
0.09289217
0.09290242
0.09320784
0.09316254
0.09330201
0.09322619
0.09327030
0.09341502
0.09345603
0.09377956
0.09345150
0.09368920
0.09357095
0.09400892
0.09373951
0.09393692
0.09371686
0.09402585
0.09390593
0.09412265
0.09420037
0.09416771
0.09410739
0.09444284
0.09432983
0.09448886
0.09447336
0.09457994
0.09461021
0.09482455
0.09487772
0.09493113
0.09495497
0.09529305
0.09506798
0.09533167
0.09807873
0.09538865
0.09517431
0.09572577
0.09540081
0.09560513
0.09527159
0.09568119
0.09586167
0.09549403
0.09596825
0.09573364
0.09590697
0.09607148
0.09618068
0.09628725
0.09628415
0.09623885
0.09639525
0.09613466
0.09618711
0.09662008
0.09668970
0.09743690
0.09692597
0.09700251
0.09675407
0.09676766
0.09689641
0.09707808
0.09707069
0.09697628
0.09720540
0.09722614
0.09745622
0.09722352
0.09734774
0.09733129
0.09756756
0.09777975
0.09767103
0.09788728
0.09774923
0.09792614
0.09805799
0.09805846
0.09832335
0.09824753
0.09838724
0.09860849
0.09860301
0.09847474
0.09836078
0.09857535
0.09847045
0.09896803
0.09863520
0.09887719
0.09884214
0.09914160
0.09897709
0.09905577
0.09909081
0.09937668
0.09950328
0.09951663
0.09959435
0.09944463
0.09980845
0.09946275
0.09968042
0.09974980
0.09955597
0.09989643
0.09989524
0.10015678
0.10008359
0.10010242
0.10012436
0.10055208
0.10008383
0.10034347
0.10045910
0.10060883
0.10060620
0.10036373
0.10075116
0.10067463
0.10074306
0.10093045
0.10085368
0.10071039
0.10113192
0.10120654
0.10114193
0.10109162
0.10135984
0.10128379
0.10144925
0.10142708
0.10141611
0.10156274
0.10145283
0.10168791
0.10177231
0.10173225
0.10166883
0.10197425
0.10207343
0.10218930
0.10229492
0.10231757
0.10220027
0.10240674
0.10228109
0.10215402
0.10255480
0.10278797
0.10275960
0.10283184
0.10298443
0.10303307
0.10298538
0.10301399
0.10305738
0.10299182
0.10308743
0.10305333
0.10336494
0.10308576
0.10320139
0.10355973
0.10373545
0.10370016
0.10361695
0.10379744
0.10390568
0.10390663
0.10390568
0.10422754
0.10410857
0.10406876
0.10427809
0.10426474
0.10434437
0.10422730
0.10455275
0.10439730
0.10430670
0.10452318
0.10511279
0.10483146
0.10479569
0.10492396
0.10492539
0.10499763
0.10489488
0.10524487
0.10525632
0.10564971
0.10532641
0.10516500
0.10541940
0.10539365
0.10552216
0.10570979
0.10568190
0.10580254
0.10596395
0.10568237
0.10590100
0.10602212
0.10633564
0.10613060
0.10594797
0.10638762
0.10628676
0.10668302
0.10671306
0.10655880
0.10633636
0.10686421
0.10702991
0.10693216
0.10676432
0.10670567
0.10689473
0.10714674
0.10702753
0.10733032
0.10719824
0.10734987
0.10740399
0.10719109
0.10753655
0.10748148
0.10745668
0.10758495
0.10748219
0.10790396
0.10754108
0.10765791
0.10776949
0.10778475
0.10827255
0.10839653
0.10807014
0.10850263
0.10811853
0.10849452
0.10847473
0.10840321
0.10880613
0.10895324
0.10904527
0.10875893
0.10884428
0.10890913
0.10905910
0.10913348
0.10913134
0.10914731
0.10930037
0.10929132
0.10949850
0.10931945
0.10942364
0.10958076
0.10983658
0.10976171
0.10945702
0.11002183
0.10986066
0.10996079
0.10973239
0.11024880
0.11030912
0.11019969
0.11024141
0.11035037
0.11027789
0.11056423
0.11065888
0.11062145
0.11060524
0.11062264
0.11080623
0.11055088
0.11067343
0.11092544
0.11122322
0.11122155
0.11165166
0.11100578
0.11110663
0.11130524
0.11145782
0.11165762
0.11169910
0.11199164
0.11165547
0.11161208
0.11166763
0.11202621
0.11212826
0.11220431
0.11216187
0.11220455
0.11223483
0.11174202
0.11253929
0.11275411
0.11226988
0.11219215
0.11252236
0.11238050
0.11285853
0.11284065
0.11288285
0.11289024
0.11311436
0.11302495
0.11331987
0.11302733
0.11317801
0.11349845
0.11355114
0.11329079
0.11341572
0.11350870
0.11367798
0.11345148
0.11381245
0.11385655
0.11402774
0.11403751
0.11398196
0.11421943
0.11389065
0.11411929
0.11391020
0.11427116
0.11446810
0.11389947
0.11407661
0.11467910
0.11465120
0.11436176
0.11453485
0.11478209
0.11492538
0.11494303
0.11484861
0.11500597
0.11532354
0.11514735
0.11527109
0.11519504
0.11532450
0.11524248
0.11532593
0.11544824
0.11554146
0.11554980
0.11584759
0.11568141
0.11592555
0.11605835
0.11612797
0.11576509
0.11592889
0.11599183
0.11641932
0.11593437
0.11657953
0.11661410
0.11643934
0.11650348
0.11673164
0.11650515
0.11673355
0.11656165
0.11666274
0.11648488
0.11693263
0.11710572
0.11719012
0.11705399
0.11813402
0.11749697
0.11740661
0.11744642
0.11737609
0.11735892
0.11740708
0.11770105
0.11779022
0.11812425
0.11790824
0.11798334
0.11825490
0.11787605
0.11757636
0.11813235
0.11776137
0.11796904
0.11799908
0.11798954
0.11855555
0.11873531
0.11842465
0.11902714
0.11867452
0.11938167
0.11930370
0.11910892
0.11923933
0.11926365
0.11918712
0.11933112
0.11944628
0.11941528
0.11964369
0.11941838
0.11927962
0.11952138
0.11934900
0.11964130
0.11975002
0.11971974
0.11980200
0.11996531
0.12002540
0.12029576
0.11983943
0.12035799
0.12007403
0.12045765
0.12042522
0.12073398
0.12041473
0.12061453
0.12089014
0.12103343
0.12117696
0.12090492
0.12109089
0.12117767
0.12161732
0.12560892
0.12139297
0.12169814
0.12152576
0.12139034
0.12143922
0.12137222
0.12152886
0.12138987
0.12162709
0.12165332
0.12144566
0.12229538
0.12196136
0.12220430
0.12193584
0.12206912
0.12195039
0.12191248
0.12213230
0.12205172
0.12248635
0.12245274
0.12284827
0.12253475
0.12271905
0.12264109
0.12266326
0.12294984
0.12321854
0.12310767
0.12294173
0.12287569
0.12319350
0.12324953
0.12355494
0.12344027
0.12370181
0.12383795
0.12371278
0.12356639
0.12358046
0.12389231
0.12361360
0.12378073
0.12399054
0.12397432
0.12413931
0.12413836
0.12409830
0.12428737
0.12434673
0.12452817
0.12459731
0.12417412
0.12471867
0.12961221
0.12721300
0.12491608
0.12458825
0.12501478
0.12500381
0.12520933
0.12514997
0.12509990
0.12542558
0.12539268
0.12513423
0.12547255
0.12540221
0.12548161
0.12544131
0.12542605
0.12619233
0.12576675
0.12570596
0.12602043
0.12565565
0.12602115
0.12605119
0.12596965
0.12640929
0.12612629
0.12617517
0.12627101
0.12648582
0.12688375
0.12687635
0.12650204
0.12687063
0.12688327
0.12658000
0.12650299
0.12693143
0.12737823
0.12672257
0.12695646
0.12709689
0.12729907
0.12749481
0.12758040
0.12762976
0.12735510
0.12766552
0.12734103
0.12799454
0.12751937
0.12804222
0.12787843
0.12787652
0.12789583
0.12788033
0.12803411
0.12793756
0.12837887
0.12839222
0.12840605
0.13043284
0.12876201
0.12857985
0.12885618
0.12866235
0.12867093
0.12887549
0.12913203
0.12905073
0.12861300
0.12926030
0.12953353
0.12953091
0.12972188
0.12929106
0.12905097
0.13077569
0.12948012
0.12900925
0.12923002
0.12944484
0.12946963
0.12937665
0.12975430
0.12949610
0.12974787
0.12944794
0.12933087
0.12988973
0.12987423
0.13009763
0.13034892
0.13038230
0.13058662
0.13012123
0.12991428
0.12990022
0.13019061
0.13050079
0.13083577
0.13013411
0.13065481
0.13104939
0.13049078
0.13093972
0.13138223
0.13106155
0.13147473
0.13149309
0.13111210
0.13118553
0.13164306
0.13136077
0.13119936
0.13152266
0.13489962
0.13189054
0.13217854
0.13218546
0.13204455
0.13222575
0.13177586
0.13171935
0.13197756
0.13236260
0.13225198
0.13224816
0.13228273
0.13238907
0.13256979
0.13302660
0.13270879
0.13255954
0.13248014
0.13284802
0.13292336
0.13341832
0.13295269
0.13295484
0.13301873
0.13331580
0.13363600
0.13354707
0.13363934
0.13317704
0.13358140
0.13353753
0.13349867
0.13389301
0.13417196
0.13363862
0.13394594
0.13452387
0.13442540
0.13453388
0.13456035
0.13410234
0.13452911
0.13482475
0.13442993
0.13500881
0.13457084
0.13487792
0.13488793
0.13515687
0.13486862
0.13506007
0.13516569
0.13538241
0.13560605
0.13553596
0.13634992
0.13546562
0.13578057
0.13561606
0.13602734
0.13586545
0.13566494
0.13617611
0.13599825
0.13625050
0.13569260
0.13625550
0.13657737
0.13609195
0.13640642
0.13605762
0.13649440
0.13614440
0.13686037
0.13670349
0.13646054
0.13700795
0.13710260
0.13710952
0.13723850
0.13717198
0.13735008
0.13738370
0.13733482
0.13724875
0.13735533
0.13759327
0.13704705
0.13758183
0.13749456
0.13776541
0.13829589
0.13855290
0.13767099
0.13782310
0.13798451
0.13788819
0.13837481
0.13816381
0.13833070
0.13839269
0.13833666
0.13791966
0.13843393
0.13857555
0.13837266
0.13861632
0.13879728
0.13883591
0.13841248
0.13883734
0.13878584
0.13926482
0.13890719
0.13956928
0.13908958
0.13927746
0.13943720
0.13932061
0.13973045
0.13980389
0.13962555
0.13949466
0.13977933
0.13964248
0.13955903
0.13973188
0.13977861
0.14036345
0.14019823
0.14040422
0.14055777
0.14009023
0.14038730
0.14067841
0.14071226
0.14076328
0.14060116
0.14071774
0.14089727
0.14101195
0.14038467
0.14092231
0.14074254
0.14087486
0.14112997
0.14094663
0.14097500
0.14113116
0.14166784
0.14156580
0.14163613
0.14174604
0.14173460
0.14160204
0.14188480
0.14179063
0.14238262
0.14172316
0.14207053
0.14232993
0.14224362
0.14223671
0.14250779
0.14267755
0.14221692
0.14280891
0.14275193
0.14254522
0.14273763
0.14261627
0.14263058
0.14300370
0.14256501
0.14315486
0.14357829
0.14325976
0.14323854
0.14282179
0.14280033
0.14374042
0.14333153
0.14394069
0.14373755
0.14376879
0.14395475
0.14397240
0.14384103
0.14369249
0.14420557
0.14389133
0.14411497
0.14404368
0.14442468
0.14446187
0.14388013
0.14483953
0.14448142
0.14418864
0.14471745
0.14485073
0.14449763
0.14496946
0.14490771
0.14472985
0.14517045
0.14495540
0.14521170
0.14525795
0.14522982
0.14548039
0.14511704
0.14610553
0.14507914
0.14588594
0.14528608
0.14609027
0.14611721
0.14588547
0.14625001
0.14584684
0.14608788
0.14654517
0.14654994
0.14602041
0.14628124
0.15235710
0.14618015
0.14651680
0.14660120
0.14637160
0.14644480
0.14678741
0.14697599
0.14729977
0.14690685
0.14705920
0.14733458
0.14721227
0.14739561
0.14716458
0.14742208
0.14727545
0.14742517
0.14744186
0.14761019
0.14786482
0.14773774
0.14781761
0.14832854
0.14807940
0.14773250
0.14818859
0.14797091
0.14823151
0.14823151
0.14851570
0.14812303
0.14813566
0.14865160
0.14854503
0.14864612
0.16166830
0.14893532
0.14871812
0.14896512
0.14915538
0.14896274
0.14934301
0.14912391
0.14940596
0.14935780
0.14952111
0.14937520
0.14930630
0.14933324
0.14975691
0.14982104
0.14946580
0.15003276
0.14979768
0.15016723
0.15015411
0.15010834
0.15000653
0.15018153
0.15006256
0.15036011
0.15036511
0.15067959
0.15055180
0.15055704
0.15053749
0.15090156
0.15029931
0.15088367
0.15063500
0.15105867
0.15118623
0.15131235
0.15148425
