0.02171159
0.03342485
0.03335190
0.03350091
0.03619957
0.03614116
0.03638244
0.03654289
0.03656459
0.03648210
0.03670120
0.03677988
0.03669238
0.03645444
0.03656006
0.03664827
0.03673530
0.03662586
0.03670359
0.03662992
0.03674269
0.03692746
0.03749943
0.03702569
0.03705859
0.03718305
0.03708458
0.03752446
0.03778195
0.03765965
0.03780532
0.03796577
0.03792381
0.03802657
0.03819203
0.03771687
0.03777647
0.03812075
0.03806639
0.03805113
0.03816366
0.03823805
0.03818989
0.03824711
0.03860664
0.03848147
0.03844643
0.03861737
0.03858185
0.03889203
0.03867531
0.03898454
0.03883648
0.03946733
0.03938317
0.03934216
0.03940439
0.03947425
0.03948045
0.03971648
0.03975058
0.03966737
0.03960538
0.03937769
0.04010916
0.03992176
0.04019213
0.04024434
0.04022002
0.04032540
0.04028201
0.04011512
0.04024887
0.04004455
0.04024172
0.04041052
0.04032159
0.04079342
0.04101658
0.04055810
0.04074049
0.04060221
0.04119945
0.04070520
0.04084420
0.04097724
0.04134917
0.04139304
0.04170418
0.04114985
0.04134083
0.04176736
0.04132366
0.04159117
0.04179263
0.04185653
0.04200721
0.04256916
0.04211378
0.04225230
