0.02151632
0.03272414
0.03231597
0.03251624
0.03525805
0.03531623
0.03523588
0.03535795
0.03544688
0.03544879
0.03554153
0.03564692
0.03573322
0.03569198
0.03632021
0.03588629
0.03592801
0.04564738
0.03605986
0.03617740
0.03624988
0.03636122
0.03627849
0.03629136
0.03647280
0.03654599
0.03659701
0.03669167
0.03665757
0.03688073
0.03701758
0.03702688
0.03697252
0.03716040
0.03728652
0.03732228
0.03739285
0.03743505
0.03759193
0.03745055
0.03727460
0.03725028
0.03717399
0.03785086
0.03769946
0.03773642
0.03788900
0.03781295
0.03801131
0.03798056
0.03826809
0.03825784
0.03822875
0.03841972
0.03856874
0.03858399
0.03867173
0.03870606
0.03863525
0.03875732
0.03867531
0.03869486
0.03876972
0.03879404
0.03887773
0.03910565
0.03915930
0.03908300
0.03926039
0.03928423
0.03912902
0.03946543
0.03959155
0.03954053
0.03953314
0.03975916
0.03988123
0.03957295
0.03971601
0.03976583
0.03981638
0.03995037
0.03998756
0.04014206
0.04023194
0.04009342
0.04030490
0.04037786
0.04053140
0.04041386
0.04057002
0.04066753
0.04066539
0.04083419
0.04087210
0.04072356
0.04084802
0.04096055
0.04092479
0.04118085
0.04104519
0.04130125
0.04122925
0.04143190
0.04145598
0.04150462
0.04154158
0.04166889
0.04173613
0.04173803
0.04197431
0.04188037
0.04196882
0.04212403
0.04203105
0.04198027
0.04199004
0.04223633
0.04213238
0.04238749
0.04233527
0.04235077
0.04252768
0.04265881
0.04266334
0.04263091
0.04264045
0.04271150
0.04283357
0.04302907
0.04309678
0.04300189
0.04318166
0.04328918
0.04332757
0.04338431
0.04348564
0.04349732
0.04358077
0.04353809
0.04372573
0.04368615
0.04383659
0.04388309
0.04396343
0.04403806
0.04404545
0.04406714
0.04415011
0.04404736
0.04418755
0.04440188
0.04445100
0.04442811
0.04450440
0.04474831
0.04479504
0.04482603
0.04488921
0.04487586
0.04498243
0.04502845
0.04510713
0.04508638
0.04517317
0.04513836
0.04509807
0.04522300
0.04550147
0.04552197
0.04543471
0.04560256
0.04562593
0.04562306
0.04560828
0.04578257
0.04569864
0.04580784
0.04598641
0.04608965
0.04623723
0.04614067
0.04619932
0.04613471
0.04642582
0.04645944
0.04651356
0.04663348
0.04674292
0.04659438
0.04689193
0.04683495
0.04676628
0.04700613
0.04705906
0.04731417
0.04713345
0.04734826
0.04725647
0.04733324
0.04744458
0.04747272
0.04773021
0.04768753
0.04783988
0.04780364
0.04772568
0.04780674
0.04771852
0.04810143
0.04808164
0.04812741
0.04816175
0.04835176
0.04818416
0.04821444
0.04847074
0.04852748
0.04849601
0.04844666
0.04866004
0.04857874
0.04857206
0.04869580
0.04888344
0.04889321
0.04907131
0.04920006
