0.04485583
0.03427601
0.03423762
0.03410697
0.03703856
0.03699040
0.03705883
0.03661180
0.03658128
0.03675795
0.03713179
0.03734255
0.03723693
0.03733110
0.03749037
0.03822875
0.03774142
0.03730249
0.03735590
0.03765941
0.03769755
0.03795671
0.03777981
0.03784704
0.03790188
0.03795314
0.03797317
0.03810453
0.03819323
0.03818107
0.03833055
0.03839660
0.03855014
0.03847647
0.03879857
0.03871751
0.03878498
0.03876781
0.03892112
0.03904510
0.03878856
0.03883314
0.03905487
0.03905654
0.03907323
0.03931355
0.03908324
0.03921580
0.03924918
0.03958511
0.03947306
0.03948832
0.03949976
0.03952003
0.03981495
0.03982377
0.03972173
0.03977799
0.03972149
0.03998971
0.04014778
0.03996754
0.04002523
0.04013801
0.04019499
0.04023385
0.04002476
0.04012132
0.04039621
0.04032898
0.04033136
0.04064584
0.04081607
0.04065251
0.04065275
0.04073906
0.04155922
0.04072022
0.04080582
0.04080915
0.04085636
0.04111338
0.04109526
0.04090810
0.04120255
0.04115534
0.04116940
0.04122138
0.04150844
0.04147887
0.04141355
0.04167342
0.04157710
0.04144478
0.04166794
0.04171753
0.04165316
0.04165983
0.04166436
0.04181814
0.04180932
0.04215097
0.04194808
0.04201102
0.04197240
0.04187512
0.04209232
0.04231763
0.04234886
0.04228354
0.04223299
0.04218769
0.04247999
0.04255199
0.04273748
0.04272842
0.04271388
0.04268217
0.04277086
0.04293990
0.04278541
0.04289985
0.04284644
0.04312825
0.04299045
0.04321337
0.04310131
0.04346514
0.04203534
0.04221368
0.04284000
0.04397559
0.04368091
0.04366446
0.04368687
0.04367924
0.04364491
0.04367328
0.04374766
0.04383373
0.04403996
0.04413676
0.04418182
0.04422522
0.04413962
0.04434204
0.04428291
0.04423332
0.04466438
0.04465246
0.04457688
0.04457402
0.04469323
0.04493022
0.04492283
0.04479575
0.04481483
0.04478550
0.04507804
0.04476118
0.04497290
0.04500651
0.04514480
0.04507160
0.04534578
0.04519820
0.04527712
0.04546046
0.04528475
0.04561210
0.04553604
0.04552388
0.04559946
0.04571819
0.04575467
0.04585695
0.04587746
0.04583526
0.04596210
0.04578638
0.04600978
0.04617786
0.04605436
0.04610872
0.04622960
0.04637265
0.04626226
0.04654813
0.04650307
0.04635143
0.04662228
0.04683900
0.04670691
0.04694629
0.04667807
0.04701185
0.04692054
0.04688501
0.04715633
0.04700160
0.04719424
0.04721165
0.04735303
0.04732871
0.04738283
0.04737234
0.04734564
0.04779553
0.04773712
0.04765368
0.04749751
0.04757357
0.04777312
0.04793525
0.04804087
0.04794812
0.04753828
0.04733300
0.04742241
0.04760647
0.04759002
0.04757404
0.04788446
0.04763007
0.04774070
0.04769802
0.04787731
0.04804659
0.04795313
0.04815459
0.04818034
0.04809451
0.04821348
0.04817748
0.04864836
0.04843926
0.04861856
0.04847360
0.04856753
0.04909515
0.04878592
0.04872513
0.04893565
0.04888272
0.04916501
0.04905319
0.04899430
0.04912949
0.04905534
0.04916072
0.04923177
0.04925060
0.04940295
0.04963398
0.04956055
0.04949999
0.04958725
0.04962444
0.04989266
0.04993796
0.04978371
0.05015731
0.05013704
0.04985118
0.04983640
0.04999375
0.05002046
0.05019259
0.05024791
0.05021548
0.05045915
0.05035734
0.05049014
0.05046225
0.05072117
0.05046320
0.05058312
0.05094147
0.05106235
0.05102038
0.05092239
0.05095029
0.05116105
0.05106878
0.05121946
0.05126238
0.05119300
0.05141091
0.05142641
0.05155683
0.05138993
0.05149102
0.05159926
0.05184174
0.05171347
0.05207205
0.05199766
0.05205369
0.05210447
0.05207157
0.05212522
0.05233407
0.05252838
0.05257559
0.05246353
0.05234456
0.05238390
0.05270863
0.05254912
0.05257821
0.05270028
0.05293345
0.05273890
0.05309129
0.05296373
0.05291581
0.05296803
0.05312204
0.05325055
0.05329084
0.05345464
0.05359459
0.05340290
0.05346847
0.05358100
0.05365539
0.05371141
0.05377173
0.05402184
0.05403018
0.05398178
0.05414629
0.05413914
0.05431414
0.05445576
0.05449700
0.05414748
0.05452633
0.05451798
0.05440784
0.05452871
0.05458808
0.05467772
0.05452418
0.05491543
0.05477571
0.05492449
0.05510163
0.05505705
0.05520487
0.05535960
