0.05011797
0.04830122
0.04783940
0.04782343
0.05068493
0.05091715
0.05050015
0.05052137
0.05069423
0.05089045
0.05062342
0.05074620
0.05084395
0.05091977
0.05122733
0.05154490
0.05149055
0.05112195
0.05171204
0.05109620
0.05126238
0.05158615
0.05189729
0.05189228
0.05180645
0.05192590
0.05197024
0.05207443
0.05219674
0.05212545
0.05203962
0.05215096
0.05200171
0.05253649
0.05251884
0.05244255
0.05275583
0.05267525
0.05273366
0.05295110
0.05290198
0.05309439
0.05283952
0.05299473
0.05304527
0.05329180
0.05339074
0.05347061
0.05336404
0.05341911
0.05349660
0.05353308
0.05385327
0.05380511
0.05388260
0.05397987
0.05404258
0.05403638
0.05416012
0.05416012
0.05424666
0.05430293
0.05444312
0.05441761
0.05452847
0.05467176
0.05459189
0.05465651
0.05473542
0.05482912
0.05481672
0.05478549
0.05504179
0.05497408
0.05507946
0.05494332
0.05502868
0.05517602
0.05515838
0.05525374
0.05538774
