0.03799510
0.03193688
0.03162789
0.03175664
0.03426838
0.03421474
0.03297329
0.03327608
0.03315043
0.03328490
0.03333426
0.03351235
0.03345776
0.03356028
0.03353715
0.03372574
0.03368211
0.03395271
0.03376651
0.03377390
0.03387237
0.03390336
0.03397679
0.03418183
0.03410029
0.03441811
0.03422713
0.03436494
0.03440881
0.03435421
0.03453732
0.03456736
0.03466034
0.03467751
0.03499508
0.03473473
0.03476048
0.03493524
0.03499842
0.03507876
0.03499937
0.03526950
0.03523731
0.03529358
0.03524733
0.03557420
0.03548789
0.03562117
0.03558397
0.03572178
0.03566813
0.03595400
0.03577256
0.03595853
0.03596687
0.03594828
0.03601313
0.03616476
0.03614879
0.03636980
0.03623199
0.03643417
0.03636098
0.03649902
0.03672886
0.03672647
0.03661799
0.03695846
0.03667879
0.03674626
0.03691888
0.03677893
0.03696752
0.03698730
0.03705621
0.03719068
0.03677440
0.03684950
0.03687835
0.03701878
0.03691769
0.03719997
0.03709340
0.03731847
0.03715849
0.03727698
0.03737879
0.03730941
0.03787374
0.03780198
0.03790808
0.03803086
0.03807664
0.03806114
0.03803277
0.03811598
0.03819776
0.03814769
0.03841805
0.03837681
0.03844523
0.03841209
0.03845119
0.03845072
0.03846121
0.03886366
0.03869700
0.03868723
0.03880429
0.03884768
0.03900671
0.03918600
0.03904676
0.03920722
0.03934288
0.03925037
0.03926301
0.03946948
0.03938675
0.03936100
0.03943658
0.03954768
0.03948450
0.03968549
0.03970623
0.03975391
0.03991818
0.03983498
0.04003596
0.04019308
0.04001379
0.04011464
0.04024982
0.04035378
0.04032636
0.04038358
0.04064941
0.04047298
0.04042983
0.04046869
0.04057813
0.04088640
0.04078126
0.04098058
0.04089451
0.04088569
0.04097462
0.04107022
0.04133725
0.04113722
0.04118037
0.04124856
0.04169893
0.04157686
0.04152489
0.04154205
0.04162025
0.04186583
0.04181957
0.04185486
0.04183865
0.04198337
0.04202533
0.04206705
0.04218674
0.04223609
0.04229474
0.04223299
0.04240775
0.04249573
0.04259157
0.04288554
0.04279399
0.04276514
0.04296827
0.04278994
0.04320097
0.04332805
0.04297543
0.04321218
0.04336166
0.04351926
0.04345989
0.04344106
0.04299164
0.04325390
0.04325986
0.04319620
0.04327655
0.04356289
0.04352808
0.04360342
0.04367375
0.04362845
0.04378748
0.04399323
0.04392648
0.04388237
0.04412889
0.04409909
0.04409385
0.04423237
0.04414988
0.04422402
0.04429483
0.04434586
0.04444695
0.04452610
0.04456854
0.04493952
0.04536748
0.04518676
0.04539084
0.04525709
0.04531574
0.04524732
0.04546285
0.04548812
0.04565334
0.04552603
0.04558969
0.04575777
0.04606891
0.04594111
0.04604483
0.04590106
0.04566884
0.04573750
0.04583001
0.04579926
0.04593539
0.04590821
0.04609036
0.04619336
0.04613972
0.04628992
0.04609442
0.04653335
0.04656577
0.04644823
0.04633522
0.04664326
0.04676032
0.04658461
0.04678702
0.04674816
0.04706192
0.04695249
0.04699779
0.04706407
0.04724169
0.04706836
0.04733849
0.04731369
0.04769421
0.04767323
0.04790521
0.04787350
0.04804277
0.04807925
0.04813790
0.04809856
0.04853034
0.04838991
0.04832697
0.04847074
0.04836774
0.04848075
0.04859328
0.04863119
0.04861951
0.04863119
0.04877281
0.04879975
0.04897046
0.04897237
0.04903054
0.04906750
0.04926515
0.04912782
0.04939365
0.04939699
0.04934216
0.04943895
0.04933810
0.04949784
0.04942107
0.04969835
0.04980445
0.04974675
0.04986906
0.04986501
0.04988575
0.04998064
0.04992390
0.05026126
0.05019879
0.05017257
0.05026174
0.05045700
0.05044746
0.05035305
0.05063462
0.05064678
0.05058455
0.05067134
0.05085659
0.05070424
0.05086088
0.05142426
0.05105686
0.05099249
0.05105257
0.05121636
0.05111670
0.05120206
0.05121326
0.05137086
0.05163288
0.05150294
0.05144429
0.05163741
0.05176759
0.05158186
0.05176687
0.05172086
0.05180931
0.05193281
0.05202365
0.05191398
0.05211520
0.05228615
0.05214906
0.05211520
0.05222750
0.05238199
0.05261803
0.05250168
0.05269194
0.05270672
0.05261517
0.05281210
0.05279183
0.05279326
0.05293560
0.05319262
0.05327964
0.05329418
0.05306172
0.05331516
0.05354786
0.05344129
0.05345273
0.05362272
0.05367136
0.05368829
0.05378294
0.05372024
0.05368137
0.05384135
0.05429792
0.05570006
0.05392361
0.05406070
0.05425406
0.05414438
0.05426669
0.05445218
0.05450821
0.05445027
0.05483055
0.05455160
0.05467272
0.05482078
0.05478692
0.05490708
0.05476427
0.05476499
0.05531240
0.05505896
0.05532432
0.05519223
0.05526161
0.05525398
0.05542898
0.05534124
0.05549765
0.05566764
0.05579162
0.05581927
0.05588555
0.05613995
0.05591917
0.05599713
0.05606127
0.05621743
0.05641937
0.05625343
0.05619645
0.05636382
0.05645370
0.05718136
0.05658507
0.05688071
0.05702138
0.05668712
0.05683208
0.05679321
0.05701900
0.05703497
0.05702615
0.05742455
0.05732846
0.05733943
0.05759406
0.05743837
0.05706859
0.05715370
0.05727792
0.05730057
0.05732775
0.05760193
0.05741811
0.05743456
0.05767846
0.05778050
0.05778050
0.05834484
0.05823517
0.05834198
0.05833912
0.05847335
0.05855274
0.05860949
0.05874729
0.05880547
0.05870128
0.05887127
0.05884624
0.05897117
0.05905724
0.05889964
0.05897450
0.05920196
0.05922508
0.05925345
0.05936384
0.05954933
0.05954123
0.05954790
0.05962539
0.05961514
0.05969405
0.05979466
0.05980635
0.05987072
0.05999470
0.05997729
0.06008053
0.06012368
0.06021476
0.06015038
0.06016588
0.06049871
0.06041980
0.06047463
0.06039262
0.06057429
0.06059790
0.06064177
0.06068754
0.06082344
