0.03523636
0.03216267
0.03200412
0.03199553
0.03482985
0.03476191
0.03532338
0.03505039
0.03502536
0.03510380
0.03465223
0.03521776
0.03540874
0.03543711
0.03539920
0.03550577
0.03564334
0.03589177
0.03562951
0.03574872
0.03595400
0.03585529
0.03619075
0.03606915
0.03604007
0.03612733
0.03619194
0.03624940
0.03645039
0.03633595
0.03651810
0.03658295
0.03656840
0.03690743
0.03689647
0.03692675
0.03671646
0.03645396
0.03652573
0.03696752
0.03664660
0.03686023
0.03697634
0.03691101
0.03693080
0.03742194
0.03743005
0.03746867
0.03757095
0.03778076
0.03759742
0.03776956
0.03774881
0.03781581
0.03823900
0.03798962
0.03806043
0.03807592
0.03815365
0.03813720
0.03814864
0.03837895
0.03836894
0.03842282
0.03852201
0.03847909
0.03857303
0.03873944
0.03870344
0.03877997
0.03885365
0.03910089
0.03922820
0.03913403
0.03914809
0.03922963
0.03919816
0.03931475
0.03949356
0.03972721
0.03945804
0.03955817
0.03958941
0.03965354
0.03954911
0.03978062
0.03988028
0.03999996
0.04014874
0.04011106
0.04015326
0.04034996
0.04028296
0.04020381
0.04039001
0.04049516
0.04055095
0.04055953
0.04059148
0.04088545
0.04079485
0.04087639
0.04111290
0.04103041
0.04106092
0.04105186
0.04117632
0.04115129
0.04130316
0.04122210
0.04137969
0.04164243
0.04164147
0.04150414
0.04151845
0.04164028
0.04182076
0.04185486
0.04173779
0.04184866
0.04188991
0.04208922
0.04223537
0.04222226
0.04224944
0.04221320
0.04230165
0.04263544
0.04253602
0.04250693
0.04254627
0.04252791
0.04256415
0.04272223
0.05278850
0.04294729
0.04289317
0.04289603
0.04315901
0.04310012
0.04306006
0.04318500
0.04335880
0.04334331
0.04360127
0.04372406
0.04358029
0.04363394
0.04376149
0.04403591
0.04389691
0.04398704
0.04406309
0.04404902
0.04406881
0.04411817
0.04410982
0.04444337
0.04435921
0.04437828
0.04463935
0.04465485
0.04458022
0.04451561
0.04471755
0.04466248
0.04485369
0.04485607
0.04496980
0.04500008
0.04508758
0.04510736
0.04519129
0.04529667
0.04545617
0.04537034
0.04545975
0.04572558
0.04581690
0.04574800
0.04590034
0.04574156
0.04595327
0.04604554
0.04603863
0.04598904
0.04623532
0.04634786
0.04645610
0.04637027
0.04638577
0.04650044
0.04650640
0.04662395
0.04655743
0.04671502
0.04667640
0.04679012
0.04692674
0.04697561
0.04696274
0.04720759
0.04726791
0.04722548
0.04726028
0.04737473
0.04755759
0.04751515
0.04762268
0.04763246
0.04768896
0.04768872
0.04784942
0.04811525
0.04790592
0.04807329
0.04803872
0.04806018
0.04836082
0.04823613
0.04830909
0.04822731
0.04844427
0.04840589
0.04851604
0.04867005
0.04878783
0.04881716
0.04885626
0.04902673
0.04889870
0.04893351
0.04911208
0.04912877
0.04914284
0.04939175
0.04947138
0.04961228
0.04969406
0.04954553
0.04948735
0.04974771
0.04980159
0.04978800
0.04993176
0.05002236
0.05004430
0.05028415
0.05029702
0.05041838
0.05032110
0.05027413
0.05042291
0.05053544
0.05058312
0.05069184
0.05065393
0.05094051
0.05089641
0.05088329
0.05098915
0.05087376
0.05111194
0.05103922
0.05142713
0.05137944
0.05135989
0.05139804
0.05154657
0.05147386
0.05159950
0.05162406
0.05169964
0.05172563
0.05183363
0.05176401
0.05187058
0.05203199
0.05210781
0.05200720
0.05215764
0.05238342
0.05232573
0.05237889
0.05239582
0.05249739
0.05248499
0.05250382
0.05268264
0.05281162
0.05280042
0.05298209
0.05287147
0.05294800
0.05314064
0.05334163
0.05315065
0.05320311
0.05326176
0.05337429
0.05355096
0.05344987
0.05369163
0.05368543
0.05377460
0.05376887
0.05399847
0.05386591
0.05391693
0.05416536
0.05423927
0.05433798
0.05435324
0.05437112
0.05436158
0.05450416
0.05445647
0.05460739
0.05473042
0.05447793
0.05463362
0.05486321
0.05498338
0.05467677
0.05480695
0.05513072
0.05503035
0.05516791
0.05538201
0.05544257
0.05527973
0.05552125
0.05539227
0.05568838
0.05558610
0.05583501
0.05595326
0.05582952
0.05590081
0.05587745
0.05621958
0.05623198
0.05630183
0.05620980
0.05628967
0.05657911
0.05642843
0.05642962
0.05658746
0.05659080
0.05693793
0.05690503
0.05683637
0.05691171
0.05719447
0.05722237
0.05720830
0.05715537
0.05722165
0.05739737
0.05728245
0.05745864
0.05745077
0.05763245
0.05776072
0.05786872
0.05777621
0.05788541
0.05809927
0.05820036
0.05804253
0.05823636
0.05797911
0.05835462
0.05831885
0.05838442
0.05842090
0.05852365
0.05857682
0.05841517
0.05860782
0.05857658
0.05881166
0.05883265
0.05896068
0.05899525
0.05897450
0.05922937
0.05928445
0.05931973
0.05945563
0.05938745
0.05956483
0.05954027
0.05954576
0.05979633
0.05967498
0.05993938
0.05972195
0.05988812
0.06005549
0.05997634
0.05995464
0.05998802
0.06005883
0.06017137
0.06030989
0.06050277
0.06039357
0.06045103
0.06063271
0.06058097
0.06074858
0.06090927
0.06076503
0.06104684
0.06083894
0.06118703
0.06114554
0.06119275
0.06107473
0.06124353
0.06115341
0.06133962
0.06148458
0.06162190
0.06145024
0.06160808
0.06176066
0.06163716
0.06186819
0.06201482
0.06191373
0.06199527
0.06212735
0.06224537
0.06209493
0.06215072
0.06222057
0.06257534
0.06254482
0.06236410
0.06256437
0.06262565
0.06271958
0.06273913
0.06289744
0.06284142
0.06286192
0.06300879
0.06343389
0.06322455
0.06377864
0.06342769
0.06354499
0.06339765
0.06348801
0.06339097
0.06345105
0.06380916
0.06368971
0.06394982
0.06403565
0.06422019
0.06411600
0.06413937
0.06416082
0.06403542
0.06408143
0.06442451
0.06432128
0.06433201
0.06468868
0.06464791
0.06464124
0.06471515
0.06469536
0.06471491
0.06494331
0.06494856
0.06491709
0.06518364
0.06511307
0.06519675
0.06522632
0.06516099
0.06527686
0.06533074
0.06544662
0.06569815
0.06559777
0.06572247
0.06580234
0.06581354
0.06588078
0.06602931
0.06623030
0.06616235
0.06612730
0.06607485
0.06622791
0.06631041
0.06654811
0.06649327
0.06656265
0.06659794
0.06677938
0.06674194
0.06668139
0.06674981
0.06693316
0.06692147
0.06692457
0.06727815
0.06725240
0.06716990
0.06736541
0.06737709
0.06738710
0.06739140
0.06754446
0.06763458
0.06779933
0.06758809
0.06786728
0.06793118
0.06807446
0.06807566
0.06842136
0.06807590
0.06832719
0.06811213
0.06873441
0.06824279
0.06827903
0.06861377
0.06855917
0.06853604
0.06897855
0.06870937
0.06867528
0.06892037
0.06907129
0.06911206
0.06904316
0.06907988
0.06902957
0.06936550
0.06930709
0.06938052
0.06947923
0.06956077
0.06964326
0.06952429
0.06961584
0.06973743
0.06989098
0.07013774
0.07004476
0.07003665
0.06966543
0.06987429
0.06967640
0.06998467
0.06994176
0.06998849
0.07004786
0.07018757
0.07017756
0.07032752
0.07049847
0.07041931
0.07034707
0.07050800
0.07083392
0.07072568
0.07065129
0.07061911
0.07077074
0.07109332
0.07111263
0.07104015
0.07107687
0.07137442
0.07113814
0.07171679
0.07171202
0.07194757
0.07180452
0.07213068
0.07201219
0.07170820
0.07178521
0.07182741
0.07190990
0.07192850
0.07202768
