162.000,188.000,34.000,84.000
160.951,185.581,33.932,84.760
161.225,183.503,33.832,85.655
160.978,183.439,34.772,85.992
159.909,181.638,35.715,86.584
159.463,181.551,36.358,87.262
158.827,180.594,37.435,87.981
157.950,179.828,37.433,88.648
157.429,179.364,38.417,89.050
155.609,179.813,38.715,89.395
156.075,180.049,38.187,89.837
155.941,181.936,37.442,90.113
156.447,182.122,36.450,89.724
157.265,183.588,36.063,89.217
157.496,183.103,35.517,88.625
158.918,184.419,35.292,88.480
158.893,185.271,35.761,87.861
158.250,186.218,36.227,87.241
158.360,187.598,36.065,87.444
158.649,189.368,36.045,86.954
159.338,189.855,35.405,86.849
161.064,190.103,34.677,86.677
162.257,190.864,34.231,85.801
161.290,192.041,34.256,84.007
161.141,192.483,34.268,83.157
160.662,192.817,34.909,81.968
161.049,192.830,35.371,81.156
162.425,193.513,35.647,81.401
163.804,194.463,35.935,81.805
165.906,195.673,35.443,82.585
167.600,196.840,34.857,83.150
166.982,196.332,34.866,83.661
166.802,196.709,34.864,85.271
165.950,195.328,35.010,86.685
165.441,194.787,35.418,86.265
164.179,193.431,36.590,85.147
163.828,192.425,37.606,83.680
162.156,191.846,38.637,83.186
160.396,192.000,39.105,83.258
159.066,192.468,38.994,83.518
157.222,193.928,38.666,83.337
157.348,194.698,38.318,82.909
155.790,194.733,39.197,81.454
155.085,195.426,40.122,80.896
153.863,196.630,41.392,80.164
153.173,197.201,42.321,79.115
152.006,197.282,42.147,79.326
150.943,198.024,41.722,80.094
149.882,197.924,41.140,80.361
149.124,196.984,41.303,80.348
147.785,196.549,42.077,80.568
146.281,195.829,42.420,81.096
146.345,194.011,42.434,81.561
146.983,192.637,41.751,81.876
147.102,189.675,40.528,82.565
148.014,188.111,39.335,83.164
148.031,187.756,39.374,83.658
148.357,188.376,40.340,83.121
146.899,186.756,40.251,83.979
144.486,185.188,40.339,84.537
141.954,186.078,40.290,86.489
140.422,185.589,40.165,87.098
139.658,185.090,39.755,88.197
137.973,186.096,39.197,88.127
136.941,186.844,39.611,88.248
136.739,187.181,39.757,88.746
137.178,188.190,39.920,88.660
137.656,188.654,39.734,88.568
137.960,188.212,39.682,88.660
137.811,187.290,40.103,88.657
137.597,185.814,40.855,88.299
137.363,185.767,41.804,88.386
136.414,184.848,42.894,88.986
135.067,183.367,44.198,89.523
141.448,191.445,44.047,91.004
142.194,189.310,44.468,92.033
144.673,189.280,42.599,95.289
146.012,190.294,42.235,95.344
153.935,182.713,42.501,94.796
156.115,182.749,42.067,95.145
159.876,182.986,40.335,96.782
162.800,182.398,39.011,97.597
169.789,183.901,39.796,96.055
170.261,183.871,40.224,95.269
178.414,185.119,40.381,95.062
180.868,184.161,39.960,96.122
184.540,183.649,38.123,98.720
186.958,183.418,38.304,98.744
189.137,183.277,38.885,97.449
190.676,182.408,39.902,96.415
192.527,182.396,41.383,95.066
193.878,183.026,42.537,95.199
195.308,182.689,43.323,95.140
195.953,183.120,44.302,95.532
195.267,184.256,44.953,95.053
195.402,185.032,46.030,94.447
195.619,185.317,47.592,93.973
196.056,185.837,48.387,93.683
195.212,185.897,48.835,93.711
195.520,185.161,48.866,93.698
195.715,184.334,48.930,94.288
195.923,183.734,48.677,95.263
196.362,182.489,48.422,96.275
196.755,182.309,47.984,96.914
197.797,182.662,47.907,97.299
199.518,181.641,47.513,98.109
200.684,180.341,48.101,98.295
200.591,179.519,49.136,98.786
201.461,177.914,49.796,99.952
202.734,175.052,50.261,101.590
204.333,173.403,51.012,102.700
205.289,171.025,51.553,104.336
206.581,169.815,52.524,105.830
208.578,168.325,53.210,107.776
209.789,165.868,53.669,109.677
211.323,164.675,54.234,111.240
213.497,162.942,54.789,112.887
214.701,161.766,55.379,113.847
216.509,162.302,55.417,115.072
216.673,161.507,55.887,116.119
218.229,160.934,56.159,116.581
219.076,159.972,56.731,117.670
220.145,158.781,57.120,118.629
220.208,157.454,57.683,119.313
219.962,157.069,58.690,120.155
219.540,157.683,59.304,120.400
219.528,157.506,59.905,119.161
219.042,157.040,60.242,119.750
218.821,158.073,60.227,120.044
219.255,157.991,60.042,119.272
219.917,152.103,59.887,119.103
219.534,153.450,59.772,120.510
219.840,153.981,59.485,120.827
218.639,154.731,59.503,120.571
219.184,155.084,59.420,120.723
219.040,155.161,59.281,120.940
218.729,155.152,58.982,121.053
218.058,155.314,58.975,121.037
217.684,155.079,59.282,121.278
218.148,153.862,59.320,121.404
218.033,153.887,59.303,121.226
218.093,153.052,59.515,121.881
219.460,153.226,59.583,122.656
219.057,153.392,59.512,122.989
218.336,153.489,59.500,123.591
217.939,153.702,59.419,123.538
218.517,154.603,59.247,123.808
218.221,154.154,59.149,123.131
217.673,153.809,59.232,122.165
217.520,153.611,59.826,122.250
216.939,152.547,60.805,122.174
218.073,151.900,61.690,121.680
219.265,150.056,61.161,122.953
219.594,152.122,61.185,122.061
220.167,153.342,60.560,121.062
221.458,155.558,59.538,120.622
221.471,155.523,58.027,120.397
223.447,157.021,57.196,118.076
232.587,158.195,56.734,118.452
230.748,159.239,55.980,118.914
231.723,158.645,54.219,121.523
232.064,157.294,52.436,123.688
232.255,154.242,50.827,125.279
232.615,151.989,49.703,126.328
233.483,151.700,48.259,128.773
232.560,150.009,47.536,129.643
233.026,147.830,47.185,129.438
232.581,144.862,46.527,131.395
233.221,145.353,45.914,131.862
233.556,143.886,45.884,132.785
232.904,145.664,45.994,133.738
245.050,144.024,47.041,133.843
244.897,145.992,48.327,133.462
243.432,146.493,49.242,133.675
243.179,149.518,49.419,133.260
254.736,149.889,50.421,130.738
265.554,151.232,50.534,128.444
277.699,153.600,48.009,128.250
277.991,154.427,46.892,127.520
276.895,149.417,48.860,123.270
276.232,153.692,50.969,119.109
275.640,154.075,51.839,116.960
276.243,152.603,52.532,115.602
286.710,154.160,52.513,114.255
296.488,155.491,52.293,113.247
297.555,155.655,51.682,112.073
299.613,154.889,51.149,111.115
300.863,153.695,50.308,110.266
301.071,151.897,49.556,109.294
301.279,149.823,49.270,109.099
308.976,153.690,49.713,108.322
307.654,153.722,50.259,107.720
308.560,148.839,47.725,109.044
318.459,149.367,48.443,107.205
319.668,148.619,48.839,105.390
320.897,146.676,46.928,106.312
323.498,147.676,44.909,106.397
325.719,149.422,43.267,107.105
335.677,149.346,44.268,104.732
329.244,147.861,42.478,105.357
331.758,146.657,41.626,105.240
333.891,147.489,40.720,105.107
335.539,147.343,39.997,104.595
336.381,148.302,39.386,104.115
338.333,149.526,38.902,104.510
339.863,149.128,38.556,104.457
341.479,149.132,37.689,104.786
334.084,152.455,37.119,104.534
335.573,150.321,37.119,104.301
336.485,150.940,37.396,103.837
337.538,157.487,37.353,103.154
347.261,151.472,36.797,101.786
348.172,153.426,36.236,101.234
348.995,154.221,35.908,99.973
348.404,155.248,35.679,98.889
347.377,155.979,35.694,97.459
346.510,157.126,36.037,96.171
344.080,158.573,37.845,93.884
342.884,165.846,37.889,93.564
342.804,167.350,39.009,91.650
334.142,166.019,38.255,94.183
333.492,152.808,37.386,97.528
335.045,147.915,37.169,102.727
338.112,142.043,37.264,107.667
340.255,140.465,37.891,111.715
341.817,139.367,38.103,116.014
341.732,138.568,38.643,119.093
342.045,140.318,39.218,120.505
343.929,138.808,39.855,122.750
346.232,138.186,40.042,125.580
346.658,138.287,41.167,126.619
346.412,139.383,42.395,127.679
346.854,134.535,43.863,130.066
347.279,130.985,44.333,132.207
349.373,134.676,44.592,134.405
350.548,129.837,45.003,136.382
351.004,132.771,45.083,138.632
352.124,128.429,44.993,142.008
353.130,130.753,45.247,143.141
353.822,124.120,45.184,145.108
355.453,126.025,45.219,146.509
357.102,126.061,45.842,146.296
357.814,122.609,45.908,148.452
360.607,126.177,45.803,147.450
364.429,124.418,45.859,148.139
365.805,124.094,45.968,148.812
367.071,124.865,46.244,149.057
368.022,125.730,46.550,149.323
368.914,127.176,46.791,150.317
370.477,120.983,47.235,153.415
372.723,117.743,47.413,157.298
375.354,132.084,47.623,159.027
377.274,130.809,47.450,164.623
389.289,131.963,47.773,166.053
389.894,134.410,47.484,166.052
389.013,135.342,47.610,165.531
389.464,136.779,47.867,164.677
378.526,138.774,48.272,164.228
388.773,143.237,49.397,162.257
389.483,145.717,50.189,160.079
391.130,146.551,50.318,159.914
392.691,132.648,49.818,160.183
394.351,131.592,49.657,159.556
395.581,137.746,49.205,161.015
407.210,151.269,49.395,159.953
409.467,144.423,49.219,160.539
412.236,135.521,49.101,162.079
415.428,129.944,48.583,162.059
417.831,124.943,47.597,163.395
419.555,121.683,47.595,162.533
432.447,131.773,48.188,162.258
444.897,141.196,49.444,158.667
448.203,143.844,51.277,155.463
450.750,149.008,51.359,154.438
454.671,154.453,51.524,152.920
455.476,155.284,51.483,150.662
457.082,149.327,50.266,149.381
457.735,141.317,48.558,148.319
446.662,120.640,48.198,146.501
448.718,120.284,47.615,143.989
450.099,119.847,46.973,141.516
462.373,122.381,47.171,139.886
475.395,125.655,46.918,140.655
474.872,127.079,47.342,139.888
472.883,123.574,50.479,135.713
471.818,120.480,53.224,131.785
484.303,118.611,55.185,128.866
497.112,126.552,55.906,129.794
512.587,137.620,53.684,135.371
517.782,135.981,51.107,142.092
519.292,135.356,49.965,147.269
519.703,130.988,49.196,148.980
519.803,126.546,48.283,149.893
506.560,121.089,48.214,147.027
505.566,114.537,48.370,144.805
505.277,111.923,50.794,140.195
205.030,311.763,37.376,92.340
196.982,311.669,37.216,91.946
189.385,311.539,37.103,91.666
181.699,312.022,37.221,91.957
173.294,312.241,37.067,91.576
249.605,165.040,49.394,136.348
249.558,156.909,46.498,139.565
241.349,146.362,44.893,142.549
242.772,151.750,43.650,143.415
243.041,157.472,43.273,143.246
242.980,160.584,43.176,143.754
242.661,163.776,43.188,143.939
242.202,164.746,43.553,142.196
243.082,164.577,43.663,141.432
243.724,163.488,43.472,141.246
243.573,162.660,44.130,140.489
235.096,153.876,44.544,140.775
237.348,156.805,44.837,141.182
237.682,157.571,44.426,143.250
237.230,157.254,44.646,145.085
235.125,155.747,45.353,146.642
235.771,156.438,45.495,147.053
235.696,155.414,46.314,145.983
235.498,154.832,46.134,144.855
232.951,153.627,45.625,144.189
225.164,142.744,45.034,144.007
225.712,140.045,44.096,145.244
225.717,137.906,42.841,148.935
224.841,138.963,42.616,150.593
224.345,138.848,43.493,150.161
224.132,138.861,44.349,149.574
225.123,137.662,45.503,147.657
224.897,137.095,46.030,145.534
223.457,136.373,45.807,145.216
222.187,136.932,45.204,145.028
221.597,139.228,44.565,144.760
221.436,142.056,44.812,143.708
221.736,141.701,45.767,141.051
222.396,141.582,46.355,138.000
222.665,141.859,47.157,136.963
235.492,142.972,45.777,137.538
238.095,151.574,44.715,138.434
239.418,148.956,44.364,139.413
240.897,148.475,44.865,140.276
251.328,148.112,45.666,139.993
251.083,151.825,45.794,138.159
252.901,148.195,45.756,137.974
254.706,148.887,45.826,137.057
255.284,148.998,46.666,136.267
265.851,154.544,48.783,134.066
265.563,151.404,49.060,134.519
267.454,157.492,50.962,132.534
260.287,149.053,49.979,133.623
263.902,143.940,49.148,135.149
266.448,144.797,49.017,136.350
270.138,144.964,48.019,138.804
271.329,146.643,46.553,142.704
272.616,150.352,45.931,141.988
274.797,150.638,45.996,142.550
276.224,149.880,46.420,143.485
277.024,148.841,46.793,144.098
253.748,115.198,47.429,143.363
254.084,119.841,48.751,141.564
277.053,140.533,48.740,142.876
277.077,147.872,49.155,143.100
276.476,141.994,49.126,144.153
275.503,136.629,49.215,147.834
275.445,143.938,49.337,149.936
276.525,140.143,48.921,154.080
275.348,126.238,50.208,151.934
287.313,148.905,50.245,151.738
289.118,156.601,49.280,154.453
291.933,153.173,48.864,156.363
294.629,149.044,47.207,158.858
296.035,144.956,47.063,160.945
296.758,143.599,47.373,161.758
297.824,140.732,47.687,163.426
298.489,135.900,48.855,164.708
298.220,136.840,50.959,165.012
300.090,136.335,50.980,168.843
302.218,137.618,51.239,170.473
302.095,137.060,53.012,170.255
301.476,134.464,54.815,170.434
315.092,131.412,54.185,171.680
317.318,136.565,53.351,172.832
318.788,133.057,52.060,173.136
320.329,132.813,50.678,174.550
322.553,130.474,49.895,176.941
323.415,129.627,49.636,179.223
325.181,128.647,48.877,184.171
327.455,125.901,48.753,188.645
329.957,125.369,49.433,191.189
332.178,123.668,50.284,192.829
333.245,124.050,51.333,192.712
334.083,125.507,51.789,192.626
334.968,128.781,52.098,192.197
334.902,127.086,52.485,192.054
333.586,126.336,52.363,192.238
333.375,126.014,52.190,193.849
332.812,125.304,52.510,195.052
333.155,124.891,52.689,195.823
333.062,121.788,52.862,196.856
333.274,120.597,53.707,196.846
335.747,117.707,54.109,196.120
