118.000,69.000,114.000,162.000
115.294,64.129,114.000,162.000
116.918,65.753,114.000,162.000
116.376,63.046,114.000,162.000
115.835,65.753,114.000,162.000
116.376,63.046,114.000,162.000
115.835,65.753,114.000,162.000
115.294,61.964,114.000,162.000
115.835,64.670,114.000,162.000
114.211,65.211,114.000,162.000
115.835,65.752,114.000,162.000
114.211,65.211,114.000,162.000
113.670,67.917,114.000,162.000
112.046,65.211,114.000,162.000
110.423,69.000,114.000,162.000
109.881,66.294,114.000,162.000
106.093,70.082,114.000,162.000
104.469,70.624,114.000,162.000
101.763,69.000,114.000,162.000
97.974,71.706,114.000,162.000
95.268,67.917,114.000,162.000
91.479,70.624,114.000,162.000
89.855,64.670,114.000,162.000
86.066,63.046,114.000,162.000
84.443,64.670,114.000,162.000
86.066,59.799,114.000,162.000
83.360,62.505,114.000,162.000
84.984,59.799,114.000,162.000
83.360,61.422,114.000,162.000
84.984,56.551,114.000,162.000
82.278,56.010,114.000,162.000
83.901,51.139,114.000,162.000
82.508,53.388,111.569,158.545
86.216,48.620,111.569,158.545
83.568,53.388,111.569,158.545
86.216,48.620,111.569,158.545
84.853,54.906,109.190,155.164
88.482,50.240,109.190,155.164
86.927,53.869,109.190,155.164
90.556,50.240,109.190,155.164
90.037,53.869,109.190,155.164
93.666,49.203,109.190,155.164
94.185,52.832,109.190,155.164
97.814,49.203,109.190,155.164
98.332,52.832,109.190,155.164
101.961,49.203,109.190,155.164
103.516,51.796,109.190,155.164
106.108,49.203,109.190,155.164
108.700,51.796,109.190,155.164
110.255,50.240,109.190,155.164
112.847,52.832,109.190,155.164
114.403,50.240,109.190,155.164
116.995,51.796,109.190,155.164
116.476,54.388,109.190,155.164
121.142,51.796,109.190,155.164
121.660,54.388,109.190,155.164
123.216,55.943,109.190,155.164
124.771,57.498,109.190,155.164
125.289,56.980,109.190,155.164
125.808,59.572,109.190,155.164
128.400,58.016,109.190,155.164
129.955,63.719,109.190,155.164
128.400,67.348,109.190,155.164
130.992,69.940,109.190,155.164
130.473,68.385,109.190,155.164
129.803,71.509,111.605,158.597
130.333,68.859,111.605,158.597
131.923,72.569,111.605,158.597
131.393,74.158,111.605,158.597
134.042,74.688,111.605,158.597
132.453,77.337,111.605,158.597
135.102,73.628,111.605,158.597
132.453,76.278,111.605,158.597
135.102,71.509,111.605,158.597
133.318,75.802,114.075,162.106
133.859,70.927,114.075,162.106
131.151,73.635,114.075,162.106
132.776,70.927,114.075,162.106
130.068,73.635,114.075,162.106
131.693,68.761,114.075,162.106
128.985,70.386,114.075,162.106
128.443,66.594,114.075,162.106
127.902,64.969,114.075,162.106
127.360,61.178,114.075,162.106
127.902,64.969,114.075,162.106
124.954,61.490,116.599,165.693
124.239,64.827,119.178,169.359
121.409,63.129,119.178,169.359
121.852,70.061,121.815,173.106
120.117,69.483,121.815,173.106
123.009,75.845,121.815,173.106
120.117,75.267,121.815,173.106
123.009,79.315,121.815,173.106
117.804,75.267,121.815,173.106
118.382,78.158,121.815,173.106
117.804,75.267,121.815,173.106
116.069,75.845,121.815,173.106
114.333,76.423,121.815,173.106
118.382,80.472,121.815,173.106
113.177,76.423,121.815,173.106
112.598,77.002,121.815,173.106
108.550,74.110,121.815,173.106
113.755,78.158,121.815,173.106
109.707,75.267,121.815,173.106
109.128,77.002,121.815,173.106
112.020,78.737,121.815,173.106
106.815,72.375,121.815,173.106
110.863,78.737,121.815,173.106
105.658,74.688,121.815,173.106
110.863,79.893,121.815,173.106
105.658,74.688,121.815,173.106
110.863,79.893,121.815,173.106
104.501,74.688,121.815,173.106
112.020,79.893,121.815,173.106
105.658,74.688,121.815,173.106
109.707,79.893,121.815,173.106
105.658,75.845,121.815,173.106
109.707,79.893,121.815,173.106
105.658,77.002,121.815,173.106
110.863,79.893,121.815,173.106
106.815,78.158,121.815,173.106
110.863,81.050,121.815,173.106
105.658,75.845,121.815,173.106
109.707,81.050,121.815,173.106
105.658,75.845,121.815,173.106
108.550,79.893,121.815,173.106
105.658,75.845,121.815,173.106
108.550,79.893,121.815,173.106
105.658,75.845,121.815,173.106
108.550,79.893,121.815,173.106
106.815,78.158,121.815,173.106
107.393,77.580,121.815,173.106
107.972,79.315,121.815,173.106
107.393,77.580,121.815,173.106
106.815,79.315,121.815,173.106
107.393,77.580,121.815,173.106
106.815,78.158,121.815,173.106
105.080,75.267,121.815,173.106
103.132,70.351,124.510,176.936
103.723,66.213,124.510,176.936
101.950,67.987,124.510,176.936
100.176,65.031,124.510,176.936
101.950,63.258,124.510,176.936
100.176,66.213,124.510,176.936
99.585,62.075,124.510,176.936
98.994,65.031,124.510,176.936
99.585,62.075,124.510,176.936
100.176,67.396,124.510,176.936
97.221,70.351,124.510,176.936
97.812,68.578,124.510,176.936
96.038,70.351,124.510,176.936
97.812,67.396,124.510,176.936
96.038,69.169,124.510,176.936
96.630,66.213,124.510,176.936
96.038,67.987,124.510,176.936
96.630,65.031,124.510,176.936
96.038,67.987,124.510,176.936
95.447,67.396,124.510,176.936
96.038,69.169,124.510,176.936
95.447,68.578,124.510,176.936
96.038,66.804,124.510,176.936
94.265,67.396,124.510,176.936
96.038,67.987,124.510,176.936
94.265,69.760,124.510,176.936
96.038,67.987,124.510,176.936
95.447,68.578,124.510,176.936
96.038,66.804,124.510,176.936
96.630,67.396,124.510,176.936
97.221,66.804,124.510,176.936
97.812,66.213,124.510,176.936
98.403,64.440,124.510,176.936
97.812,62.666,124.510,176.936
93.674,62.075,124.510,176.936
97.812,60.302,124.510,176.936
94.856,60.893,124.510,176.936
96.630,59.119,124.510,176.936
93.674,64.440,124.510,176.936
95.447,63.849,124.510,176.936
91.309,67.987,124.510,176.936
95.447,65.031,124.510,176.936
91.309,69.169,124.510,176.936
93.083,72.125,124.510,176.936
92.492,70.351,124.510,176.936
91.900,73.307,124.510,176.936
93.674,69.169,124.510,176.936
91.900,74.489,124.510,176.936
91.309,72.716,124.510,176.936
90.718,75.672,124.510,176.936
92.492,71.534,124.510,176.936
90.718,75.672,124.510,176.936
90.127,77.445,124.510,176.936
93.083,73.307,124.510,176.936
91.309,77.445,124.510,176.936
94.265,73.307,124.510,176.936
92.492,76.263,124.510,176.936
91.900,76.854,124.510,176.936
93.674,72.716,124.510,176.936
91.900,76.854,124.510,176.936
91.309,73.898,124.510,176.936
90.718,79.219,124.510,176.936
94.856,72.716,124.510,176.936
91.900,78.036,124.510,176.936
94.856,72.716,124.510,176.936
90.718,78.036,124.510,176.936
93.674,73.898,124.510,176.936
91.900,78.036,124.510,176.936
92.492,72.716,124.510,176.936
91.900,78.036,124.510,176.936
92.492,72.716,124.510,176.936
93.083,79.219,124.510,176.936
91.309,77.445,124.510,176.936
90.718,81.583,124.510,176.936
92.615,77.202,121.855,173.163
92.037,83.566,121.855,173.163
92.615,85.302,121.855,173.163
92.037,80.095,121.855,173.163
92.615,84.145,121.855,173.163
95.508,78.938,121.855,173.163
91.458,82.988,121.855,173.163
95.508,77.781,121.855,173.163
92.615,80.673,121.855,173.163
93.194,75.467,121.855,173.163
94.930,71.417,121.855,173.163
90.880,70.838,121.855,173.163
93.773,63.317,121.855,173.163
95.508,56.953,121.855,173.163
97.244,52.903,121.855,173.163
96.496,52.788,124.551,176.994
98.270,47.466,124.551,176.994
95.313,45.692,124.551,176.994
98.270,45.101,124.551,176.994
98.861,43.327,124.551,176.994
100.635,45.101,124.551,176.994
100.044,43.327,124.551,176.994
98.270,47.466,124.551,176.994
100.044,45.692,124.551,176.994
97.087,42.736,124.551,176.994
98.861,48.058,124.551,176.994
97.087,46.284,124.551,176.994
96.496,49.240,124.551,176.994
98.270,48.649,124.551,176.994
96.496,46.875,124.551,176.994
99.453,51.014,124.551,176.994
98.861,46.875,124.551,176.994
98.270,51.014,124.551,176.994
101.227,48.058,124.551,176.994
100.635,53.380,124.551,176.994
102.409,51.606,124.551,176.994
101.818,53.380,124.551,176.994
102.409,53.971,124.551,176.994
104.183,53.380,124.551,176.994
102.409,56.337,124.551,176.994
105.366,54.562,124.551,176.994
103.592,58.702,124.551,176.994
105.366,56.928,124.551,176.994
103.592,61.067,124.551,176.994
105.366,58.111,124.551,176.994
103.592,62.250,124.551,176.994
104.183,59.293,124.551,176.994
102.409,63.433,124.551,176.994
104.183,61.659,124.551,176.994
101.227,64.615,124.551,176.994
104.183,61.659,124.551,176.994
101.227,66.981,124.551,176.994
103.001,62.841,124.551,176.994
101.227,68.163,124.551,176.994
103.001,67.572,124.551,176.994
101.227,69.346,124.551,176.994
101.818,68.755,124.551,176.994
100.044,66.981,124.551,176.994
100.635,66.389,124.551,176.994
100.044,64.615,124.551,176.994
97.087,62.841,124.551,176.994
96.496,63.433,124.551,176.994
98.270,61.659,124.551,176.994
92.948,64.615,124.551,176.994
97.087,60.476,124.551,176.994
92.948,65.798,124.551,176.994
93.539,61.659,124.551,176.994
94.131,61.067,124.551,176.994
92.357,62.841,124.551,176.994
89.400,64.615,124.551,176.994
92.357,61.659,124.551,176.994
89.400,64.615,124.551,176.994
88.809,65.207,124.551,176.994
89.567,63.104,121.895,173.219
91.424,68.856,119.296,169.525
90.858,63.758,119.296,169.525
90.492,69.387,116.752,165.910
91.046,64.398,116.752,165.910
89.383,68.279,116.752,165.910
89.938,65.507,116.752,165.910
90.648,67.810,114.262,162.372
91.191,69.438,114.262,162.372
91.733,65.640,114.262,162.372
90.106,70.523,114.262,162.372
91.733,65.640,114.262,162.372
90.106,70.523,114.262,162.372
91.733,65.640,114.262,162.372
90.106,70.523,114.262,162.372
90.648,66.725,114.262,162.372
89.021,70.523,114.262,162.372
87.194,71.541,116.790,165.965
88.857,65.441,116.790,165.965
88.303,70.432,116.790,165.965
88.857,67.659,116.790,165.965
88.499,71.032,114.299,162.425
92.333,67.011,111.862,158.962
90.740,71.790,111.862,158.962
91.271,67.011,111.862,158.962
90.740,70.728,111.862,158.962
91.271,68.073,111.862,158.962
95.023,66.184,109.476,155.572
94.504,70.862,109.476,155.572
93.984,69.303,109.476,155.572
93.464,70.862,109.476,155.572
91.714,71.838,111.899,159.014
92.245,70.244,111.899,159.014
93.839,68.650,111.899,159.014
92.245,70.244,111.899,159.014
94.901,65.462,111.899,159.014
95.433,69.181,111.899,159.014
97.026,71.838,111.899,159.014
96.495,74.494,111.899,159.014
98.089,73.963,111.899,159.014
96.495,77.682,111.899,159.014
97.026,73.963,111.899,159.014
94.135,77.164,114.374,162.532
93.592,73.363,114.374,162.532
93.049,73.906,114.374,162.532
92.506,72.277,114.374,162.532
90.877,73.906,114.374,162.532
91.420,74.449,114.374,162.532
89.791,71.734,114.374,162.532
89.248,74.449,114.374,162.532
89.791,71.734,114.374,162.532
88.162,73.363,114.374,162.532
87.619,71.734,114.374,162.532
85.990,74.449,114.374,162.532
86.533,71.734,114.374,162.532
84.904,74.449,114.374,162.532
83.274,71.734,114.374,162.532
82.731,74.449,114.374,162.532
80.016,71.734,114.374,162.532
77.301,76.621,114.374,162.532
75.672,74.992,114.374,162.532
72.957,72.277,114.374,162.532
72.414,69.562,114.374,162.532
69.699,65.761,114.374,162.532
73.500,70.648,114.374,162.532
70.785,64.675,114.374,162.532
73.500,67.390,114.374,162.532
72.798,67.282,116.905,166.128
74.463,68.947,116.905,166.128
72.798,71.722,116.905,166.128
75.573,73.388,116.905,166.128
70.249,67.519,119.491,169.804
73.086,74.894,119.491,169.804
71.384,70.923,119.491,169.804
74.220,74.894,119.491,169.804
70.249,69.788,119.491,169.804
74.220,74.894,119.491,169.804
70.249,69.788,119.491,169.804
74.220,73.759,119.491,169.804
69.114,68.653,119.491,169.804
74.220,73.759,119.491,169.804
72.518,69.788,119.491,169.804
74.220,72.625,119.491,169.804
73.653,70.923,119.491,169.804
76.490,73.759,119.491,169.804
74.788,69.788,119.491,169.804
79.894,74.894,119.491,169.804
75.922,69.788,119.491,169.804
81.028,74.894,119.491,169.804
78.192,70.923,119.491,169.804
83.297,74.894,119.491,169.804
77.057,70.923,119.491,169.804
83.297,73.759,119.491,169.804
79.326,69.788,119.491,169.804
84.432,74.894,119.491,169.804
81.596,70.923,119.491,169.804
86.701,74.894,119.491,169.804
81.596,68.653,119.491,169.804
87.836,72.625,119.491,169.804
82.730,67.519,119.491,169.804
87.836,69.221,119.491,169.804
83.865,65.250,119.491,169.804
88.971,69.221,119.491,169.804
86.134,65.250,119.491,169.804
91.240,69.221,119.491,169.804
84.999,62.980,119.491,169.804
90.105,66.951,119.491,169.804
88.403,64.115,119.491,169.804
88.971,63.548,119.491,169.804
92.942,66.384,119.491,169.804
87.836,62.413,119.491,169.804
90.673,65.250,119.491,169.804
86.701,62.413,119.491,169.804
91.807,64.115,119.491,169.804
86.701,61.278,119.491,169.804
88.323,62.343,122.135,173.561
85.423,58.284,122.135,173.561
89.482,58.864,122.135,173.561
85.423,58.284,122.135,173.561
86.003,56.544,122.135,173.561
88.902,57.124,122.135,173.561
88.323,58.864,122.135,173.561
90.062,55.964,122.135,173.561
88.323,54.225,122.135,173.561
90.062,59.443,122.135,173.561
90.642,57.704,122.135,173.561
90.062,62.923,122.135,173.561
88.323,61.183,122.135,173.561
87.743,65.242,122.135,173.561
88.323,61.183,122.135,173.561
87.743,66.402,122.135,173.561
88.323,61.183,122.135,173.561
86.583,66.402,122.135,173.561
88.323,64.662,122.135,173.561
86.583,68.721,122.135,173.561
87.163,70.461,122.135,173.561
85.423,69.881,122.135,173.561
87.163,73.940,122.135,173.561
85.423,73.360,122.135,173.561
86.003,73.940,122.135,173.561
85.423,75.680,122.135,173.561
87.163,72.780,122.135,173.561
85.423,76.840,122.135,173.561
87.163,73.940,122.135,173.561
85.423,77.999,122.135,173.561
86.003,76.260,122.135,173.561
85.423,76.840,122.135,173.561
86.003,78.579,122.135,173.561
85.423,75.680,122.135,173.561
87.163,75.100,122.135,173.561
86.583,74.520,122.135,173.561
89.482,71.621,122.135,173.561
86.583,72.201,122.135,173.561
89.482,73.940,122.135,173.561
87.743,69.881,122.135,173.561
87.163,69.301,122.135,173.561
86.583,68.721,122.135,173.561
84.843,68.141,122.135,173.561
87.743,66.402,122.135,173.561
86.003,66.982,122.135,173.561
84.263,67.562,122.135,173.561
86.003,63.503,122.135,173.561
83.104,69.881,122.135,173.561
82.524,71.621,122.135,173.561
84.263,69.881,122.135,173.561
82.524,73.940,122.135,173.561
83.104,71.041,122.135,173.561
80.204,76.260,122.135,173.561
83.104,69.881,122.135,173.561
80.204,77.419,122.135,173.561
80.784,73.360,122.135,173.561
80.204,78.579,122.135,173.561
83.104,74.520,122.135,173.561
80.204,78.579,122.135,173.561
81.944,74.520,122.135,173.561
80.204,77.419,122.135,173.561
79.624,77.999,122.135,173.561
79.045,80.899,122.135,173.561
79.624,77.999,122.135,173.561
79.045,80.899,122.135,173.561
78.465,79.159,122.135,173.561
76.725,83.218,122.135,173.561
79.624,79.159,122.135,173.561
79.044,82.058,122.135,173.561
78.465,79.159,122.135,173.561
76.725,83.218,122.135,173.561
79.624,79.159,122.135,173.561
77.885,83.218,122.135,173.561
77.305,80.319,122.135,173.561
76.725,84.378,122.135,173.561
76.145,80.319,122.135,173.561
75.565,83.218,122.135,173.561
77.305,79.159,122.135,173.561
76.725,84.378,122.135,173.561
77.305,79.159,122.135,173.561
76.725,84.378,122.135,173.561
78.465,77.999,122.135,173.561
77.885,82.058,122.135,173.561
77.305,79.159,122.135,173.561
75.565,84.378,122.135,173.561
78.465,80.319,122.135,173.561
77.885,82.058,122.135,173.561
77.305,81.479,122.135,173.561
76.725,79.739,122.135,173.561
78.465,82.638,122.135,173.561
77.885,79.739,122.135,173.561
78.465,83.798,122.135,173.561
76.725,79.739,122.135,173.561
76.145,83.798,122.135,173.561
74.405,80.899,122.135,173.561
78.465,81.479,122.135,173.561
76.725,79.739,122.135,173.561
76.145,83.798,122.135,173.561
74.405,80.899,122.135,173.561
78.465,80.319,122.135,173.561
76.725,80.899,122.135,173.561
74.985,83.798,122.135,173.561
76.725,78.579,122.135,173.561
76.145,83.798,122.135,173.561
74.405,80.899,122.135,173.561
78.465,82.638,122.135,173.561
79.044,79.739,122.135,173.561
77.305,84.958,122.135,173.561
76.725,80.899,122.135,173.561
78.465,84.958,122.135,173.561
77.885,82.058,122.135,173.561
78.465,84.958,122.135,173.561
76.725,85.538,122.135,173.561
78.465,82.638,122.135,173.561
76.725,85.538,122.135,173.561
80.784,83.798,122.135,173.561
76.725,87.857,122.135,173.561
81.944,82.638,122.135,173.561
77.885,86.697,122.135,173.561
84.263,81.479,122.135,173.561
80.204,86.697,122.135,173.561
81.944,81.479,122.135,173.561
79.044,86.697,122.135,173.561
84.263,81.479,122.135,173.561
79.044,87.857,122.135,173.561
85.423,82.638,122.135,173.561
81.364,86.697,122.135,173.561
84.263,83.798,122.135,173.561
82.524,86.697,122.135,173.561
88.994,78.160,124.837,177.401
94.377,70.663,127.599,181.326
88.924,77.327,127.599,181.326
94.377,70.663,127.599,181.326
89.822,73.057,130.423,185.337
95.395,69.960,130.423,185.337
91.061,74.295,130.423,185.337
89.203,74.914,130.423,185.337
94.776,69.341,130.423,185.337
89.203,74.914,130.423,185.337
94.776,69.341,130.423,185.337
89.203,73.676,130.423,185.337
94.776,69.341,130.423,185.337
89.203,73.676,130.423,185.337
93.538,69.341,130.423,185.337
87.965,74.914,130.423,185.337
93.538,69.341,130.423,185.337
87.965,74.914,130.423,185.337
93.538,69.341,130.423,185.337
86.726,74.914,130.423,185.337
93.538,69.341,130.423,185.337
86.726,73.676,130.423,185.337
91.061,71.818,130.423,185.337
84.250,77.391,130.423,185.337
91.158,69.559,133.308,189.438
86.400,72.060,136.258,193.629
88.249,71.931,139.272,197.913
86.265,64.658,139.272,197.913
85.411,68.643,142.354,202.292
88.790,65.263,142.354,202.292
86.762,68.643,142.354,202.292
87.438,67.967,142.354,202.292
87.967,66.430,145.503,206.768
85.895,62.976,145.503,206.768
85.204,67.812,145.503,206.768
85.744,60.507,148.723,211.343
87.863,65.450,148.723,211.343
85.744,63.332,148.723,211.343
85.288,68.988,145.551,206.836
85.979,66.915,145.551,206.836
88.053,66.224,145.551,206.836
85.979,69.679,145.551,206.836
88.053,66.224,145.551,206.836
87.362,69.679,145.551,206.836
88.053,66.224,145.551,206.836
87.362,69.679,145.551,206.836
88.053,66.224,145.551,206.836
87.362,71.061,145.551,206.836
88.053,66.224,145.551,206.836
85.979,66.915,145.551,206.836
85.288,70.370,145.551,206.836
85.979,66.915,145.551,206.836
85.288,66.224,145.551,206.836
83.215,65.533,145.551,206.836
83.906,68.988,145.551,206.836
83.215,61.387,145.551,206.836
82.524,64.842,145.551,206.836
82.078,63.717,142.447,202.425
85.459,68.451,142.447,202.425
83.431,67.775,142.447,202.425
81.402,71.156,142.447,202.425
79.373,73.185,142.447,202.425
78.936,72.084,139.409,198.108
78.274,76.717,139.409,198.108
81.584,74.732,139.409,198.108
81.156,78.758,136.436,193.883
85.733,78.952,133.527,189.749
87.767,79.142,130.679,185.702
87.147,82.245,130.679,185.702
89.008,77.901,130.679,185.702
87.147,81.004,130.679,185.702
89.008,76.661,130.679,185.702
88.388,79.763,130.679,185.702
91.575,77.557,127.893,181.742
89.754,81.807,127.893,181.742
92.790,79.986,127.893,181.742
90.968,83.022,127.893,181.742
92.790,82.414,127.893,181.742
92.183,80.593,127.893,181.742
90.361,83.629,127.893,181.742
92.183,80.593,127.893,181.742
90.361,82.414,127.893,181.742
92.183,79.378,127.893,181.742
90.361,81.200,127.893,181.742
92.183,75.735,127.893,181.742
87.932,76.342,127.893,181.742
87.325,74.521,127.893,181.742
85.503,72.699,127.893,181.742
87.452,71.711,125.165,177.866
84.481,73.493,125.165,177.866
87.452,70.522,125.165,177.866
84.481,73.493,125.165,177.866
85.075,70.522,125.165,177.866
83.292,73.493,125.165,177.866
85.075,69.334,125.165,177.866
83.292,72.305,125.165,177.866
87.452,68.145,125.165,177.866
84.481,73.493,125.165,177.866
83.887,69.334,125.165,177.866
86.858,69.928,125.165,177.866
85.075,70.522,125.165,177.866
83.292,69.928,125.165,177.866
86.264,66.957,125.165,177.866
83.292,72.305,125.165,177.866
86.264,68.145,125.165,177.866
82.104,71.116,125.165,177.866
85.075,68.145,125.165,177.866
80.915,72.305,125.165,177.866
83.887,70.522,125.165,177.866
85.669,68.739,125.165,177.866
81.510,71.711,125.165,177.866
84.481,68.739,125.165,177.866
82.698,71.711,125.165,177.866
80.915,71.116,125.165,177.866
83.887,71.711,125.165,177.866
82.104,69.928,125.165,177.866
82.698,72.899,125.165,177.866
86.897,69.641,122.496,174.073
83.989,73.712,122.496,174.073
84.570,70.804,122.496,174.073
83.989,72.549,122.496,174.073
84.570,69.641,122.496,174.073
85.152,72.549,122.496,174.073
85.733,68.477,122.496,174.073
87.478,71.385,122.496,174.073
84.570,69.641,122.496,174.073
86.315,72.549,122.496,174.073
84.570,69.641,122.496,174.073
87.478,70.222,122.496,174.073
84.570,71.967,122.496,174.073
87.478,67.896,122.496,174.073
84.570,73.130,122.496,174.073
87.478,67.896,122.496,174.073
84.570,74.293,122.496,174.073
87.478,67.896,122.496,174.073
84.570,73.130,122.496,174.073
88.641,67.896,122.496,174.073
85.733,73.130,122.496,174.073
89.805,67.896,122.496,174.073
83.019,72.608,125.206,177.925
84.802,67.257,125.206,177.925
84.208,72.608,125.206,177.925
85.991,67.257,125.206,177.925
81.830,72.608,125.206,177.925
83.613,68.446,125.206,177.925
80.641,73.796,125.206,177.925
82.424,70.824,125.206,177.925
78.263,71.419,125.206,177.925
76.480,74.391,125.206,177.925
78.263,73.796,125.206,177.925
75.291,74.391,125.206,177.925
78.263,77.363,125.206,177.925
74.102,75.580,125.206,177.925
74.696,73.796,125.206,177.925
74.102,73.202,125.206,177.925
72.319,71.419,125.206,177.925
72.913,74.391,125.206,177.925
71.130,69.041,125.206,177.925
69.346,70.824,125.206,177.925
66.374,67.852,125.206,177.925
66.969,72.013,125.206,177.925
63.996,67.852,125.206,177.925
65.780,70.824,125.206,177.925
66.374,71.419,125.206,177.925
64.591,73.202,125.206,177.925
67.563,74.985,125.206,177.925
63.402,70.824,125.206,177.925
63.996,78.552,125.206,177.925
63.612,74.147,122.536,174.130
68.848,80.546,122.536,174.130
61.285,75.310,122.536,174.130
58.376,72.401,122.536,174.130
63.612,78.801,122.536,174.130
60.704,75.892,122.536,174.130
60.122,71.820,122.536,174.130
66.521,79.383,122.536,174.130
62.449,74.147,122.536,174.130
67.685,78.219,122.536,174.130
62.449,71.820,122.536,174.130
67.685,79.383,122.536,174.130
62.449,72.983,122.536,174.130
68.848,78.219,122.536,174.130
61.285,71.819,122.536,174.130
66.521,78.219,122.536,174.130
60.122,71.819,122.536,174.130
68.848,78.219,122.536,174.130
61.285,71.819,122.536,174.130
68.848,78.219,122.536,174.130
58.958,70.656,122.536,174.130
63.031,73.565,122.536,174.130
58.958,69.492,122.536,174.130
63.031,73.565,122.536,174.130
60.122,69.492,122.536,174.130
65.358,74.728,122.536,174.130
60.122,69.492,122.536,174.130
65.358,73.565,122.536,174.130
64.776,70.656,122.536,174.130
68.848,75.892,122.536,174.130
62.449,70.656,122.536,174.130
67.685,71.238,122.536,174.130
58.483,65.086,125.247,177.983
63.834,70.438,125.247,177.983
58.483,62.708,125.247,177.983
62.645,68.059,125.247,177.983
56.941,61.772,128.018,181.921
58.678,62.912,130.851,185.946
65.512,63.534,130.851,185.946
61.163,57.942,130.851,185.946
66.754,63.534,130.851,185.946
67.375,60.427,130.851,185.946
69.239,63.534,130.851,185.946
66.133,57.942,130.851,185.946
70.482,62.291,130.851,185.946
66.133,57.942,130.851,185.946
71.724,62.291,130.851,185.946
69.860,57.942,130.851,185.946
72.967,61.049,130.851,185.946
65.718,53.191,133.746,190.060
73.877,59.502,130.894,186.007
76.984,55.151,130.894,186.007
83.771,61.328,128.102,182.040
78.297,55.854,128.102,182.040
82.554,58.895,128.102,182.040
78.297,54.637,128.102,182.040
81.338,57.678,128.102,182.040
85.595,59.503,128.102,182.040
80.121,54.029,128.102,182.040
83.162,58.287,128.102,182.040
80.121,54.029,128.102,182.040
85.595,59.503,128.102,182.040
82.554,54.029,128.102,182.040
88.028,59.503,128.102,182.040
81.338,54.029,128.102,182.040
88.028,58.287,128.102,182.040
86.463,54.952,125.371,178.158
90.629,59.118,125.371,178.158
87.950,54.707,122.697,174.359
92.028,59.950,122.697,174.359
86.785,53.542,122.697,174.359
90.863,58.785,122.697,174.359
86.785,53.542,122.697,174.359
86.032,55.844,125.412,178.217
85.437,54.057,125.412,178.217
83.650,51.080,125.412,178.217
85.437,51.676,125.412,178.217
83.650,52.271,125.412,178.217
86.628,50.485,125.412,178.217
84.841,51.080,125.412,178.217
85.437,48.103,125.412,178.217
83.650,51.080,125.412,178.217
81.864,50.485,125.412,178.217
84.841,53.462,125.412,178.217
81.864,55.248,125.412,178.217
83.650,58.225,125.412,178.217
81.864,57.630,125.412,178.217
82.460,61.798,125.412,178.217
83.055,58.821,125.412,178.217
83.650,62.989,125.412,178.217
84.246,58.821,125.412,178.217
86.032,60.607,125.412,178.217
84.246,58.821,125.412,178.217
86.032,59.416,125.412,178.217
85.437,57.630,125.412,178.217
86.032,60.607,125.412,178.217
86.628,57.630,125.412,178.217
86.032,61.798,125.412,178.217
87.818,58.821,125.412,178.217
87.223,62.989,125.412,178.217
90.200,58.821,125.412,178.217
89.605,62.989,125.412,178.217
91.391,58.821,125.412,178.217
90.796,62.989,125.412,178.217
93.773,58.821,125.412,178.217
93.177,62.989,125.412,178.217
94.964,60.012,125.412,178.217
94.368,61.798,125.412,178.217
96.154,60.012,125.412,178.217
95.559,60.607,125.412,178.217
96.154,60.012,125.412,178.217
97.941,62.989,125.412,178.217
97.345,61.203,125.412,178.217
96.750,65.371,125.412,178.217
98.536,62.393,125.412,178.217
97.941,65.371,125.412,178.217
100.918,58.821,125.412,178.217
101.513,64.180,125.412,178.217
102.109,57.630,125.412,178.217
105.086,61.798,125.412,178.217
109.293,57.385,122.737,174.416
109.875,57.968,122.737,174.416
113.992,54.773,120.120,170.697
115.703,57.624,120.120,170.697
116.274,54.773,120.120,170.697
119.125,58.765,120.120,170.697
119.695,60.476,120.120,170.697
121.406,55.343,120.120,170.697
123.117,59.335,120.120,170.697
123.688,54.202,120.120,170.697
124.419,58.771,117.558,167.057
127.209,55.980,117.558,167.057
126.651,58.771,117.558,167.057
129.442,57.097,117.558,167.057
127.768,59.887,117.558,167.057
131.675,59.329,117.558,167.057
128.884,59.887,117.558,167.057
133.907,57.097,117.558,167.057
130.000,59.887,117.558,167.057
135.019,56.827,115.051,163.494
132.288,58.465,115.051,163.494
133.927,56.827,115.051,163.494
131.196,60.650,115.051,163.494
135.055,56.602,112.598,160.007
133.451,60.344,112.598,160.007
135.055,57.671,112.598,160.007
132.382,61.414,112.598,160.007
136.124,56.602,112.598,160.007
133.451,60.344,112.598,160.007
135.055,57.671,112.598,160.007
132.382,60.344,112.598,160.007
135.055,58.741,112.598,160.007
132.382,61.414,112.598,160.007
135.055,57.671,112.598,160.007
132.382,62.483,112.598,160.007
133.986,57.671,112.598,160.007
131.313,62.483,112.598,160.007
132.917,57.671,112.598,160.007
130.244,62.483,112.598,160.007
128.640,61.948,112.598,160.007
127.036,62.483,112.598,160.007
125.432,60.879,112.598,160.007
123.828,62.483,112.598,160.007
122.225,59.810,112.598,160.007
120.621,62.483,112.598,160.007
123.294,56.602,112.598,160.007
120.621,60.344,112.598,160.007
119.017,59.810,112.598,160.007
117.413,62.483,112.598,160.007
120.086,56.602,112.598,160.007
117.413,60.344,112.598,160.007
116.879,56.602,112.598,160.007
114.206,59.275,112.598,160.007
116.879,55.533,112.598,160.007
111.751,59.864,115.089,163.548
110.111,57.132,115.089,163.548
109.565,59.864,115.089,163.548
107.926,56.039,115.089,163.548
105.194,58.771,115.089,163.548
103.554,53.853,115.089,163.548
100.822,55.493,115.089,163.548
99.183,50.575,115.089,163.548
98.637,53.307,115.089,163.548
98.090,51.668,115.089,163.548
98.637,55.493,115.089,163.548
98.090,56.039,115.089,163.548
100.822,60.957,115.089,163.548
100.276,61.503,115.089,163.548
101.915,65.328,115.089,163.548
101.369,64.782,115.089,163.548
103.008,69.700,115.089,163.548
102.462,69.153,115.089,163.548
101.915,69.700,115.089,163.548
102.462,68.060,115.089,163.548
100.822,70.792,115.089,163.548
