326.000,414.000,15.000,42.000
326.981,415.635,15.000,42.000
326.000,416.616,15.000,42.000
326.109,415.853,15.000,42.000
325.346,416.398,15.000,42.000
325.237,416.725,15.000,42.000
324.038,418.361,15.000,42.000
322.185,419.778,15.000,42.000
320.331,420.323,15.000,42.000
319.132,419.124,15.000,42.000
318.587,419.015,15.000,42.000
316.516,419.560,15.000,42.000
315.099,420.541,15.000,42.000
315.644,420.432,15.000,42.000
315.971,420.323,15.000,42.000
316.080,420.432,15.000,42.000
316.843,421.195,15.000,42.000
316.952,421.522,15.000,42.000
317.061,422.067,15.000,42.000
317.606,421.522,15.000,42.000
316.407,422.939,15.000,42.000
315.862,423.702,15.000,42.000
317.061,422.067,15.000,42.000
318.478,420.868,15.000,42.000
319.241,422.285,15.000,42.000
318.914,423.048,15.000,42.000
319.459,424.247,15.000,42.000
323.057,426.754,15.000,42.000
324.256,431.006,15.000,42.000
322.839,431.987,15.000,42.000
321.422,431.006,15.000,42.000
321.095,429.153,15.000,42.000
320.986,428.390,15.000,42.000
320.440,427.190,15.000,42.000
319.895,425.991,15.000,42.000
318.042,427.627,15.000,42.000
316.189,428.390,15.000,42.000
314.990,430.025,15.000,42.000
314.445,431.878,15.000,42.000
313.682,436.784,15.000,42.000
312.046,438.855,15.000,42.000
311.719,440.708,15.000,42.000
309.430,439.945,15.000,42.000
308.667,436.348,15.000,42.000
309.430,431.878,15.000,42.000
308.231,429.371,15.000,42.000
305.506,424.683,15.000,42.000
300.382,420.868,15.000,42.000
301.145,422.285,15.000,42.000
299.292,422.830,15.000,42.000
299.183,424.029,15.000,42.000
301.472,426.754,15.000,42.000
302.017,425.773,15.000,42.000
300.600,426.318,15.000,42.000
298.965,424.247,15.000,42.000
298.638,422.830,15.000,42.000
297.221,424.465,15.000,42.000
294.932,423.484,15.000,42.000
293.078,423.375,15.000,42.000
292.315,422.612,15.000,42.000
291.116,421.631,15.000,42.000
287.519,419.560,15.000,42.000
286.102,418.361,15.000,42.000
285.775,417.597,15.000,42.000
285.012,418.797,15.000,42.000
284.684,419.560,15.000,42.000
285.666,420.541,15.000,42.000
287.301,421.958,15.000,42.000
288.500,422.503,15.000,42.000
289.481,421.522,15.000,42.000
288.936,421.631,15.000,42.000
288.827,421.958,15.000,42.000
288.064,421.413,15.000,42.000
287.519,419.560,15.000,42.000
286.320,417.488,15.000,42.000
287.519,415.199,15.000,42.000
285.666,413.346,15.000,42.000
285.557,411.929,15.000,42.000
285.011,409.858,15.000,42.000
284.248,407.132,15.000,42.000
283.267,402.445,15.000,42.000
282.722,399.501,15.000,42.000
281.523,394.814,15.000,42.000
280.978,391.871,15.000,42.000
279.997,388.273,15.000,42.000
279.234,385.330,15.000,42.000
279.779,384.349,15.000,42.000
278.580,383.150,15.000,42.000
277.381,380.424,15.000,42.000
278.362,378.353,15.000,42.000
278.253,377.372,15.000,42.000
277.926,377.481,15.000,42.000
279.343,377.372,15.000,42.000
280.324,377.263,15.000,42.000
280.433,378.026,15.000,42.000
280.760,379.225,15.000,42.000
279.997,380.642,15.000,42.000
280.324,382.495,15.000,42.000
280.215,384.785,15.000,42.000
280.324,386.638,15.000,42.000
279.561,385.657,15.000,42.000
279.016,386.638,15.000,42.000
278.689,385.657,15.000,42.000
277.272,384.894,15.000,42.000
276.727,386.311,15.000,42.000
274.437,385.548,15.000,42.000
273.674,386.529,15.000,42.000
269.423,385.766,15.000,42.000
267.788,386.311,15.000,42.000
265.716,384.676,15.000,42.000
263.645,385.221,15.000,42.000
263.318,386.202,15.000,42.000
263.209,386.965,15.000,42.000
263.100,388.164,15.000,42.000
262.119,386.747,15.000,42.000
262.882,388.164,15.000,42.000
262.337,386.965,15.000,42.000
261.792,388.600,15.000,42.000
260.811,388.055,15.000,42.000
260.484,387.074,15.000,42.000
261.029,386.311,15.000,42.000
260.484,387.728,15.000,42.000
260.157,389.145,15.000,42.000
259.612,388.382,15.000,42.000
259.721,389.799,15.000,42.000
261.356,392.088,15.000,42.000
262.555,394.160,15.000,42.000
262.228,396.449,15.000,42.000
263.209,397.866,15.000,42.000
262.882,399.283,15.000,42.000
263.645,398.738,15.000,42.000
262.882,399.501,15.000,42.000
263.427,398.084,15.000,42.000
263.754,396.667,15.000,42.000
263.645,397.648,15.000,42.000
263.536,395.795,15.000,42.000
262.991,394.814,15.000,42.000
263.754,395.795,15.000,42.000
262.773,395.032,15.000,42.000
262.446,394.923,15.000,42.000
261.901,396.776,15.000,42.000
260.484,397.975,15.000,42.000
261.247,397.866,15.000,42.000
260.266,398.193,15.000,42.000
259.503,396.994,15.000,42.000
258.522,396.667,15.000,42.000
258.631,395.032,15.000,42.000
257.649,394.051,15.000,42.000
255.796,393.724,15.000,42.000
255.033,392.961,15.000,42.000
253.834,391.107,15.000,42.000
251.327,389.908,15.000,42.000
250.143,389.557,15.332,42.929
248.026,386.994,15.332,42.929
244.794,384.654,15.332,42.929
242.232,380.086,15.332,42.929
239.892,378.414,15.332,42.929
237.552,380.086,15.332,42.929
238.109,385.323,15.332,42.929
235.992,390.337,15.332,42.929
234.766,392.231,15.332,42.929
238.443,395.239,15.332,42.929
244.794,400.253,15.332,42.929
252.483,401.925,15.332,42.929
258.611,400.476,15.332,42.929
267.636,399.028,15.332,42.929
275.993,400.031,15.332,42.929
279.893,400.811,15.332,42.929
278.667,398.693,15.332,42.929
277.219,392.788,15.332,42.929
277.553,386.883,15.332,42.929
278.333,384.988,15.332,42.929
272.873,387.774,15.332,42.929
264.739,394.571,15.332,42.929
255.714,398.248,15.332,42.929
245.352,396.354,15.332,42.929
239.892,391.785,15.332,42.929
235.546,386.771,15.332,42.929
230.978,382.648,15.332,42.929
224.912,382.751,15.671,43.879
220.015,385.371,15.671,43.879
217.168,388.446,15.671,43.879
212.043,389.471,15.671,43.879
207.829,390.951,15.671,43.879
202.932,392.888,15.671,43.879
199.629,395.279,15.671,43.879
196.326,396.760,15.671,43.879
193.707,395.963,15.671,43.879
191.315,397.671,15.671,43.879
189.379,399.607,15.671,43.879
187.898,402.682,15.671,43.879
186.190,404.390,15.671,43.879
186.304,403.821,15.671,43.879
187.785,402.568,15.671,43.879
188.582,402.227,15.671,43.879
190.746,403.252,15.671,43.879
193.365,402.910,15.671,43.879
197.351,400.518,15.671,43.879
200.654,397.899,15.671,43.879
203.046,394.824,15.671,43.879
205.210,393.343,15.671,43.879
207.601,392.546,15.671,43.879
209.537,394.026,15.671,43.879
211.373,395.786,16.018,44.850
215.447,397.532,16.018,44.850
218.357,400.675,16.018,44.850
220.103,398.696,16.018,44.850
221.151,397.649,16.018,44.850
220.103,396.601,16.018,44.850
215.458,395.501,16.372,45.842
211.769,398.238,16.372,45.842
209.984,400.974,16.372,45.842
208.198,401.825,16.734,46.856
206.861,404.379,16.734,46.856
205.766,405.960,16.734,46.856
204.915,406.568,16.734,46.856
206.252,406.933,16.734,46.856
206.374,409.730,16.734,46.856
205.280,408.879,16.734,46.856
207.492,407.225,17.105,47.893
209.605,408.841,17.105,47.893
210.972,407.225,17.105,47.893
212.091,405.609,17.105,47.893
211.515,404.950,17.483,48.953
213.929,406.856,17.483,48.953
215.835,405.713,17.483,48.953
216.470,405.585,17.483,48.953
217.868,408.000,17.483,48.953
219.012,411.176,17.483,48.953
218.950,412.612,17.870,50.036
217.781,416.118,17.870,50.036
219.605,418.394,18.265,51.143
219.737,423.837,18.265,51.143
217.194,425.612,18.669,52.274
215.159,427.105,18.669,52.274
213.666,429.683,18.669,52.274
211.631,434.703,18.669,52.274
209.596,433.753,18.669,52.274
207.832,431.718,18.669,52.274
209.867,430.497,18.669,52.274
210.365,428.370,19.083,53.431
209.722,425.621,19.505,54.613
211.124,425.752,19.936,55.821
209.240,423.579,19.936,55.821
210.834,426.621,19.936,55.821
209.530,424.448,19.936,55.821
210.662,423.680,20.377,57.057
210.898,425.354,20.828,58.319
212.395,427.692,21.289,59.609
213.925,429.441,21.760,60.928
215.489,429.915,22.241,62.276
217.267,428.784,22.241,62.276
219.692,431.208,22.241,62.276
221.961,434.376,22.734,63.654
221.135,433.881,22.734,63.654
224.274,437.020,22.734,63.654
226.753,433.550,22.734,63.654
224.935,439.333,22.734,63.654
223.141,441.543,23.237,65.062
222.008,445.904,23.751,66.502
219.764,452.981,23.751,66.502
216.830,456.260,23.751,66.502
213.881,457.136,24.276,67.973
212.999,459.783,24.276,67.973
215.998,459.253,24.276,67.973
213.350,456.488,24.813,69.477
211.391,457.777,25.362,71.014
208.258,461.280,25.362,71.014
206.231,463.307,25.362,71.014
208.436,458.506,25.923,72.585
206.390,453.207,26.497,74.191
205.098,445.394,27.083,75.833
202.146,442.835,27.083,75.833
200.374,438.702,27.083,75.833
198.237,429.899,27.682,77.511
196.052,425.075,28.295,79.226
197.080,422.402,28.295,79.226
197.286,423.430,28.295,79.226
199.959,425.281,28.295,79.226
201.566,422.911,28.921,80.979
203.878,425.223,28.921,80.979
206.610,422.911,28.921,80.979
207.241,424.382,28.921,80.979
204.929,425.854,28.921,80.979
205.139,426.905,28.921,80.979
203.247,425.433,28.921,80.979
202.617,422.701,28.921,80.979
197.718,420.279,29.561,82.770
185.902,421.782,29.561,82.770
181.820,425.005,29.561,82.770
173.442,429.087,29.561,82.770
170.219,428.442,29.561,82.770
166.137,432.954,29.561,82.770
155.780,428.695,30.215,84.601
152.486,428.914,30.215,84.601
150.102,431.851,30.883,86.473
151.856,433.456,31.567,88.386
154.125,435.097,32.265,90.342
152.065,436.773,32.979,92.341
156.619,438.930,32.979,92.341
161.652,440.608,32.979,92.341
167.164,441.327,32.979,92.341
169.321,441.087,32.979,92.341
172.917,441.806,32.979,92.341
176.512,444.922,32.979,92.341
175.793,448.997,32.979,92.341
177.666,446.732,33.709,94.384
176.931,449.427,33.709,94.384
175.706,447.712,33.709,94.384
178.891,449.916,33.709,94.384
178.646,448.202,33.709,94.384
177.421,445.017,33.709,94.384
174.236,439.382,33.709,94.384
167.132,428.848,33.709,94.384
163.457,423.214,33.709,94.384
164.682,419.539,33.709,94.384
163.947,415.375,33.709,94.384
172.031,416.600,33.709,94.384
181.095,421.254,33.709,94.384
190.649,424.929,33.709,94.384
196.631,421.597,34.454,96.472
207.398,426.355,34.454,96.472
216.109,429.704,35.217,98.607
220.972,433.543,35.217,98.607
226.347,437.382,35.217,98.607
232.745,440.197,35.217,98.607
238.631,436.358,35.217,98.607
244.518,433.543,35.217,98.607
248.357,430.216,35.217,98.607
251.172,425.353,35.217,98.607
252.452,422.026,35.217,98.607
255.267,419.211,35.217,98.607
258.595,417.931,35.217,98.607
257.827,415.116,35.217,98.607
258.595,415.371,35.217,98.607
257.827,419.211,35.217,98.607
260.130,421.514,35.217,98.607
259.362,420.234,35.217,98.607
257.059,417.419,35.217,98.607
255.267,419.722,35.217,98.607
253.019,414.118,35.996,100.788
250.141,413.333,35.996,100.788
251.973,413.594,35.996,100.788
254.850,409.147,35.996,100.788
258.774,408.886,35.996,100.788
256.420,407.054,35.996,100.788
254.065,409.409,35.996,100.788
253.804,410.194,35.996,100.788
252.496,405.223,35.996,100.788
252.757,401.822,35.996,100.788
252.496,398.422,35.996,100.788
249.618,394.498,35.996,100.788
248.833,393.713,35.996,100.788
250.665,390.312,35.996,100.788
251.081,385.669,36.792,103.018
252.952,379.519,36.792,103.018
256.428,375.508,36.792,103.018
259.904,374.171,36.792,103.018
260.172,373.904,36.792,103.018
259.370,371.497,36.792,103.018
260.350,367.861,37.606,105.297
261.716,371.960,37.606,105.297
263.629,376.060,37.606,105.297
264.449,377.973,37.606,105.297
264.176,377.153,37.606,105.297
264.996,380.706,37.606,105.297
262.536,385.899,37.606,105.297
261.170,392.731,37.606,105.297
258.710,397.378,37.606,105.297
256.797,401.477,37.606,105.297
254.884,405.577,37.606,105.297
254.064,407.490,37.606,105.297
256.523,405.030,37.606,105.297
259.530,408.583,37.606,105.297
260.350,410.496,37.606,105.297
259.530,408.583,37.606,105.297
261.666,406.567,38.438,107.627
263.062,409.640,38.438,107.627
265.246,402.943,39.289,110.008
268.070,399.652,40.158,112.442
265.443,405.197,40.158,112.442
264.696,407.284,41.046,114.930
266.187,404.003,41.046,114.930
263.567,402.422,41.955,117.473
258.993,400.288,41.955,117.473
259.298,401.202,41.955,117.473
261.049,403.383,42.883,120.072
258.244,404.318,42.883,120.072
256.153,404.606,43.832,122.729
257.320,406.884,44.801,125.444
253.109,403.131,45.793,128.219
253.638,402.058,46.806,131.056
251.356,405.902,47.841,133.956
249.023,401.174,48.900,136.920
250.325,404.452,49.982,139.949
253.164,408.557,51.088,143.045
254.525,414.293,52.218,146.210
250.404,417.007,53.373,149.445
253.119,420.498,53.373,149.445
252.931,427.296,54.554,152.752
254.913,433.243,54.554,152.752
253.076,437.723,55.761,156.131
248.618,434.886,55.761,156.131
243.350,431.239,55.761,156.131
238.108,427.410,56.995,159.586
233.552,426.996,56.995,159.586
228.996,417.469,56.995,159.586
224.439,401.315,56.995,159.586
219.941,387.087,58.256,163.117
222.905,382.430,58.256,163.117
224.175,386.240,58.256,163.117
225.445,383.276,58.256,163.117
228.409,378.619,58.256,163.117
228.832,376.502,58.256,163.117
230.102,382.006,58.256,163.117
231.372,385.817,58.256,163.117
232.642,383.700,58.256,163.117
234.759,386.663,58.256,163.117
235.433,382.663,59.545,166.726
235.000,380.499,59.545,166.726
235.433,382.663,59.545,166.726
232.403,382.230,59.545,166.726
234.888,377.243,60.862,170.414
235.330,382.108,60.862,170.414
241.080,390.512,60.862,170.414
246.830,401.570,60.862,170.414
245.503,416.166,60.862,170.414
249.484,418.378,60.862,170.414
247.272,414.397,60.862,170.414
250.369,416.609,60.862,170.414
246.388,413.513,60.862,170.414
240.638,410.416,60.862,170.414
232.234,413.513,60.862,170.414
225.599,405.109,60.862,170.414
222.503,396.705,60.862,170.414
225.599,393.608,60.862,170.414
223.387,389.628,60.862,170.414
221.176,390.954,60.862,170.414
224.272,386.974,60.862,170.414
225.599,390.070,60.862,170.414
220.733,394.051,60.862,170.414
223.830,398.916,60.862,170.414
226.041,400.243,60.862,170.414
227.368,395.378,60.862,170.414
233.118,399.358,60.862,170.414
236.214,399.801,60.862,170.414
239.311,402.897,60.862,170.414
236.214,401.570,60.862,170.414
234.003,395.820,60.862,170.414
230.907,388.301,60.862,170.414
231.349,383.435,60.862,170.414
228.253,379.454,60.862,170.414
225.157,375.473,60.862,170.414
221.116,381.980,59.564,166.780
217.161,381.672,58.294,163.224
213.291,378.921,57.051,159.743
211.218,381.823,57.051,159.743
209.974,381.409,57.051,159.743
210.183,382.712,55.834,156.336
208.823,384.770,54.644,153.002
209.023,385.253,53.478,149.740
209.218,381.980,52.338,146.546
211.120,378.557,52.338,146.546
210.740,374.373,52.338,146.546
210.359,377.035,52.338,146.546
212.261,374.373,52.338,146.546
213.402,378.557,52.338,146.546
210.661,378.286,51.222,143.421
214.756,376.425,51.222,143.421
217.096,379.748,50.129,140.363
218.917,380.113,50.129,140.363
221.468,382.663,50.129,140.363
218.917,380.841,50.129,140.363
221.468,383.392,50.129,140.363
225.865,385.942,49.060,137.369
230.168,388.437,48.014,134.440
235.052,391.552,46.990,131.573
238.126,395.309,46.990,131.573
239.833,394.967,46.990,131.573
239.492,396.675,46.990,131.573
241.882,401.115,46.990,131.573
245.346,399.555,45.988,128.767
243.006,404.568,45.988,128.767
242.004,406.239,45.988,128.767
243.006,410.584,45.988,128.767
245.107,414.212,45.008,126.021
244.780,416.502,45.008,126.021
246.416,419.446,45.008,126.021
248.051,422.389,45.008,126.021
245.761,424.679,45.008,126.021
245.434,425.660,45.008,126.021
243.799,428.604,45.008,126.021
244.126,426.315,45.008,126.021
244.453,426.642,45.008,126.021
245.434,423.044,45.008,126.021
247.070,418.137,45.008,126.021
247.397,413.885,45.008,126.021
246.416,408.979,45.008,126.021
245.950,406.224,44.048,123.334
248.831,409.105,44.048,123.334
248.511,405.584,44.048,123.334
249.906,404.739,43.108,120.704
252.726,403.172,43.108,120.704
254.292,406.619,43.108,120.704
255.858,408.185,43.108,120.704
256.172,403.486,43.108,120.704
258.141,401.451,42.189,118.130
258.448,403.597,42.189,118.130
260.966,402.788,41.289,115.610
259.466,406.089,41.289,115.610
261.567,408.190,41.289,115.610
260.066,410.290,41.289,115.610
259.166,410.590,41.289,115.610
258.266,414.491,41.289,115.610
255.565,419.592,41.289,115.610
254.665,424.093,41.289,115.610
250.764,429.795,41.289,115.610
245.663,433.095,41.289,115.610
240.608,438.088,40.409,113.145
235.028,440.144,40.409,113.145
232.385,445.136,40.409,113.145
228.567,447.192,40.409,113.145
225.924,445.723,40.409,113.145
226.218,449.541,40.409,113.145
224.750,449.835,40.409,113.145
222.694,448.366,40.409,113.145
222.988,451.010,40.409,113.145
223.869,449.541,40.409,113.145
225.337,452.184,40.409,113.145
223.869,449.541,40.409,113.145
225.337,451.597,40.409,113.145
223.869,449.541,40.409,113.145
225.924,453.359,40.409,113.145
227.980,450.716,40.409,113.145
230.623,452.772,40.409,113.145
232.679,451.891,40.409,113.145
234.734,455.708,40.409,113.145
233.853,453.653,40.409,113.145
236.496,452.772,40.409,113.145
235.028,456.002,40.409,113.145
234.734,455.121,40.409,113.145
236.790,456.589,40.409,113.145
235.909,455.708,40.409,113.145
237.965,453.065,40.409,113.145
237.084,455.121,40.409,113.145
239.727,451.303,40.409,113.145
241.195,453.359,40.409,113.145
243.251,455.415,40.409,113.145
245.097,453.507,39.547,110.732
246.350,454.411,38.704,108.371
242.693,449.629,38.704,108.371
236.224,452.161,38.704,108.371
232.005,450.754,38.704,108.371
237.911,449.911,38.704,108.371
245.506,446.817,38.704,108.371
249.163,442.035,38.704,108.371
248.881,444.004,38.704,108.371
246.350,448.786,38.704,108.371
248.319,453.567,38.704,108.371
245.848,449.158,39.560,110.768
244.985,452.321,39.560,110.768
245.273,449.158,39.560,110.768
242.685,445.421,39.560,110.768
247.573,441.683,39.560,110.768
251.013,444.932,40.435,113.219
254.245,441.112,40.435,113.219
256.890,437.292,40.435,113.219
258.947,435.822,40.435,113.219
261.004,437.292,40.435,113.219
263.649,434.059,40.435,113.219
265.118,436.704,40.435,113.219
264.824,437.585,40.435,113.219
263.943,437.292,40.435,113.219
264.824,433.471,40.435,113.219
266.881,429.063,40.435,113.219
269.526,424.656,40.435,113.219
270.408,427.888,40.435,113.219
269.989,428.245,39.573,110.805
270.688,430.259,38.729,108.442
267.592,431.666,38.729,108.442
269.000,433.073,38.729,108.442
264.778,435.043,38.729,108.442
260.553,439.976,39.586,110.841
255.662,439.689,39.586,110.841
250.771,437.099,39.586,110.841
247.031,436.812,39.586,110.841
242.713,438.272,40.462,113.293
240.067,435.625,40.462,113.293
240.949,433.567,40.462,113.293
240.655,432.685,40.462,113.293
240.949,433.567,40.462,113.293
241.831,428.568,40.462,113.293
243.890,428.862,40.462,113.293
245.948,429.744,40.462,113.293
248.594,432.391,40.462,113.293
250.653,434.449,40.462,113.293
252.711,431.802,40.462,113.293
250.653,435.037,40.462,113.293
248.680,435.919,41.357,115.800
246.576,439.226,41.357,115.800
248.079,440.127,41.357,115.800
246.576,444.035,41.357,115.800
248.079,447.341,41.357,115.800
246.576,445.237,41.357,115.800
243.871,449.745,41.357,115.800
242.969,452.450,41.357,115.800
245.674,455.155,41.357,115.800
245.975,458.461,41.357,115.800
245.674,459.964,41.357,115.800
245.374,463.872,41.357,115.800
246.275,464.773,41.357,115.800
247.177,463.872,41.357,115.800
248.079,463.571,41.357,115.800
250.784,464.473,41.357,115.800
250.483,465.374,41.357,115.800
247.778,468.681,41.357,115.800
249.281,472.588,41.357,115.800
248.511,473.490,42.272,118.362
249.433,474.411,42.272,118.362
248.511,477.791,42.272,118.362
247.590,480.556,42.272,118.362
249.126,480.863,42.272,118.362
247.590,482.399,42.272,118.362
250.355,484.549,42.272,118.362
248.204,487.314,42.272,118.362
249.740,491.308,42.272,118.362
248.204,495.302,42.272,118.362
246.054,501.753,42.272,118.362
245.132,505.133,42.272,118.362
244.825,505.440,42.272,118.362
243.401,502.537,43.207,120.981
239.319,504.107,43.207,120.981
235.237,507.561,43.207,120.981
233.667,499.083,43.207,120.981
235.237,491.860,43.207,120.981
236.179,486.522,43.207,120.981
239.005,483.696,43.207,120.981
241.831,480.242,43.207,120.981
244.029,478.672,43.207,120.981
244.971,479.614,43.207,120.981
245.913,481.184,43.207,120.981
246.855,482.754,43.207,120.981
245.285,486.836,43.207,120.981
242.527,491.688,44.163,123.658
243.490,490.083,44.163,123.658
241.243,495.539,44.163,123.658
241.087,499.166,45.141,126.393
242.071,503.431,45.141,126.393
241.912,501.692,46.139,129.190
242.248,504.710,46.139,129.190
244.595,505.045,46.139,129.190
241.577,508.734,46.139,129.190
242.583,511.752,46.139,129.190
244.691,516.038,45.155,126.435
243.706,513.085,45.155,126.435
244.691,512.100,45.155,126.435
244.363,513.741,45.155,126.435
246.004,513.413,45.155,126.435
245.019,515.053,45.155,126.435
246.004,516.038,45.155,126.435
245.019,514.397,45.155,126.435
246.004,513.413,45.155,126.435
247.645,510.459,45.155,126.435
245.347,511.444,45.155,126.435
247.645,509.146,45.155,126.435
246.004,511.444,45.155,126.435
245.676,509.803,45.155,126.435
246.004,508.162,45.155,126.435
247.206,507.104,46.154,129.232
244.956,503.934,47.176,132.092
243.367,500.694,48.219,135.014
243.717,496.840,48.219,135.014
242.820,491.347,49.286,138.001
242.462,485.258,49.286,138.001
242.104,479.168,49.286,138.001
243.895,475.945,49.286,138.001
242.820,477.736,49.286,138.001
245.328,473.796,49.286,138.001
248.551,469.139,49.286,138.001
252.491,463.766,49.286,138.001
256.431,466.274,49.286,138.001
259.655,466.632,49.286,138.001
262.879,468.423,49.286,138.001
264.670,470.214,49.286,138.001
267.177,472.721,49.286,138.001
267.535,474.512,49.286,138.001
265.744,471.288,49.286,138.001
269.684,474.512,49.286,138.001
270.042,471.288,49.286,138.001
272.550,472.363,49.286,138.001
270.042,475.587,49.286,138.001
272.550,471.647,49.286,138.001
268.610,476.303,49.286,138.001
270.401,474.512,49.286,138.001
266.461,479.168,49.286,138.001
268.968,477.378,49.286,138.001
266.461,481.318,49.286,138.001
265.386,479.527,49.286,138.001
262.879,480.601,49.286,138.001
263.237,479.527,49.286,138.001
260.730,477.736,49.286,138.001
259.655,475.228,49.286,138.001
258.580,471.288,49.286,138.001
257.506,468.065,49.286,138.001
259.067,466.429,48.235,135.058
259.244,465.504,47.206,132.178
257.528,462.416,47.206,132.178
257.871,461.387,47.206,132.178
259.367,463.788,46.200,129.359
257.016,466.810,46.200,129.359
252.652,471.175,46.200,129.359
250.879,476.114,45.215,126.601
249.893,479.729,45.215,126.601
