289.000,67.000,64.000,236.000
288.434,61.908,64.000,236.000
286.737,65.868,64.000,236.000
281.645,65.303,64.000,236.000
279.948,64.737,64.000,236.000
277.119,68.697,64.000,236.000
274.290,68.132,64.000,236.000
268.067,70.960,64.000,236.000
266.369,73.789,64.000,236.000
263.541,76.618,64.000,236.000
260.712,79.447,64.000,236.000
255.620,81.144,64.000,236.000
252.791,81.710,64.000,236.000
254.488,83.407,64.000,236.000
249.396,86.236,64.000,236.000
254.488,80.013,64.000,236.000
244.870,89.631,64.000,236.000
237.515,99.249,64.000,236.000
234.687,90.762,64.000,236.000
242.041,78.881,64.000,236.000
239.213,82.841,64.000,236.000
238.647,86.802,64.000,236.000
246.002,76.052,64.000,236.000
251.094,67.566,64.000,236.000
243.739,89.631,64.000,236.000
239.778,99.249,64.000,236.000
239.213,109.998,64.000,236.000
236.384,119.616,64.000,236.000
233.555,122.445,64.000,236.000
227.148,128.779,62.635,230.967
272.112,96.552,61.299,226.042
282.690,90.083,59.992,221.221
286.402,89.552,59.992,221.221
281.629,84.779,59.992,221.221
285.341,74.703,59.992,221.221
281.629,70.991,59.992,221.221
275.795,77.885,59.992,221.221
280.568,72.051,59.992,221.221
273.674,86.370,59.992,221.221
275.265,92.204,59.992,221.221
281.754,95.809,61.320,226.116
277.960,101.772,61.320,226.116
285.007,91.473,61.320,226.116
298.722,86.046,60.012,221.294
313.046,81.272,60.012,221.294
311.455,83.924,60.012,221.294
315.168,88.699,60.012,221.294
312.516,81.802,60.012,221.294
310.924,86.577,60.012,221.294
309.333,87.108,60.012,221.294
308.802,89.760,60.012,221.294
312.516,87.108,60.012,221.294
307.741,81.272,60.012,221.294
310.394,81.802,60.012,221.294
309.863,84.455,60.012,221.294
307.211,86.047,60.012,221.294
308.802,82.333,60.012,221.294
314.638,79.680,60.012,221.294
310.924,75.967,60.012,221.294
314.638,77.558,60.012,221.294
311.222,71.257,61.340,226.190
316.102,71.800,61.340,226.190
311.007,69.508,60.032,221.366
307.044,68.287,58.751,216.646
300.292,65.691,58.751,216.646
308.082,69.326,58.751,216.646
312.757,75.039,58.751,216.646
307.044,79.714,58.751,216.646
302.369,79.194,58.751,216.646
296.656,84.907,58.751,216.646
288.866,81.272,58.751,216.646
282.114,78.675,58.751,216.646
274.323,83.349,58.751,216.646
275.882,81.791,58.751,216.646
283.672,75.039,58.751,216.646
283.561,60.249,60.051,221.439
280.143,52.843,61.380,226.338
273.271,58.783,62.738,231.346
268.280,56.010,62.738,231.346
264.398,58.783,62.738,231.346
260.515,61.556,62.738,231.346
263.288,65.438,62.738,231.346
270.498,59.338,62.738,231.346
279.927,69.875,62.738,231.346
292.683,69.321,62.738,231.346
298.783,70.984,62.738,231.346
303.775,67.102,62.738,231.346
302.111,66.548,62.738,231.346
293.937,57.659,64.126,236.465
299.039,68.430,64.126,236.465
303.007,75.799,64.126,236.465
294.504,70.697,64.126,236.465
288.268,73.531,64.126,236.465
288.835,78.633,64.126,236.465
293.937,84.869,64.126,236.465
291.888,82.473,62.759,231.422
297.991,89.685,62.759,231.422
294.108,86.911,62.759,231.422
303.539,95.233,62.759,231.422
308.532,101.336,62.759,231.422
303.539,94.124,62.759,231.422
299.656,88.021,62.759,231.422
295.772,80.809,62.759,231.422
291.888,73.596,62.759,231.422
280.238,63.055,62.759,231.422
267.539,43.599,61.420,226.487
261.390,38.163,60.110,221.657
261.519,40.015,58.828,216.930
257.879,40.535,58.828,216.930
260.479,41.055,58.828,216.930
254.758,46.775,58.828,216.930
260.042,69.734,60.130,221.730
252.208,64.524,61.460,226.635
256.011,65.067,61.460,226.635
248.948,64.524,61.460,226.635
252.214,62.581,62.820,231.650
249.437,65.357,62.820,231.650
251.103,65.913,62.820,231.650
256.101,65.357,62.820,231.650
255.546,68.134,62.820,231.650
261.655,64.247,62.820,231.650
265.542,68.134,62.820,231.650
269.429,62.025,62.820,231.650
268.874,58.138,62.820,231.650
274.983,54.251,62.820,231.650
275.538,58.138,62.820,231.650
279.426,58.693,62.820,231.650
282.202,61.470,62.820,231.650
286.090,65.357,62.820,231.650
289.977,67.023,62.820,231.650
291.643,72.021,62.820,231.650
292.676,71.187,64.210,236.775
296.650,76.296,64.210,236.775
294.947,71.187,64.210,236.775
295.515,74.025,64.210,236.775
294.947,71.187,64.210,236.775
297.785,63.808,64.210,236.775
296.082,56.429,64.210,236.775
294.379,61.538,64.210,236.775
289.271,56.429,64.210,236.775
281.892,62.673,64.210,236.775
274.512,63.241,64.210,236.775
268.269,67.214,64.210,236.775
271.107,66.646,64.210,236.775
277.351,61.538,64.210,236.775
281.324,65.511,64.210,236.775
277.351,55.861,64.210,236.775
277.229,57.364,65.631,242.014
273.168,61.426,65.631,242.014
277.229,55.044,65.631,242.014
280.130,46.341,65.631,242.014
283.031,46.921,65.631,242.014
281.290,50.982,65.631,242.014
287.672,52.723,65.631,242.014
288.253,52.143,65.631,242.014
294.635,57.365,65.631,242.014
298.696,57.945,65.631,242.014
296.955,60.846,65.631,242.014
305.658,59.105,65.631,242.014
303.918,56.204,65.631,242.014
306.818,52.143,65.631,242.014
305.078,50.402,65.631,242.014
304.498,45.181,65.631,242.014
310.880,49.242,65.631,242.014
306.818,39.379,65.631,242.014
312.040,42.280,65.631,242.014
319.582,41.700,65.631,242.014
314.361,36.478,65.631,242.014
323.064,39.379,65.631,242.014
321.323,36.478,65.631,242.014
328.865,33.577,65.631,242.014
327.888,38.954,64.231,236.853
326.184,38.386,64.231,236.853
327.888,34.411,64.231,236.853
327.320,38.386,64.231,236.853
325.616,38.954,64.231,236.853
319.370,39.521,64.231,236.853
324.481,38.954,64.231,236.853
328.455,36.115,64.231,236.853
324.481,43.496,64.231,236.853
323.913,41.793,64.231,236.853
326.752,38.954,64.231,236.853
332.998,36.115,64.231,236.853
329.023,34.411,64.231,236.853
328.455,40.657,64.231,236.853
327.888,36.682,64.231,236.853
326.184,41.793,64.231,236.853
324.481,43.496,64.231,236.853
322.777,46.335,64.231,236.853
318.803,46.903,64.231,236.853
317.846,51.070,62.861,231.802
312.844,51.626,62.861,231.802
318.335,54.633,61.521,226.858
313.440,51.914,61.521,226.858
311.809,53.545,61.521,226.858
316.704,50.826,61.521,226.858
312.897,53.545,61.521,226.858
314.528,49.739,61.521,226.858
310.721,50.282,61.521,226.858
308.002,47.563,61.521,226.858
302.020,48.107,61.521,226.858
294.950,42.125,61.521,226.858
288.967,41.581,61.521,226.858
286.248,41.037,61.521,226.858
286.792,43.756,61.521,226.858
286.248,42.125,61.521,226.858
288.967,47.019,61.521,226.858
284.073,38.861,61.521,226.858
288.967,44.844,61.521,226.858
282.985,35.598,61.521,226.858
285.704,39.405,61.521,226.858
289.511,35.598,61.521,226.858
288.967,29.616,61.521,226.858
292.774,35.598,61.521,226.858
292.230,31.791,61.521,226.858
296.037,38.861,61.521,226.858
297.669,41.581,61.521,226.858
299.300,46.475,61.521,226.858
294.406,52.458,61.521,226.858
294.949,48.651,61.521,226.858
293.318,56.809,61.521,226.858
298.213,50.826,61.521,226.858
302.020,55.721,61.521,226.858
294.949,60.615,61.521,226.858
299.844,53.545,61.521,226.858
297.125,50.826,61.521,226.858
302.020,47.019,61.521,226.858
297.958,56.253,60.209,222.021
301.684,57.849,60.209,222.021
308.603,60.511,60.209,222.021
314.458,53.591,60.209,222.021
318.183,50.930,60.209,222.021
319.780,54.656,60.209,222.021
316.054,51.995,60.209,222.021
317.651,49.333,60.209,222.021
312.861,55.188,60.209,222.021
309.135,51.462,60.209,222.021
299.022,45.608,60.209,222.021
294.232,44.011,60.209,222.021
300.087,48.801,60.209,222.021
301.684,48.269,60.209,222.021
294.764,44.543,60.209,222.021
292.103,41.882,60.209,222.021
285.184,43.479,60.209,222.021
287.845,48.269,60.209,222.021
284.119,53.059,60.209,222.021
280.393,49.333,60.209,222.021
276.668,56.253,60.209,222.021
276.797,52.977,58.925,217.286
282.527,57.665,58.925,217.286
289.298,54.019,58.925,217.286
296.070,57.665,58.925,217.286
294.507,52.977,58.925,217.286
293.986,50.372,58.925,217.286
292.424,51.935,58.925,217.286
299.195,57.665,58.925,217.286
301.800,58.186,58.925,217.286
300.237,64.958,58.925,217.286
304.925,67.562,58.925,217.286
310.655,72.250,58.925,217.286
309.093,67.562,58.925,217.286
307.530,64.958,58.925,217.286
316.385,70.687,58.925,217.286
308.572,70.167,58.925,217.286
299.716,69.646,58.925,217.286
301.279,71.208,58.925,217.286
299.716,73.813,58.925,217.286
296.070,71.208,58.925,217.286
293.465,73.813,58.925,217.286
287.736,76.417,58.925,217.286
283.047,75.897,58.925,217.286
282.527,80.585,58.925,217.286
280.964,82.147,58.925,217.286
277.317,83.710,58.925,217.286
273.671,81.106,58.925,217.286
267.941,84.752,58.925,217.286
267.420,80.064,58.925,217.286
261.690,85.794,58.925,217.286
263.253,80.064,58.925,217.286
267.941,75.376,58.925,217.286
266.379,81.106,58.925,217.286
267.941,81.626,58.925,217.286
263.253,80.064,58.925,217.286
270.025,83.710,58.925,217.286
274.713,81.106,58.925,217.286
272.108,88.919,58.925,217.286
266.379,86.315,58.925,217.286
261.690,82.668,58.925,217.286
268.462,84.231,58.925,217.286
274.192,79.543,58.925,217.286
272.629,75.897,58.925,217.286
277.317,76.417,58.925,217.286
273.671,76.938,58.925,217.286
271.067,73.292,58.925,217.286
272.629,68.604,58.925,217.286
268.983,62.874,58.925,217.286
274.130,67.701,57.668,212.652
276.679,70.250,57.668,212.652
278.208,68.721,57.668,212.652
283.816,75.348,57.668,212.652
280.247,72.799,57.668,212.652
283.816,77.387,57.668,212.652
279.228,82.995,57.668,212.652
283.816,89.622,57.668,212.652
276.169,85.034,57.668,212.652
272.601,90.642,57.668,212.652
273.110,90.132,57.668,212.652
268.522,86.564,57.668,212.652
263.934,89.113,57.668,212.652
255.268,83.505,57.668,212.652
248.640,80.956,57.668,212.652
244.052,75.348,57.668,212.652
243.542,74.838,57.668,212.652
243.033,72.289,57.668,212.652
245.582,75.858,57.668,212.652
247.111,74.328,57.668,212.652
251.699,76.877,57.668,212.652
256.287,79.426,57.668,212.652
258.836,82.995,57.668,212.652
260.925,82.806,56.439,208.117
257.433,87.296,56.439,208.117
264.916,82.806,56.439,208.117
266.413,87.296,56.439,208.117
272.899,79.812,56.439,208.117
267.411,80.311,56.439,208.117
272.899,80.810,56.439,208.117
270.405,83.304,56.439,208.117
270.904,77.816,56.439,208.117
272.400,85.300,56.439,208.117
267.910,80.810,56.439,208.117
274.396,83.304,56.439,208.117
276.891,89.790,56.439,208.117
275.394,84.302,56.439,208.117
281.880,80.810,56.439,208.117
286.370,89.292,56.439,208.117
287.867,83.803,56.439,208.117
289.364,79.313,56.439,208.117
288.865,84.801,56.439,208.117
291.359,81.309,56.439,208.117
289.863,77.816,56.439,208.117
288.366,85.300,56.439,208.117
287.867,92.784,56.439,208.117
285.372,97.274,56.439,208.117
280.882,102.762,56.439,208.117
275.394,107.253,56.439,208.117
271.901,99.769,56.439,208.117
271.402,95.279,56.439,208.117
268.908,90.788,56.439,208.117
261.424,97.274,56.439,208.117
257.932,105.756,56.439,208.117
251.446,114.238,56.439,208.117
246.955,118.728,56.439,208.117
255.437,110.246,56.439,208.117
252.942,108.750,56.439,208.117
248.452,114.238,56.439,208.117
253.940,106.754,56.439,208.117
248.657,101.863,57.687,212.722
246.107,106.453,57.687,212.722
242.538,97.784,57.687,212.722
235.021,99.134,58.964,217.428
230.330,90.273,58.964,217.428
228.766,87.667,58.964,217.428
233.458,82.975,58.964,217.428
235.021,78.284,58.964,217.428
241.399,71.012,60.268,222.239
237.969,74.634,61.602,227.156
243.502,71.556,62.965,232.182
247.399,73.226,62.965,232.182
251.295,74.895,62.965,232.182
254.078,75.452,62.965,232.182
259.087,74.895,62.965,232.182
259.644,76.565,62.965,232.182
267.610,78.039,64.358,237.319
275.006,84.297,64.358,237.319
280.126,84.866,64.358,237.319
278.824,74.568,65.782,242.570
282.895,71.660,65.782,242.570
279.987,66.426,65.782,242.570
282.895,57.704,65.782,242.570
279.987,64.100,65.782,242.570
273.590,67.008,65.782,242.570
273.009,72.242,65.782,242.570
273.590,78.638,65.782,242.570
270.683,80.383,65.782,242.570
272.427,75.149,65.782,242.570
269.520,72.242,65.782,242.570
261.960,75.149,65.782,242.570
260.216,71.078,65.782,242.570
265.449,63.519,65.782,242.570
271.846,61.774,65.782,242.570
280.569,62.356,65.782,242.570
289.291,71.078,65.782,242.570
295.688,73.986,65.782,242.570
291.617,64.100,65.782,242.570
284.058,58.867,65.782,242.570
277.661,55.959,65.782,242.570
270.101,43.747,65.782,242.570
262.542,32.698,65.782,242.570
267.775,34.443,65.782,242.570
267.194,36.188,65.782,242.570
263.123,39.095,65.782,242.570
269.520,30.372,65.782,242.570
263.362,33.119,67.237,247.937
260.390,28.958,67.237,247.937
263.362,28.364,67.237,247.937
259.201,27.769,67.237,247.937
250.286,34.308,67.237,247.937
253.258,39.657,67.237,247.937
258.607,42.629,67.237,247.937
255.635,44.412,67.237,247.937
250.286,48.573,67.237,247.937
247.314,50.356,67.237,247.937
240.776,48.573,67.237,247.937
235.426,47.978,67.237,247.937
228.888,47.384,67.237,247.937
223.539,49.167,67.237,247.937
222.944,45.007,67.237,247.937
219.972,42.035,67.237,247.937
215.812,39.063,67.237,247.937
214.029,36.091,67.237,247.937
209.589,45.036,65.803,242.649
207.844,53.762,65.803,242.649
201.685,60.130,67.259,248.018
204.025,62.939,68.747,253.505
202.202,52.607,68.747,253.505
201.594,45.922,68.747,253.505
197.340,33.160,68.747,253.505
190.655,38.629,68.747,253.505
184.944,40.747,67.281,248.099
180.502,47.405,65.846,242.808
189.234,53.808,65.846,242.808
185.159,59.047,65.846,242.808
193.890,63.121,65.846,242.808
186.323,66.032,65.846,242.808
179.920,71.270,65.846,242.808
190.160,68.810,64.442,237.630
181.615,69.380,64.442,237.630
184.463,64.253,64.442,237.630
188.451,63.683,64.442,237.630
192.439,65.392,64.442,237.630
199.845,57.986,64.442,237.630
200.414,55.138,64.442,237.630
206.681,51.150,64.442,237.630
200.414,56.277,64.442,237.630
202.123,64.822,64.442,237.630
204.972,72.228,64.442,237.630
211.238,84.191,64.442,237.630
209.529,90.458,64.442,237.630
212.377,89.888,64.442,237.630
208.390,91.597,64.442,237.630
199.742,95.778,63.068,232.563
189.149,96.336,63.068,232.563
186.362,102.468,63.068,232.563
181.123,110.859,61.723,227.603
174.944,120.123,60.407,222.750
182.280,118.895,59.118,217.999
192.481,125.753,57.858,213.351
182.763,129.333,57.858,213.351
187.366,121.661,57.858,213.351
196.061,119.104,57.858,213.351
215.055,108.784,59.138,218.071
226.033,88.396,59.138,218.071
236.769,81.102,60.446,222.896
245.853,77.361,60.446,222.896
251.731,78.964,60.446,222.896
254.943,80.379,61.784,227.827
266.413,77.648,61.784,227.827
271.328,80.379,61.784,227.827
268.598,87.479,61.784,227.827
272.421,88.026,61.784,227.827
270.782,91.849,61.784,227.827
273.513,92.395,61.784,227.827
275.152,94.033,61.784,227.827
