0.28260374
0.04310632
0.04282331
0.04275417
0.04282355
0.04274678
0.04277492
0.04278374
0.04263687
0.04267883
0.02872539
0.02867556
0.02871513
0.02967501
0.02875948
0.04357719
0.02878976
0.02874804
0.02872562
0.02875471
0.02876234
0.04275274
0.02880168
0.02881598
0.02878356
0.02876115
0.02886581
0.04279447
0.02878714
0.02873993
0.03115034
0.03123355
0.03124785
0.04528618
0.03132057
0.03124976
0.03049564
0.03129315
0.03133535
0.04523349
0.03042293
0.03043938
0.03134990
0.03042436
0.03049564
0.04447174
0.03051472
0.03133583
0.03048491
0.03046370
0.03132820
0.04439187
0.03045583
0.03046989
0.03130674
0.03042531
0.03130317
0.04525948
0.03050518
0.03055263
0.03137398
0.03053737
0.03136802
0.04531503
0.03136659
0.03139448
0.03136826
0.02948713
0.03135633
0.04526472
0.03142691
0.02959371
0.03142190
0.03139377
0.03136754
0.04526949
0.03142929
0.03134608
0.03137016
0.03137732
0.03120780
0.04516673
0.03120923
0.03125763
0.03120923
0.03119469
0.03131461
0.04514551
0.03043389
0.03134203
0.03146124
0.03037453
0.03050947
0.04443550
0.03039241
0.03035784
0.03035879
0.03034091
0.03049707
0.04429507
0.03048253
0.03045917
0.03049469
0.03039765
0.03041863
0.04430151
0.03040338
0.03037882
0.03048873
0.03038526
0.03100324
0.04430437
0.03037715
0.03039908
0.03036690
0.03035140
0.03040504
0.04423118
0.03032279
0.03028393
0.03045082
0.03040314
0.03032422
0.04432440
0.03046322
0.03040671
0.02949643
0.02945328
0.03127646
0.04340720
0.02946949
0.02944064
0.03129745
0.02938271
0.03126097
0.04343867
0.03092241
0.02938437
0.03037381
0.02934027
0.02939534
0.04440260
