0.28700662
0.04441214
0.04574513
0.04575062
0.04635620
0.04640770
0.04641891
0.04627895
0.04631400
0.04632497
0.03230405
0.03234076
0.03235364
0.03236079
0.03232241
0.04626393
0.03220439
0.03223228
0.03236365
0.03219604
0.03209400
0.04608130
0.03212976
0.03207850
0.03211832
0.03224349
0.03214431
0.04611373
0.03207612
0.03210402
0.03440189
0.03458118
0.03445005
0.04851604
0.03442168
0.03448296
0.03452253
0.03452587
0.03444028
0.04830861
0.03435850
0.03445768
0.03446007
0.03436470
0.03441882
0.04822350
0.03440619
0.03444815
0.03462791
0.03446817
0.03438067
0.04831243
0.03443718
0.03441072
0.03430176
0.03434110
0.03445959
0.04853296
0.03432775
0.03439617
0.03440380
0.03442526
0.03432941
0.04838371
0.03442049
0.03361464
0.03437781
0.03429103
0.03442574
0.04739928
0.03353071
0.03444862
0.03437829
0.03441501
0.03352451
0.04835582
0.03436780
0.03439069
0.03438926
0.03443789
0.03436565
0.04757237
0.03356504
0.03430963
0.03358054
0.03353000
0.03351426
0.04751277
0.03361583
0.03355885
0.03349018
0.03354335
0.03444529
0.04755688
0.03443074
0.03511190
0.03280091
0.03450990
0.03725791
0.04847312
0.03363705
0.03266168
0.03446054
0.03438449
0.03444600
0.04751778
0.03359151
0.03266048
0.03267598
0.03446198
0.03259468
0.04663658
0.03373265
0.03444934
0.03438854
0.03444862
0.03447199
0.04832888
0.03356981
0.03264213
0.03446627
0.03269935
0.03441787
0.04760933
0.03370404
0.03455901
0.03452778
0.03278184
0.03365588
0.04768157
0.03275561
0.03455377
0.03447890
0.03450942
0.03270268
0.04774284
0.03371835
0.03366685
0.03454852
0.03465819
0.03363395
0.04766822
0.03460455
0.03274298
0.03271961
0.03464627
0.03271604
0.04842591
0.03263688
0.03445315
0.03448653
0.03457236
0.03452563
0.04835033
0.03441334
0.03447199
0.03453016
0.03365278
0.03447461
0.04751062
0.03359556
0.03375363
0.03449416
0.03362274
0.03259659
0.04743123
0.03350949
0.03440881
0.03361058
0.03443718
0.03360820
0.04770494
0.03276253
0.03267503
0.03362536
0.03269553
0.03455853
0.04861236
0.03471351
0.03477979
0.03378963
0.03463483
0.03457475
0.04672527
0.03459144
0.03287768
0.03263092
0.03469563
0.03272700
0.04844570
0.03443861
0.03354025
0.03356957
0.03442574
0.03354716
0.04751158
0.03429675
0.03436923
0.03437567
0.03432775
0.03353286
0.04648781
0.03437018
0.03363562
0.03361535
0.03452349
0.03352976
0.04760289
0.03362036
0.03368783
0.03363156
0.03367782
0.03369212
0.04773831
0.03370428
0.03430629
0.03360724
0.03357100
0.03269315
0.04663372
0.03446007
0.03269792
0.03363037
0.03459668
0.03273797
0.04844165
0.03444815
0.03443742
0.03451324
0.03447127
0.03443027
0.04855013
0.03274989
0.03366423
0.03448057
0.03441668
0.03437495
0.04838872
0.03435707
0.03254604
0.03456283
0.03465843
0.03464150
0.04679012
0.03444862
0.03448510
0.03352904
0.03264117
0.03351307
0.04770994
0.03383374
0.03460026
0.03269291
0.03451824
0.03353858
0.04849148
0.03255129
0.03441215
0.03266096
0.03376365
0.03366661
0.04834700
0.03443408
0.03441119
0.03459883
0.03355336
0.03525591
0.04675364
0.03370571
0.03374410
0.03437877
0.03357315
0.03353739
0.04752278
0.03361416
0.03461504
0.03364968
0.03449750
0.03437042
0.04838347
0.03346229
0.03353071
0.03348398
0.03454351
0.03363061
0.04773116
0.03449893
0.03445578
0.03437591
0.03256035
0.03432703
0.04821968
0.03436422
0.03379345
0.03372765
0.03363490
0.03437281
0.04757142
0.03355098
0.03354573
0.03441811
0.03362560
0.03283834
0.04856277
0.03371119
0.03517222
0.03385425
0.03363132
0.03261423
0.04832220
0.03352118
0.03267145
0.03455162
0.03445292
0.03353000
0.04740667
0.03359866
0.03360057
0.03261566
0.03361082
0.03351188
0.04660082
0.03461814
0.03368211
0.03261042
0.03349924
0.03356218
0.04851890
0.03261352
0.03444648
0.03359151
0.03450227
0.03376555
0.04680681
0.03365374
0.03359485
0.03354383
0.03363585
0.03430152
0.04840565
0.03440380
0.03450847
0.03273773
0.03459263
0.03447652
0.04665661
0.03447342
0.03263831
0.03355956
0.03371572
0.03448343
0.04755974
0.03360724
0.03448153
0.03272319
0.03442025
0.03260255
0.04836011
0.03445292
0.03361201
0.03366733
0.03274727
0.03441358
0.04826474
0.03354526
0.03449702
0.03267741
0.03362250
0.03352499
0.04799032
0.03433681
0.03364849
0.03262186
0.03441882
0.03353429
0.04748964
0.03352642
0.03353572
0.03364682
0.03368759
0.03456259
0.04828858
0.03436255
0.03438544
0.03350019
0.03362799
0.03262210
0.04752541
0.03432202
0.03436613
0.03354478
0.03360128
0.03362918
0.04767656
0.03367996
0.03369260
0.03375411
0.03380251
0.03277206
0.04849124
0.03367543
0.03372335
0.03376293
0.03372478
0.03363943
0.04839921
0.03355384
0.03359890
0.03274202
0.03374457
0.03449678
0.04767895
0.03350663
0.03266621
0.03364348
0.03363442
0.03444433
0.04838991
0.03267217
0.03364110
0.03454900
0.03455114
0.03364158
0.04744267
0.03359365
0.03370929
0.03361440
0.03361750
0.03453016
0.04846120
0.03366399
0.03452539
0.03801823
0.04239845
0.03686666
0.04934168
0.03462720
0.03276038
0.03364778
0.03364730
0.03576326
0.04856586
0.03453326
0.03445268
0.03444338
0.03453445
0.03266978
0.04832649
0.03256607
0.03263283
0.03358221
0.03367496
0.03445864
0.04848719
0.03271461
0.03446817
0.03260946
0.03439784
0.03436446
0.04759836
0.03355622
0.03355694
0.03457594
0.03374290
0.03453445
0.04848766
0.03260803
0.03392410
0.03441834
0.03437304
0.03445029
0.04765940
0.03374338
0.03280020
0.03459620
0.03365254
0.03449416
0.04845572
0.03450465
0.03358793
0.03358531
0.03365159
0.03366899
0.04763770
0.03321981
0.03450537
0.03455067
0.03388619
0.03454375
0.04756355
0.03258777
0.03487492
0.03454590
0.03464246
0.03356504
0.04701638
0.03356338
0.03505921
0.03349924
0.03599238
0.03378057
0.04846191
0.03361464
0.03358150
0.03371310
0.03359413
0.03442812
0.04759979
0.03359747
0.03265429
0.03447318
0.03266215
0.03355026
0.04745841
0.03353453
0.03266072
0.03254700
0.03452015
0.03355145
0.04753566
0.03434348
0.03480816
0.03435946
0.03444767
0.03440809
0.04676795
0.03369403
0.03438473
0.03351665
0.03362536
0.03448176
0.04747415
0.03368378
0.03370452
0.03455210
0.03359103
0.03261900
0.04663444
0.03361154
0.03457117
0.03271294
0.03361845
0.03632307
0.04747105
0.04155421
0.03459811
0.03458238
0.03367162
0.03367734
0.04867768
0.03358364
0.03450894
0.03465343
0.03455210
0.03360367
0.04834247
0.03362489
0.03356171
0.03260159
0.03273869
0.03363419
0.04765415
0.03355956
0.03344798
0.03351641
0.03353262
0.03448939
0.04759645
0.03351498
0.03441453
0.03437209
0.03439474
0.03348637
0.04841948
0.03361297
0.03357601
0.03349066
0.03271675
0.03356910
0.04845786
0.03454852
0.03366685
0.03270936
0.03454304
0.03360009
0.04776931
0.03369975
0.03277779
0.03361988
0.03376079
0.03363991
0.04763508
0.03369474
0.03368664
0.03262997
0.03367758
0.03443241
0.04751635
0.03318143
0.03359079
0.03450966
0.03447843
0.03353977
0.04761434
0.03368497
0.03365779
0.03267050
0.03449702
0.03449035
0.04769659
0.03375888
0.03377891
0.03276730
0.03277421
0.03371191
0.04857111
0.03367758
0.03376698
0.03459883
0.03274131
0.03268290
0.04855275
0.03276491
0.03456116
0.03458858
0.03288770
0.03366613
0.04857755
0.03374553
0.03379917
0.03376365
