0.29483843
0.04534388
0.04595804
0.04647374
0.04624605
0.04632425
0.04629660
0.04639626
0.04646087
0.04646873
0.03196621
0.03198457
0.03209543
0.03217077
0.03192353
0.04629159
0.03200269
0.03203917
0.03207397
0.03209662
0.03204727
0.04633975
0.03215528
0.03201938
0.03206491
0.03209901
0.03223276
0.04635882
0.03210974
0.03206778
0.03443599
0.03471684
0.03452110
0.04871583
0.03440881
0.03447080
0.03470278
0.03448272
0.03447413
0.04877400
0.03465867
0.03449059
0.03446364
0.03458738
0.03453445
0.04886580
0.03455138
0.03454924
0.03450441
0.03451037
0.03450751
0.04878664
0.03456426
0.03461885
0.03448749
0.03440142
0.03461933
0.04882336
0.03449106
0.03357220
0.03358650
0.03450847
0.03466845
0.04794621
0.03376079
0.03365612
0.03448367
0.03463864
0.03458261
0.04879403
0.03454876
0.03452849
0.03454781
0.03453898
0.03452253
0.04891872
0.03453398
0.03367257
0.03363132
0.03367591
0.03379607
0.04796052
0.03365493
0.03373218
0.03365040
0.03362608
0.03372169
0.04804969
0.03375721
0.03365421
0.03266692
0.03373265
0.03366971
0.04799509
0.03376102
0.03450775
0.03452587
0.03363872
0.03271198
0.04892468
0.03273535
0.03267312
0.03455496
0.03263807
0.03266692
0.04881430
0.03257370
0.03454852
0.03268313
0.03268743
0.03445435
0.04875898
0.03455424
0.03450370
0.03464079
0.03366661
0.03269935
0.04695606
0.03452229
0.03356361
0.03367829
0.03363156
0.03364325
0.04792786
0.03363323
0.03370118
0.03371620
0.03452587
0.03367877
0.04798436
0.03369021
0.03364992
0.03372812
0.03365564
0.03273892
0.04691219
0.03370833
0.03266644
0.03469014
0.03286648
0.03277326
0.04889154
0.03272200
0.03283882
0.03464651
0.03269482
0.03297830
0.04889226
0.03290176
0.03463411
0.03465819
0.03471637
0.03460836
0.04889464
0.03460813
0.03465152
0.03463721
0.03518772
0.03465986
0.04892254
0.03459191
0.03458190
0.03453970
0.03453755
0.03555179
0.04895163
0.03477192
0.03456974
0.03308201
0.03390050
0.03381419
0.04906631
0.03470874
0.03465605
0.03500223
0.03477836
0.03471494
0.04731679
0.03479147
0.03473592
0.03473043
0.03359389
0.03273368
0.05011082
0.03490710
0.03465772
0.03452921
0.03461576
0.03472614
0.04934692
0.03466129
0.03459597
0.03370118
0.03371906
0.03454185
0.04898381
0.03464413
0.03467941
0.03460741
0.03464317
0.03276038
0.04885864
0.03468561
0.03376555
0.03387761
0.03385472
0.03365922
0.04801798
0.03373718
0.03368616
0.03372955
0.03371763
0.03366256
0.04884267
0.03451467
0.03454876
0.03461909
0.03453922
0.03466463
0.04890180
0.03387403
0.03368807
0.03371406
0.03367448
0.03446817
0.04888129
0.03380489
0.03380561
0.03288889
0.03289056
0.03381014
0.04823399
0.03467774
0.03461766
0.03368902
0.03462362
0.03376532
0.04901004
0.03284407
0.03479075
0.03285623
0.03384519
0.03377175
0.04802775
0.03382921
0.03280544
0.03475189
0.03474069
0.03479266
0.04907537
0.03462362
0.03282285
0.03470135
0.03767729
0.03282976
0.04898238
0.03287888
0.03284669
0.03377104
0.03482723
0.03461838
0.04819369
0.03373814
0.03472662
0.03273559
0.03280067
0.03466344
0.04909348
0.03280950
0.03286886
0.03461719
0.03275204
0.03275514
0.04899812
0.03476048
0.03471971
0.03462791
0.03382683
0.03370810
0.04801488
0.03369331
0.03456473
0.03367066
0.03375268
0.03272843
0.04717731
0.03496885
0.03273559
0.03458738
0.03276443
0.03377008
