0.28044367
0.04251885
0.04191184
0.04138470
0.04148793
0.04144955
0.04149580
0.04149222
0.04147625
0.04138780
0.02722883
0.02726293
0.02726293
0.02721810
0.02719092
0.04138827
0.02710962
0.02711940
0.02715254
0.02720046
0.02714324
0.04143643
0.02722454
0.02727222
0.02709532
0.02710938
0.02713037
0.04156613
0.02721620
0.02723193
0.02958298
0.02956200
0.02949357
0.04381895
0.02957296
0.02959418
0.02950978
0.02956867
0.02949929
0.04363990
0.02961588
0.03017187
0.02966881
0.02955055
0.02955461
0.04377627
0.02954721
0.02954531
0.02958059
0.02967596
0.02948141
0.04366374
0.02947760
0.02960968
0.02954173
0.02959418
0.02948618
0.04277611
0.02948308
0.02863526
0.02952099
0.02875757
0.02899599
0.04394603
0.02866626
0.02956009
0.02954841
0.02946544
0.02948713
0.04360104
0.02984452
0.02867770
0.02869058
0.02879333
0.02865243
0.04304862
0.02935672
0.02886724
0.02878332
0.02867055
0.02866697
0.04286194
0.02868223
0.02880883
0.02874756
0.02969933
0.02975965
0.04203629
0.02958846
0.02781367
0.02947831
0.02768946
0.02762723
0.04288459
0.02775526
0.02770996
0.02868271
0.02765751
0.02957797
0.04191518
0.02772450
0.02869630
0.02778530
0.02949190
0.02956438
0.04382491
0.02961946
0.02971268
0.02959418
0.02962637
0.02955484
0.04373789
0.02950668
0.02958632
0.02953577
0.02790689
0.02863550
0.04244876
0.02803469
0.02869439
0.02770185
0.02962446
0.02957439
0.04365706
0.02961659
0.02965403
0.02961254
0.02964330
0.02961302
0.04376435
0.02969193
0.02967024
0.02964520
0.02968311
0.02974796
0.04189706
0.02792668
0.02864099
0.02778840
0.02774286
0.02953291
0.04298186
0.02955413
0.02860999
0.02955866
0.02961850
0.02954745
0.04361582
0.02962089
0.02962399
0.02956557
0.02874088
0.02860522
0.04276848
0.02862620
0.02866650
0.02858210
0.02871513
0.02771759
0.04193902
0.02777123
0.02763581
0.02950358
0.02759743
0.02770376
0.04361796
0.02960134
0.02949429
0.02870297
0.02864623
0.02953982
0.04273963
0.02868819
0.02960062
0.02957940
0.02950048
0.02946997
0.04360008
0.02865791
0.02858901
0.02864647
0.02875566
0.02867532
0.04290867
0.02862406
0.02861834
0.02947116
0.02948737
0.02950788
0.04282403
0.02952266
0.02955484
0.02862763
0.02953839
0.02771354
0.04275799
0.02773809
0.02769971
0.02864790
0.02766538
0.02958059
0.04188704
0.02775645
0.02966619
0.02955651
0.02960706
0.02863932
0.04361248
0.02761006
0.02951431
0.02867627
0.02873468
0.02952075
0.04370856
0.02868962
0.02868128
0.02959967
0.02764153
0.02958345
0.04366159
0.02963495
0.02954602
0.02955198
0.02871585
0.02860069
0.04360271
0.02957869
0.02860856
0.02954340
0.02962613
0.02878428
0.04372430
0.02960396
0.02954626
0.02963328
0.02946162
0.02951884
0.04377389
0.02956128
0.02765179
0.02953172
0.02773905
0.02768421
0.04369974
0.02774858
0.02949357
0.02962327
0.02950406
0.02868700
0.04286480
0.02952242
0.02850866
0.02876306
0.02878881
0.02891970
0.04182839
0.02867174
0.02958822
0.02947760
0.02777123
0.02950096
0.04389167
0.02950096
0.02774000
0.02954149
0.02869296
0.02873039
0.04287028
0.02870202
0.02875113
0.02865076
0.02874637
0.02868271
0.04273057
0.02858329
0.02865505
0.02871656
0.02948189
0.02766299
0.04369783
0.02956223
0.02858138
0.02863050
0.02867365
0.02867103
0.04288173
0.02868605
0.02909970
0.02890348
0.02883410
0.02868938
0.04284763
0.02961946
0.03078556
0.03003383
0.02959657
0.02959085
0.04364634
0.02875113
0.02865171
0.02952194
0.02867913
0.02862191
0.04290009
0.02870965
0.02870870
0.02772260
0.02954149
0.02774119
0.04318452
0.02981281
0.02785993
0.02959824
0.02872062
0.02870965
0.04288197
0.02878904
0.02876282
0.02875185
0.02869153
0.02866077
0.04275608
0.02865529
0.02770615
0.02773595
0.02882814
0.02791357
