0.27977300
0.04202986
0.04087639
0.04083204
0.04073596
0.04077244
0.04076362
0.04082012
0.04066038
0.04089689
0.02660298
0.02658963
0.02654076
0.02641273
0.02646470
0.04078579
0.02660942
0.02663445
0.02653337
0.02650404
0.02645254
0.04075241
0.02642226
0.02665997
0.02647519
0.02660275
0.02665877
0.04080892
0.02642393
0.02645826
0.02887368
0.02883506
0.02888298
0.04331779
0.02889490
0.02895427
0.02900410
0.02804255
0.02893305
0.04318023
0.02891541
0.02897215
0.02892065
0.02893543
0.02882743
0.04307032
0.02889514
0.02879000
0.02888536
0.02886748
0.02793837
0.04217696
0.02802753
0.02794981
0.02876806
0.02795625
0.02788782
0.04221559
0.02801323
0.02796865
0.02878904
0.02789807
0.02796268
0.04217958
0.02792239
0.02802110
0.02898693
0.02701926
0.02790499
0.04112887
0.02881479
0.02698112
0.02705598
0.02894568
0.02710462
0.04129028
0.02889657
0.02889872
0.02893066
0.02805781
0.02902126
0.04239368
0.02801394
0.02887678
0.02794886
0.02885962
0.02789116
0.04319000
0.02804637
0.02895212
0.02887440
0.02714205
0.02800441
0.04228330
0.02883530
0.02700639
0.02795410
0.02798223
0.02894664
0.04229283
0.02706218
0.02802730
0.02700686
0.02895021
0.02905703
0.04327559
0.02883601
0.02884269
0.02792358
0.02796912
0.02874660
0.04230142
0.02796769
0.02710152
0.02885199
0.02798724
0.02883911
0.04225755
0.02901578
0.02896142
0.02884364
0.02903843
0.02896214
0.04220462
0.02805591
0.02887487
0.02885151
0.02893543
0.02805281
0.04257369
0.02889824
0.02808332
0.02886558
0.02893901
0.02890038
0.04229927
0.02892590
0.02823186
0.02904606
0.02806950
0.02902555
0.04240179
0.02807593
0.02797484
0.02805042
0.02809405
0.02815366
0.04227400
0.02818823
0.02825427
