0.27756691
0.04052162
0.03852820
0.03853583
0.03859162
0.03847861
0.03860784
0.03864551
0.03862739
0.03868413
0.02413988
0.02411246
0.02411103
0.02413797
0.02408624
0.03852224
0.02405095
0.02403259
0.02404356
0.02400732
0.02409124
0.03853488
0.02418375
0.02411294
0.02416515
0.02405500
0.02411962
0.03847957
0.02405930
0.02402711
0.02642822
0.02644658
0.02647948
0.04091191
0.02652240
0.02649808
0.02656102
0.02794504
0.02704525
0.04132128
0.02684879
0.02678370
0.02679849
0.02681231
0.02664971
0.04097247
0.02656555
0.02667618
0.02655029
0.02659178
0.02652240
0.04112554
0.02662635
0.02647376
0.02649403
0.02648854
0.02658463
0.04076099
0.02661753
0.02661586
0.02647829
0.02650404
0.02649236
0.04078698
0.02478623
0.02648067
0.02648616
0.02646518
0.02670527
0.04082727
0.02659225
0.02663636
0.02655888
0.02646589
0.02564168
0.04000878
0.02662373
0.02654719
0.02659535
0.02654052
0.02648282
0.04091501
0.02653432
0.02569270
0.02651978
0.02584982
0.02569723
0.03995848
0.02561092
0.02557516
0.02652693
0.02644897
0.02554989
0.04092550
0.02464867
0.02566314
0.02643824
0.02665663
0.02561259
0.03989339
0.02657723
0.02647018
0.02666330
0.02648211
0.02564692
0.03998995
0.02577424
0.02648783
0.02641416
0.02646947
0.02560639
0.04094958
0.02646828
0.02643871
0.02643299
0.02646685
0.02651763
0.04079103
0.02642322
0.02569342
0.02652025
0.02551508
0.02557206
0.03897619
0.02461696
0.02641749
0.02644706
0.02666497
0.02469349
0.03996396
0.02472711
0.02582383
0.02654576
0.02461505
0.02655363
0.03909612
0.02660203
0.02481532
0.02476072
0.02567959
0.02572107
0.04023504
0.02563858
0.02659726
0.02475882
0.02471161
0.02671480
0.03942180
0.02472162
0.02564931
0.02474785
0.02582645
0.02661705
0.04099131
0.02677178
0.02657461
0.02658510
0.02667165
0.02655220
0.04103923
0.02476263
0.02567577
0.02662539
0.02662539
0.02659202
0.04105091
0.02472806
0.02658844
0.02652884
0.02651620
0.02658749
0.04005170
0.02576017
0.02566504
0.02567625
0.02664161
0.02654982
0.03994083
0.02563047
0.02564597
0.02578521
0.02578282
0.02567005
0.04075742
0.02474475
0.02652884
0.02465272
0.02651691
0.02643394
0.04089189
0.02651644
0.02560544
0.02645135
0.02647400
0.02650213
0.03990269
0.02467990
0.02665949
0.02470064
0.02655578
0.02651811
0.04084229
0.02562785
0.02565885
0.02650976
0.02653050
0.02661967
0.04080653
0.02660441
0.02573919
0.02570605
0.02468395
0.02651620
0.04093528
0.02566361
0.02658534
0.02554893
0.02571392
0.02461505
0.03903818
0.02652621
0.02562237
0.02467561
0.02485442
0.02658939
0.03921461
0.02654004
0.02653146
0.02661228
0.02661014
0.02652597
0.04096746
0.02567244
0.02653074
0.02645564
0.02560949
0.02474332
0.04092836
0.02659464
0.02655363
0.02660656
0.02650237
0.02664042
0.04105520
0.02659249
0.02659678
0.02651334
0.02659345
0.02564168
0.04108477
0.02679110
0.02664137
0.02653861
0.02648473
0.02645350
0.04088807
0.02656770
0.02667522
0.02652884
0.02657890
0.02649665
0.04011536
0.02563572
0.02569938
0.02646923
0.02654362
0.02657747
0.04011679
0.02566051
0.02561069
0.02469158
0.02465177
0.02658367
0.04092979
0.02660203
0.02660823
0.02665067
0.02672076
0.02674842
0.04103136
0.02567029
0.02648067
0.02661633
0.02664065
0.02665472
0.04090953
0.02650237
0.02561688
0.02567577
0.02663231
0.02649117
0.04102516
0.02664900
0.02653217
0.02566242
0.02571177
0.02568388
0.04025793
0.02654219
0.02652836
0.02664828
0.02654433
0.02661109
0.04092741
0.02674341
0.02652669
0.02470422
0.02659106
0.02567887
0.04031396
0.02574444
0.02582240
0.02472711
0.02656102
0.02473211
0.04095364
0.02571225
0.02571726
0.02578402
0.02568817
0.02475214
0.04013085
0.02569890
0.02478242
0.02576089
0.02580214
0.02572966
0.04021215
0.02570939
0.02577448
0.02659273
0.02568603
0.02579451
0.04011917
0.02592707
0.02482176
0.02578282
0.02572131
0.02577567
0.03917003
0.02666569
0.02575779
0.02575302
0.02574301
0.02587223
0.04103637
0.02591681
0.02580690
0.02571011
0.02469683
0.02474403
0.04122376
0.02665854
0.02583432
0.02669978
0.02657914
0.02470183
0.03917909
0.02664733
0.02663112
0.02664638
0.02664304
0.02660036
0.04093409
0.02576756
0.02677083
0.02714252
0.02582049
0.02569413
0.03933883
0.02669191
0.02665067
0.02663159
0.02671957
0.02678704
0.04039645
0.02572870
0.02570486
0.02665567
0.02583408
0.02663922
0.04038262
0.02671003
0.02579021
0.02665138
0.02574563
0.02579927
0.04026580
0.02575994
0.02573943
0.02570701
0.02573180
0.02591062
0.04012465
0.02582550
0.02688622
0.02680278
0.02576280
0.02573442
0.04022455
0.02580667
0.02663636
0.02657151
0.02665687
0.02673030
0.04094410
0.02575922
0.02672625
0.02677894
0.02583170
0.02588582
0.04116869
0.02676797
0.02590489
0.02587223
0.02588677
0.02581882
0.04015684
0.02581263
0.02673149
0.02575517
0.02586746
0.02588701
0.03926826
0.02677751
0.02486396
0.02689624
0.02671003
0.02581024
0.04120779
0.02678061
0.02676105
0.02669048
0.02681971
0.02574348
0.04110217
0.02577949
0.02575159
0.02591395
0.02589536
0.02677035
0.04112363
0.02589464
0.02585506
0.02586818
0.02589583
0.02578664
0.04038262
0.02578688
0.02681828
0.02582121
0.02571368
0.02668905
0.04105139
0.02576971
0.02585244
0.02593446
0.02594805
0.02587676
0.04121685
