0.29449606
0.04633403
0.04635048
0.04640698
0.04637790
0.04637909
0.04634881
0.04653001
0.04647446
0.04661751
0.03207541
0.03201151
0.03207564
0.03207207
0.03195095
0.04645967
0.03197050
0.03205371
0.03205848
0.03212762
0.03198290
0.04642630
0.03198338
0.03205180
0.03198791
0.03203678
0.03182364
0.04637146
0.03187823
0.03195190
0.03437781
0.03474641
0.03433299
0.04884458
0.03436732
0.03436589
0.03431010
0.03437042
0.03419971
0.04857922
0.03423738
0.03429055
0.03417516
0.03427172
0.03426695
0.04865551
0.03418756
0.03427076
0.03424716
0.03429818
0.03429890
0.04867697
0.03433061
0.03436399
0.03430772
0.03440380
0.03425527
0.04883647
0.03432536
0.03435373
0.03431201
0.03434682
0.03434801
0.04879570
0.03438568
0.03448009
0.03430676
0.03436017
0.03434587
0.04879737
0.03425694
0.03340125
0.03423071
0.03427649
0.03414416
0.04780769
0.03418398
0.03325462
0.03414440
0.03318834
0.03407001
0.04756355
0.03314304
0.03403950
0.03318286
0.03415489
0.03410101
0.04762816
0.03335690
0.03332186
0.03419161
0.03339481
0.03331065
0.04759312
0.03416038
0.03325796
0.03323483
0.03429627
0.03336930
0.04869485
0.03347683
0.03434443
0.03424859
0.03432226
0.03437448
0.04874468
0.03429604
0.03446507
0.03431726
0.03350496
0.03349113
0.04796457
0.03438997
0.03349328
0.03354692
0.03365159
0.03444147
0.04705000
0.03450513
0.03361034
0.03359675
0.03360748
0.03439021
0.04796743
0.03362131
0.03358817
0.03444815
0.03361845
0.03357649
0.04805279
0.03358197
0.03447509
0.03342342
0.03442049
0.03348327
0.04811168
0.03351307
0.03367019
0.03441334
0.03374004
0.03363132
0.04803443
0.03374052
0.03479147
0.03380942
0.03373122
0.03455710
0.04808044
0.03458405
0.03362751
0.03355408
0.03366756
0.03452468
0.04817963
0.03385043
0.03389072
0.03387713
0.03384709
0.03386903
0.04839134
0.03471398
0.03397870
0.03383970
0.03302717
0.03490591
0.04835367
0.03485370
0.03398895
0.03395510
0.03318644
0.03322649
0.04872155
0.03423285
0.03437519
0.03511810
0.03435540
0.03431630
0.04866958
0.03420615
0.03521705
0.03428054
0.03521991
0.03509140
0.04872012
0.03512454
0.03511810
0.03513241
0.03427148
0.03430009
0.04920816
0.03472471
0.03398848
0.03396463
0.03418374
0.03402686
0.04942060
0.03499579
0.03514624
0.03421545
0.03493190
0.03401327
0.04854989
0.03409863
0.03411412
0.03491426
0.03406525
0.03398132
0.04899979
0.03789949
0.03467941
0.03447723
0.03463912
0.03450131
0.04887629
0.03450227
0.03380752
0.03461266
0.03373218
0.03363180
0.04911971
0.03366518
0.03441882
0.03378963
0.03394699
0.03378344
0.04831600
0.03450966
0.03469300
0.03483534
0.03554463
0.03434849
0.04896450
0.03353119
0.03357959
0.03345633
0.03350139
0.03341126
0.04768515
0.03364229
0.03344250
0.03346324
0.03374481
0.03336740
0.04798126
0.03361082
0.03344750
0.03338075
0.03353000
0.03356242
0.04841661
0.03347969
0.03341031
0.03343010
0.03350782
0.03344202
0.04796171
0.03335929
0.03372717
0.03330994
0.03337216
0.03415132
0.04776597
0.03321576
0.03329206
0.03326559
0.03336644
0.03323817
0.04853487
0.03424907
0.03242803
0.03329849
0.03351259
0.03344631
0.04675364
0.03228831
0.03407907
0.03239226
0.03224206
0.03416419
0.04850793
0.03409815
0.03412318
0.03403616
0.03408170
0.03319955
0.04864573
0.03319216
0.03406549
0.03313804
0.03410769
0.03407478
0.04658222
0.03304529
0.03406882
0.03312254
0.03222537
0.03219724
0.04755688
0.03305984
0.03397894
0.03403044
0.03322744
0.03313041
0.04768395
0.03326869
0.03355885
0.03344512
0.03340936
0.03424716
0.04787993
0.03332281
0.03338981
0.03334856
0.03450251
0.03336048
0.04778242
0.03337121
0.03341436
0.03325462
0.03437424
0.03341603
0.04778266
0.03330731
0.03339672
0.03420377
0.03328443
0.03230309
0.04778123
0.03334546
0.03340626
0.03336859
0.03339100
0.03334403
0.04933238
0.03431582
0.03344154
0.03431869
0.03340578
0.03342509
0.04781294
0.03423524
0.03349733
0.03339911
0.03335381
0.03328419
0.04859447
0.03336716
0.03339982
0.03331876
0.03346586
0.03246069
0.04787993
0.03355861
0.03241324
0.03242826
0.03334856
0.03420782
0.04774404
0.03322124
0.03323674
0.03226638
0.03325367
0.03415799
0.04775763
0.03331232
0.03338265
0.03426051
0.03341603
0.03338933
0.04782891
0.03342509
0.03340745
0.03343797
0.03436208
0.03241754
0.04687285
0.03429389
0.03342152
0.03338504
0.03243971
0.03427124
0.04784513
0.03343153
0.03450990
0.03243613
0.03443432
0.03434038
0.04865813
0.03344345
0.03438807
0.03428602
0.03349185
0.03353024
0.04899955
0.03433466
0.03350663
0.03441691
0.03442335
0.03252268
0.04879522
0.03344941
0.03349781
0.03432322
0.03345156
0.03448129
0.04787469
0.03346729
0.03351521
0.03341651
0.03348327
0.03342581
0.04701805
0.03349304
0.03401399
0.03440309
0.03357434
0.03349948
0.04797602
0.03346181
0.03350806
0.03436971
0.03339863
0.03337908
0.04683733
0.03339720
0.03330231
0.03323746
0.03330421
0.03431368
0.04862761
0.03329206
0.03333879
0.03330541
0.03333831
0.03331923
0.04779625
0.03426266
0.03357697
0.03343678
0.03359962
0.03349042
0.04797316
0.03352213
0.03347015
0.03249955
0.03341484
0.03398347
0.04781580
0.03340316
0.03346801
0.03431678
0.03349996
0.03347683
0.04789209
0.03261399
0.03358293
0.03356576
0.03364635
0.03354836
0.04880595
0.03354073
0.03358769
0.03349900
0.03447986
0.03351450
0.04781008
0.03442502
0.03361583
0.03359246
0.03364658
0.03357887
0.04810739
0.03362823
0.03366518
0.03359628
0.03359890
0.03353333
0.04890513
0.03360009
0.03359222
0.03355002
0.03363943
0.03359628
0.04803586
0.03263545
0.03368235
0.03355360
0.03360033
0.03359866
0.04884553
0.03363609
0.03369570
0.03360200
0.03368449
0.03326559
0.04802632
0.03453326
0.03364038
0.03355575
0.03358865
0.03353691
0.04787040
0.03363252
0.03366804
0.03353763
0.03369856
0.03354239
0.04798126
0.03253126
0.03349900
0.03338432
0.03352618
0.03334379
0.04695725
0.03252506
0.03456783
0.03359342
0.03361511
0.03355336
0.04812932
0.03323913
0.03357720
0.03353834
0.03348279
0.03351140
0.04789758
0.03350019
0.03360343
0.03358412
0.03361106
0.03360677
0.04808831
0.03455687
0.03370118
0.03366637
0.03366089
0.03255868
0.04794574
0.03357124
0.03363228
0.03363371
0.03364873
0.03353453
0.04808640
0.03373027
0.03364086
0.03360319
0.03359962
0.03357363
0.04799962
0.03355813
0.03365111
0.03441787
0.03356934
0.03356242
0.04805827
0.03355360
0.03367090
0.03439808
0.03361487
0.03348660
0.04701233
0.03362274
0.03367376
0.03259706
0.03347135
0.03350329
0.04790974
0.03346038
0.03371024
0.03448677
0.03362226
0.03357506
0.04892659
0.03360224
0.03362870
0.03251863
0.03349090
0.03354454
0.04801512
0.03441072
0.03358746
0.03349495
0.03417468
0.03442645
0.04915929
0.03344893
0.03346634
0.03341866
0.03354573
0.03350806
0.04808497
0.03350711
0.03355241
0.03246260
0.03355527
0.03343081
0.04793882
0.03348684
0.03442907
0.03249550
0.03354144
0.03340864
0.04799390
0.03348112
0.03357029
0.04771733
0.03445697
0.03353167
0.04785848
0.03347540
0.03345203
0.03339362
0.03250694
0.03346014
0.04788923
0.03341365
0.03442907
0.03344250
0.03345942
0.03256726
0.04778910
0.03347969
0.03357077
0.03347683
0.03448915
0.03354168
0.04792666
0.03349972
0.03357649
0.03343344
0.03434086
0.03333974
0.04769373
0.03345227
0.03433084
0.03347230
0.03353834
0.03344536
0.04790473
0.05594301
0.03380656
0.03353214
0.03361797
0.03497934
0.04814196
0.03361988
0.03366613
0.03344369
0.03353786
0.03354287
0.04878354
0.03349495
0.03354645
0.03349805
0.03355503
0.03359580
0.04789734
0.03342271
0.03442407
0.03343320
0.03349686
0.03242230
0.04783177
0.03342390
0.03519630
0.03344870
0.03411603
0.03345370
0.04797554
0.03429389
0.03439355
0.03348565
0.03353167
0.03350306
0.04880095
0.03347778
0.03352404
0.03348684
0.03340888
0.03438568
0.04780865
0.03345394
0.03356409
0.03349376
0.03361201
0.03353071
0.04795027
0.03356647
0.03442955
0.03357601
0.03366995
0.03364539
0.04802752
0.03351927
0.03447938
0.03350043
0.03359032
0.03359413
0.04877257
0.03354120
0.03356981
0.03348184
0.03344870
0.03343916
0.04783344
0.03352547
0.03354836
0.03354621
0.03358197
0.03443170
0.04792690
0.03349280
0.03346467
0.03336906
0.03349328
0.03335238
0.04788709
0.03344417
0.03456235
0.03354287
0.03357553
0.03349328
0.04795647
0.03350019
0.03370571
0.03257775
0.03364968
0.03482485
0.04805136
0.03347516
0.03357506
0.03352427
0.03359890
0.03349876
0.04794812
0.03358817
0.03451681
0.03350830
0.03347874
0.03343678
0.04924607
0.03348565
0.03346920
0.03344655
0.03261089
0.03343916
0.04789805
0.03354812
0.03344345
0.03350878
0.03348303
0.03343844
0.04785085
0.03362966
0.03349876
0.03345275
0.03346276
0.03342128
0.04784274
0.03340054
0.03346944
0.03340340
0.03342271
0.03340054
0.04861760
0.03340268
0.03343248
0.03339982
0.03344464
0.03349972
0.04794550
0.03507304
0.03262210
0.03348660
0.03346181
0.03350854
0.04810381
0.03360271
0.03357744
0.03352785
0.03362393
0.03431559
0.04782701
0.03341341
0.03342915
0.03335404
0.03354526
0.03338242
0.04801583
0.03358078
0.03366494
0.03353882
0.03443384
0.03339362
0.04783273
0.03349280
0.03359175
0.03350711
0.03362417
0.03350973
0.04890394
0.03352237
0.03355289
0.03247833
0.03357935
0.03356028
0.04811621
0.03259683
0.03380466
0.03361201
0.03477359
0.03359461
0.04809761
0.03361821
0.03371263
0.03444266
0.03365564
0.03372455
0.04802322
0.03351974
0.03365588
0.03343725
0.03352165
0.03348660
0.04867983
0.03342628
0.03342438
0.03333521
0.03341603
0.03348804
0.04879904
0.03341722
0.03354096
0.03340816
0.03253913
0.03341722
0.04793692
0.03351927
0.03346467
0.03353238
0.03352165
0.03348708
0.04798365
0.03480124
0.03344703
0.03340840
0.03347039
0.03345776
0.04836249
0.03354788
0.03349447
0.03351569
0.03350902
0.03439045
0.04789615
0.03351903
0.03356957
0.03347445
0.03353691
0.03246689
0.04696870
0.03350353
0.03346491
0.03437448
0.03342962
0.03341556
0.04778790
0.03432512
0.03341246
0.03276539
0.03330064
0.03337717
0.04855466
0.03333545
0.03338504
0.03336072
0.03337121
0.03433013
0.04761004
0.03311181
0.03347397
0.03336644
0.03250313
0.03342938
0.04786372
0.03348494
0.03339386
0.03325844
0.03350019
0.03339243
0.04865980
0.03339291
0.03343773
0.03335094
0.03332067
0.03339314
0.04763317
0.03335166
0.03328705
0.03334308
0.03331590
0.03240514
0.04768991
0.03402352
0.03331995
0.03331971
0.03338337
0.03331566
0.04765558
0.03329825
0.03338695
0.03422427
0.03342724
0.03340197
0.04782271
0.03335404
0.03338504
0.03240156
0.03330874
0.03329086
0.04757667
0.03331590
0.03239679
0.03322244
0.03324485
0.03336573
0.04792666
0.03349876
0.03348756
0.03424954
0.03343487
0.03339744
0.04784727
0.03340125
0.03345323
0.03335834
0.03249311
0.03329730
0.04850221
0.03336906
0.03238940
0.03326654
0.03333592
0.03325796
0.04787946
0.03335714
0.03341579
0.03344941
0.03340077
0.03335261
0.04766488
0.03322339
0.03333592
0.03321195
0.03320050
0.03309131
0.04752636
0.03315926
0.03322458
0.03228879
0.03332496
0.03332019
0.04766750
0.03332210
0.03341317
0.03322172
0.03416800
0.03329849
0.04774284
0.03309679
0.03328896
0.03325176
0.03420615
0.03235841
0.04772019
0.03333402
0.03328919
0.03423643
0.03332090
0.03335381
0.04778528
0.03336644
0.03335619
0.03331351
0.03337669
0.03329206
0.04764676
0.03324223
0.03245902
0.03330946
0.03338838
0.03327489
0.04762340
0.03326988
0.03429723
0.03330469
0.03339076
0.03331900
0.04655099
0.03210402
0.03337407
0.03327894
0.03337216
0.03336072
0.04771638
0.03341436
0.03340769
0.03329062
0.03334522
0.03330564
0.04771090
0.03328586
0.03339076
0.03427982
0.03340650
0.03329659
0.04780984
0.03334141
0.03343940
0.03423023
0.03341985
0.03337979
0.04878020
0.03248763
0.03437972
0.03350925
0.03347969
0.03344846
0.04880834
0.03351784
0.03351355
0.03348804
0.03353667
0.03341532
0.04781055
0.03342295
0.03338218
0.03337169
0.03966999
0.03356886
0.04886627
0.03351617
0.03359985
0.03354788
0.03362274
0.03353906
0.04701066
0.03452587
0.03446579
0.03628016
0.03354216
0.03363204
0.04806900
0.03349280
0.03364348
0.03259897
0.03366375
0.03259921
0.04810286
0.03362346
0.03537631
0.03358173
0.03367066
0.03357172
0.04804826
0.03356123
0.03468347
0.03352499
0.03455830
0.03358960
0.04811144
0.03364062
0.03360486
0.03359675
0.03370905
0.03363609
0.04806852
0.03352571
0.03453541
0.03360820
0.03365350
0.03357100
0.04800487
0.03359246
0.03391027
0.03258109
0.03370285
0.03352261
0.04798937
0.03357744
0.03371930
0.03368735
0.03273273
0.03367829
0.04743385
0.03465199
0.03368306
0.03446603
0.03363657
0.03252721
0.04903221
0.03271532
0.03369474
0.03379869
0.03370404
0.03450084
0.04809093
0.03382468
0.03486323
0.03358603
0.03369308
0.03361726
0.04810596
0.03366661
0.03275514
0.03374958
0.03369808
0.03362370
0.04720974
0.03371954
0.03370881
0.03274965
0.03465176
0.03454566
0.04900503
0.03366828
0.03392386
0.03365278
0.03367329
0.03449869
0.04703331
0.03370142
0.03385282
0.03367758
0.03383207
0.03458858
0.04815769
0.03365254
0.03456926
0.03454161
0.03465796
0.03461242
0.04925895
0.03365445
0.03371668
0.03369021
0.03371739
0.03357482
0.04808092
0.03355026
0.03362322
0.03355789
0.03368354
0.03365541
0.04823947
0.03374720
0.03383422
0.03367996
0.03380871
0.03369880
0.04811597
0.03374934
0.03364301
0.03256583
0.03362417
0.03262973
0.04915309
0.03454924
0.03463268
0.03454638
0.03384566
0.03366446
0.04716611
0.03472948
0.03470469
0.03458667
0.03379321
0.03452158
0.04905963
0.03378391
0.03380227
0.03459287
0.03370118
0.03371930
0.04838967
0.03458285
0.03461146
0.03370070
0.03375912
0.03382897
0.04822373
0.03359699
0.03369355
0.03382540
0.03378344
0.03374171
0.04807401
0.03376245
0.03376532
0.03369546
0.03382087
0.03362846
0.04815936
0.03274322
0.03459406
0.03266811
0.03465462
0.03462982
0.04916835
0.03266692
0.03274465
0.03465056
0.03460121
0.03465891
0.04904509
0.03454494
0.03460813
0.03263021
0.03372717
0.03361917
0.04816628
0.03368759
0.03372717
0.03363323
0.03374743
0.03266048
0.04902577
0.03371811
0.03275347
0.03453422
0.03454590
0.03447270
0.04896116
0.03447533
0.03263760
0.03443670
0.03442335
0.03341484
0.04783916
0.03420401
0.03343391
0.03336120
0.03447175
0.03329444
0.04774833
0.03332472
0.03418946
0.03318071
0.03330851
0.03401375
0.04757237
0.03319001
0.03220153
0.03315973
0.03221464
0.03331351
0.04767823
0.03327489
0.03333545
0.03411627
0.03328967
0.03322744
0.04779196
0.03345037
0.03324842
0.03439641
0.03332829
0.03334832
0.04782987
0.03440571
0.03362131
0.03364873
0.03367424
0.03367805
0.04808140
0.03562522
0.03379393
0.03254294
0.03358436
0.03381586
0.04931879
0.03446913
0.03393483
0.03368258
0.03357625
0.03443980
0.04802680
0.03365660
0.03445840
0.03357959
0.03356576
0.03359032
0.04890823
0.03351784
0.03345132
0.03340101
0.03344202
0.03429365
0.04777098
0.03423500
0.03338003
0.03331947
0.03335071
0.03328133
0.04779887
0.03339458
0.03434658
0.03352642
0.03358030
0.03355026
0.04798794
0.03346920
0.03356147
0.03365207
0.03261948
0.03347373
0.04781628
0.03449535
0.03442430
0.03345585
0.03348374
0.03339624
0.04778767
0.03347826
0.03344035
0.03344679
0.03354669
0.03247690
0.04787707
0.03352094
0.03386021
0.03387403
0.03351498
0.03342581
0.04872584
0.03337669
0.03346491
0.03347325
0.03370786
0.03350782
0.04797006
0.03437209
0.03350019
0.03341889
0.03436327
0.03338957
0.04783082
0.03330731
0.03339505
0.03238583
0.03345442
0.03343844
0.04690289
0.03330636
0.03349304
0.03348970
0.03355575
0.03352714
0.04792953
0.03437829
0.03400540
0.03343916
0.03483748
0.03322291
0.04774594
0.03333259
0.03357363
0.03331947
0.03339124
0.03331661
0.04773474
0.03341007
0.03346276
0.03243470
0.03336906
0.03341556
0.04785752
0.03341675
0.03350329
0.03346276
0.03441477
0.03341365
0.04867578
0.03434134
0.03435206
0.03422046
0.03340578
0.03325748
0.04686069
0.03348303
0.03350830
0.03345180
0.03340602
0.03341866
0.04787397
0.03342938
0.03253984
0.03351283
0.03352785
0.03347683
0.04873013
0.03430152
0.03430104
0.03327394
0.03344035
0.03325295
0.04781103
0.03340721
0.03444195
0.03344417
0.03361273
0.03351665
0.04796743
0.03358889
0.03357768
0.03359342
0.03348827
0.03345871
0.04779243
0.03337598
0.03347993
0.03332210
0.03436971
0.03256083
0.04801941
0.03346872
0.03258276
0.03352118
0.03352523
0.03341317
0.04780960
0.03437448
0.03352451
0.03346348
0.03351784
0.03346944
0.04788637
0.03336620
0.03346872
0.03339911
0.03350425
0.03356528
0.04877877
0.03341055
0.03353357
0.03249025
0.03248668
0.03428006
0.04702449
0.03436685
0.03248715
0.03420067
0.03340101
0.03238750
0.04790306
0.03343439
0.03432226
0.03430462
0.03338599
0.03336716
0.04777861
0.03336883
0.03346395
0.03384280
0.03345275
0.03338432
0.04675984
0.03242874
0.03436685
0.03328109
0.03521323
0.03331161
0.04767537
0.03416967
0.03340030
0.03340054
0.03338361
0.03332043
0.04795837
0.03419375
0.03333783
0.03353238
0.03337908
0.03335738
0.04777026
0.03338075
0.03426290
0.03324223
0.03321934
0.03280711
0.04754162
0.03310394
0.03413939
0.03396249
0.03310871
0.03312325
0.04742336
0.03313375
0.03324628
