0.29284906
0.04516006
0.04412651
0.04415321
0.04417324
0.04420304
0.04416800
0.04408836
0.04412270
0.04410481
0.02973104
0.02973962
0.02978110
0.02975845
0.02970982
0.04408193
0.02984166
0.02979803
0.02987003
0.02954841
0.02974582
0.04410791
0.02987027
0.02972126
0.02975035
0.02973175
0.02955699
0.04415274
0.02980638
0.02972221
0.03209305
0.03123331
0.03130126
0.04564214
0.03218293
0.03222537
0.03119111
0.03124166
0.03213906
0.04644036
0.03219914
0.03130078
0.03132486
0.03221560
0.03128552
0.04643154
0.03131866
0.03217196
0.03227377
0.03127861
0.03218484
0.04567122
0.03231883
0.03233004
0.03194714
0.03135514
0.03246808
0.04670453
0.03231192
0.03138924
0.03222585
0.03127098
0.03214073
0.04565716
0.03235149
0.03214312
0.03025031
0.03218603
0.03132200
0.04657197
0.03146195
0.03136516
0.03035378
0.03131819
0.03045273
0.04672551
0.03144026
0.03227520
0.03228784
0.03205585
0.03228045
0.04564118
0.03223610
0.03220892
0.03143859
0.03231692
0.03143024
0.04666376
0.03222704
0.03222942
0.03133750
0.03125238
0.03218579
0.04564452
0.03136277
0.03228760
0.03133678
0.03141975
0.03130603
0.04560304
0.03221774
0.03132176
0.03140163
0.03130269
0.03127551
0.04559922
0.03131819
0.03232455
0.03132558
0.03130054
0.03133702
0.04649401
0.03129339
0.03130150
0.03213549
0.03037381
0.03126502
0.04469252
0.03224969
0.03223157
0.03134918
0.03035212
0.03175926
0.04597092
0.03230071
0.03132057
0.03132915
0.03220034
0.03215575
0.04592085
0.03138041
0.03225732
0.03128910
0.03129816
0.03214788
0.04576540
0.03142047
0.03223348
0.03145528
0.03131652
0.03137827
0.04483771
0.03159404
0.03036618
0.03139567
0.03229380
0.03234148
0.04660273
0.03231645
0.03044057
0.03149581
0.03235245
0.03038263
0.04476976
0.03049469
0.03148079
0.03142309
0.03218341
0.03144860
0.04657817
0.03226256
0.03218889
0.03138590
0.03227305
0.03141379
0.04674125
0.03140640
0.03223181
0.03137016
0.03138018
0.03232288
0.04666948
0.03131056
0.03216958
0.03130198
0.03130722
0.03214622
0.04665947
0.03224492
0.03137398
0.03223109
0.03043008
0.03137589
0.04666471
0.03041291
0.03216934
0.03221679
0.03228736
0.03136969
0.04592133
0.03228283
0.03138137
0.03136182
0.03223610
0.03221774
0.04571939
0.03224683
0.03056502
0.03137040
0.03221059
0.03134894
0.04567742
0.03300476
0.03142357
0.03232646
0.03039813
0.03149772
0.04576087
0.03050613
0.03140044
0.03092003
0.03225493
0.03228760
0.04484534
0.03241134
0.03231716
0.03146362
0.03232932
0.03057241
0.04671621
0.03240347
0.03230691
0.03245759
0.03241897
0.03245378
0.04587173
0.03147101
0.03232741
0.03151107
0.03049994
0.03146148
0.04667497
0.03046083
0.03230906
0.03139067
0.03049541
0.03136230
0.04577589
0.03243804
0.03241372
0.03225088
0.03240919
0.03157997
0.04580116
0.03038073
0.03132820
0.03233743
0.03140688
0.03233457
0.04591560
0.03225970
0.03146744
0.03049946
0.03146744
0.03153014
0.04680037
0.03147697
0.03238654
0.03235364
0.03164268
0.03241467
0.04534221
0.03165054
0.03239465
0.03047943
0.03047657
0.03234053
0.04672074
0.03235841
0.03049445
0.03063250
0.03238344
0.03244376
0.04672480
0.03053045
0.03243995
0.03060460
0.03243399
0.03237939
0.04671168
0.03232646
0.03050256
0.03043294
0.03043556
0.03233480
0.04663968
0.03243208
0.03240275
0.03243327
0.03243923
0.03241944
0.04484844
0.03063154
0.03244042
0.03154874
0.03249454
0.03159642
0.04682851
0.03163958
0.03248668
0.03154278
0.03238988
0.03235674
0.04668999
0.03239465
0.03153181
0.03246140
