0.28643775
0.04340172
0.04180932
0.04192114
0.04190850
0.04195142
0.04196358
0.04193258
0.04188609
0.04191780
0.02729011
0.02722645
0.02721572
0.02717638
0.02716947
0.04174423
0.02732944
0.02730799
0.02729249
0.02722740
0.02731299
0.04176545
0.02722740
0.02725506
0.02719903
0.02725577
0.02728415
0.04174829
0.02728367
0.02778625
0.02972007
0.02961445
0.02971816
0.04414916
0.02964640
0.02970552
0.02968073
0.02968049
0.02974868
0.04413390
0.02958965
0.02954197
0.02956414
0.02956271
0.02960896
0.04401493
0.02967238
0.02959418
0.02873802
0.02868438
0.02875924
0.04321313
0.02884269
0.02872372
0.02972770
0.02876258
0.02971411
0.04419971
0.02971411
0.02965212
0.02966833
0.02874827
0.02874684
0.04327559
0.02893877
0.02880168
0.02876329
0.02873254
0.02967215
0.04414892
0.02954960
0.02874351
0.02871704
0.02878761
0.02874780
0.04338026
0.02888322
0.02883887
0.02782369
0.02877688
0.02784181
0.04419684
0.02780700
0.02959156
