0.28414059
0.04231167
0.04072261
0.04061317
0.04064417
0.04069924
0.04060817
0.04054618
0.04037094
0.04075813
0.02639842
0.02635121
0.02640939
0.02639437
0.02635002
0.04048300
0.02637100
0.02639866
0.02630687
0.02624202
0.02628899
0.04068351
0.02627778
0.02633119
0.02627420
0.02630544
0.02625680
0.04090762
0.02682757
0.02642083
0.02868533
0.02874780
0.02909303
0.04324222
0.02893162
0.02877903
0.02882051
0.02882099
0.02868819
0.04300857
0.02885246
0.02872872
0.02794600
0.02793479
0.02877617
0.04315472
0.02883005
0.02879953
0.02880692
0.02879190
0.02872181
0.04297566
0.02884579
0.02875590
0.02873755
0.02866077
0.02866125
0.04298711
0.02874994
0.02876091
0.02878690
0.02874923
0.02694082
0.04305959
0.02697158
0.02877593
0.02876210
0.02872252
0.02866197
0.04303503
0.02870226
0.02872491
0.02867007
0.02696037
0.02695537
0.04296231
0.02689457
0.02699065
0.02870607
0.02684402
0.02870536
0.04118896
0.02682757
0.02868962
0.02694821
0.02687597
0.02881241
0.04109120
0.02690506
0.02868485
0.02876663
0.02782488
0.02779222
0.04298449
0.02873111
0.02874517
0.02871299
0.02689815
0.02870560
0.04117322
0.02890611
0.02879715
0.02689528
0.02872515
0.02862597
0.04296422
0.02871156
0.02872443
0.02870989
0.02776146
0.02788520
0.04298782
0.02872610
0.02915072
0.02889013
0.02897406
0.02693510
0.04119205
0.02882123
0.02869630
0.02876854
0.02873635
0.02865720
0.04281640
0.02874422
0.02870846
0.02873230
0.02873039
0.02865934
0.04277468
0.02873421
0.02878547
0.02869034
0.02866936
0.02884531
0.04280186
0.02882171
0.02883077
0.02874756
0.02879262
0.02867055
0.04217196
0.02877164
0.02870035
0.02868032
0.02873468
0.02862453
0.04291034
0.02868581
0.02878785
0.02891636
0.02872562
0.02872944
0.04280686
0.02891636
0.02877903
0.02877975
0.02879620
0.02880526
0.04293633
0.02885675
0.02875566
0.02885699
0.02871609
0.02876663
0.04303360
0.02877021
0.02878976
0.02880812
0.02887797
0.02878165
0.04303145
0.02872419
0.02885342
0.02875662
0.02785134
0.02862191
0.04301524
0.02868795
0.02864528
0.02868938
0.02884078
0.02897048
0.04518914
0.02901864
0.02894664
0.02877927
0.02870750
0.02875376
0.04307842
0.02878046
0.02867246
0.02680659
0.02875519
0.02692246
0.04293895
0.02684855
0.02691507
0.02871346
0.02878761
0.02872705
0.04297709
0.02891302
0.02879596
0.02868962
0.02870440
0.02887893
0.04284120
0.02873683
0.02693725
0.02691078
0.02867961
0.02873755
0.04313469
0.02705908
0.02896976
0.02786517
0.02783847
0.02871847
0.04120469
0.02880216
0.02875972
0.02881646
0.02876687
0.02874017
0.04298043
0.02885342
0.02861524
0.02845144
0.02796173
0.02874827
0.04120374
0.02888203
0.02706289
0.02877688
0.02874613
0.02871728
0.04306459
0.02876401
0.02876091
0.02868891
0.02875900
0.02875805
0.04290843
0.02875447
0.02892971
0.02893853
0.02874684
0.02792597
0.04218292
0.02795696
0.02885485
0.02792406
0.02791715
0.02797151
0.04216361
0.02794313
0.02691674
0.02792597
0.02871537
0.02875042
0.04309225
0.02877545
0.02873564
0.02811933
0.02906823
0.02796769
0.04223228
0.02771449
0.02796650
0.02882910
0.02879453
0.02869606
0.04205871
0.02883363
0.02874827
0.02786183
0.02789688
0.02870703
0.04297256
0.02875042
0.02776361
0.02784824
0.02774382
0.02784562
0.04202843
0.02879095
0.02776933
0.02782035
0.02792406
0.02790666
0.04301858
0.02784228
0.02785468
0.02781653
0.02701449
0.02688837
0.04118156
0.02875280
0.02687764
0.02681851
0.02868056
0.02689719
0.04290867
0.02879715
0.02683616
0.02697301
0.02878714
0.02883387
0.04294133
0.02697730
0.02872062
0.02868938
0.02875996
0.02879047
0.04296350
0.02879691
0.02874827
0.02882123
0.02873635
0.02871251
0.04300928
0.02871537
0.02878737
0.02870870
0.02872539
0.02866673
0.04286098
0.02789617
0.02871084
0.02871203
0.02878785
0.02780008
0.04196954
0.02782965
0.02780795
0.02776837
0.02865171
0.02778888
0.04199219
0.02793288
0.02786064
0.02784514
0.02783179
0.02776504
0.04203629
0.02781701
0.02789021
0.02780414
0.02789569
0.02791572
0.04209280
0.02785349
0.02874017
0.02866435
0.02797151
0.02790165
0.04290032
0.02875614
0.02907252
0.02891588
0.02869940
0.02873302
0.04303765
0.02884769
0.02876282
0.02887487
0.02798772
0.02889085
0.04287910
0.02879643
0.02873850
0.02688026
0.02795124
0.02879477
0.04309011
0.02694893
0.02871728
0.02866626
0.02865458
0.02784610
0.04297781
0.02877140
0.02699041
0.02879119
0.02869463
0.02862334
0.04113483
0.02689219
0.02867866
0.02695084
0.02876139
0.02872109
0.04307890
0.02879333
0.02896619
0.02884340
0.02873778
0.02885842
0.04317379
0.02888346
0.02877617
0.02880931
0.02882671
0.02877998
0.04304481
0.02889681
0.02880192
0.02877688
0.02882147
0.02793717
0.04208589
0.02790761
0.02801657
0.02888775
0.02889514
0.02873468
0.04213214
0.02794647
0.02884221
0.02792430
0.02795434
0.02796078
0.04209590
0.02794242
0.02805781
0.02693629
0.02887678
0.02862000
0.04212999
0.02867961
0.02796102
0.02794933
0.02788496
0.02697086
0.04114485
0.02888894
0.02686954
0.02878666
0.02880502
0.02686334
0.04313493
0.02874732
0.02792740
0.02871537
0.02874160
0.02875829
0.04320145
0.02796364
0.02884984
0.02787566
0.02787089
0.02792358
0.04305220
0.02878928
0.02893639
0.02872896
0.02887750
0.02885079
0.04232264
0.02882218
0.02871799
0.02880621
0.02791214
0.02804184
0.04210687
0.02801847
0.02797437
0.02797198
0.02806473
0.02791882
0.04213405
0.02716279
0.02876759
0.02691793
0.02691674
0.02877760
0.04123664
0.02874780
0.02874231
0.02877784
0.02868533
0.02894378
0.04299188
0.02893853
0.02855706
0.02872133
0.02890563
0.02873635
0.04299331
0.02879405
0.02875209
0.02879500
0.02878618
0.02869177
0.04295659
0.02863526
0.02875686
0.02871919
0.02886343
0.02870965
0.04212284
0.02704215
0.02880669
0.02868247
0.02802920
0.02790642
0.04294610
0.02885771
0.02920985
0.03076100
0.03049517
0.02809024
0.04319382
0.02787852
0.02783775
0.02775431
0.02776408
0.02873874
0.04222155
0.02797794
0.02790093
0.02782106
0.02779961
0.02803802
0.04286861
0.02784777
0.02785778
0.02773643
0.02775383
0.02779365
0.04240894
0.02776814
0.02784061
0.02774334
0.02795482
0.02772880
0.04199767
0.02781582
0.02782226
0.02783346
0.02874255
0.02691102
0.04296231
0.02877951
0.02866745
0.02780390
0.02779126
0.02790046
0.04205108
0.02783370
0.02780318
0.02673721
0.02781820
0.02769470
0.04194188
0.02773571
0.02776718
0.02677345
0.02779961
0.02859950
0.04208040
0.02781510
0.02775645
0.02780247
0.02860117
0.02776861
0.04204893
0.02778602
0.02781725
0.02764416
0.02769899
0.02675104
0.04279852
0.02863002
0.02861452
0.02872157
0.02782845
0.02766752
0.04278421
0.02871990
0.02862644
0.02866483
0.02782822
0.02784276
0.04208708
0.02872777
0.02887535
0.02794576
0.02790666
0.02695370
0.04292345
0.02886415
0.02880049
0.02873421
0.02786875
0.02799869
0.04129028
0.02881241
0.02871203
0.02805805
0.02780390
0.02784681
0.04295540
0.02781820
0.02873850
0.02868938
0.02783036
0.02874446
0.04297018
0.02877092
0.02870727
0.02873421
0.02875209
0.02777982
0.04198313
0.02790070
0.02694511
0.02865982
0.02881479
0.02785945
0.04206085
0.02869987
0.02869105
0.02879095
0.02766323
0.02667761
0.04211593
0.02886319
0.02783275
0.02687025
0.02881622
0.02881026
0.04294682
0.02798653
0.02783108
0.02697277
0.02873564
0.02872467
0.04115462
0.02870870
0.02877164
0.02881789
0.02788043
0.02780581
0.04227376
0.02790046
0.02787375
0.02788472
0.02794981
0.02785492
0.04224467
0.02689767
0.02887344
0.02875376
0.02887225
0.02871203
0.04293990
0.02886105
0.02876329
0.02796817
0.02791524
0.02798033
0.04123974
0.02696729
0.02887201
0.02892280
0.02889585
0.02874017
0.04124355
0.02878332
0.02883196
0.02792549
0.02797174
0.02790785
0.04304290
0.02801323
0.02796674
0.02793932
0.02882600
0.02702284
0.04307532
0.02812004
0.02793097
0.02800679
0.02829814
0.02994275
0.04285002
0.02824306
0.02821112
0.02713728
0.02719355
0.02879930
0.04233122
0.02896523
0.02903056
0.02699709
0.02894330
0.02888894
0.04304290
0.02875781
0.02890730
0.02875066
0.02880764
0.02879095
0.04317832
0.02889824
0.02882242
0.02889156
0.02893877
0.02878714
0.04305506
0.02794385
0.02796292
0.02797985
0.02793741
0.02792692
0.04218602
0.02789545
0.02784419
0.02783394
0.02772403
0.02879167
0.04299593
0.02791739
0.02791405
0.02783060
0.02786946
0.02788305
0.04235554
0.02790332
0.02783179
0.02785420
0.02880955
0.02688551
0.04296851
0.02881742
0.02891564
0.02881265
0.02870369
0.02879238
0.04306340
0.02892137
0.02878571
0.02873707
0.02881694
0.02889705
0.04301071
0.02883482
0.02877951
0.02899766
0.02881956
0.02869558
0.04308200
0.02876925
0.02689648
0.02785254
0.02782130
0.02804613
0.04215956
0.02792501
0.02805185
0.02772641
0.02826238
0.02785826
0.04212952
0.02787948
0.02798057
0.02864170
0.02791286
0.02790093
0.04216599
0.02785134
0.02877617
0.02794552
0.02865887
0.02790236
0.04311037
0.02882457
0.02788877
0.02872109
0.02784395
0.02789116
0.04289269
0.02785683
0.02811074
0.02686071
0.02871799
0.02779722
0.04230237
0.02789879
0.02791071
0.02781582
0.02799582
0.02796006
0.04213572
0.02786756
0.02783203
0.02785659
0.02786398
0.02790523
0.04212999
0.02805996
0.02776933
0.02785993
0.02678561
0.02676988
0.04108477
0.02868652
0.02866769
0.02687812
0.02777433
0.02672791
0.04110003
0.02673602
0.02859902
0.02856588
0.02857375
0.02873039
0.04286003
0.02866435
0.02858114
0.02862000
0.02857876
0.02770042
0.04273057
0.02878165
0.02876472
0.02876687
0.02879453
0.02867436
0.04100323
0.02779365
0.02778769
0.02789831
0.02875137
0.02863193
0.04189157
0.02872729
0.02864695
0.02780843
0.02778888
0.02796364
0.04204893
0.02684236
0.02780366
0.02877426
0.02894735
0.02879429
0.04296041
0.02793908
0.02868605
0.02864194
0.02865601
0.02688217
0.04288840
0.02789283
0.02682400
0.02883673
0.02876997
0.02870464
0.04308724
0.02871776
0.02871656
0.02867699
0.02884221
0.02865458
0.04304814
0.02883339
0.02878261
0.02873850
0.02878284
0.02782440
0.04207253
0.02876949
0.02872348
0.02876925
0.02781081
0.02790976
0.04203653
0.02787185
0.02785659
0.02795434
0.02791023
0.02871370
0.04216480
0.02794886
0.02783895
0.02787757
0.02792287
0.02692842
0.04296660
0.02692461
0.02879333
0.02873611
0.02684402
0.02875090
0.04291582
0.02879238
0.02881193
0.02871251
0.02876043
0.02867365
0.04125357
0.02789736
0.02867961
0.02871990
0.02879500
0.02870417
0.04218912
0.02790046
0.02793431
0.02802706
0.02797651
0.02881432
0.04241776
0.02802348
0.02788901
0.02788162
0.02797151
0.02788186
0.04210711
0.02697587
0.02882600
0.02785039
0.02805996
0.02802753
0.04219055
0.02799654
0.02710652
0.02891970
0.02903295
0.02884054
0.04303598
0.02889776
0.02887654
0.02894640
0.02792335
0.02889061
0.04153228
0.02888370
0.02699661
0.02889204
0.02797627
0.02802181
0.04309464
0.02804160
0.02813983
0.02797008
0.02803206
0.02800465
0.04224825
0.02809596
0.02894998
0.02796960
0.02897358
0.02803683
0.04232454
0.02798748
0.02889919
0.02801085
0.02790856
0.02797890
0.04238367
0.02813172
0.02885008
0.02796340
0.02801633
0.02809143
0.04214191
0.02809548
0.02715468
0.02882504
0.02698851
0.02885127
0.04326773
0.02896929
0.02684426
0.02876139
0.02893519
0.02869368
0.04301500
0.02877784
0.02888632
0.02878428
0.02891207
0.02877665
0.04309392
0.02880025
0.02886558
0.02775621
0.02796268
0.02686930
0.04299045
0.02795887
0.02794242
0.02781272
0.02785301
0.02785444
0.04204321
0.02693868
0.02794528
0.02792645
0.02796698
0.02686501
0.04300904
0.02676797
0.02883840
0.02870774
0.02886677
0.02870774
0.04114175
0.02863216
0.02878332
0.02869654
0.02689815
0.02871227
0.04299664
0.02885842
0.02886033
0.02883482
0.02871871
0.02869534
0.04282761
0.02772117
0.02774811
0.02792001
0.02788663
0.02879190
0.04293656
0.02792478
0.02785659
0.02781272
0.02779603
0.02777195
0.04225779
0.02786613
0.02865386
0.02779841
0.02776051
0.02784967
0.04213595
0.02774191
0.02778220
0.02864790
0.02780080
0.02784348
0.04200172
0.02778411
0.02776933
0.02778244
0.02774525
0.02791643
0.04096603
0.02862859
0.02676845
0.02865148
0.02866530
0.02861214
0.04291868
0.02877951
0.02863073
0.02860427
0.02866626
0.02860999
0.04285169
0.02865505
0.02871442
0.02884698
0.02868056
0.02866888
0.04273701
0.02864003
0.02868080
0.02779365
0.02779675
0.02788997
0.04200101
0.02783513
0.02690911
0.02889514
0.02870870
0.02787709
0.04104900
0.02890921
0.02862239
0.02685022
0.02865767
0.02865744
0.04294443
0.02867866
0.02876806
0.02697563
0.02886128
0.02677155
0.04292631
0.02870560
0.02878046
0.02868104
0.02880645
0.02919769
0.04237270
0.02814722
0.02895284
0.02887869
0.02887464
0.02875781
0.04216194
0.02798963
0.02784204
0.02880073
0.02785325
0.02780938
0.04204249
0.02789474
0.02791834
0.02884960
0.02805877
0.02795315
0.04205942
0.02798605
0.02789712
0.02790213
0.02807713
0.02791905
0.04127574
0.02799892
0.02710342
0.02887273
0.02816105
0.02803469
0.04222846
0.02708721
0.02893758
0.02845311
0.02825451
0.02803159
0.04323602
0.02894425
0.02802515
0.02712989
0.02890992
0.02802300
0.04300761
0.02797461
0.02891183
0.02802563
0.02804899
0.02885866
0.04305220
0.02836251
0.02828383
0.02833915
0.02902150
0.02794671
0.04227662
0.02807140
0.02815366
0.02884173
0.02805567
0.02791977
0.04227972
0.02800369
0.02805257
0.02794576
0.02814007
0.02887917
0.04227257
0.02805972
0.02811670
0.02706456
0.02879167
0.02794862
0.04214311
0.02701449
0.02877665
0.02887988
0.02799010
0.02888751
0.04207516
0.02791834
0.02790856
0.02792025
0.02789140
0.02788353
0.04125881
0.02786899
0.02877998
0.02869940
0.02886486
0.02873826
0.04290485
0.02777815
0.02790856
0.02882648
0.02784157
0.02792454
0.04296017
0.02788115
0.02786970
0.02871180
0.02782822
0.02783608
0.04281712
0.02794194
0.02790904
0.02785397
0.02786422
0.02868819
0.04207468
0.02784228
0.02785873
0.02779698
0.02780056
0.02790689
0.04197097
0.02781129
0.02778530
0.02774978
0.02774477
0.02866721
0.04200840
0.02786613
0.02774334
0.02789664
0.02866316
0.02783775
0.04190087
0.02875042
0.02874637
0.02877760
0.02874041
0.02872086
0.04220057
0.02788711
0.02790904
0.02779222
0.02793622
0.02789998
0.04213643
0.02784038
0.02795005
0.02782583
0.02781773
0.02781034
0.04195547
0.02799153
0.02783442
0.02789783
0.02773619
0.02774429
0.04195380
0.02794027
0.02786398
0.02789950
0.02774692
0.02771211
0.04209375
0.02789807
0.02787638
0.02766299
0.02787471
0.02782798
0.04282689
0.02780032
0.02786422
0.02777648
0.02873611
0.02780676
0.04199982
0.02788138
0.02873635
0.02779913
0.02774215
0.02795434
0.04209089
0.02771878
0.02796435
0.02783370
0.02886796
0.02789879
0.04216790
0.02788734
0.02790308
0.02787042
0.02685976
0.02787256
0.04208207
0.02787924
0.02790046
0.02779698
0.02800369
0.02877307
0.04205394
0.02791238
0.02800536
0.02791357
0.02788591
0.02874517
0.04226208
0.02791929
0.02785158
0.02798629
0.02796006
0.02800155
0.04293418
0.02786064
0.02780652
0.02782726
0.02776599
0.02775788
0.04227352
0.02786684
0.02778935
0.02869940
0.02786422
0.02777982
0.04218507
0.02792001
0.02804637
0.02784228
0.02886510
0.02784371
0.04212737
0.02792597
0.02698350
0.02789688
0.02791238
0.02793479
0.04214048
0.02800560
0.02787399
0.02791905
0.02881885
0.02796698
0.04210162
0.02808690
0.02773237
0.02784419
0.02789140
0.02786565
0.04208875
0.02796149
0.02798343
0.02697754
0.02791595
0.02790284
0.04214811
0.02805567
0.02796936
0.02815008
0.02880788
0.02896833
0.04216623
0.02796745
0.02879524
0.02799940
0.02796435
0.02883148
0.04217052
0.02805376
0.02696848
0.02695513
0.02886200
0.02812195
0.04220033
0.02895308
0.02811074
0.02808690
0.02807236
0.02790523
0.04305410
0.02700567
0.02795744
0.02884054
0.02800703
0.02816558
0.04216099
0.02798676
0.02794552
0.02797008
0.02790880
0.02793813
0.04211593
0.02814889
0.02799344
0.02793121
0.02702475
0.02785063
0.04218245
0.02786350
0.02793622
0.02792263
0.02790403
0.02784991
0.04212356
0.02789855
0.02789903
0.02782774
0.02784133
0.02796817
0.04212618
0.02791977
0.02877975
0.02791452
0.02760649
0.02777433
0.04204082
0.02804661
0.02794170
0.02781963
0.02784991
0.02776957
0.04201317
0.02786326
0.02777863
0.02773929
0.02792215
0.02778959
0.04212427
0.02786779
0.02777886
0.02785468
0.02783394
0.02781105
0.04197574
0.02782249
0.02863836
0.02776146
0.02786136
0.02786016
0.04190922
0.02875733
0.02790117
0.02790880
0.02779865
0.02779794
0.04279065
0.02777815
0.02779555
0.02779794
0.02841663
0.02779388
0.04282379
0.02779245
0.02776742
0.02675200
0.02779436
0.02783465
0.04204845
0.02783346
0.02785635
0.02779555
0.02789831
0.02796745
0.04199386
0.02694869
0.02785254
0.02794194
0.02784920
0.02781415
0.04113698
0.02791452
0.02788901
0.02686238
0.02885556
0.02792859
0.04219341
0.02693486
0.02785063
0.02796483
0.02796435
0.02785468
0.04291558
0.02793956
0.02786398
0.02785015
0.02784920
0.02791405
0.04184914
0.02886915
0.02792478
0.02795744
0.02809858
0.02790713
0.04211473
0.02897286
0.02787185
0.02796507
0.02787423
