0.29299212
0.04552579
0.04629278
0.04632211
0.04622459
0.04612470
0.04615235
0.04612422
0.04615068
0.04620981
0.03174210
0.03169775
0.03161931
0.03161621
0.03158283
0.04596281
0.03160691
0.03158545
0.03164172
0.03186011
0.03159237
0.04600596
0.03168368
0.03161740
0.03164077
0.03166509
0.03156781
0.04605365
0.03154564
0.03156233
0.03394604
0.03397655
0.03402805
0.04847693
0.03412366
0.03399277
0.03397965
0.03415680
0.03393483
0.04832220
0.03392124
0.03375244
0.03386283
0.03375554
0.03395033
0.04855180
0.03414488
0.03320575
0.03320336
0.03320456
0.03320003
0.04773426
0.03430295
0.03342366
0.03338265
0.03349757
0.03337860
0.04867053
0.03357339
0.03349781
0.03436279
0.03439498
0.03398204
0.04856062
0.03487611
0.03446078
0.03364611
0.03359437
0.03358483
0.04863334
0.03411365
0.03407359
0.03323293
0.03318524
0.03323913
0.04758596
0.03417468
0.03320980
0.03326035
0.03408957
0.03305984
0.04760623
0.03337097
0.03448749
0.03357673
0.03366709
0.03277040
0.04807353
0.03486466
0.03461146
0.03408480
0.03228450
0.03439093
0.04705405
0.03359270
0.03462219
0.03369522
0.03464127
0.03392410
0.04840946
0.03388667
0.03483486
0.03382850
0.03304696
0.03386474
0.04902983
0.03461289
0.03285313
0.03277802
0.03381920
0.03372645
0.04922843
0.03385949
0.03398323
0.03486180
0.03391290
0.03397250
0.04834270
0.03495002
0.03396773
0.03393126
0.03390479
0.03377509
0.04811239
0.03377390
0.03263855
0.03349519
0.03346395
0.03242755
0.04674911
0.03409982
0.03207016
0.03429461
0.04229856
0.03652596
0.04783177
0.03233027
0.03321314
0.03226686
0.03317285
0.03307366
0.04758716
0.03318310
0.03317428
0.03320146
0.03396988
0.03306103
0.04742694
0.03295159
0.03297448
0.03298926
0.03306508
0.03306699
0.04749131
0.03312778
0.03308201
0.03217697
0.03213716
0.03318930
0.04659700
0.03241944
0.03413200
0.03222513
0.03313375
