0.29105902
0.04484940
0.04400992
0.04407144
0.04399014
0.04402328
0.04421544
0.04399085
0.04391932
0.04399347
0.02990437
0.02969050
0.02959514
0.02963138
0.02970505
0.04405499
0.02971530
0.02967000
0.02969074
0.02954841
0.02959538
0.04377675
0.02962947
0.02956390
0.02958488
0.02959800
0.02957582
0.04381585
0.02947116
0.02953815
0.03187585
0.03186941
0.03199410
0.04610682
0.03178072
0.03198028
0.03181529
0.03196931
0.03176761
0.04628015
0.03200126
0.03194165
0.03195214
0.03189850
0.03179455
0.04612064
0.03195357
0.03199577
0.03183198
0.03185797
0.03179312
0.04593444
0.03092194
0.03088331
0.03101707
0.03189659
0.03086543
0.04519343
0.03095031
0.03176641
0.03180861
0.03184128
0.03182983
0.04596567
0.03183556
0.03171039
0.03175330
0.03171897
0.03091693
0.04609919
0.03097916
0.03086853
0.03094101
0.03099465
0.03095841
0.04514599
0.03102255
0.03097129
0.03207707
0.03129053
0.03133130
0.04535770
0.03101158
0.03096199
0.03108048
0.03000116
0.03099442
0.04602790
0.03094220
0.03103137
0.03184724
0.03186965
0.03089714
0.04506683
0.03101707
0.03099227
0.03191710
0.02993965
0.03092456
0.04409122
0.03094959
0.03079128
0.02995253
0.03173614
0.03175807
0.04605508
0.03168845
0.03184605
0.03178334
0.03174663
0.02995729
0.04409838
0.03177857
0.02993536
0.03164053
0.03177857
0.03183007
0.04510164
0.03094959
0.03099132
0.03095198
0.03093743
0.03102684
0.04523349
0.03090119
0.03097129
0.03013635
0.02992940
0.03179908
0.04430699
0.02990651
0.03099775
0.03208685
0.03091836
0.03105879
0.04523325
0.03087831
0.03095794
0.03100586
0.03091550
0.03064609
0.04510546
0.03091812
0.03181362
0.03098178
0.03095436
0.03185081
0.04502296
0.03086591
0.03173065
0.03102303
0.03087282
0.03095460
0.04508710
0.03148460
0.03098249
0.03106332
0.03093481
0.03096461
0.04519677
0.03096581
0.03102756
0.03096938
0.03096128
0.03109574
0.04520583
0.03104401
0.03092742
0.03096700
0.03100944
0.03101206
0.04599452
0.03095055
0.03108811
0.03112674
0.03008461
0.03002548
0.04608989
0.03014588
0.03001380
0.03004026
0.02993917
0.02998686
0.04526258
0.03189421
0.03192306
0.03001165
0.03189993
0.03195572
0.04619455
0.03195715
0.03175020
0.03173661
0.03197193
0.03024244
0.04426837
0.03002310
0.03004718
0.03195047
0.03099585
0.03186083
0.04426312
0.03092623
0.03110433
0.03093743
0.03103518
0.03097153
0.04522681
0.03210378
0.03106308
0.03112483
0.03107691
0.03093863
0.04619265
0.03101778
0.03112435
0.03110981
0.03102016
0.03118134
0.04516864
0.03003907
0.03185153
0.03092647
0.03101468
0.03097439
0.04532003
0.03091407
0.03095841
0.03093123
0.03094697
0.03090882
0.04597402
0.03175855
0.03198791
0.03194451
0.03178215
0.03180361
0.04598880
0.03189421
0.03183770
0.03198290
0.03190207
0.03012633
0.04605722
0.03187752
0.03192925
0.03091979
0.03101635
0.03122091
0.04513621
0.03188682
0.03100538
0.03091764
0.03191304
0.03000093
0.04461813
0.03192067
0.03006220
0.03000712
0.03120923
0.03006768
0.04437804
0.03201294
0.03016710
0.03001952
0.03198552
0.03193021
0.04445863
0.03201628
0.03194857
0.03200889
0.03119445
0.03116679
0.04549313
0.03133869
0.03120041
0.03108287
0.03118753
0.03092337
0.04535103
0.03093529
0.03100824
0.03112841
0.03121257
0.03097987
0.04630089
0.03115296
0.03107977
0.03111911
0.03120899
0.03201222
0.04527187
0.03130507
0.03122020
0.03118277
0.03117895
0.03204489
0.04536009
0.03104424
0.03105712
0.03016305
0.03106165
0.03010678
0.04432106
0.03203344
0.03019905
0.03201938
0.03013277
0.03020763
0.04618597
0.03006673
0.03197503
0.03199959
0.03022695
0.03192353
0.04608178
0.03193617
0.03198385
0.03186011
0.03099108
0.03096414
0.04519343
0.03111959
0.03100920
0.03104973
0.03099346
0.03100657
0.04525566
0.03108811
0.03114271
0.03092384
0.03000379
0.03004980
0.04422998
0.03026700
0.03014159
0.03109074
0.03212023
0.03193474
0.04617333
0.03196263
0.03105164
0.03102517
0.03188014
0.03202224
0.04617381
0.03197598
0.03200102
0.03008342
0.03192735
0.03179860
0.04622674
0.03002548
0.03198266
0.03193045
0.03188705
0.03107595
0.04685831
0.03279972
0.03356862
0.03230023
0.03144169
0.03144169
0.04576063
0.03119278
0.03127789
0.03133512
0.03161573
0.03106928
0.04541612
0.03093553
0.03196406
0.03119183
0.03093243
0.03104520
0.04548621
0.03099084
0.03171301
0.03082991
0.03003883
0.03229976
0.04567623
0.03085423
0.03196597
0.03314781
0.03234053
0.03376627
0.04949045
0.03392482
0.03422046
0.03403354
0.03315496
0.03394675
0.05185890
0.03528023
0.03511930
0.03232074
0.03327680
0.03407192
0.04950213
0.03389120
0.03491330
0.03484440
0.03530955
0.03251171
0.04977965
0.03407645
0.03527641
0.03497744
0.03317094
0.03534245
0.05038357
0.03337836
0.03433609
0.03211522
0.03401279
0.03419185
0.05000162
0.03235173
0.03055620
0.03155708
0.03286338
0.03417969
0.05063438
0.03175211
0.03259087
0.03081179
0.03264952
0.03130794
0.04770756
0.03325367
0.03240514
0.03329110
0.03248143
0.03327608
0.04708767
0.03237343
0.03238916
0.03322339
0.03242707
0.03246784
0.04678965
0.03123569
0.03148651
0.03146696
0.03154492
0.03219891
0.04586601
0.03156304
0.03135300
0.03154850
0.03143048
0.03140140
0.04670644
0.03136826
0.03147268
0.03144312
0.03151965
0.03142428
0.04556561
0.03040838
0.03053594
0.03234124
0.03220940
0.03235579
0.04467607
0.03227758
0.03043818
0.03141499
0.03033948
0.03146791
0.04583740
0.03125048
0.03131580
0.03143787
0.03131151
0.03045297
0.04656053
0.03041983
0.03036523
0.03041935
0.03139544
0.03149509
0.04567099
0.03037429
0.03061175
0.03052711
0.03047204
0.03262973
0.04682469
0.03066897
0.03041816
0.03228927
0.03237796
0.03250051
0.04589868
0.03148413
0.03242683
0.03228831
0.03233123
0.03268361
0.04671836
0.03263569
0.03030920
0.03214169
0.03214622
0.03200841
0.04638648
0.03206038
0.03109360
0.03205848
0.03114915
0.03107047
0.04598522
0.03000617
0.03186107
0.03090739
0.03112555
0.03182411
0.04515624
0.03103042
0.03108716
0.03162193
0.03091764
0.03186107
0.04541516
0.03097105
0.03098822
0.03187680
0.03099489
0.03185701
0.04515862
0.03009820
0.03104758
0.03001881
0.03002715
0.02999187
0.04686308
0.03035593
0.03243828
0.03128505
0.03220701
0.03128171
0.04525900
0.03104329
0.03115988
0.03105712
0.03197479
0.02995777
0.04511881
0.03107047
0.03088880
0.03082752
0.03090286
0.03089118
0.04523849
0.03089523
0.03107548
0.03086305
0.02997780
0.03095174
0.04513264
0.03108668
0.03184795
0.03089595
0.03113508
0.03098369
0.04633021
0.03006148
