76.000,79.000,64.000,52.000
74.161,77.507,65.810,51.558
73.509,78.468,67.501,51.209
73.316,78.529,68.331,51.223
72.265,78.160,69.332,50.943
72.865,79.351,70.000,50.736
70.999,78.709,70.323,50.560
71.386,78.536,70.699,50.605
71.209,79.073,71.086,50.635
70.054,79.081,71.261,50.576
70.078,79.053,71.530,50.579
70.088,78.631,71.435,50.681
70.635,78.215,71.226,50.718
69.477,77.609,71.143,50.714
70.286,77.964,71.332,50.497
69.803,77.673,71.309,50.455
70.706,77.439,71.378,50.501
70.481,77.066,71.150,50.329
70.150,77.219,71.141,50.113
70.590,77.142,70.963,50.094
69.807,76.964,71.087,49.964
70.169,77.959,70.711,49.987
69.965,76.947,70.766,50.067
70.925,77.172,70.777,50.017
71.264,78.004,70.890,49.929
70.097,77.639,70.664,49.989
71.310,77.574,70.581,50.106
70.273,78.550,70.932,49.697
70.347,79.034,70.969,49.497
71.121,78.461,71.254,49.619
70.450,78.898,70.969,49.494
71.228,78.832,71.224,49.396
70.742,79.099,71.364,49.371
71.277,79.524,71.235,49.193
71.212,79.626,71.234,49.121
71.369,79.071,71.344,49.221
69.729,80.313,71.144,49.107
70.790,80.206,71.096,49.039
71.174,79.105,70.972,49.028
70.249,78.863,71.009,49.090
70.961,79.422,70.934,48.980
71.019,78.618,70.716,49.042
71.626,78.940,70.565,48.930
71.524,78.588,70.601,48.810
71.342,79.331,70.466,48.402
71.482,78.572,70.247,48.289
71.269,79.237,70.269,48.082
71.852,78.910,70.235,48.133
70.834,78.155,70.147,48.205
71.191,78.446,70.206,48.253
71.009,77.946,70.139,48.315
70.868,77.471,70.140,48.173
71.022,77.543,70.438,48.148
70.686,78.280,70.508,48.054
71.453,78.548,70.755,47.803
71.197,78.881,71.020,47.536
70.721,79.230,71.135,47.410
70.254,80.193,71.048,47.436
70.855,78.761,70.960,47.249
71.029,79.247,70.659,47.200
70.466,79.737,70.717,46.945
71.919,78.182,69.824,46.553
73.107,79.125,68.689,45.968
72.243,78.786,68.662,45.807
72.785,79.691,67.965,45.230
74.672,79.132,66.844,44.970
73.313,79.707,65.599,44.527
72.007,79.908,65.023,44.148
72.750,79.873,63.587,43.805
73.109,79.857,63.102,43.007
72.115,79.175,63.389,42.706
72.124,79.653,63.520,42.983
72.533,79.349,63.589,42.341
72.390,79.181,63.516,41.762
70.936,79.151,63.929,41.002
70.379,79.687,64.108,40.748
70.814,78.794,63.897,40.817
71.378,78.739,63.957,40.733
71.554,79.116,64.272,40.691
70.130,78.861,64.174,40.754
70.165,79.296,63.990,40.741
70.212,80.084,64.059,40.589
69.394,80.139,64.462,40.086
69.432,80.427,64.363,39.990
69.768,79.814,64.131,40.283
70.508,79.876,64.313,40.236
72.097,79.465,63.975,40.448
72.239,78.425,63.583,40.796
70.762,78.306,64.522,40.628
70.464,77.878,64.424,41.531
69.211,78.078,64.998,42.113
68.874,78.286,65.761,42.794
68.310,78.883,66.152,43.257
68.285,78.886,66.659,43.553
68.092,79.565,66.789,43.825
67.719,80.284,67.084,44.156
68.171,80.132,67.274,44.360
68.152,79.462,67.424,44.553
68.277,79.514,67.381,44.779
67.334,79.258,67.425,44.817
67.412,79.517,67.829,44.762
66.786,79.360,67.818,44.832
67.175,78.751,67.928,44.841
67.174,78.117,67.786,44.713
65.926,77.951,68.061,44.668
67.754,77.230,68.163,44.921
66.957,76.523,67.884,44.931
67.389,76.679,67.538,44.855
67.266,76.428,67.667,44.501
67.308,77.548,67.459,43.893
67.329,78.503,67.258,43.409
67.930,76.918,66.617,43.153
67.306,78.298,66.240,42.511
68.809,77.454,66.080,42.199
69.685,76.741,65.564,42.102
70.054,75.161,65.182,41.735
70.904,75.754,64.695,41.318
70.644,75.631,64.376,41.340
71.423,75.120,63.747,41.024
69.965,76.036,62.896,41.504
71.850,76.280,62.330,41.270
71.834,77.424,61.767,41.054
71.442,77.405,61.450,40.623
70.762,75.888,61.333,40.571
71.339,76.232,61.251,40.453
70.754,76.689,60.282,40.128
71.544,77.875,59.457,40.303
72.803,77.560,59.358,40.149
72.643,78.593,59.274,40.124
72.058,79.386,58.725,39.999
73.475,80.456,58.997,40.449
73.457,81.147,58.766,40.284
73.200,81.129,58.499,40.306
73.121,81.638,58.870,40.600
71.917,81.336,59.148,40.698
72.711,82.682,59.297,40.882
72.452,82.197,59.208,41.501
71.878,81.820,59.194,42.013
71.438,81.743,59.644,42.147
70.949,82.117,59.655,42.237
71.721,81.525,59.916,42.461
71.875,82.048,60.683,42.666
71.303,81.631,61.497,42.875
71.524,82.353,61.853,42.928
71.797,82.828,62.377,43.115
71.506,83.496,63.006,43.394
70.768,83.103,63.293,43.407
71.178,82.556,63.929,43.742
70.789,83.439,64.397,43.918
70.812,82.373,64.549,44.033
71.076,82.143,64.584,43.955
71.583,80.109,64.256,44.337
71.229,80.047,64.429,44.345
70.816,77.381,64.002,44.573
71.473,76.854,64.199,44.716
71.696,76.215,64.148,44.737
71.403,76.537,64.413,44.753
71.003,75.667,64.629,44.764
71.444,75.358,64.810,44.947
71.378,75.618,64.932,45.105
70.271,75.345,65.209,45.068
70.922,75.149,65.338,44.938
70.638,75.066,65.329,44.833
71.227,74.720,65.427,44.991
70.822,74.699,65.497,44.917
71.022,73.823,65.583,45.089
72.410,73.302,65.223,45.128
71.482,73.929,65.348,45.151
71.801,73.855,65.152,45.095
72.469,75.519,64.780,45.097
72.806,74.819,64.903,45.049
71.386,76.364,64.830,44.967
72.590,76.424,64.992,45.060
72.036,76.302,65.103,45.101
71.564,75.537,65.213,45.142
72.204,75.859,65.271,45.169
72.278,75.643,65.258,45.143
71.853,75.240,65.333,45.097
71.996,76.053,65.273,45.091
71.362,73.846,64.866,45.411
71.932,73.598,65.194,45.579
71.531,75.620,65.150,45.458
71.584,74.527,64.901,45.312
71.648,76.628,65.180,45.192
71.469,76.625,65.654,44.938
71.316,75.633,65.276,45.083
71.327,78.005,65.363,45.083
70.686,77.522,65.322,44.951
71.828,77.706,65.485,45.011
71.388,77.745,65.578,44.798
70.794,77.373,65.537,44.847
70.113,76.948,65.607,44.896
71.372,77.253,65.678,44.827
70.241,76.827,65.593,44.832
70.497,77.242,65.825,45.037
70.263,76.936,65.846,45.043
70.219,75.959,65.716,45.160
69.746,75.787,65.814,45.153
69.923,75.570,66.070,45.283
70.570,74.743,66.053,45.138
69.567,74.895,65.933,45.222
69.643,74.185,66.142,45.187
69.065,74.452,66.350,45.268
69.262,73.669,66.148,45.165
69.226,74.663,66.569,45.266
69.075,74.972,66.623,45.318
69.573,73.839,66.622,45.439
69.059,74.342,66.829,45.533
68.997,74.433,66.963,45.460
68.652,74.802,67.259,45.379
68.332,75.148,67.504,45.345
68.141,76.010,67.551,45.355
67.764,76.445,67.721,45.210
67.537,77.676,67.554,45.319
68.638,77.398,67.534,45.348
68.498,77.599,67.313,45.300
67.876,76.379,67.067,45.495
67.399,76.580,67.269,45.449
66.998,77.537,67.458,45.295
67.074,76.678,67.466,45.426
66.165,77.946,67.525,45.271
67.146,76.230,67.439,45.172
67.396,77.076,67.367,45.172
66.352,76.860,67.367,45.281
66.340,77.178,67.324,45.334
65.500,77.853,67.046,45.304
66.326,77.159,67.101,45.384
66.457,77.496,66.968,45.521
66.814,76.473,67.153,45.446
66.145,75.326,67.002,45.553
65.639,74.967,67.055,45.475
65.650,75.302,67.160,45.487
64.999,74.372,67.416,45.477
64.499,74.757,67.672,45.532
64.199,74.516,67.949,45.497
63.489,73.627,68.155,45.576
63.418,74.168,68.133,45.721
64.193,73.770,68.342,45.688
64.587,73.025,68.163,45.749
61.507,73.519,67.953,45.703
63.624,74.341,68.392,45.919
63.409,74.028,68.748,45.889
61.565,73.479,68.652,45.841
62.214,73.894,68.707,45.955
62.204,73.113,68.652,45.987
60.432,73.175,68.815,45.857
60.898,73.002,69.065,45.704
61.888,71.922,68.997,45.714
61.603,72.754,69.094,45.883
61.466,73.270,69.003,45.812
60.868,72.612,68.934,45.831
61.599,71.747,68.665,45.790
61.519,72.688,69.085,45.980
60.055,72.344,68.804,46.130
62.109,72.474,68.446,45.949
60.101,71.662,68.241,45.763
60.801,71.786,68.358,45.648
60.583,71.671,68.431,45.689
61.307,71.935,68.698,45.554
60.211,72.613,68.637,45.366
59.812,72.767,68.787,45.270
60.815,72.525,68.849,45.139
60.794,73.822,68.713,45.087
60.735,73.582,68.394,44.993
62.404,73.459,68.467,44.949
61.054,74.999,67.957,44.883
61.140,75.638,68.167,44.808
61.567,76.195,68.049,44.843
61.168,75.760,67.486,44.929
62.521,75.671,67.392,44.727
62.471,75.547,67.142,44.778
61.764,74.375,67.069,45.118
63.136,73.816,67.063,45.303
62.248,74.703,67.209,45.199
63.315,74.996,67.150,45.202
63.071,76.186,67.031,45.210
62.175,76.856,67.027,45.213
63.146,77.723,67.138,45.219
63.869,77.414,66.889,45.455
63.508,77.480,66.939,45.348
64.297,77.843,67.257,45.477
63.352,77.940,66.932,45.164
64.062,77.515,66.714,45.035
64.606,77.568,66.579,44.963
65.356,77.292,66.370,45.042
64.942,77.733,66.223,44.772
66.154,77.369,66.125,44.760
65.541,76.398,65.824,44.671
65.889,76.414,65.891,44.580
65.926,75.584,65.927,44.717
66.259,76.475,66.042,44.764
66.007,75.978,66.106,44.858
66.526,75.654,66.155,44.943
66.213,75.095,65.984,45.072
67.240,74.038,65.892,45.068
67.147,73.790,65.633,45.109
68.091,74.216,65.882,44.750
66.727,74.154,65.011,44.370
68.578,74.659,65.174,44.312
68.364,74.011,64.696,44.324
69.204,74.128,64.446,44.331
69.754,75.029,64.351,44.167
69.372,75.498,64.308,44.189
69.616,75.284,63.904,43.990
69.985,76.792,63.870,43.938
71.471,77.513,63.710,43.782
71.190,77.703,63.376,43.832
72.441,77.505,63.343,43.780
71.698,76.558,63.010,43.670
72.598,77.122,63.029,43.869
71.847,76.044,62.695,44.009
72.709,76.428,62.856,43.800
73.450,75.629,62.840,43.908
72.812,75.130,63.028,43.895
73.302,74.380,62.957,43.909
73.483,74.822,62.962,43.616
74.069,76.132,62.708,43.494
74.431,76.684,62.634,43.428
74.895,77.023,62.626,43.209
74.958,76.882,62.505,42.922
75.306,76.782,62.048,42.706
75.564,78.000,61.910,42.742
75.117,77.386,61.803,42.811
75.473,77.726,61.826,42.924
76.595,78.498,62.081,42.776
76.867,78.314,61.674,42.421
77.274,78.427,61.485,42.594
77.364,78.847,61.254,42.307
78.404,79.350,61.081,42.176
78.309,80.638,61.059,42.132
78.324,79.773,60.978,42.294
78.226,80.107,60.976,42.207
78.368,81.006,61.075,42.081
79.157,80.175,60.711,42.111
79.421,79.869,60.781,42.189
79.026,79.525,60.722,41.975
79.688,79.685,60.661,41.765
80.021,79.183,60.486,41.824
80.409,80.455,60.598,41.529
79.416,79.922,60.436,41.438
79.975,79.070,60.344,41.442
79.794,78.216,60.246,41.424
79.965,77.382,60.090,41.274
80.733,76.341,59.976,41.394
80.155,75.464,59.820,41.358
81.115,75.195,59.981,41.036
81.083,74.961,59.689,40.954
81.887,76.078,59.599,40.470
81.439,75.330,59.723,40.182
81.558,76.915,59.545,39.979
82.815,77.109,59.677,39.694
81.873,79.036,59.043,39.918
81.722,80.346,58.975,39.835
82.160,80.219,59.113,39.931
81.939,79.045,58.688,40.105
82.071,79.172,58.542,40.097
82.570,80.178,58.427,39.918
82.726,79.655,58.155,39.948
82.605,82.447,57.883,40.073
81.697,83.969,57.770,40.297
83.204,82.863,57.865,40.425
81.730,83.416,57.762,40.390
82.414,82.473,57.931,40.369
82.638,82.411,57.530,40.107
82.425,81.056,57.606,40.101
82.388,79.474,57.812,40.099
81.995,78.354,57.773,40.169
81.527,79.373,58.010,40.125
81.811,79.630,58.168,40.009
82.277,80.345,58.163,39.765
81.930,80.261,58.198,39.661
81.394,81.146,58.144,39.481
82.016,80.602,58.318,39.209
81.125,79.734,58.010,38.969
81.211,80.373,57.807,38.554
81.310,80.322,57.665,38.052
81.325,79.799,57.657,37.601
81.729,80.872,57.673,37.166
82.618,82.042,57.262,36.838
82.155,82.901,57.174,36.259
82.115,83.929,56.266,35.537
81.719,84.131,56.027,34.883
81.468,83.216,56.000,33.752
82.416,82.959,54.609,33.703
82.542,81.953,54.412,32.989
83.272,82.540,53.956,32.288
83.905,82.710,53.129,32.108
84.184,83.312,52.808,31.972
84.283,83.568,52.181,32.228
84.519,83.411,51.490,32.243
85.247,82.833,51.155,32.286
85.535,83.727,51.230,32.602
85.492,83.498,51.690,32.551
84.603,83.647,52.131,32.743
84.814,82.801,52.147,32.722
85.344,81.309,52.308,32.891
84.373,81.616,52.907,32.998
84.929,81.112,52.877,33.242
84.448,81.680,53.197,33.799
84.674,82.149,53.232,34.232
85.434,82.616,53.716,34.305
85.344,82.829,53.288,34.668
84.682,83.094,53.392,34.866
84.556,82.673,53.437,35.055
84.239,82.829,53.730,34.887
85.053,82.882,53.777,35.171
83.893,84.468,54.251,35.642
83.793,83.903,54.785,35.890
83.338,83.636,55.199,35.877
83.845,83.550,55.554,35.942
83.072,83.006,55.711,36.037
82.841,84.225,56.026,35.832
82.714,84.198,55.878,35.892
82.430,84.963,55.817,35.783
82.787,85.033,55.870,35.212
81.584,86.562,55.176,34.630
80.503,85.459,55.217,34.554
81.542,84.003,54.677,34.117
82.013,83.711,54.233,33.924
82.312,83.744,53.706,33.960
82.983,84.054,53.576,34.136
82.661,84.211,53.614,34.504
82.979,84.470,53.741,34.920
82.612,84.128,53.892,35.257
81.672,83.438,53.878,35.743
81.936,82.939,54.022,35.829
81.678,82.371,53.673,36.240
80.966,82.215,53.788,36.397
82.491,81.864,53.885,36.708
81.933,81.445,53.869,36.897
81.291,81.063,53.943,36.870
82.037,81.765,53.999,37.514
81.044,80.480,54.364,37.754
81.645,81.086,54.556,37.872
79.876,81.082,54.754,37.873
81.261,81.858,54.705,38.158
81.456,82.302,54.692,38.393
81.026,82.859,54.868,38.740
79.795,81.739,55.378,38.815
81.637,82.325,55.417,38.904
80.480,82.343,55.773,38.742
80.190,84.175,56.136,38.841
80.481,82.799,56.220,39.232
80.962,83.524,56.684,39.205
81.578,82.857,57.300,39.323
80.371,83.291,57.805,39.415
80.771,83.411,58.029,39.322
80.448,82.803,58.212,39.258
80.528,82.563,58.407,39.350
81.318,81.666,58.814,39.509
82.303,80.770,58.851,39.605
82.804,80.497,59.083,39.695
81.973,79.966,59.174,39.627
81.621,79.189,59.177,39.641
83.783,78.418,59.596,39.692
82.834,78.444,59.406,39.893
83.230,78.579,59.579,40.015
84.395,77.857,59.253,40.190
84.568,78.521,59.180,40.095
85.310,79.459,58.911,40.254
85.570,79.459,58.822,40.407
87.317,78.893,58.967,40.568
86.305,79.669,58.790,40.371
87.569,80.374,58.737,40.386
88.013,78.966,58.660,40.634
87.290,78.368,58.468,40.880
88.640,77.088,58.298,41.099
89.374,77.347,58.241,41.131
90.763,79.126,58.135,41.007
90.581,78.341,58.439,41.178
90.006,78.954,58.290,41.292
90.897,78.321,58.388,41.119
90.770,79.582,58.263,40.986
91.764,78.664,58.561,40.930
91.819,79.504,58.346,40.841
92.474,80.921,58.301,40.741
93.331,79.418,58.356,40.726
92.791,80.165,58.338,40.691
94.213,80.138,58.189,40.653
94.512,80.356,58.087,40.449
93.541,79.188,58.323,40.613
94.479,80.526,58.205,40.401
94.123,79.374,58.306,40.414
95.325,80.701,58.166,40.209
93.895,82.587,58.001,40.146
96.250,83.396,58.031,40.250
94.389,84.692,57.922,40.011
95.949,83.062,58.388,40.037
95.685,83.434,58.303,39.892
96.476,84.822,58.103,39.535
94.952,84.334,57.364,39.420
95.036,84.070,56.734,39.107
97.377,83.753,56.601,38.944
98.456,82.826,56.597,39.068
99.377,83.197,56.988,39.196
98.909,81.356,57.557,39.472
98.762,82.443,57.761,39.681
99.773,81.133,58.265,39.889
100.469,80.297,58.386,40.013
100.406,81.947,58.519,39.861
100.554,83.129,58.631,39.784
102.302,80.993,58.525,39.910
102.299,82.013,58.355,39.879
102.304,81.173,58.417,39.876
103.557,79.373,58.655,39.951
104.757,79.550,58.805,39.990
105.067,78.877,59.014,40.037
105.557,79.461,58.798,39.868
107.469,78.472,59.047,39.892
108.014,78.082,59.242,39.736
108.143,78.979,59.007,39.557
108.192,78.229,59.138,39.488
110.619,79.685,58.205,39.168
112.466,79.809,57.945,39.282
113.520,80.593,57.082,38.973
114.407,81.177,56.574,38.955
116.482,80.871,55.994,38.926
118.396,81.545,55.432,38.817
119.218,80.727,55.164,38.906
120.665,80.379,54.922,38.657
121.159,80.703,55.067,38.638
122.663,78.346,54.826,38.781
123.698,78.594,54.625,38.717
125.424,78.072,54.793,38.968
126.772,77.280,54.802,38.914
127.252,78.366,54.856,38.875
128.737,77.251,54.694,38.727
130.728,76.201,54.496,38.945
130.818,76.537,54.469,39.089
131.775,76.183,54.283,39.213
133.958,78.646,53.931,38.917
135.590,77.078,54.190,38.892
135.593,77.339,54.269,38.888
136.567,77.815,54.368,38.968
137.763,77.942,54.495,38.967
138.409,78.846,54.813,38.889
141.158,77.456,54.423,38.911
142.414,78.464,54.254,38.836
142.038,78.823,54.620,38.524
143.455,79.638,54.945,38.280
144.186,79.955,55.112,38.278
144.999,80.542,55.145,38.090
146.119,79.500,55.239,38.015
147.409,78.717,55.325,37.812
149.513,78.504,55.281,37.952
149.893,79.152,55.613,38.192
151.158,78.346,55.621,38.316
152.560,79.265,55.724,38.295
153.099,80.557,55.914,38.225
153.158,79.588,56.172,38.142
154.987,80.925,55.823,38.189
155.876,81.983,55.624,38.150
157.689,81.721,55.749,38.097
158.877,83.888,55.322,37.986
159.218,83.367,55.111,37.980
161.182,84.786,55.031,37.726
162.175,85.326,54.814,37.749
162.608,85.204,54.555,37.623
166.119,84.693,54.270,37.425
166.552,84.625,54.394,37.390
166.696,84.290,54.223,37.346
167.737,84.270,54.302,37.266
167.951,83.937,54.337,37.228
169.674,83.159,54.161,37.258
169.857,83.712,54.390,37.247
170.317,83.486,54.603,37.332
170.891,83.076,54.548,37.247
170.361,83.623,54.699,37.183
171.265,82.522,54.735,37.130
172.530,82.113,54.629,36.840
172.698,81.482,54.768,36.995
173.524,81.353,55.301,37.089
174.277,81.445,55.275,37.177
174.837,81.238,55.359,37.098
174.748,80.308,55.131,37.459
176.354,81.069,55.320,37.450
175.525,81.276,55.190,37.500
176.461,80.199,54.717,37.500
178.374,81.633,54.562,37.213
178.098,81.146,54.285,37.355
179.511,80.587,54.456,37.456
179.920,81.404,54.577,37.477
179.535,80.924,54.601,37.503
181.012,81.976,54.519,37.577
180.358,81.813,54.611,37.665
181.255,80.698,54.800,37.716
181.237,80.688,55.259,37.890
181.557,80.386,55.354,37.843
182.809,80.900,55.402,37.930
182.132,80.856,55.362,37.956
183.546,80.263,55.412,37.954
184.674,79.571,55.552,37.983
185.463,79.545,55.540,38.088
185.551,79.414,55.462,38.203
185.349,79.947,55.365,38.006
186.248,79.671,55.585,38.193
186.589,80.119,55.958,38.077
186.537,80.191,56.088,37.945
186.944,79.396,56.208,38.052
187.431,80.559,56.282,38.067
186.256,80.356,56.270,37.957
187.913,80.395,56.640,38.093
186.948,80.674,56.944,38.071
188.643,79.628,56.764,38.040
188.787,79.944,56.821,38.155
189.513,79.130,57.003,38.340
189.291,79.642,57.400,38.434
189.457,80.068,57.538,38.528
189.892,80.256,57.677,38.699
190.912,80.151,57.645,38.812
191.165,79.946,57.577,38.975
191.409,80.704,57.670,38.926
191.548,79.970,57.760,38.957
192.721,80.855,57.951,38.943
192.883,80.062,57.968,38.781
193.355,79.675,58.145,38.656
193.979,77.236,57.919,38.832
193.829,77.324,57.822,38.767
194.811,78.388,57.911,38.595
194.148,77.611,57.998,38.578
193.814,78.507,57.947,38.665
194.519,78.501,57.971,38.756
193.936,77.827,58.284,38.739
194.404,78.221,58.446,38.871
195.018,77.739,58.696,38.795
194.792,77.180,58.624,38.867
194.702,77.581,58.742,38.854
194.444,76.271,58.894,38.977
194.737,76.435,58.775,39.077
195.558,76.445,58.534,39.280
194.271,75.627,58.662,39.154
194.805,76.088,58.707,39.215
194.488,75.123,58.724,39.084
194.560,74.648,58.744,39.036
194.226,75.074,58.844,39.188
193.852,74.178,58.772,39.248
193.765,74.836,59.039,39.205
192.203,74.351,58.305,39.028
192.787,74.979,58.091,39.162
192.652,75.582,58.338,39.167
192.344,75.242,58.207,39.150
190.783,75.217,58.518,39.065
190.366,74.895,58.679,39.195
190.262,75.428,58.535,39.309
188.461,75.326,58.524,39.103
188.984,75.373,58.995,39.084
188.539,74.886,58.895,38.928
188.449,75.731,59.036,38.846
187.790,75.366,58.883,38.770
188.142,74.721,59.032,38.746
186.739,75.860,59.372,38.510
187.538,75.027,59.387,38.707
187.281,75.459,59.478,38.791
186.024,75.747,59.534,38.863
186.176,75.335,59.283,38.603
185.896,75.702,59.433,38.907
185.105,75.824,59.443,38.963
184.716,76.247,59.178,38.886
184.241,75.902,58.991,38.816
184.199,76.148,58.735,38.683
183.754,76.374,58.700,38.560
183.513,75.646,58.500,38.763
183.149,76.543,58.688,38.605
183.908,76.702,58.524,38.779
183.693,75.955,58.234,38.892
183.435,76.074,58.258,39.036
183.036,75.329,58.434,38.974
182.901,75.203,58.411,38.976
182.538,74.059,58.484,39.189
182.971,73.372,58.513,39.421
182.238,74.167,58.428,39.466
182.401,73.372,58.713,39.412
181.531,75.604,58.398,38.960
181.397,74.834,58.300,38.906
180.844,75.316,58.201,38.972
181.252,76.213,57.860,38.824
180.872,75.049,57.695,38.908
180.419,76.203,57.718,38.753
180.235,74.573,57.986,38.897
180.241,74.602,57.966,38.944
179.925,74.732,58.087,39.011
179.510,74.444,58.315,39.007
178.917,76.208,58.235,38.835
178.989,74.486,58.426,39.090
178.603,74.929,58.361,38.900
177.719,76.147,58.118,38.697
178.243,76.516,58.629,38.655
178.220,76.867,58.728,38.889
177.791,76.057,59.045,38.979
178.562,75.606,58.758,39.093
177.637,75.904,58.391,39.079
178.121,74.541,58.665,39.115
178.262,75.341,59.057,38.963
177.792,73.394,59.015,39.410
177.778,72.831,58.987,39.320
177.087,73.971,58.883,39.145
178.122,73.188,59.066,39.164
178.885,74.473,58.959,39.126
178.453,73.459,58.532,39.084
178.831,74.471,58.636,39.307
178.392,75.924,58.683,39.240
179.035,74.040,58.221,39.287
178.509,75.440,58.408,39.072
178.871,74.726,57.879,39.232
178.848,74.049,57.784,39.345
179.399,73.762,57.522,39.469
180.064,73.167,58.043,39.583
180.334,73.655,57.978,39.663
180.218,75.389,58.110,39.478
180.175,74.306,57.976,39.549
179.837,74.432,58.046,39.556
179.638,74.259,58.599,39.760
181.205,72.861,58.872,39.820
181.181,73.630,59.074,39.853
180.720,71.761,59.152,39.852
181.263,71.239,59.080,40.031
181.576,70.759,58.920,40.120
181.625,70.276,58.875,39.991
182.297,69.882,59.185,40.254
182.182,70.574,59.253,40.152
182.425,69.990,59.309,39.967
181.723,70.767,59.284,40.036
180.933,70.803,59.240,39.933
181.995,71.155,59.476,39.705
182.187,71.246,59.583,39.817
182.299,72.090,59.732,39.560
182.225,73.156,59.521,39.454
182.554,73.986,59.463,39.250
181.397,72.331,59.480,39.252
182.693,73.083,59.247,39.100
182.947,74.296,58.986,38.997
183.164,71.804,58.804,39.062
182.934,73.226,58.953,38.867
184.147,72.192,58.952,38.886
184.191,71.921,58.867,38.925
183.868,72.330,58.654,38.761
183.738,72.817,59.123,38.791
184.430,72.436,59.014,38.808
184.122,72.918,59.518,38.701
184.888,73.003,59.444,38.785
184.713,73.810,59.416,38.296
185.124,73.360,59.290,38.312
184.199,73.014,59.113,38.294
185.306,71.821,59.324,38.282
185.555,71.939,59.514,38.317
184.843,70.322,59.045,38.384
183.650,69.901,58.928,38.390
184.797,68.450,58.946,38.390
183.674,68.098,58.740,38.419
183.549,68.069,58.723,38.392
185.188,67.642,58.524,38.516
184.870,66.237,58.385,38.445
184.991,66.631,58.183,38.492
183.394,66.393,58.348,38.417
184.285,65.688,58.392,38.181
183.691,66.641,58.233,37.893
183.809,65.671,58.147,38.118
182.965,65.449,58.424,38.224
183.444,66.133,58.229,38.486
184.761,65.340,57.907,38.563
184.408,66.411,57.886,38.773
184.106,66.962,57.852,38.918
184.182,66.792,57.927,39.209
184.038,68.010,57.820,39.246
183.362,66.656,57.735,39.213
183.873,68.089,57.697,38.940
183.682,67.774,57.769,38.796
183.188,67.599,57.973,38.491
182.893,68.407,57.810,38.387
182.814,68.410,58.022,38.071
182.823,69.284,57.980,38.012
182.058,70.717,57.799,37.911
183.179,70.878,57.571,37.720
182.937,69.715,57.275,37.647
182.614,70.881,57.010,37.281
183.045,70.534,56.897,37.273
183.044,70.664,57.092,37.253
182.539,70.311,56.659,37.326
183.032,69.400,56.865,37.412
182.889,69.713,57.093,37.492
182.641,68.415,57.171,37.568
182.412,68.988,57.163,37.571
181.822,69.822,56.982,37.485
182.520,68.757,57.216,37.540
182.101,68.902,57.072,37.716
180.811,69.481,56.901,37.777
180.996,69.116,57.119,37.793
181.535,68.180,57.332,37.825
181.841,68.467,57.086,37.842
181.283,67.931,56.966,38.021
180.792,68.739,56.855,37.899
181.280,68.204,56.913,38.002
181.615,68.318,56.725,38.248
181.114,68.989,56.937,38.060
181.072,69.232,57.064,37.994
180.309,70.371,56.705,37.729
180.649,71.100,56.896,37.627
180.428,70.672,57.149,37.713
181.349,72.193,56.986,37.788
181.770,71.649,57.332,37.994
181.611,72.716,57.259,37.829
181.878,72.162,57.403,38.004
180.914,73.935,57.382,37.713
181.010,72.869,57.278,37.791
180.825,72.260,57.531,37.927
180.888,72.866,57.459,37.852
180.095,73.346,57.601,37.952
180.621,73.204,57.635,38.089
180.918,73.580,57.559,38.286
180.573,72.857,57.786,38.644
180.846,74.032,57.407,38.768
179.823,74.212,57.359,38.829
179.895,73.794,57.627,38.871
179.856,74.091,58.293,38.826
179.616,73.883,58.299,38.802
179.403,75.650,58.355,38.491
179.388,75.555,58.372,38.754
178.789,77.175,58.394,38.514
178.796,78.572,58.598,38.524
179.105,77.748,58.564,38.794
178.534,77.367,58.780,38.655
179.527,76.774,58.052,38.600
178.766,74.624,58.312,38.680
179.479,72.825,58.561,38.961
179.375,71.535,58.968,39.193
179.206,71.403,59.092,39.377
178.658,71.427,58.937,39.557
178.502,72.935,58.768,39.657
178.504,73.751,58.997,39.726
178.071,73.306,59.291,39.868
178.192,75.426,59.228,40.032
177.889,75.723,59.344,39.868
177.837,76.250,59.869,40.048
178.167,75.058,60.022,40.022
177.657,74.017,60.174,39.955
176.885,74.738,60.084,39.915
178.956,73.401,60.320,40.148
176.921,73.690,59.890,39.927
178.133,73.091,59.987,40.172
177.750,72.940,60.033,40.229
177.994,73.294,60.344,40.463
177.638,73.300,60.332,40.499
178.224,73.135,60.489,40.562
178.899,72.797,60.258,40.639
178.766,72.841,60.384,40.427
179.949,72.065,60.362,40.403
179.142,72.405,60.298,40.502
178.961,72.391,59.946,40.526
179.037,73.871,60.090,40.417
179.258,74.172,60.027,40.281
180.369,75.329,59.686,40.265
180.279,74.529,59.784,40.304
179.829,75.492,59.743,40.396
180.931,74.653,60.423,40.268
180.689,74.696,60.541,40.261
181.165,75.096,60.537,40.213
181.458,75.073,60.552,40.247
182.019,74.597,60.502,40.216
181.792,75.709,60.617,39.969
182.539,75.411,60.604,39.905
181.797,75.723,60.699,40.010
182.397,75.138,60.782,39.999
183.107,74.776,60.640,40.026
183.124,74.929,60.520,39.859
184.114,73.610,60.684,40.092
183.568,74.685,60.880,40.042
183.109,73.619,61.186,40.120
183.580,72.858,61.295,40.276
183.551,72.716,61.296,40.164
184.061,72.458,61.175,40.174
184.082,72.253,61.164,40.138
184.188,72.427,61.346,40.183
184.749,71.630,61.283,40.157
185.596,71.498,61.380,40.225
186.024,72.182,61.425,40.252
186.170,71.773,61.453,40.213
185.609,72.343,61.348,40.135
186.296,72.334,61.764,40.286
186.250,71.351,61.723,40.483
185.774,71.866,61.931,40.295
186.547,71.147,61.943,40.463
186.898,72.602,61.603,40.497
187.950,72.214,61.957,40.357
187.785,72.303,62.070,40.308
187.873,73.031,62.344,40.541
188.247,72.278,62.448,40.618
189.474,72.863,62.210,40.852
188.700,73.413,62.063,40.996
188.943,74.115,62.224,40.739
188.961,73.600,61.850,40.950
190.380,73.368,62.080,41.262
191.061,74.413,61.934,41.378
190.668,74.436,62.056,41.394
191.809,74.148,61.870,41.476
191.421,74.857,61.921,41.532
192.003,74.801,61.992,41.571
193.246,75.351,62.612,41.691
192.692,75.413,62.501,41.806
192.954,75.267,62.802,41.959
193.917,76.614,62.946,41.843
193.947,75.331,63.146,42.154
193.743,76.352,63.671,42.123
193.742,76.521,63.768,41.987
193.366,76.150,63.993,41.904
194.507,76.218,64.350,42.141
195.105,75.411,64.437,42.367
195.143,75.127,64.717,42.736
195.392,75.643,65.060,42.939
196.541,74.903,65.471,43.054
196.853,76.175,65.682,43.214
197.365,76.423,65.754,43.194
196.588,76.289,66.043,43.047
197.218,77.318,66.415,43.412
