164.000,121.000,27.000,24.000
164.367,121.746,26.963,23.857
165.353,121.148,26.973,23.747
165.736,120.743,27.127,23.608
164.770,121.038,27.365,23.492
166.322,120.661,27.282,23.876
166.316,120.122,27.194,23.859
166.918,119.909,27.044,24.001
166.318,121.134,27.238,23.894
167.821,120.494,27.067,23.810
166.940,120.730,27.058,23.789
167.393,121.172,26.982,23.769
168.398,121.175,27.046,23.924
168.591,121.412,27.138,23.910
167.902,121.818,27.377,24.030
167.977,121.268,27.495,24.030
168.308,121.311,27.708,24.135
168.588,120.913,27.699,24.195
169.203,120.495,27.673,24.381
169.338,120.591,27.818,24.171
169.127,121.014,27.829,24.185
169.518,121.123,27.828,24.165
170.672,120.942,28.049,24.391
170.302,121.377,28.218,24.491
170.403,121.551,28.184,24.409
171.199,121.784,28.154,24.329
170.710,122.371,28.352,24.200
171.582,120.925,28.186,24.192
170.680,120.420,28.267,24.075
170.531,119.628,28.376,23.968
170.518,119.220,28.539,24.017
171.112,119.769,28.493,24.125
170.158,120.486,28.561,24.450
170.989,120.942,28.601,24.605
170.330,121.701,28.622,24.694
169.462,121.431,28.982,24.677
170.172,121.879,29.032,24.879
169.271,121.302,28.908,24.802
169.406,120.884,28.871,24.810
169.608,120.603,29.083,24.721
168.647,120.505,29.499,24.783
168.916,120.574,29.443,24.887
168.866,120.309,29.506,24.798
168.912,121.919,29.519,24.835
169.297,122.684,29.597,24.920
168.035,123.350,29.833,24.994
168.379,123.780,29.723,25.166
168.725,124.434,29.692,25.202
167.853,124.099,29.690,25.299
167.494,123.653,29.900,25.024
168.342,123.510,29.763,25.060
167.698,123.189,29.854,24.780
167.464,123.196,29.975,24.831
168.147,122.426,29.848,24.644
166.794,122.919,30.041,24.564
167.735,122.653,30.204,24.441
167.589,122.585,30.014,24.688
167.047,122.988,30.455,24.552
167.713,123.368,30.448,24.670
167.422,122.994,30.276,24.590
167.029,123.353,30.065,24.586
166.810,123.411,30.035,24.672
167.677,124.223,29.953,24.832
167.264,122.980,29.861,24.554
167.139,122.516,29.723,24.424
167.684,122.513,29.567,24.510
167.887,122.427,29.387,24.395
167.866,122.243,29.498,24.378
167.093,122.295,29.419,24.301
167.718,122.167,29.290,24.270
167.584,121.887,29.451,24.138
167.188,122.670,29.412,24.138
167.712,123.335,29.470,24.089
167.116,123.684,29.752,24.094
167.546,123.485,29.672,23.936
168.074,123.374,29.749,23.854
167.952,122.861,29.728,23.835
168.274,123.194,29.398,24.130
168.735,122.513,29.209,24.385
168.851,122.222,29.388,24.642
168.212,121.434,29.246,24.628
168.892,121.231,28.973,24.851
169.552,121.197,28.924,25.228
169.153,121.251,29.053,25.443
169.853,121.378,28.901,25.528
169.554,120.455,29.027,25.548
169.301,120.432,29.062,25.656
169.931,120.967,29.240,25.987
170.016,121.195,29.084,26.091
170.234,121.026,28.832,26.192
169.986,121.261,28.657,26.410
170.382,121.605,28.656,26.452
170.882,121.029,28.883,26.161
171.138,120.682,29.054,26.164
171.460,120.633,28.809,26.124
171.713,120.620,28.793,26.121
172.097,120.644,28.837,26.234
171.506,121.309,29.043,26.003
172.047,121.633,29.102,26.053
172.716,121.929,28.851,26.023
172.901,121.817,28.772,25.842
172.940,122.277,28.700,25.600
172.781,121.976,28.802,25.226
173.554,122.026,28.862,25.206
173.242,121.855,29.044,25.153
173.687,122.452,29.109,25.294
173.501,121.945,29.106,25.088
173.566,122.385,29.186,25.215
174.063,121.743,29.285,25.285
174.542,120.980,29.168,25.187
174.154,121.082,28.922,25.176
173.775,121.016,28.922,25.328
174.028,121.708,28.833,25.467
174.769,121.533,28.974,25.409
174.512,121.378,29.074,25.402
174.614,121.475,28.623,25.485
174.570,122.512,28.960,25.359
174.469,122.706,29.077,25.310
174.301,122.600,29.099,25.444
174.553,122.703,29.353,25.495
174.383,122.870,29.621,25.715
173.856,122.442,29.677,25.576
174.142,121.540,29.748,25.268
173.810,121.412,29.735,25.509
173.609,122.159,30.024,25.547
173.227,122.740,29.975,25.618
173.292,121.920,30.162,25.363
172.744,122.529,30.462,25.422
172.389,123.007,30.467,25.676
172.098,123.638,30.854,25.612
171.672,123.632,30.997,25.648
171.467,124.134,31.371,25.713
171.026,124.372,31.398,25.747
171.968,123.189,31.356,25.547
171.801,122.412,31.367,25.457
172.430,122.017,31.185,25.514
172.563,121.759,30.910,25.453
171.912,122.475,30.571,25.456
172.425,121.995,30.764,25.177
173.034,121.929,30.354,25.070
172.676,122.211,30.149,24.944
172.772,122.683,30.236,24.909
172.308,122.263,29.926,24.873
173.077,120.865,29.889,24.974
172.404,121.481,30.076,25.033
172.943,120.977,29.745,24.893
173.398,120.706,29.384,24.914
171.989,120.455,29.385,24.743
171.792,120.108,29.307,24.825
172.730,120.037,29.182,24.850
172.367,121.053,29.221,25.112
172.539,120.643,29.170,25.035
172.235,120.838,29.258,25.258
172.328,120.791,29.329,25.321
172.509,121.011,29.198,25.223
171.495,121.473,29.231,25.295
171.029,121.808,29.351,25.499
170.950,122.409,29.360,25.582
170.676,123.202,29.542,25.816
171.403,122.435,29.921,25.567
170.944,122.371,30.481,25.611
171.202,122.150,30.346,25.415
171.815,121.894,30.455,25.474
171.789,121.945,30.403,25.513
170.978,122.148,30.523,25.398
171.659,122.185,30.593,25.449
171.482,122.588,30.515,25.539
171.360,122.814,30.660,25.475
170.833,123.808,30.577,25.670
170.571,123.979,30.583,25.800
170.930,123.766,30.691,25.807
171.363,123.468,30.402,25.866
170.885,123.027,30.199,25.676
170.639,122.534,30.082,25.642
170.170,123.085,29.881,25.762
170.474,122.830,30.116,25.594
169.731,121.771,29.882,25.549
170.493,121.197,29.697,25.370
170.931,121.199,29.695,25.256
170.138,121.221,29.733,25.110
170.134,120.806,29.637,24.979
170.646,120.178,29.551,25.001
169.930,120.097,29.506,25.007
170.201,119.784,29.147,25.291
170.259,119.645,29.304,25.254
170.128,119.563,29.324,25.326
169.552,119.688,29.466,25.452
169.403,120.158,29.421,25.591
169.267,119.461,29.268,25.460
168.553,119.349,29.454,25.221
168.824,119.055,29.268,25.315
168.334,118.933,29.255,25.166
168.800,118.730,29.216,25.166
167.783,118.055,29.323,24.854
168.449,117.939,29.262,24.805
168.095,117.687,29.066,24.950
167.424,117.831,29.020,24.995
167.334,117.966,29.242,24.874
167.066,117.706,29.186,24.915
165.949,117.513,29.090,25.163
166.464,116.785,29.339,24.897
166.371,115.662,29.293,24.884
166.133,115.421,29.228,24.774
165.163,115.109,29.406,24.666
165.169,115.408,29.549,24.818
165.740,114.977,29.530,24.837
165.144,115.288,29.533,24.639
164.881,114.940,29.503,24.876
164.652,115.370,29.613,25.040
163.694,116.077,29.820,25.453
163.509,116.427,30.112,25.568
163.540,116.888,29.949,25.650
163.282,116.879,29.978,25.505
163.170,117.801,29.983,25.985
163.795,118.182,29.961,26.137
163.329,119.074,30.139,26.505
163.690,120.192,30.181,26.932
162.747,121.396,30.380,26.886
162.933,121.767,30.562,26.783
162.097,121.998,30.599,26.537
161.874,121.869,30.758,26.431
161.540,121.476,30.934,26.282
161.102,120.818,30.720,26.230
161.046,120.598,30.783,26.132
160.528,120.561,30.701,26.064
160.596,120.183,30.697,25.933
160.390,120.561,30.674,26.092
159.812,120.123,30.787,25.758
160.328,119.558,30.720,25.677
160.146,119.732,30.850,25.746
159.674,119.069,30.630,25.999
159.726,118.448,30.850,26.048
160.101,118.319,30.976,26.163
160.142,118.044,31.036,26.150
159.914,117.686,31.183,26.058
159.720,117.952,31.187,26.316
160.281,118.159,31.060,26.521
160.069,118.048,31.131,26.450
160.186,117.689,31.086,26.304
160.490,116.132,30.856,26.318
160.982,115.269,30.980,26.362
160.498,115.319,31.220,26.417
160.973,115.867,31.359,26.397
160.191,115.847,31.477,26.515
161.073,115.109,31.562,26.289
161.615,114.966,31.258,26.520
161.238,115.544,31.426,27.011
161.320,115.327,31.364,27.000
161.410,113.903,31.370,26.643
160.963,113.341,31.398,26.509
161.748,113.463,31.550,26.486
161.946,113.172,31.502,26.618
162.249,112.582,31.494,26.754
161.922,112.961,31.784,26.733
162.087,112.930,31.794,26.881
162.399,113.049,31.718,27.127
162.333,113.822,31.723,27.378
162.828,113.844,31.420,27.666
162.841,114.453,31.372,27.931
162.893,114.514,31.426,27.805
162.958,114.561,31.452,27.705
163.099,113.783,31.502,27.541
163.559,113.602,31.726,27.482
164.208,113.763,31.701,27.515
164.245,113.504,31.668,27.296
163.872,112.976,31.675,27.261
164.212,113.145,31.911,27.389
164.862,113.310,31.946,27.333
164.524,113.680,32.130,27.519
165.010,113.865,32.067,27.288
165.502,113.333,31.894,27.355
165.501,113.594,31.889,27.858
165.624,113.582,31.956,27.860
166.151,113.002,31.855,27.929
165.797,113.768,31.891,28.476
166.424,113.730,31.942,28.532
166.874,113.798,31.689,28.910
167.501,113.498,31.877,28.862
167.469,114.146,32.051,28.813
167.707,114.443,32.065,28.769
168.206,114.165,32.118,28.784
168.624,113.870,32.385,28.792
168.666,113.802,32.383,28.932
169.405,113.526,32.476,29.001
169.473,113.297,32.368,29.158
169.558,114.470,32.459,29.376
169.376,114.294,32.455,29.582
169.072,114.759,32.784,29.411
170.751,115.499,32.730,29.396
170.735,114.788,32.679,28.992
170.446,114.056,32.835,28.798
170.929,115.239,32.898,29.114
171.510,115.117,32.866,29.118
171.884,115.018,32.731,29.169
172.317,115.002,32.931,29.004
171.787,114.630,32.729,29.110
172.340,115.894,32.992,29.129
172.562,116.425,32.984,29.427
172.635,115.264,32.774,29.193
173.323,115.059,32.721,29.119
172.776,114.229,32.768,28.907
173.041,114.392,32.621,29.118
172.883,114.674,32.606,29.243
173.686,115.134,32.895,29.194
173.085,115.323,33.134,29.230
173.395,116.176,33.134,29.206
173.565,116.404,32.965,29.298
172.772,116.183,32.733,29.130
173.684,116.587,32.736,29.090
173.374,116.563,32.742,29.018
173.070,116.533,32.735,28.957
173.410,115.789,32.883,28.698
174.049,115.974,32.957,28.650
173.467,116.426,32.688,28.995
173.718,117.234,32.816,29.443
173.117,117.487,32.626,29.593
173.436,117.368,32.506,29.285
173.112,117.486,32.631,29.180
173.707,118.217,32.925,29.225
173.425,117.987,32.952,28.953
172.889,119.087,33.140,29.090
172.787,118.546,33.121,28.859
173.641,117.861,33.117,28.795
172.884,118.032,33.283,28.769
172.203,117.918,33.212,28.718
172.468,118.529,33.407,28.924
172.507,118.787,33.433,28.749
173.115,117.880,33.064,28.596
172.767,116.935,33.249,28.468
172.010,116.387,33.162,28.458
172.111,116.565,33.210,28.949
171.833,116.702,33.347,28.810
171.268,116.504,33.599,28.488
171.520,116.258,33.722,28.443
171.665,116.807,33.886,28.757
171.111,116.801,34.007,28.718
170.858,117.250,34.059,29.053
170.719,117.342,33.933,29.256
170.512,117.852,34.078,29.464
169.558,117.687,34.144,29.307
169.516,117.392,34.069,29.395
169.330,117.210,33.919,29.288
168.518,117.923,33.997,29.496
168.072,118.034,34.218,29.320
167.518,117.700,33.996,29.356
167.254,117.278,33.873,29.284
166.863,117.416,33.936,29.084
166.359,117.471,33.935,29.081
166.026,118.034,34.020,29.168
164.781,118.509,34.281,29.337
164.231,118.067,34.449,29.375
164.914,117.777,34.365,29.288
162.998,117.928,34.307,29.569
162.923,117.079,34.354,29.512
162.551,117.190,34.385,29.617
162.139,117.590,34.385,29.558
162.234,117.503,34.514,29.494
161.674,117.031,34.277,29.219
161.581,117.409,34.369,29.593
161.545,117.976,34.140,30.177
162.116,117.368,33.992,30.201
160.716,117.187,34.046,29.956
161.551,116.654,33.972,29.694
160.662,116.358,33.957,29.478
161.156,116.850,33.951,29.531
160.781,116.966,34.222,29.597
161.567,116.199,34.079,29.516
161.137,116.087,34.142,29.762
162.206,116.118,34.027,29.815
162.052,116.329,33.910,29.990
161.679,116.410,33.979,30.152
162.097,116.069,33.926,30.007
162.313,115.677,33.805,30.047
162.883,115.209,33.667,30.203
162.166,115.328,33.797,30.538
162.042,114.818,33.573,30.248
162.567,115.566,33.517,30.362
163.127,115.535,33.702,30.495
163.081,115.373,33.763,30.637
163.165,114.969,33.963,30.446
162.027,114.418,33.884,30.274
162.946,114.772,33.789,30.555
163.005,114.655,33.925,30.704
163.217,114.759,33.694,30.854
162.987,114.832,33.712,31.104
162.731,115.534,33.711,31.108
162.580,116.125,33.875,31.002
163.133,116.223,34.154,30.917
162.819,116.341,33.960,30.979
163.675,116.234,34.183,30.609
163.347,115.382,34.300,30.346
164.364,114.720,34.391,30.186
163.417,114.620,34.187,30.282
163.083,115.400,34.186,30.359
163.685,115.897,34.268,30.397
163.814,116.695,34.416,30.408
163.753,116.524,34.614,30.379
163.652,116.792,34.500,30.508
164.287,116.957,34.515,30.691
164.378,117.940,34.622,30.708
164.086,117.675,34.595,30.577
164.164,117.749,34.664,30.648
164.714,117.936,34.748,30.835
164.122,118.507,34.876,30.911
164.033,118.299,34.911,31.036
164.586,117.548,34.799,30.912
164.066,117.285,34.691,30.947
164.816,116.506,34.815,30.832
164.089,116.642,34.864,30.798
163.714,118.077,34.731,30.987
164.216,117.785,34.845,30.884
163.835,118.021,34.861,30.996
163.771,118.314,34.921,30.979
163.659,118.113,34.960,30.577
164.259,117.886,34.993,30.594
163.978,118.317,35.035,30.790
164.330,118.085,35.133,30.673
164.882,117.573,35.165,30.354
164.910,117.174,35.013,30.382
164.851,117.343,35.052,30.668
165.235,117.225,35.192,30.713
164.952,117.527,35.154,30.841
164.586,117.719,35.321,31.079
164.879,117.439,35.535,31.095
164.683,117.577,35.595,31.047
164.491,117.749,35.512,31.106
165.348,117.718,35.567,31.281
164.751,117.949,35.634,31.375
165.102,117.307,35.537,31.212
165.287,116.585,35.669,31.255
164.453,116.636,35.660,31.503
164.502,117.924,35.905,31.804
164.448,118.132,36.228,32.045
164.108,117.774,36.400,31.990
164.678,117.200,36.523,31.885
164.624,117.113,36.552,31.950
164.141,116.980,36.597,31.843
163.885,117.945,36.473,32.023
163.455,117.941,36.500,32.008
163.781,117.805,36.587,31.913
163.297,118.380,36.573,31.952
163.685,118.022,36.604,31.738
163.347,118.142,36.438,31.945
163.008,118.311,36.204,32.183
163.097,118.300,36.439,32.299
162.759,117.902,36.544,32.088
162.210,117.607,36.479,32.012
162.402,117.783,36.495,32.442
161.898,117.961,36.565,32.315
162.066,118.031,36.509,32.434
161.914,117.333,36.371,32.487
161.112,117.251,36.390,32.313
160.141,118.350,36.382,32.606
160.265,117.736,36.455,32.360
159.694,118.057,36.402,32.548
159.584,118.120,36.365,32.323
159.265,117.581,36.619,32.359
157.609,118.086,36.788,32.626
156.758,118.171,36.907,32.913
157.324,117.982,37.116,32.983
157.165,118.654,37.100,33.329
157.268,117.986,37.195,33.278
156.211,117.820,37.282,33.225
156.022,117.560,37.022,33.072
154.949,118.209,36.994,33.231
154.613,119.487,37.049,33.011
154.228,118.736,37.185,32.732
153.482,118.887,37.425,32.775
152.731,118.995,37.545,32.704
152.231,119.076,37.659,32.783
151.043,118.777,37.652,32.633
151.991,117.757,37.502,32.723
150.436,117.982,37.536,32.567
149.808,118.117,37.694,32.612
149.421,117.898,37.666,32.769
148.017,117.821,37.785,32.863
147.431,117.614,38.104,33.026
147.132,116.246,37.967,33.037
146.203,116.432,38.079,33.290
145.467,115.570,38.157,33.424
144.352,116.845,38.275,33.629
144.189,116.540,38.377,34.018
143.446,115.271,38.866,33.840
142.228,115.346,39.071,33.947
142.102,115.391,39.126,33.819
141.482,116.067,39.268,33.852
140.945,116.705,39.165,34.024
140.566,116.754,39.166,34.191
140.388,115.694,39.249,33.942
138.988,115.472,39.325,34.296
139.185,114.853,39.396,34.274
139.004,115.488,39.426,34.548
138.750,115.747,39.518,34.624
138.190,115.309,39.641,34.598
137.823,114.912,39.574,34.525
137.571,113.885,39.600,34.920
137.800,114.719,39.437,35.157
137.377,114.997,39.220,35.330
137.020,115.171,39.145,35.545
136.789,114.902,39.335,35.505
136.345,113.986,39.363,35.638
135.598,114.223,39.079,35.276
135.494,113.779,39.379,35.262
134.559,114.045,39.675,34.934
134.489,114.176,39.652,34.966
134.317,114.519,39.663,34.951
133.477,115.277,39.882,35.019
132.911,115.775,40.168,34.652
133.118,115.082,40.320,34.700
131.765,115.604,40.650,34.676
132.123,115.553,40.864,34.642
131.165,115.217,41.048,34.514
130.963,115.454,40.868,34.426
130.635,115.547,41.004,34.376
129.673,116.397,41.074,34.311
129.468,116.339,40.903,33.971
129.064,116.301,40.908,33.685
128.154,116.134,40.882,33.376
128.029,116.746,40.854,33.268
127.799,116.854,40.892,33.249
126.738,117.284,41.015,33.183
125.628,117.571,40.983,33.049
125.706,116.911,40.901,33.049
125.102,117.747,42.239,31.669
123.645,118.424,43.358,30.813
122.948,118.629,43.775,30.123
122.074,118.650,44.119,29.855
122.720,117.799,43.017,30.844
122.323,116.689,42.171,31.500
122.609,117.001,41.776,32.095
121.353,117.046,41.498,32.376
120.932,117.113,41.194,32.691
120.898,117.363,40.987,32.688
121.479,116.313,40.598,32.810
120.470,116.373,40.385,32.570
119.789,116.693,40.465,32.435
118.852,117.006,40.674,32.193
118.535,116.795,41.032,32.201
117.124,116.921,41.203,32.401
116.308,116.976,42.222,31.285
116.456,116.950,42.084,31.331
115.135,117.488,42.833,30.325
114.263,117.902,43.563,29.776
113.626,118.387,44.280,29.303
114.107,117.638,44.037,29.042
113.307,117.364,44.183,29.059
111.775,118.067,44.862,28.682
111.275,118.551,45.283,28.633
110.557,118.884,45.420,28.711
110.142,119.157,45.649,29.052
109.779,118.792,45.458,29.037
108.411,119.432,45.981,28.909
107.349,119.521,46.204,28.884
106.066,120.340,46.671,28.843
105.380,120.409,47.314,28.813
104.955,120.011,47.257,28.906
104.822,119.895,47.353,28.817
104.617,119.341,47.313,28.844
103.512,119.206,47.342,28.894
103.099,119.705,47.889,28.998
102.769,119.980,48.515,28.978
101.357,120.057,49.004,29.053
101.097,119.803,49.035,29.017
100.438,119.170,49.033,29.092
100.641,119.276,49.559,29.140
99.761,119.474,49.954,29.371
99.352,119.331,49.685,29.657
98.695,119.013,49.738,30.119
97.919,118.881,49.867,30.529
98.229,119.251,49.981,30.571
97.846,118.692,49.868,30.900
97.576,118.648,50.090,30.978
97.032,119.054,50.450,30.844
97.317,119.636,50.970,30.466
97.255,119.559,50.912,30.572
97.607,118.415,50.286,30.711
97.622,117.260,49.557,30.915
97.405,118.299,49.553,30.911
97.229,118.383,49.479,30.921
97.334,118.374,49.496,30.775
96.657,118.431,49.915,30.795
96.289,118.678,49.614,30.839
96.225,119.308,49.712,30.925
95.702,119.456,49.921,30.969
95.656,118.711,49.804,31.280
95.291,118.491,49.814,31.342
95.708,118.139,49.544,31.347
96.058,117.977,49.631,31.365
95.900,118.016,49.657,31.169
95.667,118.228,49.933,30.979
95.377,117.924,49.837,31.085
95.578,118.211,49.882,31.019
95.678,117.149,49.270,31.032
95.854,117.443,49.538,31.158
95.145,117.193,49.609,31.021
95.475,117.341,49.336,31.283
95.050,116.787,49.187,31.508
95.286,116.807,48.780,31.625
95.409,117.077,48.747,31.696
95.582,117.549,48.687,31.915
95.436,117.420,48.511,31.890
95.007,117.356,48.808,31.978
94.881,117.765,48.737,31.879
94.842,118.010,48.697,31.863
94.968,117.573,48.344,31.986
94.868,117.304,48.025,32.093
94.916,117.268,48.107,31.843
94.977,116.938,48.092,32.013
95.524,117.053,48.102,32.277
95.409,117.088,48.254,32.253
95.305,117.113,48.383,32.250
95.168,116.611,48.364,32.246
95.010,116.535,48.022,32.759
95.097,116.568,47.581,32.943
95.761,115.854,47.139,33.152
95.581,115.696,46.852,33.140
95.445,115.509,46.812,33.242
95.612,115.931,47.043,33.047
94.995,116.223,47.267,33.164
95.214,116.814,47.333,33.224
95.341,116.522,47.089,33.111
94.933,116.385,47.029,33.106
95.588,116.132,46.852,32.975
94.899,116.036,47.066,32.794
94.488,116.119,47.444,32.700
94.878,115.670,47.639,32.908
94.182,115.770,47.776,32.697
93.528,116.247,47.911,32.391
93.579,116.622,48.415,32.055
93.580,116.860,48.428,31.788
93.457,117.049,48.427,31.803
93.292,116.779,48.284,31.986
93.983,116.665,48.484,32.124
93.265,116.318,48.523,32.315
93.049,116.567,48.367,32.336
93.000,116.675,48.439,32.295
93.558,116.351,48.321,32.371
93.418,116.235,48.427,32.447
92.888,116.479,48.304,32.414
93.179,116.456,48.269,32.570
93.436,116.315,48.149,32.725
92.752,116.616,48.207,32.488
94.161,116.462,48.191,32.475
92.697,116.904,48.358,32.288
93.275,116.888,48.172,32.208
93.335,117.451,47.988,32.083
93.516,117.245,47.970,31.961
91.679,117.445,48.203,31.844
92.259,117.365,48.229,32.082
92.446,117.287,48.060,31.847
92.557,117.122,48.167,31.877
91.805,117.225,48.299,31.949
91.745,117.547,48.512,31.851
91.445,117.308,48.215,31.734
90.858,117.506,48.379,31.666
91.226,118.133,48.599,31.636
90.915,118.362,48.584,31.649
91.625,118.670,48.703,31.614
91.351,118.610,48.472,31.742
90.609,118.988,48.496,31.682
91.260,118.932,48.367,31.544
91.537,119.084,48.376,31.463
91.649,119.246,48.157,31.529
91.094,119.287,48.001,31.404
90.608,119.403,47.896,31.380
90.085,118.934,47.798,31.818
90.211,119.453,48.005,31.807
89.507,119.259,47.704,31.749
89.653,119.389,47.713,31.884
89.523,119.381,47.654,32.027
89.416,119.498,47.498,32.033
88.949,119.463,47.622,31.867
89.597,118.736,47.720,31.984
88.875,119.446,47.797,31.866
88.748,119.829,47.992,31.858
87.990,119.868,48.010,31.732
88.242,119.728,48.083,31.955
88.286,119.403,48.001,31.924
87.585,119.492,48.244,31.960
87.021,119.402,47.836,32.212
86.788,119.294,47.835,32.097
86.738,120.438,48.074,31.876
86.640,120.750,48.176,31.758
86.811,120.248,48.038,31.847
86.615,120.171,48.003,31.640
86.545,120.177,47.910,31.771
86.774,120.332,47.925,31.657
86.788,120.689,47.855,31.805
85.982,121.088,47.722,31.688
86.504,120.815,47.528,31.905
86.230,121.126,47.546,31.918
85.935,120.662,47.372,32.117
86.014,120.604,47.133,32.079
85.820,119.652,47.039,32.186
86.155,118.851,47.239,32.177
85.192,119.174,47.657,32.274
85.256,119.885,47.838,31.990
85.569,119.843,47.769,31.993
85.302,120.236,47.880,31.917
85.208,120.495,48.005,31.743
85.240,120.099,47.669,31.728
85.250,119.881,47.617,31.842
84.233,120.596,48.023,31.570
85.065,120.116,47.844,31.804
86.029,119.351,47.712,31.712
85.847,118.288,47.852,31.481
85.145,118.223,47.814,31.341
85.231,118.388,48.163,31.356
85.136,118.405,47.957,31.423
85.052,118.674,47.966,31.305
84.979,118.932,47.951,31.209
85.162,118.920,48.047,30.985
85.677,118.558,48.243,31.031
85.163,118.134,48.192,31.409
85.195,118.232,48.149,31.350
85.238,118.302,48.212,31.134
86.168,117.908,48.093,30.982
85.795,118.318,48.147,30.848
85.479,118.354,48.114,30.817
85.738,118.689,48.152,30.774
86.561,118.184,48.090,30.650
86.126,118.277,47.914,30.763
85.630,118.565,47.854,30.780
86.622,119.030,47.825,30.339
85.753,119.013,47.638,30.435
86.353,119.143,47.744,30.526
86.522,119.279,47.778,30.590
87.277,118.313,47.807,30.546
87.337,117.908,47.826,30.735
87.297,117.958,47.995,30.579
86.895,118.642,48.081,30.471
87.594,118.679,47.605,30.343
87.210,118.875,47.687,30.217
87.005,118.662,47.626,30.123
88.157,118.902,47.461,29.869
88.057,119.099,47.601,29.624
88.370,119.818,47.739,29.603
88.874,119.824,47.707,29.522
89.121,119.651,47.590,29.715
89.168,119.622,47.696,29.667
90.396,119.255,47.337,29.649
89.064,118.635,47.096,29.773
90.059,118.710,46.961,29.957
90.053,118.980,47.092,29.711
89.501,119.043,47.328,29.602
89.783,118.883,47.201,29.774
90.148,118.707,47.029,29.660
90.472,118.957,46.975,29.906
91.081,119.594,46.917,29.828
91.106,119.434,47.136,29.783
91.480,118.948,46.773,29.839
91.287,118.743,46.907,29.959
92.073,118.690,46.636,30.202
91.946,118.810,47.030,30.048
91.833,118.682,47.297,30.287
92.691,118.695,47.010,30.401
91.870,118.436,46.952,30.249
92.391,117.735,46.834,30.416
92.846,117.572,46.781,30.416
91.568,118.563,47.284,30.370
92.241,118.733,47.438,30.283
93.469,118.989,47.292,30.198
92.545,118.727,47.668,30.175
92.714,118.451,47.480,30.131
93.069,118.444,47.299,30.011
93.175,118.583,47.339,29.985
93.089,118.048,47.508,30.157
93.582,118.629,47.347,30.085
93.256,118.849,47.449,29.961
93.361,119.255,47.214,30.004
93.926,119.302,47.297,29.824
93.740,118.914,47.147,29.827
93.113,118.868,47.045,29.937
93.647,119.409,46.988,29.798
94.447,119.310,46.705,30.161
95.016,119.236,46.873,29.929
94.909,119.129,46.700,29.665
94.123,120.087,46.785,29.643
94.510,119.826,46.628,29.737
94.569,119.466,46.881,29.871
94.882,119.173,46.825,29.901
95.211,118.313,46.683,30.184
95.443,117.851,46.582,30.347
95.998,117.720,46.608,30.424
95.163,118.130,46.290,30.669
95.658,118.702,46.331,30.530
96.120,119.429,46.338,30.516
96.076,119.263,46.226,30.619
95.856,119.330,46.029,30.572
95.946,118.903,46.175,30.719
96.539,119.256,46.273,30.375
96.539,119.474,46.117,30.527
96.864,118.953,45.961,30.651
97.436,118.289,45.796,30.859
97.736,119.215,46.003,30.559
97.254,120.140,46.073,30.435
97.964,120.125,45.861,30.566
98.344,119.643,45.339,30.152
98.947,118.212,45.082,30.138
98.528,118.662,44.977,30.149
98.522,118.954,44.949,30.314
99.490,118.583,44.923,30.305
99.159,118.776,44.940,30.464
98.660,117.868,44.709,30.855
98.120,118.311,44.859,30.854
98.000,117.327,43.813,31.739
98.450,117.618,43.512,32.629
98.626,117.352,43.273,32.925
98.910,116.758,43.041,33.333
99.130,116.576,43.103,33.468
99.089,116.248,43.091,33.447
98.647,116.753,43.015,34.114
98.011,116.452,43.112,34.298
98.361,116.987,43.199,34.161
98.335,116.193,43.271,34.142
97.820,116.304,43.268,34.096
97.818,116.401,43.064,34.336
97.620,116.845,43.164,34.674
97.448,116.826,43.331,34.604
97.331,116.540,43.341,34.567
97.344,116.698,43.274,34.735
97.425,116.758,43.412,35.035
97.086,116.715,43.383,34.986
97.336,116.541,43.260,35.084
97.948,115.788,43.187,35.281
97.772,116.296,42.916,35.206
97.499,116.332,42.695,35.385
97.143,116.787,42.735,35.578
97.256,117.333,42.498,35.778
97.888,117.742,42.080,36.004
98.185,117.265,41.998,36.089
98.718,117.254,41.660,35.915
98.736,116.523,41.500,35.634
99.398,117.033,41.658,35.655
98.340,116.935,41.898,35.308
98.948,116.528,42.086,35.214
98.699,115.700,42.178,35.190
98.569,116.198,41.834,35.563
98.452,117.143,41.470,35.954
98.277,117.258,41.383,36.361
98.504,117.699,41.479,36.556
98.839,117.785,41.472,36.711
98.828,117.393,41.575,36.888
99.231,116.836,41.011,37.008
98.502,116.635,40.960,36.940
98.958,116.319,40.950,37.028
99.587,116.815,41.107,37.319
98.663,116.269,41.172,37.461
98.964,115.889,41.093,37.523
98.614,115.461,40.501,37.919
99.698,115.117,40.412,38.337
98.420,115.480,40.635,38.190
97.863,114.626,40.836,38.245
98.066,114.997,41.076,38.246
98.267,114.785,41.316,38.682
97.932,114.097,41.328,38.878
97.539,114.669,41.447,39.104
97.592,114.331,41.402,39.150
97.723,114.551,41.590,39.276
97.419,114.463,41.681,39.212
97.126,114.364,41.749,39.171
95.985,115.033,41.638,38.998
96.791,113.998,42.060,38.868
96.990,115.201,42.172,38.765
95.998,115.380,42.108,38.575
96.941,114.032,41.532,38.888
96.300,113.836,41.864,39.080
96.080,113.264,42.188,39.287
96.379,113.391,42.468,39.227
96.043,112.546,42.782,39.338
96.222,112.865,42.721,39.164
95.681,113.670,42.946,39.043
95.393,113.256,43.109,39.075
95.703,113.700,43.071,38.994
95.543,113.359,43.239,39.243
95.499,113.337,43.406,39.206
95.676,115.930,43.749,39.126
95.608,115.194,43.832,38.842
95.308,113.946,43.799,39.113
95.288,113.794,43.703,39.169
95.552,114.117,43.821,39.247
95.959,113.799,43.922,39.083
95.740,112.757,43.973,39.357
94.890,113.147,44.149,39.334
95.415,112.776,44.189,39.436
95.494,115.794,44.378,39.463
95.175,114.351,44.514,39.441
95.235,113.653,44.534,39.446
94.851,114.368,44.476,39.479
95.482,114.265,44.456,39.481
95.003,114.375,44.530,39.346
95.457,114.157,44.388,39.260
95.424,116.961,44.540,39.153
95.184,115.387,44.580,39.020
95.058,117.863,44.775,38.926
94.635,116.009,44.804,38.789
93.973,115.240,44.977,38.905
94.296,118.211,45.238,38.812
94.714,116.817,45.307,39.059
94.478,116.215,45.269,39.132
94.231,115.449,45.311,39.219
94.898,114.164,45.744,39.315
94.350,116.292,45.683,39.298
94.252,114.853,46.008,38.927
94.237,115.166,45.825,38.944
93.761,115.655,45.614,38.872
94.127,115.915,46.084,38.531
93.553,116.438,46.190,38.105
93.295,117.765,46.141,37.971
94.204,116.644,46.265,37.893
94.352,116.401,46.345,37.884
93.622,116.083,45.918,38.030
93.767,115.331,46.259,37.544
94.012,115.402,46.281,37.178
93.337,116.545,46.178,37.015
93.219,117.051,46.282,36.907
93.145,116.691,46.316,36.678
91.911,116.379,46.382,36.468
91.606,116.908,46.691,36.561
92.380,117.128,46.729,36.384
92.283,116.756,46.915,36.327
91.948,116.334,46.775,36.354
92.044,116.406,46.699,36.404
92.161,116.719,46.540,36.262
92.212,117.024,46.295,36.099
92.570,116.796,46.154,36.123
92.412,116.744,46.143,36.097
92.996,116.639,46.151,36.187
92.736,116.556,46.169,36.229
92.438,116.552,46.130,36.232
91.830,116.664,46.325,36.353
92.677,117.322,46.304,36.342
92.392,117.652,46.424,36.322
92.777,116.945,45.971,36.025
93.207,116.745,46.121,36.010
93.117,116.580,46.244,36.064
93.277,116.200,46.479,35.930
93.098,116.161,46.437,36.012
93.946,116.075,46.459,35.966
93.607,116.150,46.442,35.869
93.902,116.144,46.395,35.828
93.467,115.702,46.522,35.916
93.884,115.407,46.428,36.037
94.639,116.164,46.688,36.147
95.038,116.099,46.709,36.141
94.448,116.003,46.589,36.039
95.071,115.864,46.079,35.914
94.830,115.966,45.995,35.951
95.916,116.701,46.099,36.211
95.999,116.505,46.041,36.131
95.434,116.393,46.241,36.385
95.757,116.372,46.390,36.458
96.651,116.998,46.546,36.421
97.113,116.873,46.563,36.565
97.540,117.507,46.816,36.551
97.188,117.303,46.539,36.426
97.680,117.558,46.559,36.411
98.497,117.731,46.522,36.373
98.161,118.493,46.771,36.311
97.613,118.195,46.804,36.443
97.713,118.384,46.831,36.458
97.987,117.787,46.616,36.428
98.415,117.691,46.407,36.632
98.712,116.726,46.035,36.624
98.623,117.227,45.847,36.662
98.349,116.600,45.701,36.464
98.906,117.550,45.729,36.818
99.053,116.535,45.786,36.717
98.841,116.538,45.664,36.500
99.348,116.782,45.792,36.544
100.004,116.798,45.690,36.345
99.486,117.325,45.907,36.252
99.151,116.530,46.042,36.559
99.597,116.217,45.867,36.531
98.982,116.565,45.779,36.551
99.350,116.509,46.074,36.486
100.024,116.044,46.243,36.458
99.856,116.176,46.094,36.494
100.029,116.609,46.150,36.390
100.088,116.453,46.318,36.590
99.802,115.989,46.231,36.524
100.661,115.902,46.093,36.364
100.035,116.390,46.079,36.354
100.344,115.815,46.245,36.305
100.646,115.571,46.177,36.306
100.123,115.241,46.129,36.448
100.486,115.998,46.185,36.292
99.446,116.468,45.980,36.558
100.585,116.514,45.899,36.577
99.105,117.221,45.767,36.693
99.737,117.361,45.860,36.660
99.182,117.674,45.813,36.681
98.987,118.433,46.230,36.855
98.854,118.225,46.231,36.962
98.575,118.326,46.248,36.894
97.919,118.306,46.225,36.708
97.438,118.876,46.188,36.605
97.590,118.930,46.391,36.489
98.105,119.173,46.078,36.562
97.167,119.988,46.264,37.046
96.641,120.125,46.344,36.990
95.740,119.641,46.473,37.076
95.445,118.931,46.807,36.972
94.565,119.936,46.756,36.950
93.991,119.916,46.665,36.848
93.256,120.482,46.576,37.082
92.782,119.868,46.346,37.209
92.541,119.892,46.447,37.261
92.080,120.477,46.410,37.239
91.770,120.229,46.465,37.141
91.072,119.544,46.416,37.342
90.103,119.299,46.477,37.264
89.581,119.774,46.496,37.234
90.485,119.480,46.593,37.301
90.125,119.150,46.505,37.369
89.512,119.682,46.569,37.444
88.671,120.121,46.694,37.582
88.816,120.148,46.872,37.561
88.042,120.353,46.760,37.618
88.567,119.669,46.674,37.449
88.042,119.507,46.685,37.468
88.160,119.338,46.761,37.483
87.767,119.166,46.790,37.450
87.564,119.327,46.932,37.420
87.094,119.019,47.073,37.479
86.756,119.202,47.246,37.593
86.238,119.276,47.126,37.728
86.663,118.484,47.090,38.088
86.406,118.278,46.845,38.020
85.920,118.692,46.563,38.034
85.290,118.745,46.561,37.826
85.224,117.481,46.610,38.094
85.509,117.371,46.595,37.964
85.638,117.523,46.820,37.872
85.482,117.544,46.666,37.659
84.910,117.628,46.617,37.769
85.527,116.704,46.766,37.910
85.332,117.084,46.847,38.271
84.594,117.631,46.738,38.235
84.377,117.819,46.730,38.146
84.309,117.042,46.693,38.041
84.859,116.751,46.738,37.849
84.414,117.112,46.669,37.727
84.293,117.004,46.470,37.687
83.837,117.658,46.842,37.698
83.767,118.255,46.998,38.033
84.161,118.598,47.158,38.100
84.224,118.181,47.110,38.042
84.138,118.017,47.081,38.478
84.418,116.818,46.966,38.344
84.613,117.142,47.347,38.432
84.160,118.305,47.433,38.597
84.297,117.948,47.563,38.563
83.969,118.083,47.285,38.500
83.850,118.597,47.339,38.294
84.416,119.432,47.375,38.656
84.654,119.824,47.297,38.562
84.700,120.273,47.377,38.903
84.480,121.008,47.405,38.823
84.403,121.139,47.253,38.548
85.121,120.491,47.477,38.594
84.844,120.531,47.493,38.803
85.280,120.508,47.531,38.835
84.944,120.823,47.519,38.756
85.826,120.372,47.474,38.762
85.625,120.721,47.614,39.004
85.972,120.234,47.548,39.045
85.694,120.508,47.662,38.914
85.598,121.255,47.633,39.253
86.012,121.209,47.636,39.319
85.792,120.776,47.712,39.126
85.603,119.980,47.503,39.142
86.249,118.860,47.777,38.696
85.318,118.692,47.659,38.849
85.734,118.422,47.512,38.859
85.511,118.984,47.482,39.033
85.631,118.552,47.465,38.994
85.588,118.010,47.864,39.195
85.371,118.392,47.728,39.286
85.377,118.718,47.716,39.246
85.163,118.895,47.961,39.265
84.980,118.908,47.866,39.217
85.818,119.328,47.884,39.188
85.429,119.084,47.942,39.300
84.916,118.640,47.800,39.322
84.973,118.463,47.593,39.178
84.765,118.809,47.773,39.157
83.990,118.726,47.848,39.133
84.240,117.971,47.785,38.916
84.320,117.852,47.936,39.113
83.997,118.255,48.180,39.269
83.456,118.340,48.403,39.212
83.712,117.836,48.232,39.249
83.454,118.038,48.216,39.164
83.439,118.109,47.981,39.035
83.641,117.379,48.147,39.267
83.613,117.156,48.276,39.283
82.628,117.653,48.307,39.505
82.782,118.068,48.338,39.515
82.639,117.821,48.352,39.552
82.492,116.913,48.454,39.564
82.720,117.265,48.376,39.569
82.204,117.539,48.434,39.681
82.146,118.177,48.522,39.916
82.469,117.181,48.694,40.164
82.643,116.347,48.683,40.134
81.226,117.307,49.035,40.048
81.448,117.119,49.238,39.993
81.325,117.166,49.240,39.878
82.102,117.065,49.260,39.780
81.207,117.725,49.287,39.885
81.284,117.533,49.327,39.981
81.236,116.496,49.405,39.986
81.295,116.911,49.430,39.966
81.436,116.694,49.256,40.031
81.261,116.275,49.069,40.081
81.333,116.339,49.123,40.115
81.360,116.392,49.060,40.120
80.792,116.322,49.132,40.189
80.868,116.215,49.098,40.037
80.875,116.397,49.073,40.224
80.539,116.320,49.170,40.118
80.052,116.557,49.190,40.341
79.720,116.760,49.367,40.325
79.836,116.659,49.486,40.364
79.591,117.435,49.483,40.656
79.539,117.439,49.395,40.614
79.137,117.576,49.427,40.515
80.134,117.263,49.339,40.388
80.262,116.853,49.272,40.511
80.462,116.479,49.167,40.540
80.036,116.794,49.349,40.445
79.580,116.775,49.264,40.234
79.613,116.957,49.344,40.333
79.514,117.742,49.376,40.562
79.483,117.141,49.300,40.611
79.101,117.136,49.366,40.573
79.919,117.404,49.421,40.505
79.941,117.521,49.325,40.522
80.049,117.502,49.363,40.587
80.182,116.976,49.106,40.599
79.441,116.745,49.120,40.592
79.382,116.777,49.367,40.618
79.231,117.019,49.072,40.628
79.465,117.851,49.154,40.904
79.284,117.556,49.126,40.894
80.343,117.342,49.436,40.776
80.430,117.395,49.249,40.882
79.932,117.880,49.124,40.956
80.310,117.209,49.129,41.067
80.582,117.565,49.063,41.062
80.110,117.735,49.027,41.041
80.942,117.434,48.991,40.807
80.834,117.305,48.813,40.723
81.585,116.314,48.896,40.635
81.230,116.329,48.863,40.692
80.983,115.777,48.702,40.913
81.627,116.117,48.668,40.967
81.328,116.110,48.583,40.970
81.023,116.109,48.511,40.962
81.667,116.434,48.481,40.876
81.402,116.888,48.663,40.998
81.515,117.099,48.657,41.055
82.091,117.289,48.853,41.011
82.072,117.134,48.939,40.923
81.990,116.788,48.837,40.848
82.221,116.630,48.984,40.879
81.914,116.765,48.951,40.832
81.697,117.218,48.884,40.929
81.178,118.605,48.820,40.949
82.029,118.136,48.650,40.716
82.084,118.787,48.867,40.952
81.829,119.131,48.913,40.873
81.586,118.944,49.044,40.637
81.813,118.598,49.162,40.666
81.755,118.434,49.043,40.413
81.916,117.595,48.910,40.329
81.139,118.365,49.062,40.519
81.139,117.813,49.296,40.380
81.174,117.881,49.288,40.321
80.826,118.344,49.281,40.433
81.861,117.610,49.247,40.330
81.497,118.139,49.277,40.648
80.789,118.240,49.052,40.583
81.406,118.155,49.154,40.436
80.799,118.657,49.283,40.481
80.547,119.456,49.391,40.632
80.756,119.051,49.129,40.631
80.946,118.619,49.046,40.567
81.321,118.837,49.078,40.469
80.588,118.995,48.893,40.212
80.441,118.139,49.035,40.143
81.098,117.284,48.859,40.059
80.565,117.242,48.959,40.053
79.818,117.460,48.921,40.019
80.188,117.906,49.027,40.254
80.210,118.220,49.205,40.282
80.371,118.579,49.063,40.337
80.319,118.124,49.089,40.200
80.209,118.237,48.968,40.176
80.544,117.584,49.168,40.166
80.652,117.968,48.934,40.137
79.507,118.612,48.876,39.955
79.940,118.909,49.080,40.030
80.147,118.983,49.224,39.927
80.245,118.218,49.114,39.977
80.283,119.043,49.198,40.098
79.753,119.807,49.120,40.017
79.669,119.943,49.283,39.826
79.613,120.053,49.392,39.687
79.687,120.081,49.365,39.744
80.353,119.602,49.458,39.780
79.873,119.901,49.287,39.926
79.731,120.688,49.371,39.998
80.826,120.094,49.320,40.090
80.827,120.474,49.337,40.138
80.976,120.145,49.251,40.117
80.169,120.486,48.968,39.999
80.839,120.160,48.920,39.789
80.583,120.456,49.112,39.546
81.154,120.304,49.161,39.565
80.789,120.611,49.216,39.577
81.048,120.267,49.417,39.478
81.576,119.771,49.380,39.158
81.525,120.245,49.286,39.675
81.223,119.975,49.445,39.567
81.972,119.934,49.442,39.651
82.279,119.205,49.385,39.574
82.871,118.515,49.313,39.671
82.424,118.065,49.294,39.696
81.947,118.602,49.387,39.755
82.150,119.032,49.350,39.626
82.517,119.324,49.593,39.490
82.455,119.396,49.453,39.434
81.930,119.724,49.437,39.397
82.586,120.233,49.395,39.224
83.728,119.979,49.384,38.934
83.386,119.972,49.434,38.705
83.124,119.308,49.402,38.910
84.020,118.652,49.298,38.682
83.325,118.419,49.261,38.502
83.489,118.532,49.272,38.509
83.435,119.073,49.245,38.991
83.930,119.513,49.009,39.052
84.298,119.418,48.756,39.006
83.901,119.879,48.565,38.889
83.987,119.577,48.425,38.841
83.586,120.205,48.370,39.278
83.924,120.764,48.519,39.056
84.541,120.777,48.654,39.060
84.439,121.354,48.634,38.903
84.856,121.327,48.517,38.661
84.683,121.762,48.444,38.543
84.810,121.738,48.499,38.384
85.356,121.659,48.717,37.959
85.418,121.596,48.751,38.101
85.352,121.243,48.687,37.879
85.588,120.889,49.005,37.811
85.500,121.733,48.900,37.850
85.571,121.735,48.928,37.929
85.621,122.099,48.794,38.015
85.407,122.196,49.072,37.719
85.484,121.717,48.904,37.482
86.255,121.035,48.956,37.633
85.331,121.188,48.979,37.805
85.178,121.117,49.054,37.994
85.685,121.191,49.224,37.924
85.960,120.923,49.095,37.845
85.996,120.754,48.923,37.724
85.986,121.092,48.992,37.886
86.897,120.575,48.947,37.903
87.064,120.396,48.699,37.861
86.569,120.627,48.814,37.838
86.833,120.826,48.832,37.923
87.042,120.608,48.920,37.896
86.785,119.876,48.715,38.129
86.936,119.495,48.735,38.143
87.412,119.151,48.905,38.209
87.029,119.773,48.810,38.337
87.199,119.824,48.714,38.106
86.767,119.902,48.638,38.207
86.836,120.359,48.416,38.083
86.373,120.834,48.275,38.160
86.403,121.421,48.297,38.189
86.504,120.757,48.207,38.236
86.556,120.864,48.683,38.219
86.388,120.480,48.411,38.246
86.545,120.504,48.414,38.235
86.931,119.566,48.220,38.330
86.236,120.392,48.143,37.992
86.734,119.763,48.064,38.238
87.005,120.409,47.821,38.297
86.648,120.011,47.839,38.214
86.206,120.027,47.726,37.992
85.987,120.258,47.881,37.822
86.046,120.509,48.065,37.904
85.851,121.031,48.182,38.029
85.684,120.849,48.278,37.842
85.646,120.324,48.254,37.859
85.108,120.891,48.372,37.917
85.401,120.491,48.022,38.141
85.397,120.445,48.273,38.175
85.201,120.565,48.409,38.025
85.091,120.618,48.497,37.919
84.683,120.763,48.461,37.998
85.201,120.598,48.493,38.136
84.938,121.480,48.374,38.049
84.632,121.318,48.041,38.000
84.710,120.697,47.778,37.964
85.270,120.428,47.690,38.048
84.799,119.834,47.716,38.100
84.598,119.924,47.901,38.028
84.069,120.826,47.765,38.180
84.863,120.862,47.775,38.235
84.924,120.884,47.808,38.230
84.824,120.692,47.582,38.108
84.907,120.150,47.592,38.338
84.211,121.249,47.520,38.572
84.551,120.982,47.685,38.403
84.418,121.420,47.983,38.375
84.020,121.409,47.750,38.284
84.477,120.263,47.749,38.630
84.050,120.611,47.852,38.575
84.117,120.597,47.867,38.557
83.425,120.809,47.746,38.558
83.530,120.152,47.795,38.541
83.539,120.230,47.786,38.550
83.400,120.332,47.940,38.398
83.373,120.389,48.035,38.327
84.127,120.855,47.890,38.863
84.184,121.536,47.920,39.331
83.629,121.291,48.167,39.225
84.198,121.109,48.276,39.235
84.151,119.980,48.253,39.349
84.348,119.723,48.357,39.381
83.843,120.406,48.513,39.242
84.292,119.990,48.248,39.256
84.014,119.442,48.031,39.393
83.754,118.916,47.989,39.402
84.386,119.302,47.958,39.419
83.898,118.714,48.027,39.516
83.662,119.403,47.594,39.883
83.919,119.381,47.954,39.660
84.112,119.475,48.180,39.839
83.970,119.187,48.109,39.452
84.032,118.507,48.037,39.341
83.800,118.355,48.018,39.266
84.303,119.350,48.094,39.546
85.147,118.270,47.992,39.553
84.251,117.354,47.307,39.384
84.323,117.673,47.815,39.536
84.364,117.433,47.905,39.714
84.644,119.079,47.965,39.638
84.496,118.842,48.001,39.535
85.014,117.672,47.621,39.453
84.814,117.000,47.333,39.747
84.295,117.685,47.493,39.881
84.359,117.623,47.641,39.822
83.959,117.804,47.995,39.977
84.424,117.801,48.148,40.108
84.408,117.564,48.286,40.062
84.122,116.928,48.212,39.941
84.209,116.307,48.230,39.906
84.090,115.386,48.229,39.834
83.520,115.331,48.028,39.943
83.940,115.094,47.802,40.046
83.719,116.361,47.942,40.050
83.553,115.685,47.504,40.040
83.680,115.788,47.643,40.336
83.546,117.719,47.440,40.386
83.760,117.333,47.622,40.566
83.198,117.441,47.657,40.739
83.282,117.272,47.847,40.876
83.161,117.091,47.873,40.866
83.075,117.026,48.153,40.704
82.290,117.012,48.157,40.537
82.234,117.174,48.329,40.535
81.773,116.956,48.722,40.627
80.953,118.005,48.917,40.849
80.830,117.668,48.860,40.715
81.057,117.356,49.015,40.759
80.439,117.802,48.746,41.081
80.389,117.709,48.908,41.145
80.191,117.697,48.856,41.222
80.276,117.229,48.559,41.091
80.028,116.683,48.215,40.778
78.895,116.630,48.117,40.767
79.568,116.460,48.025,40.584
78.922,116.567,48.160,40.293
78.976,116.409,48.128,40.113
78.431,116.316,48.130,40.070
78.052,116.389,48.138,40.045
77.444,116.537,47.952,40.241
77.492,116.554,48.132,40.427
76.786,116.208,47.773,40.336
77.045,115.855,48.047,40.316
76.909,114.945,47.776,40.270
77.213,114.350,47.643,40.449
76.510,115.697,46.950,40.477
76.982,116.846,46.542,40.844
76.454,117.380,46.408,41.070
76.634,117.225,46.301,41.116
76.529,116.763,46.306,41.463
76.784,116.250,46.006,41.765
76.519,116.254,45.789,41.730
76.198,115.795,45.782,41.272
74.996,114.737,45.547,41.165
74.988,115.023,45.428,41.327
74.493,115.238,45.183,41.290
74.299,115.765,45.121,41.282
74.758,115.644,45.062,41.560
74.799,116.992,45.070,41.377
74.365,116.753,45.061,41.346
74.030,116.823,45.297,41.316
73.171,117.052,45.202,41.423
72.340,116.977,45.321,41.093
71.839,117.646,45.218,41.180
72.139,117.407,45.258,40.872
71.625,117.336,45.381,40.776
70.272,116.837,45.723,40.299
70.347,116.637,45.564,40.142
70.168,116.245,45.217,40.186
69.444,116.122,45.320,39.950
68.559,116.219,45.307,39.784
68.774,116.023,45.682,39.555
67.352,115.140,45.577,39.406
67.660,115.425,45.831,39.227
66.024,114.786,45.985,39.003
66.390,115.258,45.974,39.305
66.110,115.565,46.009,39.405
65.197,115.680,46.284,38.849
65.547,115.866,46.286,38.827
64.171,115.086,46.786,38.743
64.058,115.223,46.994,38.900
63.406,115.084,47.018,38.985
63.783,114.780,47.208,38.943
63.476,114.483,47.240,39.110
62.982,112.885,47.230,38.978
62.815,112.430,47.197,39.006
62.619,113.057,47.187,39.439
62.959,112.761,47.436,39.985
62.166,113.048,47.381,40.243
61.510,113.556,47.507,40.440
61.167,113.973,47.801,40.805
61.206,113.472,48.056,40.396
61.280,112.447,48.251,40.078
60.719,111.709,48.464,40.222
60.069,112.446,48.640,40.471
59.634,111.717,48.856,40.308
58.947,111.944,48.842,40.392
59.153,111.362,48.578,40.529
57.979,112.989,48.789,40.645
58.862,113.047,49.024,40.693
58.109,112.461,49.004,40.226
58.025,111.691,48.922,40.315
57.509,111.899,49.366,40.698
57.412,111.229,49.464,40.804
57.635,111.006,49.578,41.078
56.326,111.436,49.986,41.184
57.007,111.101,50.286,41.324
55.694,111.404,50.238,41.341
56.481,110.481,50.236,40.886
56.059,110.610,50.067,40.974
55.309,110.669,50.297,41.070
55.491,111.220,50.464,41.288
56.181,110.746,50.225,41.109
55.797,110.559,50.030,41.040
55.406,111.168,49.912,41.050
54.798,112.000,49.879,40.971
55.371,111.822,49.892,40.597
55.075,111.823,49.966,40.386
54.754,112.210,49.746,40.349
54.465,111.601,49.808,40.403
54.826,111.667,49.543,40.462
54.096,112.451,49.453,40.505
54.577,111.774,49.147,40.410
54.193,112.324,49.138,40.613
54.829,111.900,48.951,40.476
54.212,112.728,48.875,40.537
53.885,112.809,48.963,40.347
54.293,112.223,49.001,40.303
52.966,112.712,49.287,40.040
52.660,112.429,49.322,39.801
53.153,111.334,48.985,39.549
52.452,111.576,49.045,39.532
52.194,112.654,49.074,39.499
51.546,112.746,49.009,39.505
51.827,112.987,49.035,39.582
51.951,112.514,48.805,39.561
51.685,112.071,48.604,39.358
51.629,112.586,48.512,39.495
51.697,112.706,48.371,39.325
50.813,113.013,48.349,39.514
51.133,112.549,48.254,39.426
50.513,112.287,48.236,39.470
50.073,112.686,48.305,39.599
50.499,112.484,48.230,39.573
50.262,112.491,48.196,39.623
50.568,112.384,48.172,39.804
50.726,112.403,48.118,39.548
50.025,112.965,48.273,39.490
49.791,113.004,48.252,39.346
49.954,113.507,47.899,39.278
50.423,114.248,47.650,39.108
50.187,114.372,48.070,39.122
49.325,114.578,48.003,39.114
50.085,114.121,47.716,38.872
50.474,114.426,47.538,38.928
49.569,114.833,47.376,39.013
49.866,114.223,47.203,38.758
50.388,114.014,46.960,38.656
50.154,114.684,46.763,38.767
49.683,113.673,46.800,38.516
49.453,114.460,46.552,38.498
49.251,113.876,46.400,38.496
50.114,113.843,46.053,38.669
49.443,113.248,46.106,38.713
49.424,114.068,46.041,38.978
50.203,112.965,45.865,38.911
49.195,112.772,45.971,38.732
49.106,113.372,45.861,38.639
48.757,113.662,45.890,38.585
49.563,114.104,45.779,38.670
49.137,114.086,45.843,38.552
49.067,113.043,45.968,38.523
48.767,112.975,46.201,38.559
49.661,112.667,46.019,38.120
49.774,111.963,45.877,38.220
49.353,112.068,45.767,38.384
50.246,111.958,45.663,38.520
50.094,112.165,45.425,38.550
49.631,112.336,45.447,38.631
50.755,112.098,45.389,38.459
50.399,111.604,45.143,38.188
50.310,111.690,45.124,37.776
50.710,111.445,45.070,37.639
50.421,111.576,45.004,37.542
50.607,112.518,44.936,37.476
50.757,112.973,44.837,37.769
50.284,113.023,44.966,37.881
51.155,112.695,44.959,37.556
50.587,112.483,45.023,37.651
50.512,112.083,44.844,37.459
51.491,111.935,44.581,37.322
51.663,112.438,44.426,37.552
51.975,112.573,44.444,37.716
51.728,113.715,44.371,38.018
51.344,113.471,44.227,37.802
51.947,112.833,44.300,38.140
51.538,112.908,44.316,38.155
51.119,113.218,44.250,38.084
51.800,113.312,44.229,38.058
51.242,113.286,44.291,38.167
51.011,113.133,44.628,38.493
51.002,113.040,44.695,38.390
51.243,113.027,44.817,38.666
50.951,112.701,44.836,38.859
50.821,112.269,44.878,39.109
51.103,111.511,44.904,39.115
50.360,111.771,44.980,39.180
51.119,111.982,44.960,39.410
51.342,111.888,44.970,39.507
51.669,111.690,44.911,39.622
50.434,112.212,45.066,39.667
51.520,111.250,45.035,39.487
50.785,112.193,45.084,39.679
51.496,111.016,44.889,39.696
51.985,111.654,44.793,39.590
51.121,111.762,44.902,39.315
51.471,112.351,44.895,39.349
51.393,111.333,44.856,39.151
51.623,110.428,44.777,39.112
50.590,111.475,45.011,38.814
50.899,111.712,44.886,38.500
52.295,111.623,44.974,38.382
51.288,112.321,45.042,38.309
51.191,112.996,45.236,38.134
51.620,112.692,45.298,38.082
52.122,112.832,45.350,37.917
51.763,112.918,45.561,37.769
51.539,113.013,45.432,37.680
52.366,112.730,45.431,37.545
51.916,112.770,45.356,37.612
52.849,112.549,45.141,37.534
52.559,112.932,45.269,37.548
52.475,113.098,45.216,37.584
52.367,113.537,45.128,37.633
54.011,112.599,44.889,37.685
53.505,113.669,45.119,37.692
52.831,113.838,45.104,37.390
54.059,113.098,45.190,37.411
53.278,113.337,45.439,37.280
53.971,114.268,45.546,37.301
54.237,113.849,45.446,37.426
54.130,113.026,45.317,37.271
53.326,112.314,45.414,37.036
54.056,111.628,45.054,36.916
54.123,112.040,44.738,36.722
55.008,113.049,44.408,36.572
54.255,113.270,44.556,36.497
54.611,112.460,44.489,36.475
54.508,112.889,44.682,36.563
55.166,112.459,44.826,36.574
54.446,112.972,44.880,36.545
54.639,114.123,44.931,36.452
55.247,114.172,44.911,36.344
55.508,112.942,44.826,36.178
55.455,112.201,44.849,35.977
55.401,112.801,44.905,36.028
56.284,112.872,44.669,35.974
55.571,113.110,44.501,35.940
55.842,113.716,44.663,36.027
56.485,112.966,44.556,36.135
55.864,113.322,44.911,36.239
56.192,113.133,44.865,36.183
57.972,112.796,44.260,36.269
57.665,113.398,44.163,36.464
57.704,113.334,44.438,36.360
58.098,112.532,44.272,36.440
57.759,113.730,44.477,36.468
59.119,114.562,44.395,36.596
58.300,114.813,44.189,36.428
58.204,114.806,44.305,36.331
58.796,114.051,44.395,36.292
58.322,113.924,44.078,36.375
58.250,113.939,44.353,36.254
58.849,114.476,44.399,36.231
57.985,114.121,44.356,36.302
57.688,114.335,44.556,36.594
57.848,114.052,44.837,36.590
57.581,113.513,44.934,36.576
57.191,113.161,45.249,36.491
56.486,112.855,45.303,36.656
56.626,112.529,45.564,36.716
57.453,111.836,45.244,36.782
56.530,111.604,44.957,36.712
57.150,111.318,44.825,36.630
56.351,111.298,44.847,36.751
56.120,111.638,44.996,36.818
56.617,111.597,44.731,36.939
56.098,112.052,44.723,36.992
57.133,112.003,44.432,36.798
56.033,111.527,44.768,36.734
56.226,111.362,44.569,36.784
54.556,112.445,44.820,36.848
55.479,112.912,44.807,37.080
55.787,113.772,44.684,37.070
55.384,113.826,44.851,37.061
55.847,113.439,44.513,37.114
55.701,114.002,44.363,37.108
56.623,113.436,43.984,36.773
56.537,113.103,43.571,36.900
57.576,112.710,43.095,36.433
57.727,112.653,43.321,36.311
57.829,112.469,43.196,36.347
57.699,112.256,43.467,36.621
57.168,111.875,43.154,36.612
56.548,111.958,43.097,36.657
57.321,110.915,43.234,36.635
56.980,110.589,43.432,36.766
57.794,110.663,43.240,36.873
57.599,110.536,42.867,36.782
57.572,111.387,42.775,36.800
57.867,111.593,42.817,36.812
58.421,111.851,43.219,36.963
57.026,112.050,43.503,36.705
57.406,112.854,43.497,36.678
57.578,112.948,43.525,36.674
57.633,113.464,43.744,36.867
57.089,113.304,44.129,36.875
57.967,113.688,44.088,37.175
57.830,113.164,43.977,37.132
58.601,113.431,44.034,37.136
57.952,114.095,44.284,37.014
57.923,113.295,44.205,36.617
58.032,113.559,43.965,36.507
60.243,113.346,43.220,36.507
60.085,112.354,43.062,36.414
60.642,111.814,43.216,36.676
60.467,114.765,43.045,36.639
60.325,113.570,43.162,36.762
60.184,113.027,43.468,37.127
59.742,112.205,43.565,37.401
60.306,111.420,43.843,38.010
59.762,110.815,43.905,38.235
59.372,114.301,43.875,38.253
59.071,112.908,43.994,38.436
61.382,112.086,43.925,38.720
60.837,111.526,43.855,39.174
60.271,111.275,44.088,39.187
30.023,107.336,44.446,36.941
31.352,108.572,44.723,33.976
32.690,110.053,44.838,31.754
30.905,110.909,44.146,30.299
29.362,111.898,43.788,28.876
31.421,112.679,43.274,27.833
32.478,113.578,42.446,27.178
32.559,114.116,42.062,26.418
33.111,114.602,41.552,26.001
32.513,114.321,40.909,25.307
34.622,115.225,40.410,24.729
32.663,114.606,39.815,24.068
34.317,114.993,39.120,23.808
35.161,115.337,38.513,23.356
33.460,114.697,38.078,22.777
35.771,114.988,37.519,22.626
37.359,114.949,36.431,22.428
38.436,115.471,35.631,22.192
39.818,115.668,34.967,21.714
40.261,116.148,34.053,21.516
37.874,116.397,34.119,21.027
38.749,116.157,33.838,20.804
38.965,116.526,33.707,20.436
40.445,116.895,33.124,20.568
40.821,116.522,32.479,20.415
40.837,116.983,31.869,20.226
41.667,116.826,31.874,20.001
41.131,116.982,31.402,20.199
41.386,116.941,30.958,20.261
41.806,116.870,30.722,20.320
41.144,116.801,30.477,19.924
41.894,117.348,29.995,20.056
42.569,116.870,29.558,19.997
40.022,116.680,29.736,19.978
41.473,115.986,29.687,19.786
42.424,116.237,29.212,20.038
42.496,116.270,29.064,19.920
43.331,116.638,28.677,19.849
44.162,116.710,28.595,19.739
45.083,116.729,27.263,20.604
45.187,117.182,26.375,20.968
44.582,117.181,26.581,20.549
45.334,117.396,25.703,20.939
44.513,116.999,26.340,20.254
44.363,116.833,26.539,19.634
44.385,117.020,26.311,19.480
44.539,117.853,26.402,19.431
45.241,118.084,26.267,19.634
45.773,118.171,25.447,20.233
46.113,117.734,24.804,20.583
45.970,117.478,24.279,20.697
46.518,117.348,23.990,20.725
46.233,117.498,23.539,20.745
46.911,117.667,23.339,20.713
46.862,117.975,23.024,20.619
46.713,117.549,22.809,20.651
46.775,117.056,22.779,20.452
47.153,117.185,22.544,20.595
46.921,117.393,22.458,20.326
46.893,117.205,22.352,20.066
46.544,116.362,22.453,19.870
46.278,116.593,22.479,19.766
44.666,116.687,23.527,19.138
44.847,117.252,24.129,18.752
43.978,116.969,24.421,18.089
44.352,116.590,24.481,17.905
44.486,116.031,24.325,17.894
45.329,115.820,23.564,18.625
45.540,115.634,22.966,18.920
45.686,115.510,22.500,19.091
45.489,116.076,22.343,19.649
63.122,122.075,23.580,18.986
60.197,122.362,24.378,18.463
59.560,122.919,25.380,17.710
59.717,123.776,27.523,16.415
42.989,118.241,27.001,16.799
44.065,116.813,25.577,17.925
44.663,115.765,24.692,18.807
44.756,115.985,23.985,19.337
44.557,115.828,23.609,19.571
44.205,116.078,23.950,19.325
44.740,115.422,23.513,19.547
44.792,114.935,23.028,19.621
44.976,114.435,22.775,19.676
45.405,114.796,22.569,20.019
45.362,114.335,22.638,19.964
44.906,114.786,22.596,19.996
45.532,114.267,22.599,20.004
45.797,114.377,22.477,20.184
45.564,114.878,22.333,20.396
45.875,114.423,22.270,20.386
45.889,115.094,22.428,20.587
45.357,115.660,22.350,20.612
46.060,115.530,22.198,20.720
45.661,115.716,22.258,20.618
46.435,115.680,21.975,20.483
46.675,115.931,21.734,20.315
46.720,116.125,21.707,20.412
46.944,116.184,21.717,20.214
46.822,116.317,21.664,20.281
47.433,116.156,21.672,20.474
47.182,115.871,21.576,20.410
46.905,115.221,21.759,20.175
46.999,112.862,21.611,20.248
47.065,113.666,21.478,20.443
47.274,114.317,21.251,20.505
47.350,114.865,21.299,20.647
47.716,115.050,21.467,20.744
47.473,115.571,21.635,20.825
47.773,116.147,21.538,20.794
47.818,116.354,21.415,20.725
48.266,117.279,21.275,20.815
48.996,117.242,21.124,20.886
49.047,117.019,21.027,20.833
49.134,114.801,20.895,20.844
49.144,114.563,21.020,20.670
49.789,112.338,20.973,20.671
50.791,112.318,20.875,20.441
50.548,112.386,20.884,20.427
51.002,112.319,20.812,20.377
51.097,112.808,20.801,20.351
50.754,113.432,20.749,20.315
50.751,113.527,20.794,20.353
51.405,113.728,20.752,20.305
51.962,113.598,20.852,20.267
52.073,113.578,20.638,20.364
52.263,113.411,20.746,20.528
52.823,113.226,20.692,20.516
52.798,113.166,20.842,20.508
52.544,113.443,20.851,20.432
53.584,113.205,20.985,20.403
53.678,113.600,20.896,20.407
52.079,113.832,20.900,20.194
53.115,114.190,20.778,20.195
53.166,114.202,20.925,19.883
52.958,114.642,20.918,19.825
53.312,114.116,20.868,19.629
53.164,113.786,20.766,19.507
53.259,113.955,20.621,19.560
53.554,113.618,20.521,19.574
54.187,113.826,20.292,19.442
54.000,113.565,20.285,19.561
53.934,114.063,20.375,19.747
53.691,114.434,20.491,19.724
53.773,114.227,20.408,19.752
53.989,112.383,20.321,19.944
53.857,113.102,20.231,20.138
53.871,113.763,20.235,20.233
54.222,114.414,20.181,20.438
54.369,114.550,20.242,20.395
54.465,112.801,20.379,20.738
54.560,113.610,20.400,20.733
54.594,114.223,20.627,20.801
36.708,111.656,20.788,20.383
34.573,111.508,21.259,20.050
34.972,112.083,21.383,19.719
32.895,112.393,22.323,18.733
36.242,114.571,21.983,18.767
33.881,112.627,22.682,18.079
34.201,112.947,23.058,17.688
34.148,113.540,23.479,17.298
34.146,113.920,23.587,17.189
34.167,113.948,23.757,16.953
36.409,115.966,23.528,16.695
34.652,113.670,23.253,16.566
35.734,113.991,22.789,16.861
35.890,114.313,22.150,17.077
52.893,116.846,21.707,17.792
54.551,116.683,21.407,18.694
54.652,116.511,21.348,19.099
54.263,116.355,21.326,19.519
53.463,116.810,21.527,19.751
53.594,117.004,21.817,19.820
52.926,116.850,22.047,20.118
53.930,116.804,22.079,20.186
54.004,116.917,22.284,20.366
53.530,116.664,22.470,20.224
52.883,116.420,22.427,20.212
53.228,116.056,22.479,20.242
53.012,116.189,22.569,20.436
52.481,116.350,22.740,20.385
52.816,116.147,22.726,20.670
52.807,116.575,22.934,20.774
52.480,116.576,23.284,21.028
52.918,116.197,23.063,20.899
52.556,116.193,23.018,21.071
52.771,116.213,23.083,21.125
52.897,115.700,23.121,21.365
53.036,115.504,22.987,21.335
52.620,115.588,22.862,21.410
53.217,115.478,22.945,21.382
52.869,115.667,23.189,21.396
52.877,115.751,23.060,21.542
53.357,115.992,23.211,21.628
53.824,116.715,23.139,21.547
53.556,116.916,23.285,21.389
53.355,116.849,23.240,21.340
54.241,116.654,23.265,21.337
54.302,116.812,23.175,21.271
54.094,116.638,23.246,21.420
54.586,116.425,23.306,21.385
54.376,113.719,23.581,21.427
54.465,113.949,23.771,21.530
54.574,113.962,23.662,21.441
54.999,114.184,23.650,21.465
54.853,114.585,23.808,21.522
54.406,114.563,23.996,21.638
54.618,114.692,23.952,21.800
54.616,114.974,23.843,21.922
55.197,114.653,23.684,22.088
55.100,114.983,23.844,21.980
55.247,114.976,23.829,21.967
54.967,115.237,23.679,21.911
55.272,112.865,23.381,21.653
55.338,112.922,23.320,21.474
55.525,113.470,23.195,21.313
55.030,113.893,23.184,21.159
54.915,115.126,23.099,21.039
55.656,114.774,22.818,21.018
55.102,114.977,22.884,20.960
55.132,114.991,22.848,20.903
55.024,115.674,22.680,21.403
54.955,116.046,22.863,21.389
54.689,115.983,22.904,21.431
54.420,115.995,22.911,21.258
53.870,115.405,22.991,21.080
54.274,115.349,22.864,20.967
54.091,115.547,22.949,20.783
53.607,116.057,22.950,20.523
53.219,116.277,22.921,20.536
52.203,115.783,23.007,20.437
52.062,115.640,22.893,20.505
51.734,115.643,22.895,20.366
51.543,115.669,23.063,20.248
51.210,115.812,23.022,20.252
50.834,115.837,23.015,20.407
51.407,115.973,22.566,20.629
51.328,115.800,22.327,20.578
51.103,115.644,22.471,20.597
49.958,116.584,22.307,20.674
48.886,116.308,21.962,20.757
50.523,115.765,21.727,20.789
51.264,116.364,21.924,20.696
52.190,116.111,22.018,20.537
51.851,117.440,22.243,20.577
52.296,116.935,22.479,20.578
51.895,116.867,22.755,20.381
52.003,115.903,22.982,20.397
52.249,115.849,23.130,20.508
53.039,115.530,23.243,20.263
52.795,115.630,23.594,20.077
53.292,116.111,23.762,20.223
53.182,115.856,23.863,20.297
53.190,116.515,24.272,20.468
53.055,116.359,24.468,20.440
53.036,115.467,24.579,20.688
53.631,116.217,24.560,20.789
53.409,116.455,24.616,20.685
54.047,116.156,24.595,20.605
54.117,116.006,24.595,20.723
54.250,115.814,24.509,20.772
53.505,116.335,24.737,20.741
54.227,116.251,24.473,20.779
54.869,115.698,24.548,20.968
54.166,115.496,24.671,20.896
54.209,115.635,24.708,21.045
54.554,115.083,24.708,21.053
55.064,115.284,24.946,21.162
53.997,115.435,25.497,21.310
53.908,115.509,25.779,21.486
54.557,115.234,25.727,21.493
54.387,115.632,26.021,21.571
54.465,114.569,26.213,21.471
53.957,115.292,26.222,21.545
53.885,116.728,26.010,21.605
54.351,117.567,26.016,21.491
54.053,117.401,26.005,21.517
53.395,116.841,26.115,21.577
53.471,116.317,26.086,21.520
53.389,115.545,25.983,21.585
53.286,115.219,26.183,21.345
53.300,114.023,26.193,21.217
53.059,112.823,26.185,21.030
52.445,111.865,26.106,20.978
52.584,111.495,26.192,21.242
52.259,110.884,26.194,21.166
51.505,111.193,26.303,21.440
51.483,110.660,26.306,21.625
51.050,111.288,26.216,21.612
51.251,110.622,26.448,21.691
51.176,110.114,26.335,21.615
51.136,110.597,26.305,21.592
50.884,110.903,26.527,21.591
50.355,111.579,26.669,21.638
50.384,111.004,26.748,21.424
49.885,111.470,26.700,21.475
49.834,111.599,26.805,21.284
49.982,111.697,26.657,21.386
49.972,111.692,26.556,21.532
49.468,111.159,26.476,21.469
49.450,110.972,26.420,21.450
48.811,111.218,26.722,21.051
49.539,110.952,26.741,20.967
49.577,111.468,26.703,21.042
49.547,110.470,26.739,21.163
49.376,110.811,26.784,21.162
48.981,111.174,26.765,21.219
49.416,110.820,26.556,21.238
48.869,111.395,26.698,21.263
49.728,111.806,26.571,21.264
49.156,112.002,26.653,21.161
49.540,110.729,26.579,21.289
49.012,111.237,26.608,21.321
49.056,111.261,26.598,21.284
49.218,111.088,26.631,21.356
48.640,111.730,26.775,21.272
48.346,112.209,26.811,21.299
48.286,111.277,26.863,21.188
47.202,111.218,27.461,20.769
47.723,111.632,27.498,20.567
47.936,111.115,27.378,20.744
46.985,112.018,27.468,20.740
46.591,111.614,27.656,20.323
46.584,111.596,27.629,20.270
46.855,111.079,27.581,20.483
45.102,110.658,28.261,20.208
45.222,111.241,27.923,20.120
45.025,111.532,27.918,20.062
44.956,110.994,28.047,19.991
44.991,110.437,28.012,20.099
44.553,110.760,27.764,20.429
44.984,111.127,27.696,20.388
44.449,111.418,27.784,20.396
44.263,111.089,27.933,20.254
43.286,110.996,28.013,20.128
43.204,111.429,28.108,20.013
42.436,111.924,28.309,19.894
42.257,111.679,28.549,19.736
42.349,111.672,28.439,19.496
41.565,111.898,28.630,19.528
41.218,111.513,28.582,19.542
40.618,112.138,29.026,19.395
41.146,112.344,28.909,19.329
40.518,112.221,29.056,19.198
40.167,112.538,29.105,19.003
40.072,113.095,29.218,18.955
40.007,113.172,29.204,19.021
39.766,113.034,29.026,19.088
40.138,112.784,28.902,19.208
39.553,114.009,29.230,19.314
39.833,113.939,29.047,19.316
39.410,113.901,29.044,19.168
39.256,114.655,29.380,19.260
39.061,114.210,29.513,19.198
39.574,114.851,29.593,19.336
38.803,114.579,29.638,19.253
38.173,114.961,29.754,19.142
38.855,114.132,29.643,19.049
39.249,114.045,29.449,18.998
39.491,114.681,29.157,19.178
39.063,114.475,28.796,19.248
39.242,114.471,28.756,19.436
38.650,115.126,28.935,19.396
38.993,115.491,28.693,19.570
38.623,115.665,28.873,19.650
37.980,114.664,29.071,19.502
37.835,114.177,29.309,19.351
37.037,115.252,29.630,19.349
36.892,115.306,29.855,19.217
37.627,115.242,30.048,19.283
37.467,115.795,30.310,19.362
37.728,115.426,30.059,19.482
38.193,114.281,29.774,19.459
37.986,114.101,29.619,19.387
38.651,114.684,29.456,19.338
39.031,115.563,29.297,19.366
39.193,116.390,29.068,19.528
39.886,116.217,28.927,19.367
39.995,116.452,28.492,19.382
40.288,115.915,28.346,19.201
40.574,115.870,28.052,19.007
40.599,116.881,27.565,19.195
40.452,116.724,27.696,18.923
40.507,116.277,27.573,18.953
40.186,116.169,27.628,18.799
39.860,115.299,27.483,18.845
40.267,115.981,26.969,19.002
40.581,116.702,26.940,18.882
40.533,116.830,26.569,18.937
40.592,117.614,26.399,18.972
41.517,117.867,26.241,18.824
42.660,118.039,26.017,18.488
42.347,118.636,25.822,18.476
42.907,118.720,25.584,18.161
43.373,119.083,25.207,18.123
44.522,118.904,24.035,18.849
45.375,118.010,23.435,19.054
45.890,118.082,23.465,18.535
46.304,118.481,23.621,18.199
46.151,118.693,22.956,19.070
46.636,118.178,22.665,19.447
47.703,118.418,22.230,19.928
48.423,118.200,21.772,19.954
48.727,118.223,21.326,20.353
48.953,118.367,21.279,20.209
49.212,118.581,21.134,20.478
49.860,117.972,20.855,20.683
50.117,118.366,20.672,20.879
50.472,118.258,20.448,20.744
48.708,118.855,20.451,20.489
49.360,119.083,20.239,20.312
49.396,119.639,20.111,20.132
47.374,119.972,19.901,19.961
48.284,120.703,20.549,18.634
49.231,120.199,20.063,18.614
51.615,120.775,19.734,18.759
50.044,120.570,19.403,18.781
50.963,120.973,19.100,18.653
51.927,121.071,18.816,18.488
52.526,121.579,18.532,18.336
53.164,121.241,18.210,18.368
53.778,119.307,17.865,18.513
54.029,119.125,17.663,18.499
51.797,121.757,17.628,18.283
51.859,122.140,17.639,18.091
54.042,122.309,17.588,18.043
56.600,122.354,17.380,18.053
66.597,125.449,19.108,16.624
67.949,126.062,20.436,15.306
69.796,126.599,20.865,14.743
69.640,127.220,21.133,14.358
71.530,127.686,21.319,13.988
71.080,127.803,21.422,13.666
71.164,127.961,21.569,13.331
70.604,126.282,21.614,12.983
72.354,128.406,21.266,12.865
72.512,128.928,21.362,12.623
72.667,129.415,21.244,12.468
72.795,127.914,21.147,12.185
72.850,128.171,21.060,11.982
74.699,128.392,20.663,11.884
74.490,128.258,20.448,11.920
73.645,128.796,20.884,11.218
74.427,130.721,20.499,11.201
74.845,129.163,20.251,11.372
76.991,130.946,20.063,11.272
76.808,129.154,19.763,11.272
76.970,130.940,19.707,11.181
77.521,130.842,19.327,11.244
79.165,129.398,18.943,11.235
78.961,129.294,18.753,11.039
79.090,127.833,18.658,10.991
80.929,127.836,18.424,10.906
80.599,128.249,18.379,10.952
80.699,130.006,18.115,10.762
82.252,129.500,17.859,10.650
81.901,127.960,17.838,10.655
81.927,127.958,17.872,10.626
83.366,128.482,17.710,10.680
83.686,129.946,17.570,10.661
84.224,130.055,17.454,10.740
84.787,130.201,17.755,10.722
86.163,130.478,17.610,10.732
86.278,130.473,17.459,10.769
86.166,131.961,17.326,10.757
88.076,130.143,17.379,10.801
88.001,130.441,17.334,10.669
88.435,128.843,17.478,10.561
88.416,128.633,17.487,10.448
89.912,128.759,17.434,10.372
89.769,128.644,17.302,10.261
91.388,128.793,17.033,10.164
91.226,129.254,17.069,10.287
91.554,129.292,16.940,10.260
91.921,129.699,16.918,10.214
92.758,130.168,16.913,10.251
92.587,130.578,16.887,10.307
93.598,132.090,16.854,10.154
93.660,130.731,16.825,10.320
94.038,130.907,17.080,10.245
95.800,129.300,17.198,10.182
95.638,129.092,17.312,10.222
97.420,129.110,17.260,10.186
97.464,128.917,17.034,10.318
99.299,128.992,16.739,10.263
99.210,129.255,16.491,10.373
100.746,130.916,16.429,10.306
100.966,130.619,16.443,10.175
101.631,130.124,16.533,10.088
103.042,130.509,16.469,10.100
103.348,130.047,16.378,10.109
103.117,129.656,16.394,10.000
103.850,128.158,16.399,10.000
105.144,126.502,16.542,10.000
105.244,126.314,16.526,10.000
106.909,127.816,16.168,10.000
107.797,127.974,16.230,10.000
107.562,129.279,16.277,10.000
107.984,129.083,16.307,10.000
109.150,129.093,16.174,10.000
108.906,129.303,16.242,10.000
109.291,130.819,16.277,10.000
110.819,130.907,16.274,10.000
111.339,130.801,16.368,10.000
111.294,130.755,16.458,10.008
111.839,130.720,16.327,10.028
111.806,130.286,16.290,10.000
113.586,130.627,16.057,10.099
112.964,132.409,16.153,10.043
112.753,131.931,16.227,10.004
113.959,131.911,16.349,10.000
113.240,131.697,16.585,10.000
112.923,131.303,16.475,10.000
113.039,132.667,16.439,10.000
113.347,132.282,16.326,10.000
113.557,130.353,16.249,10.000
113.356,128.720,16.242,10.000
112.979,129.031,16.415,10.000
112.642,128.819,16.550,10.000
113.049,128.546,16.610,10.034
112.742,127.263,16.818,10.012
112.606,127.609,16.843,10.000
112.778,127.893,16.810,10.000
112.764,128.117,16.694,10.132
113.178,129.615,16.437,10.142
113.292,129.557,16.382,10.054
112.984,131.059,16.294,10.000
112.325,129.243,16.123,10.072
114.317,130.166,15.481,10.913
112.053,137.075,16.021,10.575
112.136,135.263,15.867,10.366
111.114,134.999,16.148,10.215
111.437,133.216,16.000,10.281
111.927,127.824,15.302,10.867
110.820,126.921,15.801,10.396
111.061,128.490,15.622,10.247
110.673,128.928,15.696,10.135
109.868,129.065,15.833,10.000
109.656,128.977,15.944,10.000
109.568,129.108,15.942,10.000
108.733,127.744,16.089,10.000
109.424,127.435,15.997,10.000
109.283,127.759,16.191,10.000
109.106,127.831,16.227,10.000
108.843,127.724,16.216,10.000
108.983,127.766,16.190,10.000
108.500,127.641,16.128,10.000
108.456,127.555,16.011,10.000
108.643,127.162,15.987,10.000
108.405,127.161,16.170,10.000
108.421,126.868,16.020,10.000
108.274,128.467,16.062,10.000
108.452,128.715,15.969,10.116
108.013,128.573,15.900,10.015
107.857,127.086,15.910,10.000
107.451,127.022,15.874,10.000
107.801,127.368,15.967,10.030
107.529,127.994,16.188,10.050
107.817,128.178,16.109,10.000
107.557,128.210,16.127,10.078
108.423,128.404,16.129,10.057
107.542,129.835,16.065,10.018
107.340,129.814,15.925,10.066
108.616,129.298,15.772,10.030
107.499,129.431,15.945,10.000
108.763,128.999,15.838,10.000
106.594,128.840,15.861,10.000
106.899,129.095,15.738,10.113
107.186,129.366,15.651,10.193
107.343,129.559,15.613,10.167
107.249,129.426,15.507,10.193
107.606,129.202,15.515,10.124
107.472,129.557,15.611,10.043
107.846,129.387,15.468,10.069
107.759,129.243,15.687,10.008
107.244,129.376,15.675,10.073
107.430,129.343,15.717,10.000
107.691,129.124,15.883,10.000
107.496,128.567,15.985,10.000
109.006,128.266,15.874,10.000
108.690,128.408,15.797,10.000
107.170,128.559,15.896,10.050
109.250,126.623,15.222,10.627
108.728,128.407,15.439,10.401
108.447,128.396,15.763,10.192
109.960,129.717,15.651,10.065
109.753,127.681,15.005,10.734
110.112,127.420,14.668,11.376
109.968,127.703,14.973,11.014
109.391,127.797,15.446,10.770
109.037,127.385,15.717,10.488
109.405,127.287,16.035,10.304
110.195,127.060,16.081,10.236
109.916,127.032,16.279,10.140
109.876,127.196,16.349,10.221
111.197,128.654,16.137,10.259
111.031,128.807,16.125,10.234
110.839,128.846,16.159,10.238
111.317,128.788,16.347,10.216
113.262,127.637,15.513,10.760
112.250,127.703,15.718,10.534
112.419,128.994,15.731,10.260
112.814,128.623,15.771,10.287
112.675,128.172,15.787,10.200
111.960,127.590,15.991,10.200
113.274,127.564,16.109,10.243
112.755,127.428,16.270,10.117
112.739,127.421,16.489,10.107
113.940,128.841,16.501,10.000
113.493,128.523,16.414,10.016
113.103,128.117,16.283,10.011
112.828,128.206,16.346,10.144
112.814,128.464,16.150,10.289
113.372,129.791,16.380,10.123
113.369,130.062,16.270,10.294
112.600,129.700,16.338,10.021
113.297,128.889,16.402,10.096
113.056,128.981,16.518,10.000
112.833,129.024,16.601,10.000
113.186,128.991,16.657,10.143
112.918,128.760,16.736,10.305
113.292,130.119,16.745,10.206
113.052,129.658,16.886,10.175
114.591,127.800,16.904,10.277
114.257,128.053,17.006,10.295
114.279,127.821,17.004,10.222
114.389,129.175,16.957,10.137
114.665,128.667,17.040,10.142
114.430,128.871,17.072,10.193
114.909,129.237,16.928,10.270
114.967,130.633,16.829,10.126
114.860,129.248,16.678,10.172
115.207,129.236,16.686,10.463
115.233,129.319,16.822,10.501
115.389,129.476,16.799,10.403
115.808,130.831,16.871,10.346
115.900,130.121,16.743,10.351
115.392,129.821,16.711,10.259
115.809,129.670,16.815,10.322
117.788,129.498,16.024,11.031
117.638,129.615,16.184,10.773
117.348,130.057,16.259,10.628
117.405,131.333,16.370,10.509
116.865,129.652,16.580,10.601
116.975,129.737,16.498,10.628
117.073,128.060,16.303,10.553
117.555,129.720,16.099,10.529
116.825,129.746,16.319,10.699
117.674,129.530,16.428,10.543
117.210,129.456,16.536,10.590
117.114,129.580,16.508,10.630
116.756,129.438,16.674,10.642
116.656,130.680,16.712,10.529
116.327,130.123,16.623,10.371
116.493,129.498,16.718,10.389
116.666,129.554,16.785,10.428
115.778,129.362,16.831,10.589
115.719,129.036,16.851,10.678
115.723,129.040,16.852,10.708
115.152,129.218,17.094,10.792
115.046,129.118,17.438,10.830
114.755,129.011,17.397,10.786
114.719,128.385,17.214,10.798
115.045,127.998,16.531,11.456
114.721,129.776,16.593,11.297
114.211,129.657,16.734,11.050
114.070,128.984,16.830,10.956
115.673,129.035,16.789,10.960
115.378,128.631,16.729,10.890
114.542,128.985,17.030,10.955
113.824,128.837,17.180,10.760
113.594,128.444,17.285,10.737
113.365,128.336,17.488,10.681
113.230,128.344,17.601,10.804
113.338,128.144,17.803,10.821
113.365,127.835,17.925,10.872
112.985,129.326,18.007,10.913
113.284,129.304,18.131,10.898
113.029,129.135,17.879,10.892
113.067,128.603,17.840,10.846
113.158,128.402,17.864,10.774
112.755,128.477,17.909,10.900
113.375,128.708,17.761,11.050
112.649,128.322,17.988,11.028
112.955,128.374,18.135,11.118
112.800,128.353,18.015,11.207
112.642,128.382,17.989,11.179
112.884,128.664,18.197,11.129
112.665,128.393,18.263,11.125
112.659,127.961,18.165,11.300
112.385,127.878,18.093,11.220
113.804,129.406,18.064,11.157
112.981,128.991,17.994,11.149
113.290,130.516,18.055,10.993
112.585,130.294,18.076,10.919
112.736,130.792,17.957,10.991
112.869,130.691,17.995,11.113
113.473,131.002,17.820,11.279
113.012,131.032,17.902,11.542
112.758,130.760,18.004,11.444
112.392,130.876,18.026,11.512
112.907,130.315,18.166,11.445
112.373,130.533,18.323,11.521
112.048,132.382,18.499,11.336
112.015,132.030,18.527,11.370
111.548,132.071,18.535,11.418
112.693,132.093,18.553,11.500
111.910,132.205,18.783,11.522
111.946,131.911,18.736,11.435
111.880,131.357,18.778,11.327
111.834,131.211,18.474,11.325
111.497,131.142,18.396,11.275
111.573,130.830,18.321,11.411
111.524,131.026,18.362,11.406
111.462,131.042,18.343,11.516
111.693,131.290,18.170,11.654
111.810,131.123,18.141,11.604
111.719,131.213,18.236,11.535
111.296,131.162,18.515,11.409
110.813,131.485,18.581,11.556
110.542,131.672,18.556,11.659
110.247,131.604,18.588,11.753
110.003,133.168,18.700,11.564
110.303,131.116,18.810,11.689
110.116,131.422,18.796,11.615
109.954,132.957,18.635,11.518
110.276,132.445,18.716,11.370
110.177,132.180,18.775,11.378
110.033,132.018,18.688,11.291
109.994,131.757,18.891,11.068
109.729,131.383,18.971,11.114
109.346,131.608,18.899,11.183
109.841,131.748,18.914,11.240
109.450,132.108,18.920,11.362
109.513,131.613,18.628,11.420
109.611,131.442,18.565,11.535
109.681,131.665,18.419,11.500
109.625,131.674,18.584,11.585
109.018,131.496,18.655,11.706
109.304,131.266,18.782,11.592
108.707,130.727,18.950,11.695
108.302,130.733,19.014,11.675
108.430,130.512,19.003,11.599
108.659,130.351,18.991,11.625
108.051,130.489,19.120,11.628
108.076,130.561,19.243,11.654
107.752,130.828,19.457,11.800
107.731,130.275,19.438,11.965
107.902,130.624,19.553,12.213
107.590,130.861,19.610,12.293
107.649,130.922,19.501,12.444
107.596,130.584,19.526,12.325
106.788,130.051,19.836,12.296
106.140,130.628,19.869,12.309
106.608,130.963,19.730,12.534
106.176,130.905,19.862,12.669
105.337,130.733,19.963,12.585
105.570,130.322,19.531,12.388
105.956,130.380,19.703,12.392
105.571,130.613,19.941,12.470
105.192,132.297,20.041,12.333
105.365,132.071,20.065,12.335
105.721,132.018,20.146,12.453
105.461,132.112,20.258,12.394
105.878,131.935,20.161,12.331
106.678,131.584,19.959,12.442
106.374,131.973,20.276,12.625
106.034,132.298,20.461,12.601
107.144,130.304,20.279,12.657
107.348,130.074,20.266,12.642
108.046,130.582,20.230,12.753
107.929,130.961,20.405,12.834
107.790,131.236,20.280,12.916
108.337,131.753,20.585,13.003
108.481,132.005,20.557,13.036
108.849,131.926,20.745,12.960
108.973,132.020,21.034,13.022
109.551,131.599,21.130,12.864
109.672,131.857,20.954,12.872
110.295,131.736,20.834,12.721
111.551,131.059,20.758,12.753
111.347,130.660,20.618,12.798
111.930,130.662,20.408,12.831
111.659,130.899,20.680,12.965
112.422,132.544,20.667,12.982
112.852,131.837,20.507,12.907
113.004,131.053,20.621,12.979
113.628,131.382,20.806,13.124
113.699,131.545,21.205,13.094
113.987,131.476,21.411,13.055
114.512,130.571,21.505,13.102
115.377,130.976,21.683,13.341
115.252,130.890,21.661,13.447
115.615,131.121,21.742,13.554
115.882,131.331,21.819,13.529
116.337,131.323,21.730,13.553
116.666,131.182,21.818,13.342
117.078,131.471,21.827,13.330
118.044,130.514,21.794,13.290
118.633,130.050,21.650,13.302
118.473,130.540,21.816,13.350
118.446,130.589,21.891,13.395
119.035,130.525,21.622,13.388
119.428,130.236,21.790,13.463
119.118,132.325,21.901,13.256
119.709,132.205,21.782,13.310
120.501,132.107,21.815,13.220
120.579,131.600,21.912,13.152
120.810,131.482,21.967,13.000
121.216,131.418,21.778,13.110
121.921,131.256,21.551,13.147
122.021,131.038,21.467,13.203
122.370,130.993,21.235,13.263
123.365,131.406,21.528,13.437
123.264,131.557,21.667,13.560
122.624,131.253,21.830,13.561
122.586,131.670,22.008,13.608
123.487,133.824,21.924,13.711
124.588,133.506,22.002,13.693
124.504,133.955,21.855,13.727
124.849,133.765,21.826,13.653
124.847,133.772,21.721,13.471
125.151,133.826,21.782,13.463
124.680,133.367,21.823,13.556
125.248,132.756,22.216,13.389
125.684,132.796,22.424,13.361
125.708,132.907,22.339,13.585
125.886,132.736,22.276,13.487
126.024,132.114,22.347,13.520
126.040,129.851,22.312,13.713
125.964,129.927,22.098,14.047
125.550,129.965,22.185,14.188
125.572,129.859,22.143,14.273
125.238,130.030,22.338,14.146
125.144,129.802,22.565,14.132
124.852,129.860,23.077,14.011
124.427,129.872,22.881,14.182
124.148,129.816,22.982,14.111
124.166,131.825,22.798,14.064
123.531,131.773,22.868,14.175
123.342,131.415,22.993,14.302
122.650,131.132,22.901,14.249
122.210,131.180,22.767,14.406
122.511,131.387,22.996,14.335
121.611,131.300,22.974,14.202
121.321,131.002,23.286,14.292
121.260,130.905,23.235,14.405
120.842,131.289,23.398,14.430
120.521,131.213,23.397,14.424
120.655,131.006,23.366,14.594
120.815,131.143,23.123,14.452
120.883,132.980,23.092,14.277
121.050,132.759,23.127,14.158
119.944,132.429,23.404,14.061
120.055,131.914,23.249,14.085
120.382,129.730,23.172,14.081
121.077,130.185,23.090,14.171
120.985,130.236,22.995,14.260
121.415,130.204,22.917,14.257
121.876,129.969,23.053,14.160
121.064,129.690,23.074,14.024
121.179,131.432,23.027,14.135
121.534,131.009,23.107,14.074
121.785,130.325,23.157,13.978
121.991,129.893,22.973,14.220
122.576,129.482,23.012,14.323
123.096,129.735,23.107,14.542
123.223,129.313,22.892,14.645
123.465,129.276,22.887,14.499
123.910,129.284,23.105,14.327
125.015,131.468,22.697,14.430
124.972,132.221,22.488,14.363
125.002,134.143,22.477,14.116
125.513,134.150,22.522,14.036
125.892,133.300,22.486,13.961
126.420,132.854,22.550,13.839
126.063,130.767,22.666,13.826
127.133,129.947,22.520,13.802
127.306,129.150,22.357,13.885
126.972,127.016,22.461,13.929
127.080,127.497,22.444,14.059
127.524,127.537,22.530,14.169
126.977,127.502,22.722,14.364
127.179,127.749,22.950,14.737
127.320,127.621,22.945,14.885
127.080,127.540,23.119,14.913
126.903,129.628,23.179,14.611
126.814,129.629,23.156,14.684
127.226,129.762,23.069,14.531
127.482,129.515,23.156,14.545
127.258,129.462,23.326,14.620
127.584,129.647,23.483,14.790
127.879,130.209,23.651,14.955
127.043,130.511,23.751,14.943
127.268,130.211,23.725,14.830
126.940,129.945,23.616,14.617
127.459,129.637,23.448,14.536
126.879,129.649,23.553,14.540
127.354,129.458,23.539,14.673
127.050,127.117,23.615,14.856
126.715,127.408,23.618,14.947
126.404,128.164,23.482,15.115
125.457,128.175,23.901,14.987
125.339,127.838,23.903,14.778
125.160,127.472,23.753,14.606
124.843,127.098,23.878,14.519
124.258,127.613,23.716,14.484
123.898,128.144,23.829,14.621
123.151,128.628,23.865,14.557
122.907,129.000,24.069,14.465
122.447,131.416,23.959,14.267
122.648,131.266,23.737,14.125
122.287,131.666,23.348,14.172
121.515,131.600,23.295,14.236
121.916,130.790,22.878,14.369
121.364,130.572,23.085,14.299
121.024,130.439,23.015,14.405
120.623,130.497,22.993,14.462
120.683,130.045,23.185,14.191
120.652,130.261,23.177,14.068
120.283,130.506,23.094,14.022
120.221,130.614,23.074,14.061
120.397,130.685,22.886,14.032
120.145,130.916,22.945,14.067
119.989,132.922,23.107,13.909
119.741,133.268,22.853,13.900
119.173,133.044,23.102,13.857
119.228,134.702,23.091,13.797
119.326,134.103,22.858,13.660
119.167,133.381,22.960,13.519
118.586,132.999,23.026,13.585
118.982,132.464,22.966,13.468
118.921,130.199,22.875,13.772
119.320,130.269,22.962,13.968
119.402,130.650,23.068,14.147
119.168,132.911,22.937,14.096
119.077,133.057,22.881,14.167
118.927,133.189,23.056,14.107
118.570,132.952,23.045,14.033
118.937,134.885,22.854,13.886
118.973,134.448,22.729,13.669
119.281,134.105,22.760,13.568
119.792,133.590,22.569,13.797
119.438,133.387,22.613,13.831
119.527,133.031,22.617,13.925
119.299,132.969,22.843,13.833
119.360,132.661,22.743,13.798
119.440,134.457,22.776,13.516
119.958,134.223,22.770,13.393
119.435,133.946,22.543,13.529
119.721,133.362,22.504,13.433
119.535,132.948,22.524,13.402
119.738,134.722,22.271,13.326
119.293,135.078,22.343,13.466
119.244,135.114,22.488,13.435
118.964,134.785,22.565,13.437
119.183,134.515,22.655,13.405
119.149,134.377,22.684,13.312
119.396,134.283,22.789,13.169
119.545,134.775,22.966,13.240
118.573,134.675,22.952,13.207
118.277,134.679,23.028,13.058
118.552,133.975,22.752,13.065
118.168,132.184,22.701,13.086
118.238,132.426,22.765,13.202
118.288,132.784,22.607,13.386
118.134,133.198,22.560,13.525
117.953,133.538,22.640,13.597
118.361,133.445,22.594,13.467
118.285,133.082,22.773,13.318
118.215,133.379,22.819,13.359
117.923,133.556,22.838,13.254
117.294,133.214,22.691,13.250
116.861,133.596,22.671,13.434
117.000,133.560,22.888,13.312
117.083,133.193,22.773,13.239
116.856,133.237,22.954,13.379
116.423,133.742,23.111,13.519
115.833,133.303,23.122,13.422
116.282,133.679,23.077,13.417
116.155,133.630,23.242,13.311
115.263,133.577,23.460,13.225
115.548,133.445,23.044,13.396
115.598,133.729,22.995,13.510
115.261,134.089,23.215,13.493
114.487,133.580,23.406,13.331
114.589,133.222,23.152,13.284
114.552,132.972,23.059,13.187
113.884,132.968,23.017,13.162
113.788,132.995,22.833,13.248
113.916,133.023,22.665,13.156
114.182,132.752,22.601,13.138
114.737,132.649,22.538,13.171
114.834,132.578,22.487,13.185
114.434,132.193,22.371,13.203
113.875,132.044,22.481,13.276
115.568,131.965,22.712,13.313
115.159,132.028,22.864,13.502
115.094,132.033,22.878,13.711
114.900,132.138,22.628,13.784
115.009,134.355,22.812,13.475
115.089,134.166,22.862,13.196
115.181,133.802,22.817,13.020
115.018,133.228,22.721,12.992
115.635,132.792,22.577,12.905
116.242,132.336,22.326,13.052
116.271,132.622,22.306,13.141
116.331,132.607,22.140,13.022
116.045,132.520,22.074,12.979
116.179,132.570,22.054,13.132
116.530,132.669,22.168,13.066
117.623,132.643,21.991,13.113
118.219,132.203,21.878,13.154
118.138,133.696,21.936,12.998
118.454,131.595,22.002,13.191
118.393,131.523,22.134,13.088
118.552,131.136,22.154,12.946
119.458,132.889,21.902,12.841
120.090,132.648,21.882,12.773
121.749,131.922,21.733,12.716
121.306,129.530,21.864,12.955
121.611,131.344,21.967,12.798
120.184,130.922,21.564,12.846
121.910,130.666,21.749,12.880
122.238,132.419,21.760,12.727
122.492,131.998,21.570,12.740
122.500,131.849,21.694,12.765
124.200,131.358,21.794,12.763
123.416,131.375,21.858,13.037
124.085,131.520,21.709,13.122
124.251,131.328,21.638,13.189
124.821,130.903,21.656,13.165
124.695,130.917,21.676,13.300
124.626,130.423,21.512,13.376
124.908,130.750,21.696,13.540
126.389,132.570,21.864,13.321
126.148,132.108,22.085,13.082
125.494,131.938,22.115,12.989
125.997,131.923,21.927,13.176
125.839,133.638,21.823,13.018
126.378,133.447,21.758,13.054
126.488,133.118,21.910,13.147
126.451,133.121,21.696,13.209
126.388,133.104,21.981,13.215
126.188,133.075,21.922,13.139
125.898,133.264,21.995,13.289
127.416,135.079,22.172,13.094
125.339,134.356,22.218,12.917
126.901,134.092,22.398,12.717
126.352,133.704,22.538,12.758
125.940,133.244,22.453,12.629
126.269,134.884,22.189,12.477
126.547,134.761,22.051,12.583
126.207,134.698,21.917,12.520
126.095,134.730,21.803,12.602
126.424,132.612,21.647,12.815
126.505,132.635,21.642,13.003
126.572,132.767,21.560,12.921
126.492,133.212,21.759,13.009
126.626,133.136,21.835,12.900
126.019,133.286,22.156,12.960
125.912,133.434,21.772,13.069
125.959,133.144,21.444,13.045
125.987,133.011,21.465,12.980
126.268,132.836,21.502,12.874
125.499,133.015,21.655,12.816
125.171,132.834,21.394,12.858
125.794,132.963,21.437,12.944
125.547,133.220,21.471,12.993
125.310,135.018,21.544,12.782
125.070,132.918,21.774,12.783
125.162,132.699,21.546,12.772
126.703,130.907,21.700,12.759
125.770,131.358,22.304,12.977
125.167,131.725,22.538,13.093
125.014,131.890,22.516,13.218
124.827,131.890,22.864,13.142
122.583,131.378,22.895,13.085
122.871,131.459,22.913,13.245
123.306,129.589,22.754,13.341
123.174,129.675,22.592,13.433
122.885,129.741,22.843,13.566
122.882,129.730,22.965,13.475
122.838,129.794,23.036,13.544
123.034,129.757,22.897,13.406
122.423,129.968,23.150,13.437
122.681,129.877,23.090,13.347
122.692,129.862,23.184,13.374
120.965,129.383,23.199,13.263
120.970,129.264,23.520,13.249
121.056,129.163,23.523,13.350
120.798,129.027,23.671,13.300
118.884,128.731,23.634,13.409
119.736,128.404,23.527,13.354
120.327,126.496,23.489,13.625
118.466,126.873,23.503,13.588
119.048,127.119,23.816,13.591
119.403,127.295,23.914,13.511
119.731,127.264,23.680,13.527
120.140,126.576,23.597,13.514
120.042,126.761,23.856,13.633
119.950,126.522,23.364,13.864
118.129,126.999,23.698,13.880
118.828,127.298,23.719,13.862
118.976,127.847,23.675,13.806
119.374,127.664,23.400,13.774
118.869,127.560,23.648,13.695
118.842,127.763,23.817,13.647
118.817,125.800,23.688,13.563
118.799,126.172,23.793,13.447
118.626,126.057,23.696,13.434
119.496,125.961,23.725,13.326
117.555,125.241,23.625,13.288
119.704,125.577,23.568,13.328
117.698,125.083,23.650,13.196
117.720,124.994,23.826,13.281
119.593,125.183,24.141,13.338
116.872,124.602,24.249,13.326
116.397,125.009,24.307,13.590
116.025,125.325,24.631,13.498
115.909,125.340,24.607,13.498
115.818,124.931,24.437,13.485
115.083,125.314,24.641,13.528
115.218,125.419,24.466,13.699
113.002,127.294,24.595,13.668
114.651,127.528,24.794,13.537
113.958,127.806,24.978,13.533
113.651,127.436,24.709,13.715
113.285,129.318,24.983,13.625
113.131,129.687,24.975,13.630
112.778,129.794,24.727,13.722
112.752,129.842,24.837,13.907
111.953,130.163,24.973,14.034
111.002,130.395,25.172,14.153
110.511,132.219,25.050,13.985
109.990,131.870,24.910,13.926
109.758,132.181,24.688,14.054
109.517,132.064,24.625,13.970
109.073,132.204,24.838,13.909
109.192,132.133,24.453,13.850
109.328,132.268,24.240,13.837
110.710,132.392,24.283,13.781
107.748,132.315,24.275,13.701
108.277,132.041,24.217,13.549
108.342,132.112,24.270,13.574
107.974,132.386,24.066,13.609
106.128,132.228,23.796,13.648
106.419,132.113,23.727,13.567
106.296,132.091,23.698,13.665
105.986,131.744,23.866,13.501
105.525,129.864,23.945,13.557
105.637,129.312,23.953,13.476
103.449,128.936,23.831,13.474
105.272,129.016,23.838,13.458
104.743,128.847,24.124,13.449
104.289,128.390,24.423,13.350
103.754,127.724,24.379,13.428
105.369,128.074,24.370,13.500
104.510,128.382,24.610,13.406
102.580,126.067,24.359,13.651
102.545,128.129,24.389,13.544
102.846,127.395,24.228,13.435
103.120,127.008,23.990,13.532
102.843,126.952,24.100,13.519
102.296,127.387,24.270,13.536
101.599,127.545,24.222,13.670
101.711,127.734,24.116,13.663
103.902,127.531,24.377,13.562
101.497,127.208,24.391,13.477
103.054,127.455,24.725,13.606
102.089,129.632,25.756,12.860
101.274,127.594,25.721,13.189
99.677,127.502,26.801,12.498
99.358,127.803,26.463,12.840
98.892,127.912,26.271,13.131
98.403,128.118,26.001,13.362
98.828,127.359,25.671,13.477
98.732,125.127,25.510,13.775
99.023,125.316,25.283,13.823
98.193,125.930,26.447,12.998
99.981,126.252,26.152,13.272
97.704,125.816,25.751,13.313
97.517,125.696,25.621,13.351
97.838,125.478,25.458,13.328
97.731,125.350,25.513,13.467
97.845,125.478,25.386,13.638
97.670,127.248,25.429,13.638
97.391,126.577,25.336,13.632
97.032,126.587,25.356,13.776
97.340,126.272,25.186,13.808
97.402,126.198,25.145,13.735
97.402,126.041,25.121,13.847
83.220,126.338,24.731,14.286
95.547,126.264,25.066,14.120
97.341,128.424,26.207,13.275
97.124,127.741,25.769,13.460
96.828,127.322,25.671,13.647
97.182,127.401,25.354,13.878
96.717,127.513,25.393,13.855
98.743,127.754,25.288,13.965
98.386,127.768,25.385,13.997
98.335,127.913,25.488,13.989
98.181,129.825,25.333,13.842
96.779,130.435,26.756,12.908
98.819,130.353,26.438,13.260
96.460,129.831,26.185,13.467
96.735,129.188,25.962,13.580
96.882,129.280,26.113,13.497
99.439,129.400,25.816,13.675
99.437,131.109,25.682,13.610
84.295,128.868,25.284,14.024
83.990,128.599,24.760,14.411
84.851,128.541,24.316,14.647
84.741,128.801,24.214,14.811
84.672,128.878,24.075,14.884
97.039,128.975,24.337,14.830
98.504,131.408,25.493,13.778
98.608,131.027,25.256,13.795
96.168,130.551,25.233,13.701
96.876,129.979,25.306,13.773
96.790,131.659,25.310,13.639
96.872,131.165,25.185,13.608
95.731,131.642,26.018,12.856
97.509,130.982,25.606,12.892
97.340,130.949,25.473,13.085
98.965,130.696,25.248,13.273
95.813,132.367,25.835,12.690
95.518,131.894,26.530,12.121
96.059,131.496,26.249,12.433
96.334,131.385,25.794,12.679
96.662,131.188,25.611,12.915
97.091,131.245,25.471,13.025
96.750,131.471,25.288,13.200
96.883,131.528,25.221,13.269
97.345,131.031,24.975,13.273
98.086,130.793,24.644,13.319
96.470,130.262,24.189,13.361
98.432,130.534,24.110,13.168
98.094,130.491,24.084,13.259
97.495,130.374,24.126,13.287
96.986,130.344,23.902,13.139
97.006,130.469,23.949,13.375
97.272,130.524,24.247,13.500
97.682,130.663,24.154,13.595
97.017,130.890,24.479,13.587
96.717,130.734,24.151,13.628
97.272,130.391,23.966,13.492
96.926,128.201,24.095,13.551
96.829,127.983,24.125,13.590
96.275,127.950,24.188,13.518
95.882,127.919,24.087,13.578
95.885,129.437,24.201,13.461
96.040,129.377,24.214,13.471
96.003,128.898,24.055,13.500
98.208,128.455,24.026,13.514
97.643,128.553,24.337,13.597
96.876,129.318,25.387,12.744
97.187,129.068,24.784,12.984
96.448,126.768,24.738,13.145
96.761,126.854,24.721,13.257
96.918,126.767,24.657,13.522
96.570,128.722,24.606,13.428
99.376,116.418,24.817,13.426
99.140,114.536,25.597,13.469
96.671,115.038,26.258,13.397
99.084,115.251,26.609,13.526
99.063,115.714,27.658,13.071
96.252,128.034,27.382,13.312
96.341,127.931,27.046,13.620
82.597,127.554,26.724,13.895
82.336,127.029,26.112,14.283
82.362,126.740,25.740,14.664
82.156,126.261,25.381,15.085
82.085,126.197,25.018,15.376
81.369,126.398,24.925,15.448
81.869,125.922,23.865,16.464
81.594,123.617,23.827,16.387
80.753,124.161,24.021,16.092
92.926,127.360,25.370,15.020
95.322,127.519,25.582,14.794
94.960,127.546,25.446,14.515
94.870,127.725,25.613,14.314
94.383,127.687,25.797,14.204
93.563,127.933,25.608,14.078
93.239,127.933,25.453,14.163
92.977,125.600,25.460,14.198
93.203,128.102,25.175,14.067
93.330,127.715,24.769,14.111
93.077,127.536,24.875,13.962
93.038,126.989,24.713,13.913
92.791,127.023,24.690,13.772
91.898,127.480,25.831,13.022
90.206,127.594,25.517,13.120
90.562,127.675,25.260,13.334
91.269,129.333,24.584,13.560
91.238,128.714,24.277,13.594
90.867,128.805,24.566,13.657
89.176,128.558,24.300,13.582
89.780,128.036,23.993,13.564
89.465,127.956,23.660,13.664
89.815,127.898,23.701,13.557
89.444,128.209,23.879,13.596
88.988,128.245,23.995,13.526
88.346,128.087,24.083,13.453
88.630,127.701,23.973,13.428
86.491,127.627,23.839,13.625
86.817,127.563,23.826,13.667
86.378,127.733,23.809,13.726
88.152,127.796,23.853,13.801
87.304,127.722,23.834,13.719
85.098,127.099,23.723,13.607
84.223,127.023,23.765,13.630
84.125,127.171,23.495,13.727
82.001,127.433,23.641,13.833
82.300,127.832,23.547,13.902
82.385,127.911,23.369,13.811
80.277,128.014,23.393,13.890
80.727,128.083,23.581,13.849
80.129,128.089,23.808,13.741
79.561,128.127,23.698,13.750
79.228,127.979,23.741,13.965
80.487,128.253,23.938,13.957
77.567,127.989,23.805,13.852
77.450,129.694,23.752,13.803
75.643,129.213,23.423,13.821
75.633,129.089,23.435,13.874
75.569,129.499,23.551,13.918
75.089,129.900,23.576,13.988
74.581,129.752,23.707,14.062
74.071,129.825,23.860,14.112
71.642,129.942,24.124,14.171
70.858,129.318,24.447,13.960
70.615,129.282,24.563,13.929
68.250,129.736,24.577,14.089
68.458,129.416,24.460,14.017
65.750,129.291,24.384,13.841
65.020,129.138,24.577,13.859
65.059,128.584,24.391,13.813
64.507,128.669,24.484,13.817
62.442,128.551,24.435,13.733
62.229,128.679,24.377,13.671
61.065,128.653,24.524,13.668
58.577,128.601,24.322,13.763
58.635,128.500,24.339,13.765
57.818,128.693,24.214,13.833
57.440,128.882,24.171,14.084
56.788,129.271,24.327,14.103
53.989,128.957,24.100,14.059
52.974,129.236,24.708,13.997
50.486,127.062,24.579,14.208
51.153,129.022,24.431,14.007
50.679,129.324,24.434,14.252
49.475,129.194,24.707,14.182
46.550,129.248,24.761,14.351
45.995,129.299,24.936,14.300
45.012,129.391,25.185,14.222
42.488,127.331,25.348,14.408
41.526,127.682,25.288,14.551
38.808,127.928,25.535,14.701
39.080,128.114,25.631,14.567
38.075,127.877,25.607,14.588
36.962,127.566,25.475,14.727
34.035,127.951,25.645,14.735
33.878,128.328,26.024,14.592
33.635,128.248,26.007,14.460
31.040,127.946,25.871,14.382
30.017,129.832,25.810,14.428
29.317,129.347,25.803,14.439
28.981,128.847,25.808,14.541
