405.000,256.000,122.000,148.000
406.332,252.829,123.511,147.318
406.101,252.007,124.928,147.470
409.712,250.110,125.691,148.073
411.712,242.550,126.718,148.798
414.692,239.135,127.769,149.386
417.712,234.857,128.639,150.259
418.516,228.944,129.996,151.002
416.795,222.228,131.156,151.493
410.736,218.384,129.486,153.398
403.442,212.279,128.485,155.412
395.990,203.820,127.751,156.636
388.656,192.854,127.367,157.802
380.815,183.852,127.155,158.689
370.784,178.319,126.836,158.611
360.967,175.314,126.470,159.456
351.531,173.256,126.175,160.300
343.698,172.324,125.652,161.039
336.938,173.135,125.517,161.632
333.159,173.143,125.120,162.487
328.317,173.167,124.822,162.705
321.661,173.124,124.662,162.622
319.426,175.170,124.080,163.573
315.865,175.695,123.474,163.751
309.365,173.660,123.078,162.684
302.512,172.082,122.355,161.368
296.590,168.804,121.679,160.366
290.456,165.170,120.493,159.037
280.566,159.104,119.247,157.915
273.678,154.332,118.219,157.113
271.243,151.277,117.142,157.580
270.793,142.080,118.734,155.995
268.888,129.502,120.070,155.188
270.578,119.943,120.728,154.842
274.138,108.090,120.716,155.319
279.505,98.090,120.538,155.213
284.427,86.551,120.481,154.310
289.219,78.676,120.259,153.467
294.801,67.344,119.969,152.941
300.776,57.489,120.134,152.108
304.899,52.073,120.196,149.478
303.961,52.529,120.336,146.959
301.542,54.710,120.387,144.415
299.435,60.300,120.342,142.320
296.826,64.369,120.065,140.913
295.117,70.765,119.824,139.355
291.963,74.431,119.226,138.069
287.412,80.309,118.560,136.719
282.363,85.145,118.267,135.687
277.663,89.295,117.850,134.599
269.503,92.828,117.457,134.574
261.369,96.179,117.384,133.751
254.750,99.486,117.123,132.950
252.530,104.860,116.801,132.506
251.319,106.641,117.004,132.667
249.457,108.306,117.232,132.744
249.281,108.539,117.627,132.242
248.246,108.738,117.805,132.028
247.057,108.060,117.245,132.027
246.564,107.090,116.986,132.013
244.356,108.944,117.343,131.736
243.657,111.051,117.460,131.465
242.859,110.462,117.705,131.708
242.618,108.740,117.680,132.112
242.284,107.085,117.909,132.877
246.079,102.538,117.456,133.278
247.100,99.587,117.798,133.682
247.922,97.960,118.475,134.614
248.807,96.241,118.380,134.449
249.283,91.626,118.288,134.041
248.907,90.767,118.508,134.342
248.982,89.608,118.551,134.760
249.172,87.469,119.038,134.898
248.605,86.996,119.580,135.245
249.649,85.608,119.975,136.036
250.232,85.286,120.024,135.930
251.285,85.633,120.165,136.333
252.613,85.023,120.248,135.808
253.237,84.269,120.710,135.521
254.910,83.691,120.642,135.408
256.021,85.532,120.744,135.214
258.862,84.000,120.904,135.732
261.983,84.057,120.942,135.694
266.796,83.273,120.783,135.759
272.397,83.337,120.514,135.989
278.441,83.704,120.445,136.219
283.895,83.813,120.224,136.560
290.089,84.187,119.994,136.675
295.917,82.958,120.375,137.072
300.708,81.099,120.457,136.674
305.001,79.006,120.499,136.831
306.566,76.178,120.729,137.473
310.385,72.398,120.690,138.101
310.791,69.544,120.988,138.638
311.850,65.953,121.153,138.862
311.744,64.094,121.452,139.058
313.728,63.169,121.785,138.721
314.936,64.073,121.825,138.998
318.034,66.585,122.261,139.363
320.093,68.808,122.295,139.623
320.818,71.831,122.650,139.814
317.356,76.221,123.056,139.570
314.742,81.221,123.558,139.586
312.029,88.422,124.051,139.619
309.043,95.785,124.479,139.770
302.985,104.212,124.332,140.368
296.513,116.633,124.193,139.684
289.451,130.125,124.200,139.251
283.926,139.773,124.425,139.822
277.254,148.742,124.753,140.708
270.696,157.426,125.182,141.338
265.655,166.464,126.076,141.971
260.721,174.936,126.835,142.009
252.306,183.235,127.074,141.596
243.549,190.648,127.715,142.076
234.509,199.299,128.710,143.206
226.592,205.451,129.043,143.190
218.751,212.580,129.815,144.230
212.621,219.625,131.087,145.116
208.114,224.819,132.483,145.733
203.858,229.664,133.420,146.239
201.756,232.768,133.766,146.892
201.263,233.496,134.568,147.766
204.477,232.791,135.004,148.801
210.456,232.392,135.404,148.944
214.128,232.042,136.109,149.452
217.372,234.074,136.694,150.099
222.067,235.746,137.078,149.736
229.482,236.265,138.048,149.352
238.607,239.689,138.559,149.381
248.997,244.223,138.905,149.815
258.493,247.799,138.784,150.448
265.730,250.249,139.075,150.767
274.825,253.185,138.990,151.559
284.527,254.086,139.623,151.427
293.966,250.117,139.044,152.716
301.387,241.842,138.689,153.690
307.729,236.395,138.712,154.682
312.976,231.869,138.285,155.484
315.686,223.980,138.556,155.992
313.076,217.339,139.307,156.892
310.066,211.808,139.849,157.600
305.614,205.780,140.339,158.688
296.370,201.949,140.923,158.080
282.459,198.826,141.385,158.292
271.955,196.317,141.163,158.515
261.483,193.421,141.359,158.151
247.170,189.623,141.853,158.177
231.965,186.817,142.216,158.062
216.901,183.891,142.304,157.580
204.731,180.994,141.703,157.782
193.312,177.078,141.809,157.090
177.389,173.448,142.202,156.814
164.011,167.972,141.945,156.600
155.070,163.649,141.412,156.615
152.541,157.717,140.831,156.536
154.418,150.124,139.508,156.327
155.941,143.709,138.930,156.505
155.706,142.208,139.196,155.949
155.799,140.583,139.271,155.568
160.579,140.987,138.815,154.896
165.839,136.052,138.352,154.474
168.215,133.088,137.774,153.639
174.405,131.743,136.762,152.370
178.506,129.641,135.972,151.935
181.473,126.536,134.724,150.938
182.643,125.315,133.857,149.792
183.938,124.884,133.226,148.675
186.178,124.677,131.876,147.762
186.948,126.092,130.852,147.267
190.134,125.772,130.009,146.122
193.777,129.670,129.218,145.697
202.364,135.398,128.333,144.408
207.922,139.268,127.442,143.044
213.845,145.332,126.392,142.010
221.268,149.798,125.468,140.659
228.208,151.230,124.235,140.005
233.542,153.036,122.838,139.522
237.773,150.854,121.609,138.604
239.523,148.111,120.384,137.572
241.388,144.806,119.341,136.327
240.391,141.312,118.482,135.285
240.035,135.010,117.480,134.616
239.475,126.714,116.155,133.832
238.570,119.491,115.010,133.610
239.882,109.280,113.926,134.213
241.570,97.674,113.149,134.888
241.826,86.465,112.528,135.451
241.120,75.212,111.799,135.340
239.754,64.442,111.266,135.076
240.291,53.061,111.108,134.779
241.644,45.032,110.982,133.887
247.651,39.207,110.700,132.463
259.042,35.516,110.220,130.498
273.461,36.261,109.787,128.257
287.660,41.457,109.475,126.794
301.648,47.563,109.086,125.083
313.916,54.659,108.768,123.923
326.728,60.376,108.571,122.391
338.700,66.026,108.543,120.532
350.738,72.560,108.317,119.368
360.671,78.513,107.752,118.210
368.341,84.373,106.986,117.327
375.135,89.181,106.315,116.193
380.352,95.977,105.770,114.910
383.782,103.653,105.231,114.360
384.217,112.155,104.574,113.982
382.509,119.936,103.795,113.454
379.176,127.799,103.011,113.055
370.699,134.666,102.361,112.279
362.071,140.195,102.079,111.963
352.819,144.212,101.528,111.697
342.631,147.549,100.756,111.414
333.382,150.212,100.636,110.771
325.931,151.332,100.190,109.779
318.412,153.992,99.787,109.356
309.678,157.545,99.228,109.018
299.579,161.608,98.770,108.708
288.607,166.003,98.605,108.750
277.374,167.617,98.057,108.693
267.185,168.029,97.951,108.891
256.444,167.980,97.949,109.123
246.455,168.392,97.718,109.082
237.062,171.452,97.911,109.029
226.523,176.675,97.727,108.977
214.337,181.869,97.782,108.610
203.690,188.807,97.958,108.733
194.356,194.457,98.515,108.647
185.641,200.927,99.171,108.762
176.985,208.614,99.772,109.081
166.229,215.806,100.234,109.494
155.230,222.232,100.860,110.034
144.722,226.431,101.769,110.724
137.514,228.875,102.834,111.723
133.407,229.863,102.993,112.590
128.616,229.903,103.381,112.972
124.244,229.741,103.717,113.989
121.982,227.457,104.090,115.108
120.713,224.924,104.130,116.325
121.429,222.300,104.038,116.988
123.519,218.247,104.357,116.647
125.533,216.737,105.027,117.332
127.146,216.760,106.288,118.153
131.350,217.215,106.997,118.319
136.401,217.187,108.184,118.541
144.082,216.564,108.941,119.671
147.446,216.521,109.845,120.213
152.263,216.701,110.310,120.827
157.271,217.023,111.450,121.341
160.026,217.344,112.562,123.268
162.435,220.669,113.401,126.272
163.448,223.278,114.117,129.377
164.744,223.405,115.195,132.270
164.267,223.906,116.824,134.948
163.221,223.919,118.478,137.660
162.423,223.748,120.805,140.854
161.949,223.696,123.007,144.269
161.880,222.494,125.260,146.917
159.481,221.384,128.169,148.806
158.320,220.264,130.684,151.118
157.553,219.967,132.969,153.255
158.079,218.651,134.879,156.125
158.950,217.518,136.272,159.401
160.043,215.810,137.873,162.006
162.469,213.070,139.380,165.266
164.877,208.001,140.059,168.014
166.299,203.165,141.581,170.331
166.502,197.283,142.710,172.766
165.897,190.849,143.849,174.916
167.299,186.889,145.393,176.579
169.477,181.124,146.850,178.040
171.336,173.645,148.273,178.887
172.134,167.105,149.459,179.106
173.488,160.638,150.553,178.905
180.052,155.814,151.725,179.000
188.560,148.406,152.313,179.260
196.333,142.791,152.874,179.644
202.161,140.013,153.033,179.201
206.914,138.465,152.945,178.163
213.456,137.746,152.766,177.752
216.964,136.025,152.789,176.578
221.662,135.671,152.013,176.234
225.832,135.235,151.238,175.121
227.682,136.128,150.416,173.615
226.718,136.863,149.506,171.963
226.164,137.209,148.540,171.298
228.012,135.290,147.522,169.721
229.195,135.136,146.612,168.139
229.540,135.395,145.943,166.826
230.226,137.152,145.156,165.503
231.205,139.394,144.810,164.718
232.901,139.107,144.429,163.702
231.783,138.127,144.542,163.112
229.067,139.442,144.485,163.272
224.135,141.470,143.914,163.478
219.465,140.972,144.049,163.298
216.372,138.214,144.490,163.273
217.131,140.830,144.652,163.798
216.332,144.074,145.370,163.984
214.326,147.715,145.620,164.584
213.858,153.187,145.818,165.551
214.813,155.758,146.315,166.427
215.631,158.164,146.687,167.152
218.299,160.215,147.470,167.584
222.749,162.512,148.173,168.959
224.602,165.115,149.132,170.064
225.849,167.992,150.672,171.551
228.736,171.775,152.479,173.445
231.226,171.762,154.262,174.889
231.860,170.319,155.992,176.871
233.105,168.228,158.542,178.522
233.676,167.434,161.382,180.596
234.629,165.893,164.016,182.434
233.690,163.781,165.892,185.159
232.649,161.084,168.742,187.529
234.818,155.761,171.378,191.234
241.111,152.855,174.276,195.054
247.108,153.356,177.830,197.419
250.053,151.869,181.143,199.110
254.285,149.772,183.800,201.528
260.666,151.835,186.581,204.565
268.798,155.651,189.193,207.450
273.490,162.344,192.014,209.799
273.899,168.415,193.772,213.055
274.717,172.751,195.763,215.565
276.227,176.215,198.214,217.446
274.811,177.540,200.580,218.810
270.365,179.070,202.776,220.289
264.575,181.500,204.765,222.237
259.460,183.978,206.731,223.213
253.549,183.995,208.381,225.170
251.018,182.511,208.939,226.884
250.053,184.584,209.371,227.364
249.190,184.395,209.458,227.917
248.048,180.816,209.832,227.901
248.702,176.128,209.778,227.723
251.533,171.156,208.980,228.673
254.324,166.005,208.194,228.549
255.954,159.534,207.359,228.142
257.900,156.048,206.119,228.009
261.423,153.036,204.409,227.807
263.177,150.399,202.151,227.585
262.817,144.423,200.455,225.875
259.698,137.777,198.994,224.741
254.509,135.972,197.802,224.422
253.042,130.754,195.357,225.190
251.014,122.694,192.484,225.851
249.152,115.358,190.102,225.009
250.341,109.551,188.203,222.897
253.581,107.738,186.654,220.671
255.882,108.890,185.500,218.895
258.857,113.008,184.600,217.575
260.941,116.106,184.020,214.900
263.216,121.788,182.858,214.122
264.061,126.663,181.235,213.473
265.844,135.429,179.224,212.324
266.141,144.013,176.859,211.224
263.508,150.588,174.764,209.974
260.896,158.316,173.636,209.257
254.132,162.035,173.577,208.844
243.348,165.698,173.240,207.357
224.998,167.582,171.394,205.214
206.051,169.184,169.586,201.924
187.608,170.136,167.606,198.228
175.683,170.470,166.239,194.686
166.080,169.976,165.227,191.466
153.777,168.292,164.524,188.451
142.899,166.576,164.096,187.357
135.823,164.875,163.922,187.290
132.387,158.888,164.207,187.891
126.870,157.784,164.426,187.544
121.480,157.234,163.861,187.724
121.168,152.543,162.012,187.848
121.008,149.320,160.266,188.166
116.887,145.594,157.982,187.711
112.752,140.447,156.282,186.739
111.188,134.319,155.341,186.052
109.780,130.396,155.737,184.578
106.567,129.123,156.836,181.930
104.328,127.726,157.326,180.157
103.177,123.327,157.027,178.975
101.374,117.098,156.274,179.215
100.741,114.106,155.853,177.445
103.514,116.203,153.708,176.076
107.985,116.002,150.726,174.490
114.894,117.956,147.828,172.663
123.383,118.196,145.691,171.544
134.253,117.398,143.914,170.451
141.644,118.994,142.972,168.731
148.079,120.110,142.710,166.908
153.876,123.045,144.682,164.675
163.113,126.634,146.053,161.700
174.749,130.334,145.966,159.481
186.584,130.163,145.456,157.389
198.627,130.543,144.265,157.096
207.496,129.952,142.992,156.169
215.881,130.545,141.330,154.797
224.034,131.422,139.727,153.250
231.644,133.229,138.415,151.580
239.546,134.222,137.097,149.438
249.302,134.203,136.312,147.021
261.027,133.363,135.737,144.923
271.657,133.039,134.894,144.506
281.430,134.863,134.857,144.494
290.673,135.098,135.115,144.429
313.043,136.376,133.960,145.147
318.919,135.766,133.649,145.328
325.045,135.158,134.551,145.015
349.211,127.064,132.282,144.948
370.084,131.903,129.988,144.019
378.305,135.096,127.718,141.937
386.355,126.195,125.758,141.141
393.396,132.306,124.322,138.636
399.894,134.523,122.621,136.554
404.339,133.749,122.383,134.804
405.960,133.219,122.169,133.193
407.480,132.588,122.192,132.332
409.024,133.568,121.879,133.220
408.156,131.526,121.566,134.808
405.569,132.151,121.675,135.596
402.674,132.332,121.006,136.158
399.347,133.569,121.389,135.710
394.990,135.046,122.214,135.296
388.992,136.870,123.507,134.020
381.035,138.709,123.779,133.309
373.388,140.049,123.530,133.130
363.267,142.088,122.886,132.306
355.024,142.796,121.630,131.288
347.578,144.827,121.176,130.270
340.197,146.821,121.162,129.933
334.502,149.402,121.152,130.396
329.598,150.459,120.925,131.470
324.162,152.928,121.138,131.250
319.384,154.277,121.272,131.288
313.516,155.279,121.175,131.178
309.135,154.795,121.056,131.219
303.285,154.608,120.883,131.013
298.072,152.130,120.599,130.775
292.168,150.611,120.742,130.560
285.431,148.924,120.979,130.712
280.294,137.746,122.241,130.669
276.646,136.355,122.531,131.611
272.349,134.251,123.582,132.030
268.863,131.187,123.848,132.892
266.389,126.730,123.714,134.399
263.665,123.849,123.726,135.214
260.306,113.175,125.264,133.678
257.876,111.852,125.868,133.844
255.347,111.418,126.647,133.181
254.970,110.774,127.506,132.463
254.728,111.808,128.525,131.277
255.265,111.748,129.136,130.476
256.371,110.666,129.850,129.879
258.453,112.341,130.873,128.883
261.072,112.772,132.034,128.222
263.438,114.200,133.337,127.542
262.990,115.588,134.628,127.011
263.095,114.650,135.240,127.238
265.867,113.751,135.653,127.471
269.067,113.120,135.839,126.930
273.243,113.389,135.936,126.796
276.052,113.817,136.467,126.654
274.901,115.100,137.034,127.550
273.555,117.432,137.144,127.811
271.925,118.638,137.484,128.021
269.897,119.915,137.487,128.940
267.104,121.109,138.012,130.153
262.367,121.978,138.419,131.959
257.525,123.063,138.648,133.229
252.427,123.050,139.060,134.648
246.798,122.515,139.223,136.342
241.404,122.696,139.689,137.567
236.215,122.380,140.341,139.039
232.198,122.942,141.244,139.853
228.698,123.326,141.260,140.706
224.663,124.006,141.977,141.045
222.356,124.300,142.190,141.148
220.964,127.332,142.816,140.669
220.961,127.930,142.867,141.107
222.595,129.743,143.138,140.409
224.588,130.298,143.164,140.049
227.561,132.171,143.623,139.900
230.946,133.528,144.169,140.185
234.719,135.209,144.441,140.484
238.539,135.490,144.126,139.995
241.530,133.964,144.181,140.052
242.624,120.669,143.835,138.474
245.135,124.016,143.512,137.087
249.513,124.587,143.283,136.630
252.228,122.978,143.797,136.274
254.622,120.254,143.693,136.250
255.559,119.917,145.146,135.609
256.053,119.634,145.661,135.625
256.149,121.160,146.224,134.923
254.206,121.072,146.163,135.280
251.826,135.676,145.348,137.170
248.220,135.335,144.419,137.417
242.104,136.103,143.484,138.081
235.535,139.053,142.026,137.789
227.597,141.593,142.115,137.460
221.180,143.069,142.059,136.906
216.525,144.790,141.941,136.574
211.323,147.947,142.066,136.816
208.249,160.745,142.391,137.729
205.294,159.082,143.267,138.342
203.062,158.185,143.811,139.271
200.120,158.964,144.719,139.824
195.942,159.519,146.324,139.969
193.578,158.573,147.417,139.683
191.030,160.093,148.470,139.070
201.989,161.564,146.085,139.652
197.145,162.366,144.712,139.891
193.019,162.124,144.511,139.267
189.882,162.628,144.722,138.525
187.955,161.949,144.490,137.582
184.526,162.718,144.643,137.509
180.975,163.519,145.034,136.856
189.649,165.386,143.464,136.932
184.873,165.760,142.714,137.206
180.276,167.156,142.988,137.219
188.943,169.372,142.176,137.275
184.411,169.931,142.025,137.267
181.460,170.049,142.882,136.947
191.342,171.519,141.803,136.860
188.363,171.408,141.873,136.974
197.004,172.839,140.536,137.397
192.659,172.944,141.104,137.062
201.722,174.395,140.365,137.119
196.570,175.124,140.854,136.775
205.824,175.650,139.423,137.151
201.471,175.299,139.913,136.960
198.268,174.694,140.706,135.685
205.945,175.530,139.666,136.033
200.663,174.918,139.706,136.265
195.928,174.282,140.735,135.853
204.122,175.020,139.426,135.804
198.488,174.236,139.060,136.346
206.410,175.910,136.446,136.457
201.863,174.781,135.384,136.347
196.691,173.971,135.573,136.367
203.652,174.163,133.968,136.095
196.363,173.540,133.825,135.877
191.089,172.721,134.139,135.114
198.982,171.981,132.751,134.725
192.852,170.709,132.292,134.012
187.647,168.157,133.730,133.166
199.047,179.205,131.942,133.638
193.820,173.486,131.885,134.052
202.059,172.617,130.274,134.104
194.584,170.242,131.186,133.751
203.344,169.483,129.500,133.336
196.030,168.029,130.757,132.488
204.408,167.819,128.897,132.765
168.842,164.918,133.724,132.506
165.545,163.300,138.723,132.666
153.260,162.544,141.600,133.927
155.409,160.560,144.900,135.263
155.834,158.434,148.534,136.187
155.829,156.880,151.050,137.034
155.338,155.698,153.164,137.752
145.506,157.425,153.171,139.184
150.130,158.125,155.126,141.127
152.476,158.333,156.612,142.298
154.945,159.998,157.496,143.949
155.897,169.076,159.347,147.935
157.474,166.617,160.416,149.330
160.085,165.444,161.272,150.499
161.664,165.970,161.655,151.225
164.274,167.157,161.715,152.326
167.682,168.965,161.881,152.661
181.891,179.994,161.909,157.175
179.579,177.039,162.444,159.450
178.002,175.516,163.301,161.012
176.505,172.908,163.755,162.508
175.422,172.424,163.956,164.151
174.243,172.680,164.413,164.881
173.297,174.402,164.394,166.059
171.237,175.822,164.707,167.262
169.167,177.825,164.808,169.016
167.070,178.773,165.103,169.752
164.798,180.172,165.578,170.485
162.800,181.060,166.178,170.391
160.897,181.754,166.804,170.969
158.872,181.920,167.588,171.703
156.953,183.280,168.232,172.587
155.269,182.122,169.572,174.404
153.065,181.147,170.627,175.880
150.810,181.790,171.753,177.979
149.070,180.408,172.893,179.628
147.849,180.711,173.636,181.444
146.687,181.086,174.182,183.350
143.834,180.810,175.939,184.947
141.809,180.551,177.180,187.056
138.464,179.745,178.215,189.072
135.866,180.154,179.345,190.510
133.455,179.850,180.194,191.456
131.274,178.517,181.016,192.742
129.863,177.759,181.487,193.755
127.625,177.634,181.622,195.103
125.496,179.101,181.804,195.915
122.466,179.313,182.124,197.258
119.681,181.809,182.533,198.383
117.096,182.646,183.607,200.084
116.664,183.287,183.624,200.846
118.731,183.740,183.562,201.202
139.985,187.633,184.189,201.168
140.257,188.518,184.801,200.833
158.910,192.107,184.752,200.477
158.372,195.436,184.522,199.689
175.422,199.299,184.629,199.721
176.027,199.838,184.509,199.700
194.813,200.957,184.869,200.494
192.162,203.711,185.139,200.763
188.382,204.481,185.524,201.933
183.396,204.898,187.018,203.293
180.239,217.035,185.485,211.113
174.603,207.407,186.414,218.839
168.706,198.657,188.115,225.045
162.471,192.037,190.725,230.218
155.280,188.676,192.737,233.801
151.632,186.924,195.832,236.589
149.292,186.657,197.205,238.631
168.893,187.047,200.864,240.341
170.440,205.933,200.279,245.301
171.682,197.642,200.108,248.035
169.882,192.888,203.364,248.686
168.258,190.099,208.235,246.561
169.320,175.273,211.314,239.832
170.775,187.633,213.296,232.212
195.137,202.373,212.984,227.193
190.226,211.052,212.807,221.262
192.180,216.018,210.479,217.226
192.567,222.926,209.947,213.844
192.391,223.896,208.874,212.789
190.607,221.011,206.234,218.773
189.817,212.804,202.107,226.426
185.626,184.058,201.621,228.713
160.638,179.747,201.609,230.619
156.863,151.504,204.147,230.030
154.072,125.307,205.441,228.049
129.746,111.033,205.453,222.125
131.476,117.607,206.740,217.768
130.854,121.402,208.555,215.571
130.805,124.276,209.691,213.501
132.289,128.740,211.609,211.842
134.542,137.468,214.365,210.320
140.363,145.729,215.410,208.934
148.087,152.442,215.966,208.414
155.709,158.552,215.341,208.157
164.426,163.218,213.808,208.453
173.402,164.156,211.176,209.365
182.875,163.956,208.849,210.249
192.606,160.430,206.992,211.404
200.026,156.583,204.488,212.101
205.774,150.543,201.205,212.835
212.183,144.283,198.255,214.351
219.526,138.203,196.185,212.502
231.307,134.855,195.123,208.405
243.593,134.991,194.057,204.200
252.819,138.511,193.719,200.494
259.989,145.717,193.172,197.880
261.361,155.026,191.450,197.616
257.138,165.233,188.738,196.753
251.100,172.491,185.477,196.103
239.702,176.699,182.981,194.679
229.965,176.653,180.345,193.483
224.488,172.276,179.029,192.743
218.028,167.525,178.969,192.693
211.196,167.377,179.219,192.002
210.150,167.665,179.632,190.437
216.419,173.844,179.245,189.455
224.400,187.877,180.290,188.270
227.510,198.539,181.490,188.039
228.758,207.540,181.936,188.551
228.799,210.605,182.620,189.165
226.285,212.489,183.332,190.036
225.932,214.352,183.700,190.750
229.303,215.128,184.344,190.540
233.211,215.274,184.869,190.924
235.998,213.500,184.542,191.604
236.120,209.508,183.867,192.007
235.166,203.078,181.780,191.680
233.954,190.894,179.939,192.278
233.901,182.002,179.119,192.376
234.135,173.106,178.909,192.102
232.783,166.276,179.251,192.246
231.109,158.534,178.475,191.303
228.347,149.181,177.407,190.654
230.112,138.014,175.956,191.950
237.219,125.296,174.467,191.704
242.005,118.240,174.200,191.304
242.161,116.233,173.726,190.289
243.919,122.314,172.866,189.605
246.203,130.412,172.603,189.080
245.184,136.765,171.995,187.769
246.324,141.241,170.776,186.847
250.735,143.080,170.198,186.487
259.205,144.615,169.000,186.143
267.393,144.810,167.976,185.152
274.680,145.241,167.306,184.170
281.015,144.517,166.318,182.635
277.911,141.498,165.660,180.489
269.721,141.775,166.002,179.367
265.178,143.376,165.803,178.822
265.625,141.663,165.683,179.084
265.834,139.541,165.237,178.922
261.350,134.715,165.225,179.245
