310.000,102.000,39.000,50.000
308.495,99.880,39.575,50.312
306.117,98.970,39.957,50.572
304.822,98.299,40.183,50.942
303.450,96.613,40.382,51.074
301.754,95.716,40.540,51.085
300.487,94.700,40.663,51.159
299.672,93.134,41.004,51.414
297.197,91.855,41.207,51.382
296.669,90.721,41.198,51.553
295.135,89.458,41.268,51.626
294.126,89.479,41.014,51.632
293.933,87.616,40.906,51.878
292.713,87.795,40.674,51.869
291.154,86.094,40.698,51.778
290.942,85.373,40.625,51.861
289.931,84.674,40.541,51.855
289.243,83.214,40.536,52.181
288.647,82.251,40.409,52.294
288.335,82.292,40.271,52.187
286.360,81.783,40.398,51.970
285.374,80.843,40.339,52.228
284.211,81.440,40.310,52.096
283.980,82.073,40.206,52.172
282.349,81.576,40.207,52.207
282.017,80.306,40.403,52.277
279.201,80.512,40.699,52.163
278.051,80.675,40.701,52.030
276.848,80.762,40.700,52.078
274.195,81.005,40.948,51.840
273.575,80.277,40.982,51.993
271.189,79.684,41.205,51.963
268.769,78.845,41.289,52.094
267.630,79.394,41.000,52.136
265.673,79.641,41.167,52.114
263.649,78.459,41.518,52.253
263.042,78.182,41.446,52.270
260.921,79.005,41.579,52.183
258.537,79.644,41.640,52.026
257.588,80.299,41.551,52.244
256.416,81.032,41.689,52.449
254.220,81.473,41.822,52.473
252.599,81.735,41.833,52.414
251.151,82.199,41.713,52.589
249.864,82.718,41.621,52.489
248.435,82.673,41.586,52.446
247.822,83.004,41.569,52.608
246.478,82.916,41.710,52.843
246.078,82.287,41.780,52.940
246.022,81.913,41.940,53.014
246.453,81.679,42.091,52.994
246.690,80.346,42.198,53.062
247.879,79.728,42.237,53.168
249.820,77.255,42.144,52.959
251.266,77.072,42.597,52.860
253.097,74.591,42.659,52.861
255.212,72.777,42.746,52.886
258.631,69.667,43.075,53.275
261.426,65.387,44.022,53.247
263.748,63.082,44.492,53.328
266.816,60.587,44.713,53.688
269.286,58.533,44.459,53.623
272.291,55.927,44.688,54.008
276.513,53.809,44.823,53.990
279.661,53.191,44.676,53.620
283.333,51.795,44.662,53.413
285.038,51.222,44.345,53.277
288.829,49.978,44.038,53.065
292.651,48.398,43.834,52.729
294.315,47.978,43.394,52.521
297.092,46.799,43.339,52.288
299.895,45.619,43.422,51.941
302.852,44.534,43.070,51.786
306.272,43.305,42.882,51.890
308.876,41.806,42.944,51.731
311.063,40.968,43.460,51.623
312.520,39.626,43.826,51.482
312.503,38.358,44.102,51.332
313.172,36.456,44.125,51.141
314.320,33.829,44.290,50.759
314.442,32.809,44.662,50.662
316.082,31.426,44.205,51.352
316.698,30.455,43.999,52.133
317.074,28.771,44.046,52.150
316.394,27.820,43.974,52.393
316.417,27.198,43.910,52.650
316.254,26.313,44.033,53.013
315.770,26.377,43.937,53.215
315.537,26.262,43.929,53.440
314.913,26.810,43.775,53.755
314.497,26.970,43.627,53.886
314.153,27.071,43.477,54.073
313.475,27.091,43.338,54.046
312.739,27.464,43.495,53.769
312.494,27.643,43.655,53.879
311.945,27.783,43.583,53.434
311.585,28.400,43.412,53.257
310.898,29.077,43.365,52.759
310.118,30.912,43.148,52.140
309.586,32.075,43.270,52.086
309.626,31.601,43.940,51.943
308.530,30.780,44.705,51.662
307.967,35.506,44.435,51.309
308.071,34.935,44.083,51.262
303.103,35.789,44.257,51.109
304.293,36.913,43.702,50.742
304.633,38.712,43.369,49.934
305.522,40.745,42.878,48.882
306.813,42.167,42.874,48.034
306.140,42.013,42.799,47.835
306.993,42.407,42.090,47.483
308.029,42.786,41.900,46.548
308.248,41.953,41.626,46.486
307.950,41.570,41.481,46.142
309.258,41.550,41.243,45.706
310.132,42.908,40.934,44.732
313.019,43.490,39.961,44.217
314.192,41.456,39.743,44.632
315.433,41.721,40.235,44.487
317.317,41.279,40.834,44.735
319.370,39.248,41.397,45.540
320.375,37.118,41.764,46.819
320.783,34.506,42.462,48.550
321.144,35.488,43.390,50.355
320.809,36.927,44.479,51.571
321.199,39.933,45.005,52.084
322.838,42.826,45.396,51.960
323.546,44.375,45.143,52.135
325.103,46.410,44.540,51.569
325.903,48.218,43.937,51.249
326.735,49.449,43.502,50.773
326.839,50.302,43.283,50.553
327.127,50.551,43.407,50.464
325.678,50.833,43.671,50.563
324.172,51.321,43.760,50.748
320.904,52.509,42.760,50.874
320.235,52.626,42.778,50.769
319.292,51.236,42.928,51.061
317.925,51.532,43.343,51.141
312.991,51.501,43.345,51.027
312.258,51.383,44.041,50.896
311.308,51.370,44.075,50.937
310.662,51.764,44.475,50.910
308.422,50.422,44.784,50.201
307.311,50.197,44.934,49.883
302.173,49.420,44.220,49.571
301.745,48.844,44.055,49.217
300.954,48.304,44.299,49.026
298.808,48.288,44.452,49.080
297.663,47.487,44.373,49.081
296.720,45.710,43.989,49.341
295.907,44.100,44.131,49.442
292.178,44.070,44.285,49.027
289.822,43.939,44.353,48.425
300.203,48.910,45.927,48.117
298.756,47.743,47.610,48.367
297.250,46.849,48.832,48.606
293.459,46.191,49.743,48.417
292.551,45.283,49.833,48.938
290.760,43.634,49.637,48.996
289.529,42.871,49.234,48.925
287.353,46.326,48.394,49.350
282.193,44.084,47.020,49.470
282.651,42.373,45.610,49.926
282.850,41.231,44.768,49.835
282.745,40.289,44.147,49.782
279.049,39.283,43.735,50.011
276.277,38.838,43.731,49.981
278.080,38.317,43.489,50.512
278.430,38.144,43.563,50.756
278.747,42.669,43.714,51.074
279.101,46.411,43.621,51.208
278.310,45.123,43.694,51.151
277.983,44.331,43.670,51.273
277.202,44.094,43.455,51.027
277.057,43.861,43.172,50.889
280.087,48.278,43.163,50.575
278.182,47.035,43.126,50.070
280.695,47.150,42.964,49.745
279.752,46.418,42.810,49.493
279.994,46.062,42.653,49.425
281.032,45.230,42.549,49.492
284.399,48.505,42.455,49.206
284.232,47.672,42.065,49.020
287.969,48.224,41.637,48.460
288.516,48.294,41.008,48.012
289.603,48.086,40.362,47.687
291.612,48.836,39.832,47.053
293.026,51.832,39.734,47.031
295.089,51.044,39.545,46.486
299.863,54.393,39.352,46.358
301.103,52.917,39.042,46.388
303.571,51.695,38.901,46.146
304.933,51.640,38.814,45.858
305.785,54.299,38.875,46.218
309.884,53.911,38.677,46.132
310.078,56.173,38.779,46.410
311.488,55.122,38.692,46.186
312.599,58.015,38.929,45.889
314.887,57.455,38.646,45.254
316.178,57.699,38.488,44.631
318.211,58.404,38.044,44.141
319.151,59.425,37.803,43.567
320.639,59.695,37.930,43.129
322.077,59.818,38.115,42.900
322.877,60.792,38.061,42.783
324.010,62.420,38.234,42.308
325.304,64.833,38.363,41.899
326.352,66.975,38.079,41.700
327.181,67.522,37.972,41.555
328.733,68.684,37.740,41.149
328.558,70.209,37.629,41.005
329.449,70.450,37.629,41.361
329.266,71.104,38.001,41.571
329.384,71.288,38.420,42.046
329.115,72.273,38.469,42.858
329.559,71.974,38.430,42.997
329.293,71.874,38.693,43.616
328.628,71.451,38.897,44.531
328.807,70.318,39.096,45.658
328.792,70.395,39.382,46.239
329.066,71.192,39.657,46.440
328.989,71.649,40.373,46.773
328.616,71.430,40.792,47.085
329.137,71.387,41.607,47.775
329.775,71.578,42.344,48.393
328.591,71.071,42.742,49.010
328.485,70.677,43.013,49.435
328.012,70.261,43.167,49.757
326.868,70.394,43.451,49.783
326.532,69.982,43.545,49.884
326.164,70.508,44.297,49.986
325.403,70.377,44.750,50.479
325.047,70.134,45.357,50.708
324.229,70.864,45.501,51.122
322.503,72.449,45.052,51.111
321.519,71.659,44.808,51.096
322.029,71.697,44.584,51.340
321.685,72.585,44.335,51.525
320.685,73.345,44.399,51.697
320.158,73.333,44.523,51.788
318.478,73.578,44.485,51.519
317.693,73.911,43.993,51.223
316.547,74.462,43.782,50.554
314.877,74.888,43.414,50.158
314.284,75.588,42.967,49.838
312.574,76.080,42.315,49.656
311.898,76.645,41.686,49.415
310.859,77.452,41.266,49.074
309.610,77.800,40.949,48.804
307.583,77.792,40.692,48.603
306.820,79.272,40.596,48.323
304.715,80.626,40.421,47.844
304.536,80.980,39.982,47.812
300.378,80.556,39.869,47.995
300.736,81.207,39.692,47.866
298.740,82.012,39.564,47.751
297.796,82.178,39.502,47.498
295.064,81.803,39.502,47.254
294.798,82.775,39.158,47.205
293.037,83.060,39.057,47.199
292.536,82.946,38.777,47.369
290.838,82.816,38.662,47.129
290.290,84.244,38.710,47.008
290.068,84.920,38.592,46.883
290.424,85.503,38.575,46.300
289.569,85.963,38.409,46.450
288.882,86.697,38.369,46.745
288.969,88.504,38.538,46.533
288.974,91.890,38.821,46.702
288.508,93.318,39.169,46.644
288.144,94.822,39.600,46.977
289.128,98.255,40.017,47.079
289.527,100.219,40.434,47.617
289.187,102.525,40.862,47.733
288.323,105.831,41.532,47.727
288.599,108.421,42.056,47.967
288.530,110.154,42.996,48.343
287.810,115.926,43.836,48.589
284.749,116.741,44.218,48.967
286.154,118.046,44.611,49.328
286.278,118.509,45.656,49.252
286.172,123.572,46.784,48.880
285.145,119.801,49.707,45.863
284.587,120.619,49.463,45.495
284.731,120.551,48.657,45.426
285.312,120.218,47.838,45.769
290.192,114.762,47.344,45.843
294.973,113.118,46.577,46.199
295.482,107.263,46.375,46.006
300.846,104.869,45.420,46.361
300.738,102.129,44.766,46.941
299.110,95.957,43.919,47.381
298.141,93.683,43.718,48.062
297.462,91.036,43.656,48.638
294.417,83.819,43.990,48.515
293.958,80.685,44.223,49.031
291.556,73.677,44.928,49.074
289.727,70.795,45.489,49.394
288.169,68.533,46.305,50.259
288.708,61.226,46.402,51.469
288.629,59.643,46.346,52.914
287.246,56.692,46.231,54.121
285.376,52.395,47.006,55.238
283.726,47.251,47.434,56.292
281.410,42.284,47.515,57.447
279.337,39.372,47.093,57.890
278.660,36.488,46.099,58.552
277.962,34.089,45.594,58.985
277.981,28.966,46.273,58.660
276.758,26.633,47.164,58.254
276.757,24.554,47.353,58.147
275.315,21.486,48.561,58.022
273.999,19.547,49.224,57.593
273.067,18.124,49.672,56.980
272.071,16.618,49.849,56.498
270.774,14.845,49.927,56.112
269.971,13.877,49.508,55.976
269.705,13.047,49.396,55.719
269.608,13.368,48.921,55.131
269.649,13.045,48.456,54.948
269.144,12.398,48.030,54.683
269.241,12.505,46.890,54.584
269.598,12.367,46.291,54.213
268.929,13.025,45.980,53.522
268.845,13.746,45.645,52.771
268.154,13.826,44.778,52.562
268.154,14.268,44.214,51.863
268.145,14.116,43.827,51.625
269.116,14.972,43.202,50.997
270.318,15.857,42.678,50.178
269.946,16.832,42.322,49.536
269.791,17.768,42.069,48.879
271.247,17.893,41.656,48.624
272.126,19.825,41.460,47.765
272.765,21.379,41.319,47.202
274.014,23.148,40.651,46.717
273.983,24.844,40.318,46.414
274.468,26.154,39.495,46.614
275.276,27.917,38.841,46.844
275.627,28.883,38.635,46.768
276.583,30.463,38.337,46.509
276.958,33.398,38.355,45.875
277.518,35.369,38.329,45.671
277.884,37.297,38.225,45.443
278.524,39.028,38.180,45.033
278.418,40.953,38.186,44.926
278.486,42.726,38.291,44.724
279.386,44.304,38.117,44.746
279.808,49.963,38.251,45.133
279.904,50.533,38.202,45.632
279.616,52.082,38.068,45.949
280.126,53.658,37.849,46.077
277.607,55.279,37.411,46.205
280.388,57.377,37.044,46.366
281.993,60.829,37.241,46.954
280.153,61.956,36.704,47.061
281.848,66.517,36.776,47.403
283.097,69.604,37.420,47.745
283.835,69.589,37.655,47.615
284.413,73.063,38.229,47.759
301.325,82.410,39.421,47.183
