180.000,79.000,37.000,114.000
181.024,80.626,37.097,113.217
180.875,84.984,37.297,112.008
181.621,90.675,37.359,111.182
181.354,93.006,37.007,110.928
181.972,95.827,36.779,110.024
181.038,97.540,36.643,109.387
180.155,99.556,36.651,109.686
177.319,99.634,36.529,110.381
174.806,99.506,36.532,110.429
170.929,102.040,36.694,109.936
167.187,101.767,36.953,109.074
163.960,102.487,37.464,107.406
160.621,102.517,38.568,105.741
159.187,100.669,39.400,105.387
159.875,99.232,39.646,105.342
158.742,97.151,40.520,106.257
157.525,95.443,41.003,107.809
159.030,94.149,41.434,108.840
160.923,93.917,41.862,108.936
161.859,95.407,41.745,108.944
164.354,96.571,41.545,107.610
168.439,99.543,40.493,107.574
168.067,100.660,39.573,106.700
169.861,100.205,38.562,105.968
171.455,99.982,37.714,106.491
172.654,99.578,37.246,107.325
173.284,98.738,37.188,107.785
174.363,97.495,37.213,107.357
174.910,96.186,37.232,106.289
174.514,95.089,36.638,105.786
172.898,94.768,36.605,104.894
172.231,93.286,36.708,104.198
172.129,91.962,36.673,103.608
172.399,91.549,36.680,104.021
172.395,89.796,37.185,105.097
170.970,88.932,38.053,106.982
171.046,88.479,38.283,107.968
169.486,88.620,38.866,109.398
171.015,90.239,39.279,110.995
171.147,90.620,39.886,113.625
169.730,90.675,40.240,116.882
168.966,91.775,40.484,119.882
167.829,91.035,40.878,123.391
166.146,82.469,42.875,126.751
162.652,74.112,47.424,128.241
159.746,70.920,48.553,134.668
150.572,70.917,48.692,138.424
149.657,71.150,49.227,142.788
148.618,75.936,49.581,147.574
147.179,82.121,49.876,153.560
145.408,88.394,49.934,161.027
143.116,70.037,50.152,167.270
140.999,68.252,50.831,170.996
138.448,67.618,52.143,173.336
137.322,66.466,53.230,177.228
136.639,69.760,54.793,181.653
137.850,71.742,56.768,185.830
138.265,75.307,58.274,191.097
138.641,66.869,60.328,192.664
136.711,82.180,62.170,197.312
134.415,81.904,63.989,200.981
131.884,78.417,66.091,205.348
129.607,74.474,68.532,209.085
114.470,70.308,70.655,211.314
116.003,67.045,72.639,216.648
115.816,58.854,74.911,221.903
115.152,64.851,76.662,223.494
115.018,55.423,78.429,225.714
115.065,50.014,80.110,228.508
113.434,59.027,85.114,225.380
111.849,55.194,89.387,222.424
95.036,43.413,88.049,229.479
95.738,51.940,91.903,228.226
80.574,36.302,88.971,235.254
82.420,43.786,87.181,238.497
82.658,51.270,85.452,240.811
80.950,42.360,85.335,240.440
61.879,50.770,84.575,239.900
59.714,62.689,87.862,234.663
40.155,71.955,91.371,231.080
38.762,78.040,94.323,227.361
37.350,69.918,96.238,225.949
33.873,75.539,97.669,223.421
32.246,67.462,98.665,223.485
30.327,72.167,99.796,222.232
29.556,65.408,101.838,222.816
14.346,70.555,102.795,222.837
17.605,61.436,103.693,224.148
17.577,65.236,104.741,224.725
19.116,55.271,105.741,225.889
6.013,63.390,106.400,225.709
9.173,67.754,106.315,226.325
12.362,57.796,106.669,227.832
12.428,61.923,107.332,228.109
-0.139,66.153,106.888,228.211
4.954,69.326,106.741,227.627
-7.096,32.856,101.973,235.880
-0.580,41.167,98.462,240.825
1.845,47.029,96.486,242.779
3.153,34.862,94.882,245.874
127.499,23.645,100.215,231.303
126.059,30.172,106.567,212.094
109.621,38.992,110.912,195.748
109.164,44.917,113.324,183.085
109.354,51.031,114.747,171.280
111.371,55.316,115.027,161.432
115.928,54.403,109.857,156.721
120.816,52.423,104.140,152.849
141.434,48.250,95.752,148.606
147.571,49.284,87.179,145.446
150.364,48.233,79.312,141.841
150.620,48.794,72.693,139.284
151.666,50.987,66.961,136.470
151.283,54.605,62.393,134.189
151.878,59.855,58.604,131.046
152.139,63.774,55.313,128.757
151.358,66.144,52.419,127.454
150.139,69.457,50.193,126.888
148.451,72.990,48.741,126.139
150.674,75.373,47.497,124.122
154.505,77.904,46.002,121.870
156.105,79.085,44.678,119.991
159.504,80.469,43.413,117.868
163.111,81.157,42.116,115.998
167.058,79.883,41.539,114.504
170.771,82.041,40.856,114.561
172.114,84.336,39.925,115.951
174.314,81.474,39.580,116.949
175.031,80.806,39.367,117.461
176.961,81.258,39.303,118.862
178.297,84.170,38.988,118.257
180.174,87.945,38.978,116.863
182.398,91.924,38.818,116.642
184.530,95.661,39.010,116.576
184.921,99.762,39.194,116.265
186.162,102.196,39.656,116.627
186.091,100.521,40.130,118.550
184.564,100.410,40.313,119.475
182.893,99.723,40.115,119.757
182.595,103.136,40.142,119.070
182.041,104.719,39.994,118.291
182.769,106.243,39.837,116.835
183.555,102.773,39.851,116.239
183.945,101.881,39.787,116.473
182.852,100.910,39.547,118.216
181.885,99.397,39.403,119.092
182.136,97.835,39.767,118.585
182.228,96.797,39.850,118.293
182.826,98.435,39.649,117.188
183.813,98.158,39.328,117.014
186.268,94.520,39.439,117.142
187.696,91.527,39.761,118.305
186.279,89.090,39.833,119.723
184.865,86.937,40.332,120.831
182.682,84.815,40.990,121.443
180.180,81.928,40.833,122.715
178.319,77.866,40.386,123.623
177.568,78.935,39.970,123.255
176.378,81.362,39.398,122.529
178.705,82.125,39.244,121.919
182.600,81.264,38.946,121.357
185.332,81.880,39.121,120.893
186.695,80.270,38.941,121.632
187.021,79.053,39.107,122.269
187.043,79.822,39.291,122.194
188.306,80.946,39.179,121.488
189.689,84.842,38.974,120.022
190.956,86.777,38.358,119.339
193.569,89.537,38.672,119.531
192.422,90.496,38.971,121.208
190.853,90.375,39.566,122.785
189.487,88.263,39.872,124.583
186.752,84.257,40.293,125.876
185.133,85.139,40.382,125.724
182.626,88.408,40.005,126.041
184.245,91.984,39.760,125.365
183.828,91.574,39.578,124.439
182.594,92.365,39.171,123.745
182.732,91.520,39.100,122.765
183.485,91.105,38.861,123.368
183.836,89.356,38.665,122.942
184.543,89.360,38.473,122.657
183.576,89.744,38.600,122.211
179.087,92.369,38.630,121.712
178.545,94.602,38.110,120.859
174.976,91.748,38.381,121.219
171.812,88.843,38.817,122.184
169.494,85.227,39.251,124.361
167.964,82.130,40.046,125.859
168.932,79.975,41.038,126.165
171.690,76.858,40.949,125.755
175.759,77.500,40.668,125.350
177.056,77.844,40.592,126.087
180.772,79.347,40.530,125.892
185.264,80.547,40.102,126.059
186.967,79.888,40.265,126.259
189.105,78.675,40.475,126.851
188.501,77.431,41.050,127.520
187.350,75.904,41.159,128.959
187.006,76.114,40.697,129.049
189.208,79.132,39.965,128.773
193.714,82.785,39.275,128.791
198.884,86.903,38.713,129.009
198.571,87.069,39.051,128.570
199.415,86.915,39.763,128.837
199.816,87.030,40.253,130.298
197.842,85.920,41.384,131.644
198.788,89.078,42.125,131.459
200.300,91.852,42.506,131.691
202.129,94.049,42.262,132.487
205.536,95.762,41.598,131.678
204.155,95.905,41.646,130.117
204.034,98.938,41.944,128.807
200.788,101.406,42.063,129.208
195.941,104.277,42.233,130.246
192.444,107.682,42.288,131.109
190.219,109.308,42.270,131.160
185.673,110.327,42.252,131.685
185.524,113.396,41.635,131.432
186.903,116.298,41.329,130.165
187.715,114.718,41.343,129.021
185.817,111.377,41.022,129.602
185.400,106.953,40.901,130.521
182.020,102.818,41.068,132.416
181.000,98.829,41.939,133.886
179.297,93.377,42.817,134.566
174.900,89.494,43.408,135.198
173.848,90.727,43.382,134.900
173.481,92.308,43.288,134.591
172.411,91.630,43.485,133.154
168.907,90.120,43.518,132.361
168.572,90.131,43.142,132.019
169.695,86.093,43.112,132.554
169.918,83.434,43.146,133.250
165.714,78.681,43.214,134.135
160.539,74.747,43.533,134.227
157.638,69.333,43.176,134.559
159.848,68.908,43.051,133.314
166.655,72.821,42.668,132.383
171.531,75.891,42.533,131.947
176.482,79.154,42.833,131.219
180.068,79.865,43.212,132.300
180.538,76.126,44.188,134.309
178.049,72.913,45.073,135.716
177.859,72.284,45.105,135.245
177.833,74.060,44.595,135.496
180.144,76.138,44.689,134.244
181.476,77.172,44.072,133.652
184.141,79.934,44.058,133.091
184.689,83.300,44.054,133.217
186.740,86.356,44.239,133.903
190.314,87.211,44.408,133.748
190.274,87.206,44.775,133.536
190.024,88.424,44.532,133.263
188.502,89.476,44.331,132.503
190.614,90.464,43.391,130.830
191.614,94.391,42.212,129.033
193.829,96.735,41.920,127.826
196.665,99.522,41.867,127.865
197.481,100.960,41.867,128.149
197.380,101.154,41.732,128.087
196.279,99.862,41.583,128.080
193.003,99.251,41.189,126.271
183.259,103.094,40.965,124.390
181.793,108.681,40.648,123.401
180.559,112.969,41.085,122.264
177.818,112.827,41.707,120.957
175.865,111.466,42.785,121.436
173.131,111.321,43.611,123.360
169.768,109.922,45.676,124.365
167.259,106.869,48.407,124.277
167.538,105.202,49.673,124.314
167.695,103.785,49.463,124.586
165.293,100.061,50.652,124.347
155.629,96.385,50.914,123.548
154.226,97.735,52.396,124.849
154.016,96.438,52.672,127.580
153.781,94.330,52.263,129.830
151.003,90.722,52.621,131.983
149.803,89.111,51.891,135.017
148.852,88.243,51.156,136.728
149.414,88.248,50.706,137.053
152.638,90.651,50.083,136.250
156.315,96.420,48.525,135.726
158.348,98.639,47.906,135.690
159.315,100.538,47.864,134.995
159.192,105.084,47.859,135.628
155.466,104.115,47.366,135.382
153.254,103.813,47.582,135.025
153.737,103.326,47.550,134.028
154.479,104.379,47.771,133.035
157.396,105.824,47.399,131.524
157.751,107.710,46.577,131.499
157.951,109.983,46.501,131.465
157.921,111.934,45.255,133.375
157.253,110.592,44.814,133.376
158.646,109.340,44.770,134.505
159.642,106.403,44.962,135.271
158.779,104.653,44.864,136.227
157.818,103.983,44.039,136.522
157.017,103.836,43.394,135.820
156.036,103.773,43.030,133.830
153.070,105.550,42.526,132.652
150.119,106.583,43.063,130.238
147.113,106.574,43.453,130.070
142.027,106.047,43.677,130.622
