40.000,199.000,61.000,103.000
41.368,199.757,61.300,103.563
40.571,199.781,61.503,104.197
41.028,199.320,61.409,105.014
41.340,197.701,61.092,106.094
40.727,195.640,60.673,107.106
40.839,195.369,60.469,107.740
40.362,194.901,60.123,108.308
39.780,192.753,59.908,109.258
39.192,192.032,59.843,109.623
39.133,190.059,59.733,110.143
39.641,187.481,59.382,110.717
39.469,183.766,59.264,111.278
38.092,180.437,59.064,111.440
38.293,174.951,59.558,111.155
38.011,168.850,59.680,111.821
38.934,163.360,59.595,113.518
39.016,156.388,59.640,115.207
40.046,148.044,59.160,117.071
42.191,138.552,58.923,119.258
44.066,130.640,59.148,120.364
45.877,121.539,59.017,122.092
48.834,114.674,59.275,123.136
52.386,108.779,59.700,123.958
55.453,104.023,60.833,124.223
59.237,97.941,61.666,125.061
63.052,93.340,63.012,125.721
66.857,87.615,64.827,127.109
72.284,83.823,66.087,129.339
80.037,79.417,66.315,131.787
86.564,76.861,66.880,134.049
91.368,73.307,67.490,137.157
95.991,68.362,67.945,140.765
109.944,61.223,68.638,142.755
120.946,56.093,69.910,143.292
128.355,54.329,69.248,145.674
139.595,51.068,69.390,146.754
144.575,49.939,69.325,146.709
158.369,48.977,68.918,146.440
170.671,45.861,68.663,145.788
175.392,43.784,68.326,145.010
189.086,42.639,68.521,143.981
196.165,42.781,68.669,143.032
209.654,43.496,68.312,142.388
217.759,41.518,66.657,143.451
225.383,38.790,65.846,144.933
232.714,38.354,65.809,145.630
240.486,37.931,65.099,146.659
246.781,40.349,64.633,147.095
252.760,41.191,63.928,147.652
258.283,42.260,63.613,147.746
263.426,42.461,63.338,147.479
265.653,46.664,63.277,146.869
270.965,48.542,62.957,146.408
274.790,49.084,63.050,146.132
276.960,50.224,63.232,144.681
281.630,53.699,62.979,143.444
286.392,58.835,62.203,140.809
289.614,63.827,61.371,138.677
292.190,67.504,61.696,136.755
296.191,72.526,61.800,135.012
299.018,78.160,62.215,133.061
303.178,84.579,62.654,131.216
307.208,90.882,63.026,129.368
312.259,95.457,63.223,128.203
316.696,99.782,63.587,127.040
321.620,105.203,63.848,127.147
326.539,110.347,64.336,126.832
331.794,114.790,64.473,125.997
335.557,120.684,64.785,125.882
340.814,126.367,64.881,126.127
344.292,132.555,65.249,125.802
347.481,139.467,65.733,124.303
352.288,146.456,66.043,123.032
356.668,153.688,65.920,121.605
359.192,161.852,65.905,120.332
361.740,168.177,65.845,119.366
364.064,174.338,65.469,118.184
366.345,181.896,65.161,116.667
368.285,187.435,64.951,115.130
368.586,191.239,64.749,114.145
368.284,196.365,64.452,112.606
368.125,200.414,64.279,111.605
368.685,203.596,63.822,111.016
368.047,205.154,63.603,110.890
368.196,206.686,63.058,110.621
367.546,207.281,62.750,110.579
366.440,206.909,62.609,110.453
366.248,205.866,62.057,110.372
365.924,204.692,61.747,110.229
365.467,202.994,61.532,110.279
366.269,200.707,60.987,110.361
366.888,198.237,60.764,110.637
367.496,195.782,60.704,110.665
368.847,191.870,60.441,111.006
369.376,188.780,60.631,111.351
370.403,184.891,60.769,111.838
371.467,180.145,60.990,112.993
372.945,174.924,61.234,113.987
373.183,169.992,61.646,115.079
372.770,163.586,62.200,116.592
372.743,157.908,62.941,117.942
372.265,150.455,63.770,119.733
370.984,143.963,64.778,121.876
368.731,138.939,66.072,123.790
366.798,133.266,66.898,125.501
364.027,130.217,67.943,126.823
360.750,126.976,68.656,128.061
355.944,123.588,68.929,130.032
351.227,120.114,69.335,132.011
345.194,117.679,69.978,133.980
338.583,115.929,70.474,134.892
332.683,114.133,71.311,135.809
326.343,113.220,72.194,136.548
319.674,112.814,72.725,137.142
312.760,111.729,72.211,138.298
305.871,111.503,71.108,139.759
299.343,111.321,71.029,140.161
289.561,111.480,70.442,140.675
285.271,110.007,70.362,141.682
275.030,111.812,70.138,143.004
269.571,113.347,71.172,144.682
263.837,114.269,72.019,146.598
258.182,114.613,73.055,149.461
251.565,114.743,74.186,152.937
245.962,115.354,75.019,155.540
240.405,116.909,75.881,158.013
236.043,119.523,76.445,160.751
230.914,121.129,77.422,164.586
227.313,121.267,78.289,167.647
225.099,121.794,78.871,170.098
223.184,125.479,79.217,172.782
220.885,128.430,79.789,174.302
218.965,130.679,80.337,175.441
218.967,134.025,79.875,176.308
219.367,136.850,80.065,176.203
220.607,143.140,80.033,175.663
222.078,145.864,80.079,175.309
225.101,146.966,79.474,173.331
228.802,147.318,78.882,170.882
232.715,151.588,78.196,168.118
236.797,153.129,78.110,166.132
241.680,153.460,77.382,164.334
246.749,154.515,76.056,163.048
252.624,152.999,74.616,160.970
258.785,152.301,74.015,159.759
272.436,149.388,73.322,158.734
276.385,151.911,71.878,156.000
281.917,153.129,70.622,154.006
287.190,152.986,69.792,151.513
291.234,154.941,69.466,147.795
296.243,156.764,68.536,143.861
301.407,157.599,67.316,139.991
306.257,160.787,66.171,136.557
310.987,163.752,64.774,133.120
315.275,166.906,63.762,130.228
317.844,167.621,63.357,127.299
320.090,169.721,63.244,124.964
321.238,172.672,63.184,122.652
323.376,175.926,63.015,120.469
325.174,175.860,62.778,119.163
326.018,177.805,62.476,117.511
327.498,177.913,62.419,116.201
328.926,177.304,62.105,115.087
330.040,176.749,62.208,114.232
332.164,176.910,62.293,113.641
333.921,176.340,62.082,113.583
336.817,174.597,61.866,113.663
339.329,174.489,61.419,114.040
342.879,172.106,61.130,115.109
347.152,170.550,60.654,115.597
350.851,169.748,60.571,116.142
354.529,169.300,60.907,116.721
358.554,167.671,61.083,117.176
363.909,166.967,61.204,117.949
367.785,166.379,61.911,118.371
371.677,164.875,62.598,119.417
375.500,164.342,63.284,119.719
379.189,164.133,63.406,120.170
383.256,163.461,63.668,120.493
387.597,162.623,63.761,120.974
391.661,161.195,63.746,121.221
395.640,160.183,63.766,121.072
399.443,157.863,63.588,121.059
403.933,155.912,63.576,121.652
408.558,154.182,63.591,122.313
411.840,152.026,63.805,121.401
416.054,151.128,63.874,120.797
419.149,146.191,63.727,121.639
423.363,146.063,63.856,121.342
426.060,144.559,63.877,122.102
430.433,142.250,63.294,122.918
432.988,139.913,63.295,123.056
435.593,140.070,63.384,122.519
438.032,139.900,63.194,122.831
440.774,139.174,62.610,123.461
441.854,139.172,62.396,123.615
444.459,139.980,61.795,123.877
447.974,139.981,60.725,124.191
449.260,141.316,60.099,123.080
450.680,143.170,59.673,121.488
452.346,144.664,59.158,120.468
454.160,144.665,58.471,119.806
456.320,144.266,57.794,119.188
458.255,143.011,57.249,119.906
458.762,138.587,56.608,121.584
459.855,134.511,56.426,123.480
460.121,129.680,56.417,124.609
460.229,124.732,56.374,125.107
458.701,118.699,57.202,124.754
457.617,114.193,58.503,123.408
454.437,107.648,59.415,122.812
451.336,101.662,60.104,123.271
447.223,95.185,60.871,124.198
442.548,82.236,60.862,125.322
437.963,76.011,61.003,126.989
432.689,72.554,61.400,127.531
420.687,69.073,61.775,126.840
409.400,65.108,62.453,126.821
398.491,60.672,64.252,125.846
385.595,54.463,64.518,127.505
371.625,48.568,65.029,128.384
355.890,44.614,64.485,128.468
341.865,41.744,65.791,128.385
326.123,38.958,67.557,127.593
304.237,38.841,68.419,127.251
290.989,37.922,67.536,128.233
276.160,38.026,66.481,130.538
261.297,38.627,65.297,133.019
245.821,31.474,64.753,133.855
221.133,29.715,64.095,135.271
206.115,25.756,64.325,137.157
188.419,20.112,65.468,138.387
172.678,16.762,65.868,139.192
156.745,14.750,66.270,140.021
143.685,12.036,66.993,138.837
132.439,9.786,67.635,137.993
120.808,13.189,68.313,137.129
107.924,8.481,69.006,135.806
95.186,14.990,69.847,136.065
82.936,20.264,71.259,136.251
78.362,24.223,73.108,137.995
73.705,27.517,73.529,140.063
63.105,28.860,73.728,139.686
56.902,34.508,73.430,140.100
53.564,38.463,71.969,140.818
48.616,45.035,71.166,140.331
43.717,49.929,70.646,141.091
40.537,55.544,70.107,141.307
37.371,61.342,70.108,141.470
34.090,68.434,69.850,140.537
30.522,76.725,70.018,140.004
27.549,82.974,70.375,139.200
25.375,88.231,69.853,138.830
22.167,94.040,69.385,137.888
19.947,102.379,68.919,136.555
17.484,107.117,68.267,136.100
15.509,112.206,67.191,134.969
13.915,119.126,66.053,133.051
13.182,124.903,64.650,131.165
12.644,130.538,63.686,129.285
12.949,134.432,62.948,127.157
13.150,137.448,62.130,125.363
13.326,142.426,61.455,123.315
13.368,145.294,60.774,121.932
14.568,149.225,60.155,120.681
16.273,153.596,59.847,119.468
17.951,156.974,59.292,118.654
18.754,161.197,58.923,117.288
21.319,165.252,58.481,115.612
22.384,169.227,58.786,113.651
25.190,173.976,59.166,112.063
26.683,181.230,59.529,110.460
29.250,187.115,59.647,109.884
31.017,191.378,59.719,109.208
33.999,195.540,59.872,108.288
35.838,198.549,60.227,107.581
38.019,201.403,60.843,106.294
39.976,204.302,61.295,104.411
41.398,206.775,61.455,102.865
42.872,208.997,61.581,101.926
43.824,211.097,61.833,101.132
45.107,211.462,61.890,100.794
46.522,213.371,61.463,100.466
47.851,214.839,60.844,100.053
49.202,216.819,60.475,99.858
50.758,218.424,60.134,99.546
51.423,220.538,59.928,99.274
52.862,223.259,59.852,99.153
54.714,225.718,59.528,99.235
56.120,228.436,58.994,99.770
56.787,230.371,58.988,100.128
58.312,232.366,58.984,100.337
59.218,234.087,59.030,100.366
60.023,235.820,58.935,100.623
60.234,237.045,58.927,101.067
60.665,237.786,58.847,101.464
61.325,238.544,59.024,101.662
62.365,239.355,59.247,102.033
63.693,239.787,59.500,102.089
64.520,241.208,59.524,102.329
65.041,242.530,59.225,103.037
66.169,242.988,59.111,103.385
66.640,244.441,58.981,103.994
67.330,245.026,58.986,104.144
68.738,246.219,58.715,104.004
68.779,247.939,58.455,103.519
69.366,248.620,58.103,102.876
70.159,250.114,57.678,102.198
70.682,251.610,57.044,101.340
71.462,253.651,56.090,100.496
71.865,255.136,55.305,99.632
73.003,258.150,54.111,98.423
73.545,259.671,53.161,97.156
74.666,263.649,52.154,95.378
75.287,265.682,51.138,93.436
75.755,267.903,50.313,91.607
75.931,269.716,49.428,90.103
76.270,271.012,48.553,88.790
76.629,271.639,48.115,87.800
76.444,272.121,47.664,87.354
76.656,272.939,47.161,86.843
77.005,273.457,46.582,86.449
77.697,275.183,46.098,85.752
78.550,276.399,45.526,85.621
84.667,271.920,49.273,80.446
83.240,274.706,52.158,76.460
82.567,277.115,53.884,73.609
82.698,278.723,54.758,71.905
83.649,279.985,55.232,70.576
92.708,272.607,55.883,68.944
93.737,272.393,56.400,67.533
95.798,273.333,56.892,66.287
97.593,280.357,56.965,65.359
99.936,274.168,57.148,64.443
94.862,275.223,57.034,63.358
98.423,275.576,56.478,62.341
101.282,276.193,56.130,61.688
104.327,276.250,55.678,61.279
106.399,276.594,55.323,60.904
107.323,276.492,55.204,60.411
108.310,277.078,55.113,59.994
108.618,276.361,55.074,59.892
109.314,276.375,55.074,59.787
109.579,276.214,54.981,59.775
109.347,280.820,55.012,59.389
109.112,279.253,54.770,58.971
109.510,278.645,54.556,58.743
109.926,277.979,54.513,58.581
109.983,277.805,54.418,58.477
109.872,277.641,54.367,58.276
109.775,282.233,54.210,57.929
110.359,280.123,54.086,57.629
110.592,279.019,53.815,57.434
110.385,278.684,53.621,57.453
105.169,278.619,53.095,57.310
100.529,279.059,52.537,56.894
102.520,279.376,52.274,56.539
97.273,279.698,51.600,55.971
99.674,279.962,50.989,55.568
94.399,280.641,51.047,54.773
95.428,280.657,51.212,54.033
95.735,280.090,51.443,53.535
87.782,281.075,52.060,52.891
71.581,287.468,48.596,55.974
73.669,283.111,45.789,58.307
72.965,278.547,46.176,57.660
71.590,275.096,46.731,56.902
66.531,271.127,46.736,56.608
66.192,267.292,46.992,56.266
64.938,262.411,47.380,56.056
63.367,257.291,47.806,55.889
63.026,251.949,47.915,56.300
62.555,241.888,47.551,56.039
61.392,237.770,47.806,56.182
60.736,232.057,48.303,56.906
60.187,224.516,49.128,58.734
59.310,215.625,50.686,61.305
59.350,207.846,52.086,64.157
59.283,198.611,53.688,68.353
58.646,189.337,55.104,72.702
59.547,180.459,54.426,79.041
60.056,172.322,54.285,84.956
61.389,163.749,54.327,90.064
62.645,154.583,55.012,94.486
64.733,146.268,55.480,98.041
69.604,141.022,55.615,103.257
73.406,135.180,56.599,107.327
77.043,129.304,57.384,110.103
81.713,123.891,58.257,111.329
86.708,117.389,59.729,111.899
91.180,110.251,60.596,113.036
96.233,108.625,61.692,114.507
108.143,107.908,62.314,117.763
121.042,106.794,63.311,120.669
130.747,103.606,63.377,123.333
136.085,101.746,62.793,126.441
149.583,100.132,62.467,128.990
159.637,98.044,62.340,130.345
173.600,97.847,62.211,129.463
186.446,96.335,61.358,126.742
198.834,98.571,61.514,123.522
213.198,100.032,61.443,123.023
224.106,101.639,61.402,122.919
237.005,106.250,61.728,122.851
245.076,107.647,60.979,123.282
258.086,110.243,61.044,124.198
264.795,114.435,61.063,126.150
275.921,118.897,61.085,125.760
285.546,121.417,61.254,126.023
288.083,125.899,61.335,126.376
291.464,130.600,62.202,127.217
295.788,136.299,62.732,127.280
299.526,143.271,63.020,127.394
304.014,150.076,62.772,126.373
306.018,156.924,62.554,125.194
306.203,162.801,62.562,123.481
305.245,168.837,62.870,121.507
303.629,172.491,62.857,119.833
301.393,175.867,63.311,118.384
299.012,178.630,62.771,117.238
296.404,180.752,62.152,116.368
288.785,184.378,60.970,116.047
287.738,185.251,60.819,115.358
285.707,187.567,60.446,114.660
283.075,188.300,60.002,114.010
280.575,189.619,59.522,114.065
279.077,190.452,58.674,114.220
277.787,190.586,58.097,115.408
276.285,191.982,57.293,115.712
274.892,192.554,56.571,116.382
272.443,193.926,55.994,116.900
271.159,194.727,55.185,115.892
269.265,195.898,54.920,114.863
268.275,197.751,54.992,113.086
266.444,200.571,55.147,111.084
265.288,202.653,55.300,108.802
263.744,204.481,55.656,106.376
262.265,206.369,55.771,104.493
261.366,209.205,56.110,102.328
260.727,212.118,55.936,100.594
259.666,213.291,55.526,99.697
259.307,214.127,54.984,98.728
258.755,217.491,54.296,96.889
257.896,219.718,53.914,95.540
256.606,221.610,53.708,93.791
256.067,221.666,53.206,92.787
254.926,223.934,52.716,91.288
253.551,225.435,52.519,90.105
252.743,227.260,52.206,88.926
251.807,228.537,51.818,88.031
251.116,229.238,51.555,87.521
249.945,225.064,51.049,85.543
249.192,225.253,50.690,84.064
247.631,223.673,50.606,83.139
247.064,218.424,49.761,82.752
246.537,214.210,49.695,84.406
246.281,207.328,49.689,86.369
244.896,198.889,49.716,90.229
245.000,189.814,49.511,93.960
244.554,180.178,49.347,98.400
244.234,169.066,49.779,103.222
244.308,158.004,50.124,108.218
245.385,148.566,50.560,112.018
246.288,138.910,51.344,115.537
247.088,129.217,52.721,117.643
249.302,125.139,53.160,122.035
252.407,120.283,53.683,125.786
255.726,114.868,54.048,129.912
260.176,109.627,54.419,133.174
263.903,107.794,55.266,135.147
267.264,103.504,56.382,136.171
271.908,100.999,57.141,136.280
276.694,101.410,58.317,136.103
279.525,101.975,58.899,136.586
284.311,99.215,59.972,136.629
289.724,100.996,61.076,136.563
292.062,104.730,62.849,137.228
294.641,108.233,64.888,138.297
296.319,113.066,66.321,140.017
296.799,117.044,68.221,141.335
294.961,122.895,70.711,143.455
292.306,130.309,73.151,146.241
290.090,135.826,74.999,150.244
285.301,145.190,77.049,152.724
274.680,151.375,77.694,157.404
265.309,162.625,77.993,159.034
264.035,178.029,78.302,161.530
251.253,185.641,78.862,161.331
238.230,199.664,80.442,162.496
224.851,205.598,81.732,162.301
219.988,216.055,82.159,162.471
214.689,219.849,82.553,162.552
208.230,227.361,83.750,161.009
201.688,230.937,85.303,158.993
184.557,230.440,86.383,155.946
163.051,223.193,92.421,146.500
159.492,223.936,96.907,140.043
175.532,209.248,93.021,143.884
176.468,201.421,90.666,146.715
176.509,194.532,89.130,149.754
179.081,184.781,87.642,150.726
182.348,174.405,85.621,150.721
187.577,165.756,83.743,150.406
193.576,157.954,81.681,150.860
197.699,153.766,80.685,153.388
208.490,146.322,81.320,155.167
212.592,143.320,79.862,157.631
223.899,133.634,79.380,159.918
226.828,131.953,79.277,162.485
237.951,131.462,79.890,164.084
241.890,131.314,80.426,164.707
257.683,134.644,80.342,165.684
270.538,137.367,80.870,166.951
276.712,131.152,80.384,168.054
292.419,134.247,81.233,168.118
300.302,138.206,81.625,167.340
319.306,145.779,80.907,164.453
329.542,152.453,80.299,160.695
343.105,156.786,79.268,157.904
358.433,160.228,77.839,155.348
371.454,158.875,76.698,153.974
383.490,161.032,75.929,151.367
397.058,162.483,75.982,149.765
404.560,163.601,75.997,146.530
417.489,163.847,75.863,144.918
422.240,163.024,75.042,143.758
427.329,161.432,74.395,142.735
431.663,157.189,73.944,142.771
432.133,151.692,73.645,143.343
431.374,146.622,73.575,143.378
429.183,143.786,73.942,141.517
426.394,138.387,73.999,141.269
422.837,133.318,73.835,141.738
407.772,128.932,74.032,142.393
394.362,124.595,73.415,142.505
380.156,121.571,72.887,143.090
364.301,118.647,74.017,142.972
343.114,114.409,75.992,143.918
322.091,112.490,76.682,144.123
292.884,110.079,76.576,144.123
265.148,112.119,77.195,144.813
236.579,112.168,77.556,147.617
204.912,112.026,79.831,150.586
173.619,116.665,81.374,151.420
143.656,112.702,81.544,152.532
108.573,119.151,88.966,147.565
81.972,121.870,88.407,150.647
60.745,125.405,89.524,156.039
38.525,125.883,90.969,159.030
10.149,125.213,90.545,161.606
1.046,116.967,87.119,165.841
-3.212,108.881,83.557,168.511
-4.653,102.354,78.571,171.345
-4.282,96.723,72.743,175.976
-2.375,89.156,67.636,181.363
0.106,80.599,64.531,185.065
2.363,71.912,63.937,185.965
5.499,65.455,65.150,186.695
13.011,53.387,68.029,184.313
25.217,46.551,71.773,178.661
30.175,42.017,74.560,174.616
48.428,37.975,75.701,169.790
65.985,31.240,77.218,164.233
79.375,34.008,77.757,162.183
82.589,24.776,79.055,158.987
111.321,29.449,79.416,158.848
125.780,25.807,79.162,158.475
139.269,29.516,77.859,158.914
153.558,22.738,77.103,157.758
171.294,25.449,74.641,159.745
186.417,18.766,73.832,159.084
202.443,24.673,72.349,158.723
219.239,28.055,69.037,159.995
235.126,29.484,68.320,159.356
242.551,30.470,68.174,158.725
253.115,33.008,67.834,158.206
264.116,32.971,67.573,156.797
273.212,34.960,67.485,154.673
277.798,40.670,66.956,153.035
284.507,46.804,66.410,151.011
289.435,55.535,65.639,148.910
292.814,64.116,65.599,147.445
295.031,74.288,65.762,145.588
297.104,86.650,65.640,142.961
296.190,97.710,66.618,140.177
295.229,108.285,66.555,138.214
293.487,119.412,66.979,136.145
292.036,128.419,67.699,134.118
290.269,136.950,68.029,132.063
288.728,145.039,67.847,131.205
287.418,153.485,67.410,130.280
286.906,161.842,66.321,129.965
286.972,171.191,65.637,128.986
285.796,179.657,65.752,128.082
284.904,185.979,65.808,126.951
284.425,192.829,66.148,125.963
284.710,198.982,66.122,125.286
286.191,202.922,66.094,125.301
288.251,205.017,65.658,125.538
290.431,206.784,65.111,125.572
293.803,206.943,64.459,126.558
295.833,205.689,64.343,126.712
298.028,201.791,64.302,127.108
300.760,197.047,64.249,127.501
304.759,194.134,64.390,127.312
307.442,190.936,64.313,127.501
309.497,186.466,64.178,127.450
312.586,183.307,64.309,128.023
314.564,181.128,64.870,128.836
315.233,179.804,65.890,129.821
316.223,178.913,66.817,130.899
316.087,177.585,67.942,132.417
315.257,178.109,69.299,134.133
314.564,179.681,70.415,135.801
312.687,182.261,71.806,137.411
310.898,184.616,73.071,139.788
306.496,184.577,74.172,142.884
301.717,185.253,75.378,145.649
296.043,185.976,76.473,148.470
289.968,186.066,76.913,150.700
282.850,185.522,76.871,153.521
270.304,186.153,76.794,157.372
263.237,189.268,78.350,156.899
246.567,192.958,80.515,160.317
232.655,193.475,81.778,164.099
223.185,192.520,84.120,167.583
207.296,190.926,86.702,169.497
197.079,190.763,89.558,170.548
187.297,190.933,92.478,170.205
170.938,196.133,94.515,167.689
163.799,199.050,96.583,166.489
158.214,199.786,96.788,165.501
146.485,202.793,94.406,166.684
143.584,207.001,92.837,166.250
141.522,200.888,91.191,165.977
138.512,207.853,89.505,165.392
136.142,202.727,87.601,165.275
135.255,223.663,85.694,164.476
134.632,229.798,84.442,162.619
136.361,235.684,83.369,160.096
138.990,242.606,82.295,157.900
142.061,248.995,81.717,156.382
144.177,254.130,81.023,154.691
145.250,257.455,80.475,152.857
148.558,258.868,79.341,152.058
151.311,260.217,78.309,151.485
155.231,262.220,77.243,150.955
158.638,264.664,77.239,149.000
161.562,264.623,77.115,148.354
164.229,264.132,77.161,147.173
166.568,263.199,77.078,146.555
169.089,261.789,77.312,145.798
172.199,260.727,76.943,145.225
175.342,259.638,76.849,144.271
160.249,252.274,83.042,137.932
187.091,264.067,81.343,139.109
189.067,261.876,79.671,139.661
197.921,260.236,80.313,141.199
205.905,259.583,81.082,142.324
208.818,258.353,80.371,144.334
220.026,256.151,79.602,145.499
225.609,253.143,78.802,146.665
233.171,251.895,78.527,146.796
240.857,249.528,78.657,148.094
257.907,247.443,79.105,148.799
271.195,245.852,79.404,149.567
283.010,245.430,80.164,150.321
294.666,246.879,80.620,149.066
309.632,248.165,80.239,147.849
323.871,250.075,80.346,146.508
340.012,251.178,80.270,147.461
350.292,251.469,79.501,147.362
369.664,248.960,79.280,148.541
386.438,247.076,78.335,149.624
400.549,246.355,78.282,149.306
413.947,241.967,78.815,147.452
426.534,239.375,80.653,144.494
432.562,235.503,80.947,144.054
444.946,230.392,81.084,143.303
458.368,227.640,83.456,140.353
456.869,224.768,83.605,141.375
468.317,222.170,86.125,140.314
468.832,218.797,85.315,143.043
470.900,213.856,83.891,145.842
473.743,202.406,82.932,148.253
475.804,192.393,82.237,150.690
503.548,185.397,86.784,145.845
463.920,173.455,84.519,150.187
454.507,161.696,82.800,154.910
451.691,145.374,82.949,158.594
445.583,127.933,84.010,161.737
430.241,111.141,84.808,163.744
412.917,92.049,85.648,166.646
393.275,74.282,86.598,170.055
374.003,59.304,88.465,172.208
355.207,45.401,89.533,173.976
333.866,27.477,89.325,174.376
311.549,20.001,91.513,171.223
293.693,16.028,92.161,170.571
273.280,17.504,91.178,170.843
253.562,20.404,88.898,171.358
231.127,18.165,88.046,171.248
208.977,25.525,88.356,173.756
184.387,23.580,89.344,174.506
162.053,37.237,92.101,175.356
147.395,53.299,92.229,181.159
135.661,55.018,91.447,189.645
132.313,64.147,91.634,192.023
118.012,77.615,90.856,193.868
119.578,89.436,89.922,193.228
120.956,103.851,89.583,190.571
121.768,117.454,88.630,189.117
125.092,130.424,87.315,187.451
130.401,142.468,86.096,185.582
138.007,153.079,85.458,182.738
144.438,162.782,85.242,179.077
150.195,170.385,86.525,174.892
163.984,178.378,89.219,171.136
166.828,186.897,90.510,167.472
178.863,190.202,91.584,164.686
181.193,197.191,91.943,161.651
197.119,201.525,92.053,161.165
212.342,206.960,89.718,162.234
226.259,208.698,87.508,163.107
240.337,211.071,85.571,164.006
256.100,202.807,83.030,162.201
269.799,201.594,80.731,160.810
281.604,201.877,80.026,157.789
294.734,201.977,78.015,154.332
306.016,200.495,76.308,150.843
316.406,200.225,74.998,148.614
322.709,199.943,74.166,146.482
330.261,197.703,72.936,145.683
337.494,195.026,71.771,145.642
342.627,193.825,71.349,145.279
345.429,192.259,71.584,145.704
346.430,189.247,72.146,145.713
345.993,186.317,72.610,145.557
345.227,183.417,72.615,144.748
342.241,179.280,72.687,144.005
338.497,177.596,72.454,142.400
333.956,176.732,71.719,140.342
329.329,175.079,71.407,137.573
323.304,173.676,70.995,135.118
317.706,174.120,69.856,133.556
311.850,172.564,68.284,132.055
303.512,171.995,66.316,129.886
294.967,170.814,64.863,128.332
290.704,166.770,64.483,127.214
282.141,159.971,63.080,126.736
274.385,154.683,61.644,125.683
271.172,151.760,61.767,123.826
266.437,147.704,62.192,122.248
260.809,142.806,62.348,122.061
255.148,138.033,62.809,123.331
249.297,133.251,63.437,125.446
243.696,128.868,64.068,127.381
237.135,121.124,65.214,129.816
230.033,114.015,66.155,131.595
223.119,110.873,67.782,134.113
216.897,105.928,68.654,137.919
209.309,101.560,69.408,139.001
201.149,98.560,70.814,140.811
189.945,95.451,70.245,141.435
184.122,91.951,69.420,141.635
170.938,85.145,69.987,142.560
164.873,83.430,71.073,144.250
153.485,85.573,71.442,148.190
142.536,85.972,70.654,153.107
138.175,85.202,72.036,154.921
123.771,88.891,74.102,158.149
117.008,93.965,76.046,159.169
100.512,96.421,78.655,158.850
86.952,100.912,79.710,157.693
82.896,103.581,79.816,160.390
68.924,109.512,80.973,159.474
56.628,113.356,81.562,158.667
52.963,115.486,82.483,159.486
45.355,117.625,84.377,159.411
36.992,120.746,84.799,157.545
29.751,123.916,85.020,155.031
21.791,128.669,84.778,151.707
16.443,134.409,83.746,148.594
14.774,141.373,82.188,144.933
12.468,149.876,81.187,141.822
10.682,158.270,80.293,139.130
9.897,167.132,79.678,136.699
11.040,174.656,78.833,134.681
12.435,182.757,79.141,131.606
15.187,189.854,78.500,128.641
15.199,194.835,81.585,123.010
18.225,201.152,82.806,118.145
21.964,206.191,82.744,114.590
26.788,210.141,82.263,111.693
30.915,212.841,81.110,109.107
34.702,212.943,77.241,109.293
37.981,213.295,74.645,109.966
40.869,213.151,72.675,110.198
43.347,213.270,71.048,110.240
46.403,214.011,69.344,110.210
48.050,214.322,68.348,110.154
49.666,214.150,67.438,109.884
51.793,214.705,66.528,109.494
52.565,216.076,65.814,109.283
53.276,216.649,65.257,109.599
53.182,217.704,64.827,109.473
52.736,218.532,64.497,109.611
52.022,220.059,64.295,109.720
51.741,221.514,63.634,109.870
51.037,223.069,63.331,109.614
50.549,225.894,63.056,109.137
49.886,229.240,62.534,109.373
48.551,232.549,61.932,109.716
46.931,234.127,61.562,110.317
45.614,233.954,61.392,110.993
44.197,233.454,61.337,111.191
42.287,232.179,61.317,111.494
40.304,230.221,61.103,111.161
38.110,228.499,61.213,110.410
35.752,226.761,61.002,109.083
33.853,226.913,60.769,108.231
32.294,227.934,60.981,107.026
30.533,228.996,60.847,106.119
28.855,228.871,60.636,105.498
27.239,227.579,60.549,104.890
25.099,228.678,60.481,103.975
23.453,227.893,60.431,103.056
20.947,229.379,60.551,102.000
20.042,228.272,60.226,101.860
17.929,227.451,60.009,101.630
16.443,228.063,60.063,100.550
15.616,229.185,60.151,99.454
13.456,228.583,59.956,98.446
11.885,229.543,60.130,97.711
10.122,230.749,60.240,97.475
8.942,231.581,60.239,97.793
7.068,232.092,60.308,98.094
5.390,232.337,60.600,99.068
4.098,234.345,61.038,99.622
2.937,236.928,61.427,100.957
2.877,239.341,61.738,103.507
3.006,240.097,62.025,105.965
3.168,240.275,62.447,107.769
3.542,241.563,62.663,109.535
4.018,243.074,62.797,111.295
5.080,243.670,62.988,112.716
5.359,244.080,63.198,113.934
6.501,246.005,63.497,114.936
6.588,247.850,63.849,115.728
6.915,248.992,64.495,116.498
7.537,251.645,65.060,117.633
7.851,252.997,66.233,117.753
8.958,254.680,66.986,117.422
10.059,256.749,67.374,117.867
11.054,257.945,67.759,118.630
11.660,258.243,67.996,119.706
11.564,259.008,68.262,120.697
12.841,253.792,68.156,119.573
13.106,259.112,68.170,119.932
12.850,261.441,68.327,121.177
13.596,256.297,68.712,120.283
14.305,261.626,68.834,120.621
14.121,265.717,69.071,121.173
14.569,262.255,69.042,120.375
14.801,268.222,69.450,120.506
15.329,264.596,69.697,119.883
14.796,270.356,70.709,120.217
13.630,267.377,73.747,116.270
14.697,273.062,73.337,118.182
13.775,269.687,75.786,115.415
15.377,275.681,74.983,117.681
14.588,272.043,77.932,115.549
13.201,276.689,80.820,114.720
13.704,272.439,82.767,113.654
24.947,276.291,80.448,118.893
13.029,278.335,83.844,118.809
15.776,278.878,82.583,124.078
29.338,274.843,80.441,129.765
29.847,272.739,79.390,133.997
30.778,270.454,79.011,137.444
32.178,268.962,79.107,140.434
33.985,266.563,79.235,143.260
35.746,264.813,79.278,146.047
48.701,259.184,78.930,148.328
49.342,249.493,78.850,148.827
50.268,250.128,79.427,150.319
51.483,239.722,79.906,149.759
62.588,243.112,80.368,150.072
61.866,233.535,80.208,149.744
64.209,235.445,79.812,150.612
66.048,227.475,79.428,150.470
68.318,233.793,78.778,151.364
79.517,236.239,79.123,152.882
78.059,236.121,79.990,155.188
79.525,236.497,80.808,157.234
90.751,229.187,82.247,157.432
89.616,232.505,84.055,158.069
90.439,234.716,85.496,159.175
102.632,226.357,86.579,158.284
114.274,229.353,87.031,159.088
112.999,223.357,87.367,158.680
125.643,230.493,87.546,158.441
126.740,232.847,88.187,158.487
130.292,226.756,88.025,157.290
143.590,233.608,88.127,156.656
145.433,235.063,87.035,156.638
149.203,235.544,85.869,157.567
151.683,234.281,85.737,157.902
155.044,226.632,85.714,155.870
153.855,220.505,91.095,148.231
153.032,224.939,95.330,141.657
152.911,227.891,99.124,136.376
151.347,228.260,102.156,132.267
150.833,227.019,104.452,129.157
162.737,216.491,104.930,128.517
160.887,218.307,105.858,127.998
192.361,208.335,99.614,135.373
202.447,209.109,96.686,143.015
204.891,201.477,92.912,147.608
216.713,204.493,90.342,153.086
217.348,196.108,87.919,155.093
228.565,198.773,86.811,158.004
228.676,190.239,85.018,159.180
230.729,186.012,83.167,158.588
243.344,192.809,82.322,158.603
245.906,193.789,80.567,159.395
248.480,193.268,79.135,160.241
251.068,193.341,78.245,160.377
253.660,193.741,77.566,160.300
255.931,188.787,76.619,158.499
258.237,191.066,75.536,157.130
260.150,187.037,74.415,154.741
262.741,189.392,73.572,152.607
263.441,190.377,72.965,149.755
263.236,185.678,72.862,146.188
262.985,182.248,72.743,143.237
262.020,181.683,72.577,140.704
261.520,180.496,72.528,139.159
261.577,184.175,73.248,138.545
260.846,180.638,73.573,137.407
260.789,183.313,74.336,136.850
259.086,177.271,75.418,136.040
259.310,177.972,75.891,136.230
248.321,170.188,76.113,135.341
250.453,171.414,77.107,135.464
252.086,171.118,77.748,136.771
251.054,163.335,79.330,137.645
251.211,164.342,80.221,139.523
251.083,157.776,81.059,140.254
251.448,159.740,82.069,141.849
252.204,152.850,82.466,143.247
253.684,153.350,82.792,145.535
253.227,145.679,83.902,147.185
254.240,147.963,84.759,149.480
254.713,141.099,84.777,150.911
256.998,143.680,84.534,153.878
258.493,136.901,83.996,154.898
261.506,138.848,83.489,157.585
264.956,140.443,83.082,159.707
268.038,134.690,82.593,160.792
281.514,139.565,83.031,162.703
281.175,140.802,83.693,165.534
280.324,135.226,84.124,166.138
293.341,138.574,85.338,166.537
293.186,139.852,86.422,167.815
293.727,139.096,87.167,169.038
293.930,131.453,87.383,169.793
294.829,134.923,88.019,170.867
298.400,135.596,88.378,171.595
301.142,133.970,88.584,172.071
303.884,131.829,88.654,172.292
306.654,130.946,88.705,171.864
308.172,130.058,88.704,170.995
308.790,122.381,88.937,169.653
310.164,123.780,88.379,169.660
309.707,116.467,88.641,167.860
310.155,119.369,88.350,167.314
309.346,111.639,88.738,165.396
310.015,116.065,88.174,164.235
310.928,117.252,87.799,163.654
311.495,118.811,87.222,162.680
310.373,112.286,87.608,160.344
310.569,116.853,86.959,159.065
311.433,117.928,86.058,158.266
310.157,111.075,86.022,156.209
309.831,115.540,85.431,154.619
309.953,116.323,84.541,154.134
297.379,108.832,84.033,153.297
299.051,111.621,84.222,152.765
300.636,112.198,84.241,152.340
301.419,113.039,84.206,151.657
301.736,113.148,84.376,150.819
297.532,110.945,86.791,147.484
298.540,110.840,85.875,147.924
298.860,109.765,85.383,148.113
298.546,108.887,84.762,148.021
297.488,108.263,84.262,147.916
295.785,107.579,84.048,147.860
291.239,105.473,87.006,145.202
289.422,106.322,89.629,142.852
288.587,107.111,91.292,141.138
288.729,107.839,92.517,139.513
287.802,108.386,93.709,138.531
286.865,108.941,94.911,138.158
288.920,111.207,94.996,138.131
289.502,112.853,95.376,138.148
290.734,117.234,94.932,138.121
291.463,122.179,94.415,137.051
296.246,126.777,91.482,139.542
300.370,130.384,89.359,140.943
303.668,134.809,87.106,142.463
305.956,136.835,84.488,144.052
308.300,140.483,82.466,144.804
309.008,144.906,80.980,144.815
309.862,147.690,79.310,145.227
310.442,151.395,77.654,145.333
313.217,154.044,76.085,144.720
314.003,158.580,75.605,144.047
315.604,159.726,75.404,143.789
318.910,165.453,74.954,142.513
320.894,168.663,75.675,141.548
324.097,170.290,75.986,142.246
326.668,169.996,76.493,143.247
330.918,171.099,77.016,143.618
342.959,172.045,80.621,141.220
345.052,172.451,83.480,139.877
356.593,170.497,87.046,138.547
368.948,170.722,90.373,136.702
373.024,171.241,93.219,135.863
388.012,170.593,95.614,134.679
392.294,172.470,94.277,137.376
410.369,172.800,95.913,136.890
428.009,173.906,97.207,136.844
438.927,152.113,98.402,133.950
441.953,157.332,95.278,136.934
455.675,149.719,91.893,137.909
458.408,145.093,89.784,137.893
462.711,149.308,87.808,141.247
466.252,142.023,86.390,142.083
468.251,138.175,85.496,141.616
469.472,135.015,84.792,140.775
469.363,130.204,83.955,139.688
467.461,125.839,83.120,137.911
465.720,139.334,81.574,141.209
463.432,138.974,80.627,143.553
446.396,129.765,84.709,138.874
441.890,123.748,87.359,134.706
437.607,126.982,89.303,132.864
433.279,118.912,91.078,130.145
430.615,122.662,92.413,128.756
429.185,123.726,94.253,127.931
377.120,126.777,91.837,131.995
365.942,123.297,89.502,137.087
352.720,121.395,88.197,141.470
351.934,116.587,86.791,146.040
337.059,114.036,86.474,150.398
335.521,109.236,86.092,154.617
333.380,102.946,85.693,158.027
330.971,98.922,85.224,161.326
328.188,94.114,84.959,163.766
327.795,91.611,84.615,165.688
327.629,89.078,84.706,166.989
327.701,87.490,84.955,168.100
327.466,85.332,85.354,169.545
326.923,84.684,86.248,170.879
326.390,84.473,87.563,172.636
326.627,86.179,89.146,173.418
326.929,88.178,90.878,174.561
325.789,90.509,92.976,175.661
324.285,94.051,94.954,176.678
322.550,97.680,96.666,178.459
319.431,102.693,97.888,179.792
305.078,109.738,97.663,181.302
304.283,114.758,97.716,181.888
292.084,122.528,97.336,182.128
291.766,128.196,98.195,182.990
291.075,134.214,98.107,182.444
289.225,142.943,97.202,180.828
276.167,151.414,95.175,179.530
277.454,154.088,92.316,178.629
266.664,157.233,89.363,178.342
265.412,155.784,87.018,177.387
254.601,156.220,85.013,176.468
253.667,153.793,84.095,174.842
241.658,148.192,83.558,173.583
240.079,141.431,84.349,172.401
238.066,132.899,84.654,172.528
235.156,122.754,84.938,172.577
233.455,115.058,85.221,172.984
233.397,113.603,84.911,174.914
234.064,100.719,85.894,174.238
234.146,92.297,87.195,171.983
235.950,91.203,87.840,173.585
238.905,79.705,88.407,171.951
240.062,76.334,89.167,174.034
242.727,68.980,89.792,173.100
244.162,66.168,90.932,175.470
243.397,58.416,92.787,175.627
243.096,58.095,94.067,178.490
240.274,51.121,96.358,178.871
239.641,52.488,97.457,179.960
237.924,49.189,98.069,180.257
235.956,53.377,98.303,181.772
234.098,49.502,97.072,181.515
232.181,54.185,96.149,182.508
216.535,50.366,95.231,179.219
213.862,54.281,94.765,178.843
198.125,44.472,94.414,175.758
197.747,49.671,94.377,173.067
183.950,51.553,93.726,170.205
183.736,53.894,93.827,168.602
168.957,53.855,92.319,168.258
169.582,58.491,91.724,166.930
157.115,59.130,89.247,168.794
157.311,56.599,89.193,170.803
157.400,57.634,89.354,171.535
156.313,58.902,89.064,172.359
155.019,59.154,88.394,173.486
153.145,59.561,87.975,174.291
151.307,60.402,87.223,175.056
149.621,59.543,86.293,176.762
148.961,58.351,85.379,179.082
147.518,56.293,85.244,181.524
146.132,54.785,85.568,183.726
145.978,51.111,83.705,188.403
145.160,47.399,84.814,189.290
144.648,46.286,85.616,189.159
144.745,46.276,86.293,189.236
145.044,44.908,86.857,189.179
144.698,44.917,87.828,188.496
144.852,44.587,88.517,188.042
145.160,44.552,89.093,187.572
145.671,44.032,89.410,187.313
145.551,44.059,90.402,186.105
145.371,44.458,91.104,185.298
144.945,45.514,91.674,184.856
144.507,46.241,91.616,184.869
143.730,46.929,91.342,185.000
142.634,47.788,91.037,185.077
140.200,49.333,91.153,185.684
138.949,49.633,90.810,187.074
137.463,51.300,91.394,187.640
135.475,54.583,91.803,188.680
134.521,55.892,92.086,190.680
134.879,56.702,91.567,195.167
135.208,57.624,90.027,202.044
132.938,46.510,91.010,200.362
132.007,54.456,91.834,200.325
131.261,59.841,91.618,203.259
130.412,62.140,91.906,204.775
129.241,64.508,92.262,204.761
128.689,67.308,91.624,205.064
129.060,69.399,90.172,204.867
129.292,71.319,89.288,204.098
128.220,72.337,88.731,203.278
127.298,71.679,88.471,202.624
127.043,72.316,88.043,202.498
125.624,70.632,87.644,202.067
125.372,71.639,87.637,201.220
125.231,73.306,87.590,200.629
124.996,71.654,87.421,199.772
125.564,71.192,86.841,199.754
126.529,70.066,86.078,199.385
126.526,70.077,85.153,199.968
126.232,69.432,84.866,199.954
126.470,68.946,84.190,200.239
127.726,67.574,83.474,199.847
129.147,67.343,81.922,200.387
130.061,67.876,81.249,200.368
130.873,67.626,80.578,200.025
131.283,67.310,80.096,199.644
134.398,67.023,77.913,202.403
135.827,64.113,76.235,204.468
137.229,60.989,74.692,206.079
138.309,59.746,73.578,207.676
139.991,60.785,72.434,208.342
140.874,59.051,71.759,208.645
142.172,60.360,71.073,208.930
142.464,60.009,70.701,209.336
143.163,58.291,70.422,210.303
144.063,59.821,70.302,210.910
146.358,58.450,69.370,209.822
147.788,59.019,69.145,207.922
150.830,60.165,69.297,206.204
152.761,51.391,69.277,200.305
154.411,55.587,69.190,195.691
155.954,56.392,68.970,192.544
158.518,55.294,68.813,191.143
160.569,54.411,68.971,189.510
161.856,53.569,69.369,187.292
163.189,51.301,69.521,183.983
164.706,50.878,69.924,180.309
165.732,49.689,71.593,173.019
167.755,49.380,72.589,166.214
170.532,48.968,72.207,161.144
172.725,47.869,71.865,156.502
175.494,48.300,71.258,153.471
177.257,48.906,70.398,150.190
179.349,49.212,69.372,147.386
181.014,48.496,68.211,145.002
182.012,47.270,67.029,143.522
182.704,46.351,65.840,142.663
184.066,45.555,64.706,141.798
184.738,45.323,64.053,141.309
184.532,45.503,63.504,140.487
184.453,45.442,63.334,140.008
185.151,45.025,63.048,139.967
186.341,44.358,62.774,139.675
187.801,43.696,62.473,139.487
187.755,44.149,62.906,139.308
188.614,43.881,63.341,139.225
189.715,44.634,63.633,138.670
190.417,44.701,63.826,138.342
191.087,44.240,64.014,138.504
192.431,44.664,64.447,138.217
194.130,44.724,64.330,138.107
204.499,47.380,63.460,137.541
205.189,48.372,62.564,137.420
206.893,49.524,61.729,137.341
207.773,51.368,61.051,136.868
209.454,52.469,60.283,136.398
211.003,52.932,59.568,136.124
212.846,53.620,58.862,136.111
214.992,53.812,58.213,136.246
215.654,55.706,57.839,135.610
217.324,54.766,57.299,135.423
218.296,55.762,57.087,134.461
219.092,55.260,56.786,134.107
220.081,55.578,56.515,133.885
220.311,55.307,56.465,133.785
221.121,53.935,56.181,133.963
220.744,54.122,55.877,133.614
221.426,54.515,55.647,133.454
221.354,54.005,55.672,133.264
221.317,53.184,55.644,133.298
221.014,53.258,55.653,133.132
220.118,53.952,55.682,133.014
220.625,54.718,55.670,132.456
220.103,55.160,55.642,132.433
218.789,55.586,55.476,132.472
217.500,55.558,55.360,132.314
216.621,55.271,55.251,132.139
215.947,54.631,55.146,132.284
214.696,53.375,55.011,132.204
214.646,54.153,54.749,130.795
213.674,52.529,54.490,129.933
213.281,52.723,54.008,128.553
214.096,52.345,53.221,126.925
213.451,51.733,52.883,125.600
214.677,51.727,52.330,124.026
214.721,50.961,51.862,123.036
215.917,51.284,51.720,121.540
216.418,51.317,51.601,120.439
217.003,51.581,51.600,119.397
218.319,51.315,51.745,118.642
219.134,50.732,51.832,118.281
219.267,50.282,52.286,118.646
220.867,50.493,52.498,118.736
222.344,49.232,52.759,118.821
222.725,48.727,53.113,119.070
223.902,49.039,53.443,119.768
224.752,49.335,53.824,119.685
226.516,48.778,54.133,120.225
228.173,48.466,54.291,120.967
228.770,47.682,54.555,122.093
230.645,45.087,55.009,123.158
231.250,44.601,55.782,124.242
232.362,42.847,56.489,126.059
234.114,42.245,57.267,127.683
235.625,41.908,58.008,129.809
237.114,42.038,58.816,131.854
238.703,41.789,59.536,133.934
239.655,40.894,60.316,136.338
240.947,42.217,61.006,138.336
243.439,44.140,61.473,139.946
243.004,47.142,61.926,140.993
246.825,48.368,62.315,142.893
249.909,51.102,62.903,144.150
252.596,53.237,63.808,145.023
256.017,56.810,64.736,146.329
259.154,58.212,65.709,148.155
262.369,61.102,66.722,148.834
266.423,64.320,67.278,149.662
270.961,69.607,67.609,149.430
274.877,74.010,67.875,148.972
279.541,79.182,68.230,147.826
285.387,86.130,67.542,147.286
289.437,92.074,68.289,146.198
293.549,96.462,69.427,146.376
298.168,100.687,70.089,147.023
302.741,108.328,71.030,146.258
307.696,117.302,71.599,145.304
311.798,125.172,72.466,144.882
315.110,130.370,73.262,145.087
317.571,136.145,73.787,145.381
319.683,140.527,74.252,145.745
321.061,144.264,74.773,145.957
321.540,148.642,75.696,145.363
321.717,152.503,76.039,144.623
321.864,156.600,76.259,143.627
322.109,159.508,76.097,143.006
321.215,161.835,75.867,142.411
320.782,165.455,75.329,140.626
320.148,168.972,74.863,138.589
319.615,173.071,74.087,136.562
318.768,176.254,73.444,134.746
317.260,179.582,72.879,133.453
316.802,183.343,71.926,131.980
315.817,187.487,71.370,130.612
315.086,190.692,70.715,129.219
315.474,193.537,70.076,127.731
315.963,196.535,69.503,126.780
316.859,200.022,69.082,126.042
318.315,202.188,68.867,126.345
318.587,205.038,68.736,126.896
320.631,206.267,68.726,127.219
322.412,208.224,68.792,127.193
324.508,211.231,68.840,127.525
327.257,214.734,69.139,128.062
330.368,215.108,68.896,129.747
332.802,215.344,68.933,131.501
335.490,215.468,69.130,133.286
338.763,216.658,69.063,134.590
341.692,216.672,69.245,135.858
344.027,217.708,69.570,136.317
346.200,218.512,69.891,136.542
347.753,217.917,70.508,137.661
348.895,217.090,71.312,138.417
348.968,217.711,72.257,138.428
349.545,217.841,73.064,138.869
349.024,218.341,74.058,139.029
348.786,218.428,74.851,138.996
348.110,218.504,75.714,139.031
347.008,219.335,76.468,138.900
345.663,219.652,76.969,139.040
