142.000,125.000,91.000,40.000
139.294,125.747,92.152,41.183
134.827,126.231,93.193,41.864
128.466,125.889,94.055,42.280
123.966,125.935,95.130,42.789
117.711,124.579,96.123,43.094
113.803,123.426,97.000,43.316
107.209,122.572,97.563,43.563
103.300,122.296,98.273,43.816
96.310,121.025,98.899,43.845
92.035,120.671,99.172,44.060
86.265,119.143,99.370,44.196
81.434,118.466,99.834,44.514
76.905,118.207,100.572,44.746
70.318,116.563,101.100,44.827
65.659,116.247,101.528,44.962
60.625,115.847,101.808,45.117
54.119,115.791,102.025,45.208
49.899,115.135,101.891,45.392
43.946,114.595,102.192,45.255
37.739,113.491,102.254,45.236
33.303,112.487,102.439,45.183
26.695,112.843,102.634,45.183
19.795,112.571,102.659,45.114
15.516,113.354,102.934,45.092
8.867,113.717,103.013,45.118
6.662,115.209,102.197,45.288
0.914,117.042,101.593,45.130
-3.292,118.270,100.376,44.857
-6.780,119.616,98.659,44.765
-9.919,121.422,96.363,44.271
-10.355,123.416,93.512,43.611
-8.646,122.929,88.962,44.313
-8.501,123.066,83.991,44.924
-7.399,123.815,79.386,45.289
-5.370,122.856,74.288,47.270
-3.058,122.759,70.431,48.420
-3.057,122.937,67.419,48.905
-2.010,122.451,64.830,49.370
-0.859,121.950,63.042,49.573
-0.739,121.259,61.376,49.659
0.974,121.168,60.325,49.508
1.801,120.410,60.090,49.300
2.742,119.437,60.046,48.990
3.284,118.538,60.332,48.767
3.863,117.809,61.030,48.539
2.854,117.203,62.432,48.107
2.446,116.570,63.776,47.595
2.124,116.208,65.294,47.420
2.366,114.417,66.591,47.283
2.137,114.447,67.776,47.126
1.798,112.401,68.878,46.764
1.719,110.701,70.054,46.997
1.882,109.234,71.718,47.264
2.735,107.957,73.144,47.408
6.213,105.601,74.221,47.947
9.011,103.924,75.498,48.030
14.395,103.846,79.666,46.972
16.500,102.389,80.428,47.369
19.095,100.890,81.324,47.614
24.947,101.511,84.195,46.897
27.872,101.472,86.645,46.370
32.937,100.247,89.252,46.042
37.172,101.047,90.903,45.736
41.275,100.679,92.386,45.270
46.763,101.154,93.134,45.414
50.715,101.206,93.956,45.151
55.216,102.447,94.485,45.300
55.158,103.974,94.944,45.350
55.636,105.339,95.334,45.245
55.375,107.091,95.534,45.206
55.476,108.568,95.690,45.167
55.621,109.088,95.934,44.910
56.993,110.816,95.945,44.541
57.694,113.033,96.078,44.394
57.881,114.309,95.902,44.449
57.686,114.464,95.768,44.231
57.720,115.817,95.393,44.230
57.804,116.882,95.150,44.065
57.318,117.536,94.759,43.905
58.000,119.058,94.611,43.728
58.941,120.051,94.419,43.580
58.978,120.186,94.073,43.497
58.656,121.630,93.938,43.277
58.455,121.738,93.766,43.128
59.025,123.089,93.794,42.616
58.300,124.204,93.612,42.433
58.470,124.507,92.939,42.288
58.705,125.281,92.307,42.118
59.053,126.479,91.932,41.831
58.792,127.223,91.210,41.844
59.426,127.995,90.750,41.989
59.930,129.074,90.119,42.016
60.168,130.101,89.555,42.062
59.476,130.092,89.183,42.374
59.811,131.471,88.915,42.244
59.958,131.383,88.718,42.516
62.453,132.987,88.728,42.547
63.129,134.125,88.593,42.543
65.685,135.308,88.702,42.508
67.075,136.537,88.874,42.400
68.124,137.279,89.094,42.269
69.857,139.257,89.307,41.929
70.058,139.730,89.703,41.904
71.495,140.506,90.019,41.915
75.669,142.134,90.067,41.645
78.910,142.923,90.596,41.467
83.722,144.137,90.112,41.507
86.665,145.230,89.758,41.610
91.601,146.063,89.103,41.802
95.628,147.648,88.941,41.611
100.714,147.819,88.786,41.865
105.635,148.228,88.007,41.941
109.399,148.811,87.690,41.780
114.048,149.139,87.807,41.677
118.245,150.818,87.352,41.678
120.833,151.233,87.935,41.675
125.270,152.288,88.451,41.670
129.561,152.386,88.367,41.659
133.772,153.701,88.566,41.669
137.249,154.442,88.514,41.344
141.180,155.298,88.469,41.039
145.192,155.996,88.323,40.870
149.469,157.047,87.886,40.991
153.433,157.750,87.603,40.799
157.947,157.813,87.333,40.663
162.762,158.971,86.835,40.553
167.095,159.068,87.125,40.162
172.285,160.345,86.995,40.042
176.835,161.749,86.963,40.246
178.528,162.924,87.279,40.029
181.710,163.148,88.347,39.946
185.532,163.782,88.331,40.113
189.629,164.548,88.045,40.285
193.081,164.768,88.144,40.109
197.347,166.100,87.777,39.851
199.635,165.909,88.045,39.727
204.483,167.090,87.542,39.690
207.318,167.922,87.951,39.729
209.938,168.297,88.337,39.547
210.998,169.537,88.346,39.440
210.588,168.461,88.647,38.966
214.059,170.670,88.668,38.625
215.883,171.759,88.476,38.624
217.551,172.733,88.469,38.595
218.161,174.045,88.149,38.770
218.735,174.219,88.087,39.088
219.784,174.813,88.125,39.575
220.048,175.395,88.480,39.592
219.827,176.077,88.753,39.691
218.836,177.129,88.924,39.690
218.449,177.856,89.202,39.881
216.446,178.598,89.498,40.341
214.333,179.375,90.000,40.753
213.482,180.367,90.191,41.671
212.625,180.536,90.596,42.246
211.854,181.030,90.533,43.044
208.811,181.851,90.637,43.735
209.295,182.663,90.651,44.462
210.414,183.571,90.151,45.159
211.197,184.454,89.723,46.080
209.287,184.522,89.346,46.550
209.180,185.334,89.058,47.002
207.560,185.376,89.232,46.668
206.268,185.251,89.332,46.675
204.545,185.314,90.295,46.438
201.596,185.648,92.128,46.193
199.902,186.920,93.212,46.313
198.225,187.001,94.405,46.187
197.232,187.318,94.649,46.226
194.770,187.827,94.771,45.994
192.568,188.076,94.469,45.775
190.454,188.132,94.210,45.534
187.850,188.066,93.770,45.568
187.124,187.093,93.285,45.895
185.268,186.025,93.139,46.002
185.600,184.559,93.454,46.199
184.115,183.631,94.243,46.376
183.289,182.245,94.949,46.200
182.798,181.660,96.032,46.129
179.857,179.223,96.769,46.284
180.148,178.262,97.382,46.722
177.591,177.035,97.745,46.740
175.419,175.326,98.512,46.783
173.475,174.741,99.295,46.791
170.815,172.929,99.853,46.883
169.775,171.590,100.672,47.101
168.084,169.363,101.365,47.687
166.626,166.943,102.052,48.477
166.493,164.273,102.105,49.230
164.677,165.483,102.609,49.504
161.887,165.030,103.343,49.451
161.134,163.564,103.322,49.308
161.331,162.465,102.516,49.173
162.123,159.294,100.926,49.551
162.623,156.363,99.284,50.792
163.392,154.532,98.176,51.818
162.903,153.698,98.086,52.285
160.468,152.579,99.210,52.476
157.720,151.903,100.190,52.531
156.358,151.524,100.910,52.088
152.779,150.657,101.819,51.857
151.302,149.150,102.466,51.839
148.889,147.648,102.573,51.754
146.638,145.854,103.025,51.363
146.321,146.367,102.935,51.420
143.174,145.397,103.354,51.093
141.748,146.010,102.742,50.921
139.654,145.102,102.025,50.116
139.579,145.068,100.312,49.447
138.228,145.582,98.528,48.836
136.436,145.746,98.087,47.571
136.738,145.423,97.659,46.997
131.543,143.499,98.893,46.537
130.324,144.311,99.963,46.417
126.950,143.092,100.303,46.133
123.201,142.379,100.955,45.958
120.723,143.575,101.016,45.933
120.398,141.141,100.704,45.998
118.107,142.573,100.688,45.762
116.945,141.440,100.762,45.575
116.938,140.960,100.733,45.671
117.022,141.521,100.784,45.621
116.188,141.279,100.300,45.688
116.515,141.779,99.681,45.867
115.554,141.379,98.537,45.969
118.263,140.643,98.306,45.649
117.594,140.143,98.157,45.577
115.573,140.075,99.021,45.212
110.679,138.228,100.235,44.981
107.975,138.604,101.561,44.783
102.282,139.190,102.237,44.914
101.568,138.284,102.674,45.067
100.389,138.483,102.980,45.357
96.741,138.314,103.001,45.251
94.825,138.330,102.236,45.306
91.020,138.702,101.838,45.287
90.120,139.924,101.622,45.630
86.479,140.344,101.996,45.608
88.492,139.311,102.136,45.855
91.253,138.909,102.267,46.086
92.551,139.949,102.850,46.406
93.189,137.638,104.217,46.377
96.462,138.600,104.496,46.661
98.176,138.084,105.148,46.890
102.836,136.214,105.218,47.095
105.599,135.639,105.286,47.191
108.693,134.402,105.301,47.113
114.027,133.236,104.849,47.065
116.457,132.770,104.439,46.872
120.491,131.057,104.475,46.563
124.316,129.400,104.765,46.079
127.041,129.896,104.574,45.852
130.400,128.359,104.268,45.747
133.284,127.130,104.432,45.578
136.539,126.154,104.743,45.725
137.697,125.301,104.732,45.788
142.030,125.056,105.063,45.465
142.501,125.340,105.503,45.240
148.891,123.925,105.650,45.255
151.920,123.334,105.992,45.236
155.107,123.077,106.031,45.301
159.123,122.080,106.208,45.581
161.229,121.287,106.353,45.841
164.982,120.043,107.050,46.151
166.705,119.229,107.604,46.410
169.120,118.041,107.734,46.506
169.048,119.582,108.248,46.643
169.403,119.474,108.327,46.728
170.879,119.563,108.238,46.767
172.421,120.026,108.088,47.190
173.797,118.873,108.444,47.231
173.473,120.466,108.204,47.649
170.745,120.405,108.343,47.583
170.856,122.175,107.960,47.760
165.336,123.205,108.335,47.789
165.188,124.509,108.178,48.063
163.105,126.700,108.427,47.979
160.004,127.724,108.639,48.072
161.215,130.463,108.427,48.129
155.598,132.280,108.650,48.278
155.849,134.124,108.678,48.265
150.946,136.404,109.170,48.088
148.210,137.866,109.565,48.139
141.263,141.086,109.859,48.085
142.403,142.308,109.944,48.292
137.066,143.096,109.745,48.246
137.353,145.585,109.544,48.297
134.007,144.279,109.638,48.111
132.772,146.957,109.504,48.166
131.023,144.947,109.345,48.083
131.112,144.632,108.993,47.919
127.358,143.078,108.800,47.774
125.802,142.655,108.479,47.535
124.826,142.192,108.278,47.320
119.467,141.384,108.222,47.052
119.499,138.616,108.194,46.863
117.946,136.697,108.196,46.700
113.525,135.648,107.944,46.480
114.585,134.294,107.855,46.282
107.920,132.871,107.563,46.371
109.022,130.742,107.403,46.281
105.871,129.992,107.521,46.332
103.468,127.940,107.189,46.257
102.903,127.433,107.287,46.109
99.896,127.032,107.183,46.308
99.593,126.543,107.052,46.606
98.033,125.943,106.873,46.993
99.733,126.381,106.705,47.339
100.015,126.625,106.520,47.511
101.558,127.294,106.225,47.514
102.448,126.323,106.249,47.250
102.825,127.002,106.021,47.363
103.908,127.098,106.037,47.265
105.060,126.636,106.112,47.333
106.281,126.854,106.372,47.557
109.378,125.544,106.681,47.617
111.981,126.110,106.953,47.721
114.903,126.212,107.289,47.645
118.500,124.763,107.309,47.820
121.790,123.756,107.298,47.834
125.550,122.204,107.706,47.700
127.805,120.888,107.673,48.122
129.403,121.581,108.500,48.218
132.839,118.753,108.407,48.304
134.249,117.621,108.998,48.341
136.845,115.154,109.575,48.222
140.829,111.479,109.423,48.558
143.255,108.966,109.524,48.534
145.009,106.128,109.854,48.354
147.561,103.643,109.991,48.361
147.429,103.843,110.105,48.316
149.018,101.376,109.684,48.189
150.112,102.875,109.410,48.170
151.523,103.612,108.864,48.129
151.305,104.331,108.484,48.065
153.089,105.372,107.725,48.162
153.423,106.454,107.157,48.148
153.111,106.987,107.054,48.021
154.720,108.226,106.545,47.940
155.766,108.496,106.235,47.732
157.093,110.102,105.351,47.427
158.605,110.903,104.032,47.035
160.738,110.954,102.771,46.877
161.798,112.448,101.526,46.510
162.614,113.717,100.800,45.800
163.746,114.124,99.720,45.699
162.343,116.236,98.775,45.446
161.442,116.956,99.173,45.033
161.906,118.158,99.325,45.095
162.264,118.087,99.257,44.939
163.376,117.496,98.604,45.005
163.139,118.332,97.692,44.791
163.009,118.243,97.138,44.949
164.710,118.715,96.854,45.099
164.415,119.735,97.559,45.043
164.786,120.348,97.628,45.507
166.325,120.506,98.249,45.937
166.931,121.016,98.798,46.337
166.700,120.647,99.556,46.535
168.255,121.163,99.964,46.680
169.228,120.541,100.191,46.931
168.788,120.551,100.413,47.299
170.203,122.238,100.360,47.374
169.274,121.402,100.817,47.505
169.846,122.188,100.819,47.612
170.842,122.015,101.064,47.663
170.312,122.135,101.087,48.018
170.687,122.373,101.325,48.325
167.223,121.373,101.276,48.352
167.208,121.988,101.302,48.642
164.407,121.921,101.514,48.634
162.320,123.011,101.792,48.647
157.901,122.008,102.668,48.448
156.297,123.496,103.019,48.709
152.744,123.487,103.656,48.685
149.963,123.507,103.883,48.833
148.550,124.614,104.239,48.898
145.779,123.685,105.098,48.775
144.758,124.179,105.314,48.919
141.175,124.021,105.144,48.908
140.472,124.815,104.892,48.945
138.716,124.307,104.601,48.989
138.300,124.573,103.657,48.883
136.008,124.090,103.399,48.342
133.811,124.459,102.446,47.947
131.487,127.829,101.182,47.755
126.754,127.119,101.286,47.084
124.357,126.337,102.352,46.138
120.157,126.975,102.818,45.921
117.333,126.805,103.446,46.119
117.028,127.526,103.978,45.922
115.343,127.611,104.435,45.788
111.247,127.380,105.091,45.738
108.104,128.659,105.306,45.923
106.617,127.720,106.111,45.817
104.980,128.589,106.276,46.084
100.555,127.014,106.888,46.109
100.243,127.513,106.952,46.081
95.722,128.479,106.579,46.225
92.404,128.237,107.252,45.921
89.520,129.036,107.190,46.132
86.045,128.778,107.337,46.027
85.676,129.321,106.931,46.086
81.983,129.472,106.748,46.241
80.772,129.367,106.904,46.223
77.896,129.637,107.043,46.349
75.303,129.383,107.576,46.258
70.547,131.064,107.878,45.990
67.313,129.710,108.292,45.926
65.866,131.413,108.305,45.843
61.770,130.451,108.280,46.048
61.436,130.424,108.234,46.259
56.861,131.216,108.767,46.266
54.985,129.912,109.204,46.249
53.450,131.113,109.081,46.195
47.154,132.443,108.990,46.109
46.831,131.715,109.255,46.045
44.559,131.920,109.685,46.214
41.948,130.941,109.843,46.493
39.049,132.186,109.679,46.613
36.345,133.049,109.883,46.520
34.214,130.994,110.117,46.632
31.273,132.512,110.035,46.731
28.733,131.974,110.331,46.537
29.133,131.301,110.557,46.439
26.641,131.579,110.314,46.506
23.984,132.203,110.754,46.628
22.206,130.837,111.002,46.492
19.293,131.616,111.224,46.433
16.204,132.357,111.470,46.431
15.865,130.495,111.929,46.220
12.954,129.757,111.746,46.230
12.047,128.913,111.622,46.368
9.434,128.198,111.581,46.233
6.000,128.699,111.646,46.042
4.829,128.013,111.651,45.879
2.955,127.570,111.566,45.783
0.052,127.314,111.256,45.534
0.297,125.525,110.280,45.572
0.891,124.122,109.346,45.418
1.023,122.439,109.011,45.189
2.250,120.622,108.773,45.160
1.408,119.721,108.755,45.207
4.175,117.748,108.580,45.172
5.241,116.057,108.595,45.253
4.092,114.255,108.616,45.068
6.225,112.157,108.943,45.157
7.938,109.915,109.068,45.385
8.391,108.270,109.217,45.389
9.643,105.856,109.332,45.593
8.569,106.657,109.166,45.779
8.688,105.258,109.818,45.794
9.356,105.809,110.095,45.873
7.717,106.278,110.426,45.975
10.008,105.003,110.514,46.139
10.151,105.589,110.485,46.250
9.391,105.976,110.711,46.141
11.866,105.501,110.558,46.039
11.981,106.675,110.401,46.161
12.900,106.652,110.096,46.050
13.703,108.848,109.654,46.241
11.618,109.579,109.978,46.412
13.414,109.665,110.269,46.558
15.228,111.248,109.936,46.713
14.551,111.644,109.689,47.000
16.855,112.560,110.003,47.264
16.636,113.708,109.915,47.581
18.749,114.976,110.341,47.783
20.405,115.933,109.803,47.866
21.699,117.131,109.225,47.866
22.938,118.507,109.027,47.711
22.061,119.431,109.013,47.438
25.502,119.955,108.854,47.470
25.992,120.709,108.867,47.440
28.340,123.506,109.052,47.517
28.607,123.457,109.392,47.636
29.631,125.143,109.846,47.483
29.778,125.622,110.137,47.580
32.553,127.882,110.213,47.538
33.032,128.867,110.356,47.745
34.189,129.794,110.385,47.459
34.648,131.248,110.672,47.317
35.865,132.520,110.854,47.103
37.124,134.562,110.976,47.006
38.572,135.282,111.246,46.861
41.241,136.153,111.071,46.675
42.043,137.413,110.945,46.686
42.584,139.025,110.810,46.628
44.067,139.566,110.445,46.619
44.758,140.644,110.270,46.610
46.530,142.998,109.719,46.254
47.300,143.098,109.528,45.892
49.520,144.567,109.546,45.675
50.722,144.966,109.021,45.641
53.084,146.268,107.247,46.750
53.438,146.910,106.800,47.584
54.548,148.991,105.989,48.442
54.250,149.364,107.064,48.363
56.735,149.441,106.574,48.277
56.685,150.168,106.099,48.323
56.841,151.049,106.355,47.763
60.155,151.887,105.344,47.760
63.333,152.732,103.815,47.761
64.927,154.248,102.829,47.720
67.582,154.844,102.350,47.082
68.640,156.154,102.374,46.224
69.131,156.808,102.535,46.134
71.004,156.714,102.470,46.236
73.138,156.780,100.385,46.736
79.200,157.981,98.399,46.667
76.923,158.080,96.267,47.661
83.837,159.607,94.768,48.049
92.758,159.853,93.234,48.343
108.814,160.701,91.103,47.758
99.004,153.508,90.827,47.207
91.863,147.269,90.584,46.584
93.773,149.623,89.742,46.188
95.199,151.430,90.882,45.335
97.655,152.805,91.526,44.587
98.819,153.858,92.119,43.554
115.279,147.920,94.318,41.727
115.220,150.029,96.381,40.203
80.504,159.704,93.224,40.585
83.135,160.094,91.598,40.559
91.321,161.028,90.233,40.750
98.401,161.474,90.928,41.179
106.144,162.072,91.297,41.362
105.422,162.311,91.687,41.583
114.430,155.044,92.236,41.834
107.723,172.200,94.593,40.783
104.247,172.254,95.748,39.999
94.889,147.839,96.062,39.612
103.790,148.297,95.001,40.164
111.060,148.697,94.328,40.993
109.238,148.897,92.772,42.002
102.764,148.245,90.600,43.755
107.895,148.147,88.715,44.403
112.426,147.591,87.572,44.509
123.460,147.258,86.513,44.560
114.492,147.055,86.555,44.572
99.290,153.276,83.830,45.214
112.107,148.138,79.018,49.357
121.215,144.636,75.788,52.572
130.395,141.873,72.992,54.534
134.812,148.444,74.617,52.258
138.872,141.593,77.500,49.685
135.357,134.919,79.631,47.909
130.649,135.441,81.090,46.674
126.066,134.504,79.453,46.040
132.930,132.893,76.237,47.709
141.376,133.441,76.279,46.385
143.603,133.546,76.285,44.999
166.110,131.032,72.465,46.858
185.163,128.453,68.745,49.008
195.808,127.342,66.617,49.710
205.025,125.434,64.755,50.567
214.180,124.189,62.938,51.185
217.889,123.988,61.674,50.975
222.825,123.502,60.991,50.252
227.506,122.822,60.137,49.605
232.751,122.428,59.257,48.953
239.303,122.070,58.403,48.169
244.805,122.081,57.366,47.328
253.716,122.011,56.072,47.053
256.289,122.501,55.149,46.596
260.892,122.190,54.635,46.008
265.545,122.490,54.079,45.816
268.846,122.895,53.490,45.333
273.006,123.083,52.375,45.032
275.730,123.183,50.743,44.738
263.999,124.068,53.448,41.517
263.852,124.691,55.124,39.069
244.644,124.695,56.272,36.721
236.910,125.361,57.945,34.937
241.957,126.029,58.917,33.726
246.553,126.601,59.847,32.702
251.050,126.822,60.237,32.014
253.012,127.501,62.189,29.930
236.926,121.417,62.040,29.973
243.492,120.541,62.154,29.948
250.631,120.095,61.938,30.125
257.051,119.280,61.271,30.298
262.028,118.251,60.115,30.421
267.923,117.755,57.976,30.678
271.740,117.245,55.611,30.749
278.815,116.320,52.208,32.419
282.761,121.171,48.517,35.953
286.953,120.945,44.311,40.118
289.106,120.302,41.306,43.037
290.242,119.855,38.926,45.551
291.293,119.598,36.833,47.798
291.864,119.012,35.070,49.740
292.207,117.978,33.515,51.439
292.704,117.305,32.203,52.891
293.152,116.861,31.019,54.213
293.520,116.376,29.984,55.336
293.595,116.020,29.093,56.301
293.686,115.963,28.300,57.166
293.853,115.785,27.616,57.832
293.922,115.891,26.991,58.465
294.172,116.128,26.469,58.996
294.399,116.965,26.004,59.477
294.550,118.375,25.524,59.884
294.736,119.739,25.121,60.207
279.252,127.617,29.105,56.186
275.795,129.982,33.015,52.448
271.956,131.888,36.546,49.382
268.678,133.345,39.814,46.758
266.577,135.168,42.895,44.409
264.651,136.396,45.443,42.677
263.014,137.447,47.740,41.095
261.170,138.082,49.938,39.617
259.683,138.318,51.746,38.465
258.247,138.956,53.276,37.545
197.144,168.570,54.744,36.335
204.940,169.963,58.483,34.849
214.941,168.874,55.712,37.529
232.158,166.989,53.351,39.729
254.365,165.362,51.913,40.995
276.029,164.671,49.863,42.771
286.344,158.943,42.902,49.198
287.738,160.246,40.693,51.302
288.072,161.559,38.850,53.198
257.868,204.982,44.851,48.536
255.130,208.599,53.477,42.034
253.231,211.454,60.135,36.449
252.755,213.100,64.093,33.197
246.678,214.003,67.681,30.912
245.996,214.574,70.246,29.238
241.479,215.664,73.413,27.830
241.683,216.175,75.481,26.723
241.791,212.229,76.790,25.911
242.126,214.025,78.063,25.256
242.728,215.323,79.070,24.682
238.930,215.972,80.506,24.291
239.873,216.821,81.029,23.988
236.364,216.931,82.652,23.610
237.715,217.182,83.621,23.407
238.472,217.273,83.872,23.169
235.560,212.314,85.075,23.208
237.585,213.929,85.228,23.420
238.779,215.080,85.842,23.432
233.531,216.076,86.604,23.400
234.209,216.433,86.928,23.305
235.283,216.254,87.056,23.261
236.583,216.715,86.788,23.318
234.206,217.038,87.829,23.314
231.426,216.884,88.834,23.231
232.340,217.114,89.644,23.281
228.514,216.703,90.389,23.216
230.101,216.734,90.983,23.241
231.062,216.618,91.170,23.326
231.465,216.658,91.278,23.387
228.168,216.481,91.989,23.428
230.579,216.605,91.741,23.463
228.499,216.490,91.875,23.566
231.559,216.311,91.429,23.697
229.595,216.337,91.704,23.777
232.823,216.474,91.399,23.898
230.554,216.324,91.198,23.970
230.630,216.049,91.458,24.088
229.509,215.248,91.915,24.365
226.939,214.546,93.017,24.902
233.951,213.459,91.714,26.022
236.218,212.649,90.133,26.760
230.211,206.845,90.408,27.236
229.869,207.256,90.389,27.620
203.550,170.659,88.721,29.908
214.641,169.229,86.688,32.562
231.906,167.737,85.816,34.874
237.437,167.327,83.863,36.564
247.750,166.136,79.529,40.933
255.200,172.346,73.628,46.107
261.189,171.157,68.131,50.359
270.789,168.066,61.392,55.632
272.212,166.170,56.839,59.073
272.497,159.430,52.553,62.500
275.697,152.143,49.169,66.095
279.923,129.151,44.698,71.857
283.382,126.940,41.051,77.370
285.243,102.152,38.530,80.871
285.315,93.489,37.203,83.123
258.536,59.239,43.499,76.375
221.857,70.399,47.635,70.517
201.083,82.307,53.074,63.015
198.870,87.270,58.440,56.479
199.203,91.058,63.531,51.449
201.360,94.091,68.356,47.932
204.125,95.825,72.832,45.542
206.095,96.461,76.997,44.539
208.089,96.783,80.281,44.152
207.135,96.656,83.769,43.943
206.617,97.275,87.192,43.899
205.262,97.562,89.884,43.770
203.558,97.724,91.620,43.906
201.628,97.004,93.797,43.914
201.217,96.509,95.503,44.256
198.872,95.803,97.089,44.325
199.135,95.099,98.745,44.717
196.799,95.876,99.479,45.437
194.610,93.863,101.386,45.638
195.227,94.510,102.324,46.087
193.383,94.378,102.496,46.453
192.343,94.016,103.421,46.341
191.122,94.758,103.491,46.557
190.463,93.793,104.184,46.338
191.566,93.774,104.557,46.288
190.181,92.865,104.691,46.473
190.574,92.573,105.144,46.401
190.327,92.562,105.312,46.449
189.317,92.079,105.500,46.472
184.685,93.705,105.924,46.142
182.958,93.729,105.715,46.289
180.812,93.638,105.727,46.382
177.593,93.528,105.364,46.678
173.911,94.029,104.837,46.883
172.006,93.733,104.854,46.915
168.010,93.256,104.532,47.233
164.138,94.705,104.391,47.205
161.056,95.463,104.684,47.406
161.234,95.638,105.309,47.219
152.925,96.486,105.262,47.108
147.171,96.273,104.959,47.207
141.506,96.573,104.440,47.267
133.574,97.646,104.396,47.256
127.937,97.564,104.231,47.467
120.936,98.884,103.859,47.573
113.737,99.462,103.215,47.667
110.383,99.702,102.912,47.598
101.523,101.250,102.738,47.324
96.136,102.985,102.380,47.144
90.824,103.308,102.054,47.073
81.953,104.970,100.806,47.180
76.191,105.432,100.336,47.200
72.610,107.497,100.099,47.383
69.470,108.830,100.016,47.550
69.250,109.765,100.460,47.434
68.224,111.168,101.187,47.323
69.616,111.315,102.162,47.325
70.502,111.579,103.000,47.190
70.775,111.637,103.496,47.132
73.382,111.800,104.130,47.115
74.455,112.268,104.159,46.860
75.533,112.489,104.440,46.598
76.195,111.934,104.911,46.381
77.853,111.488,105.018,46.286
79.929,111.709,105.479,46.234
81.537,110.937,105.577,46.294
83.437,111.006,106.020,46.397
86.281,112.245,106.143,46.512
87.476,112.366,106.116,46.376
88.921,113.345,105.873,46.501
90.536,112.895,106.243,46.558
93.299,114.762,106.618,46.739
93.463,115.206,107.221,46.356
96.441,115.444,107.647,46.361
96.705,116.714,107.632,46.295
100.224,116.252,108.025,46.616
102.200,117.099,107.796,46.827
103.277,117.411,107.922,46.720
105.509,118.195,108.123,46.779
106.971,118.551,108.119,46.719
108.630,119.216,107.855,46.817
108.516,119.740,108.069,46.786
113.112,119.355,107.984,46.750
117.414,118.846,107.352,46.723
120.970,118.207,107.124,46.343
123.684,118.969,106.210,46.006
127.264,119.239,105.493,45.871
131.924,119.407,103.929,45.380
138.934,118.234,100.194,45.955
143.854,117.246,96.604,46.800
153.026,116.761,92.478,47.463
153.247,116.385,90.522,47.653
153.091,114.834,90.152,47.555
153.472,106.937,89.575,47.646
161.559,106.759,88.324,47.525
152.324,99.798,88.636,46.660
141.332,101.541,90.721,44.546
147.613,96.218,91.497,42.160
145.800,98.160,92.174,40.589
131.234,99.996,89.011,40.724
130.705,107.101,86.524,40.954
139.507,101.119,84.662,40.876
137.887,102.364,83.503,40.844
113.019,118.329,83.193,40.753
112.668,118.055,83.625,40.586
112.532,118.221,84.077,40.581
112.255,118.050,85.124,40.872
109.752,117.289,86.378,41.474
109.143,116.976,88.293,41.952
105.786,116.107,89.921,42.120
101.540,115.125,91.803,42.187
98.192,115.129,92.848,42.632
93.460,114.929,93.306,43.052
89.350,113.882,94.049,43.455
86.979,114.054,94.637,44.035
85.385,113.394,95.506,44.301
80.267,113.329,95.723,44.706
78.381,112.480,96.652,45.171
75.339,112.019,97.492,45.454
74.385,111.816,98.253,45.734
72.755,110.821,98.843,46.101
72.919,111.176,99.667,46.138
71.990,111.521,100.232,46.169
71.284,111.219,100.437,46.415
70.185,110.880,100.286,46.650
71.573,110.559,100.954,46.764
70.285,111.187,101.106,46.742
69.037,109.750,101.189,46.998
71.494,110.279,100.564,47.344
69.855,110.307,99.324,47.569
70.213,109.848,98.333,47.570
70.597,110.087,97.598,47.697
72.109,110.590,97.006,47.577
69.578,110.544,96.972,47.446
68.135,109.922,98.358,46.830
63.613,109.135,99.158,46.388
60.041,109.518,100.119,46.371
55.422,108.905,100.690,46.802
50.413,109.463,100.687,46.810
49.620,110.049,100.866,46.567
47.423,110.187,100.617,46.542
45.971,109.892,100.923,46.817
44.582,110.360,101.501,46.922
40.480,109.762,101.771,47.069
33.772,109.719,102.006,46.970
35.186,109.234,103.389,46.994
35.047,109.550,103.988,46.980
33.154,109.314,104.262,46.991
33.815,109.263,104.996,47.190
33.337,109.194,105.657,47.301
33.234,109.451,106.147,47.605
31.861,108.708,106.682,47.723
32.220,108.998,107.098,47.964
31.471,108.972,107.318,48.194
30.681,108.267,107.459,48.274
31.617,108.211,107.580,48.630
30.814,108.331,107.586,48.747
30.636,108.098,108.137,48.735
27.760,109.493,108.456,48.682
29.099,109.498,109.159,48.815
27.945,108.921,109.651,48.844
27.926,109.056,109.954,49.105
28.472,108.819,110.080,49.161
29.539,109.315,110.266,49.214
27.618,109.498,109.945,48.850
30.317,107.945,109.969,49.126
29.983,107.483,109.698,49.429
30.398,106.385,109.807,49.703
30.729,107.110,110.011,49.895
27.611,106.520,109.800,49.786
29.370,106.720,109.899,49.836
27.151,107.343,109.545,49.448
28.310,107.776,109.870,49.009
26.696,108.731,109.220,48.771
25.330,108.658,108.568,48.588
27.000,108.939,107.661,48.499
23.960,108.400,106.248,48.287
24.579,109.647,105.653,47.995
24.351,109.261,105.136,47.742
26.668,108.676,104.965,47.595
24.966,109.209,104.676,47.533
23.981,109.546,104.881,47.326
23.883,109.684,104.973,47.134
21.833,110.014,104.624,47.113
21.161,110.211,104.233,47.056
21.747,110.033,104.070,47.092
19.239,112.089,103.694,46.854
19.652,110.804,103.713,46.695
19.297,112.037,103.281,46.708
20.231,111.019,102.873,46.628
18.940,112.072,102.407,46.437
15.791,113.162,101.822,46.184
20.453,111.862,101.824,46.317
21.102,112.316,101.206,46.438
22.504,112.516,100.940,46.243
25.908,113.779,100.365,46.149
27.396,114.549,99.938,45.846
29.403,115.297,99.268,45.800
31.415,115.092,99.005,46.101
33.168,114.541,99.072,46.579
34.267,114.093,98.865,46.947
37.026,112.599,99.239,47.378
38.263,113.004,99.079,47.547
39.252,112.849,99.337,47.544
43.464,112.244,99.471,48.003
43.704,111.909,99.662,48.067
47.194,111.295,100.136,48.488
47.548,112.181,100.508,48.670
48.334,111.361,100.301,48.861
51.138,111.815,100.791,48.986
51.481,112.404,100.785,48.948
54.224,112.192,100.762,49.130
54.714,112.852,100.996,49.106
56.262,113.122,100.783,48.986
58.553,112.914,100.379,48.875
59.971,113.653,100.080,48.659
61.189,113.467,99.715,48.657
63.076,113.966,99.912,48.681
63.476,113.163,99.806,48.723
66.436,113.154,99.717,48.890
66.390,113.081,99.309,48.883
69.983,112.672,99.417,49.117
70.144,112.459,99.038,49.019
71.779,112.355,98.926,49.124
72.618,113.342,98.941,49.247
72.901,112.643,98.930,49.531
74.971,113.095,99.243,49.616
74.421,113.224,99.107,49.348
78.370,113.914,99.676,49.255
77.968,113.928,99.461,48.834
79.023,114.095,99.754,48.666
80.757,114.708,99.955,48.829
80.720,114.202,99.678,48.831
83.368,114.570,100.222,48.896
84.220,114.987,100.537,48.896
85.873,115.066,100.127,48.913
86.953,115.000,100.101,48.911
88.569,116.061,100.142,49.195
88.731,116.556,100.456,49.265
90.646,116.542,101.024,49.082
91.740,117.201,101.316,48.728
92.253,117.512,101.641,48.530
93.678,117.893,102.381,48.375
93.767,118.194,102.565,48.439
95.723,119.359,103.338,48.686
96.041,118.799,103.928,48.685
97.270,118.774,104.373,48.689
99.654,119.380,104.965,48.687
100.770,119.961,104.940,48.655
102.877,119.383,104.479,48.652
105.039,120.076,104.255,48.660
105.041,121.310,104.079,48.545
106.392,121.593,104.166,48.263
107.532,122.215,104.073,48.235
108.658,122.690,104.477,48.101
111.721,123.209,104.897,48.060
110.463,124.372,104.980,48.074
111.978,123.840,105.140,48.179
112.256,123.483,105.047,48.203
112.306,123.716,105.506,48.419
114.656,124.185,106.317,48.674
114.860,124.541,106.794,48.920
