122.000,51.000,51.000,61.000
122.269,51.602,50.762,59.644
122.561,52.339,50.508,58.849
123.015,53.375,50.329,58.526
122.956,53.746,50.085,58.009
122.537,55.401,49.928,57.646
122.909,56.763,49.794,57.426
122.884,58.003,49.516,57.114
123.229,58.658,49.399,56.858
122.940,58.874,49.174,56.700
122.769,59.265,49.218,56.476
122.458,59.776,49.037,56.495
122.636,60.154,49.044,56.264
122.544,60.649,48.922,56.135
122.340,61.031,48.770,56.076
122.829,60.513,48.851,55.809
122.726,61.382,48.596,55.921
122.384,61.693,48.420,55.942
121.976,61.421,48.565,55.897
122.389,62.382,48.445,55.832
121.975,62.670,48.359,55.727
121.632,62.614,48.394,55.651
121.849,62.928,48.403,55.576
121.422,62.983,48.003,55.713
121.569,63.243,48.295,55.664
121.184,63.440,48.191,55.718
121.023,63.893,48.027,55.573
120.634,64.013,48.156,55.549
120.483,64.162,48.317,55.472
120.286,63.753,48.369,55.386
120.149,64.060,48.391,55.427
119.427,62.616,48.341,55.056
117.388,62.295,48.634,54.681
116.484,62.122,48.629,54.468
115.102,60.767,48.708,54.169
113.666,59.498,48.927,54.087
111.182,58.905,49.566,53.914
110.301,58.763,50.045,53.603
109.598,58.082,50.191,53.401
108.683,58.209,50.362,53.339
108.845,57.678,50.217,53.186
109.193,57.734,49.919,53.147
109.691,57.185,49.576,52.914
110.886,56.438,49.619,52.681
111.680,56.230,49.605,52.484
112.595,55.952,49.472,52.137
114.171,55.318,49.337,51.695
114.791,55.336,49.264,51.333
115.368,54.852,49.354,51.060
115.166,55.546,49.240,50.995
116.522,55.829,48.902,51.024
116.970,57.455,48.831,51.280
117.783,58.840,48.629,51.628
116.469,60.278,48.834,52.180
117.136,63.060,48.516,53.061
117.584,65.151,48.132,53.968
117.811,66.616,48.131,54.239
118.185,68.795,47.977,54.526
116.917,70.249,48.026,54.595
117.461,71.728,48.174,54.249
117.241,75.009,48.259,53.594
116.872,76.536,48.283,53.532
116.782,79.856,48.207,53.146
116.697,81.887,48.795,52.820
116.494,83.443,49.444,52.448
116.379,84.187,49.775,52.432
115.873,85.030,50.081,52.245
115.813,85.588,50.423,52.276
116.349,86.286,50.822,52.086
116.979,87.023,51.095,51.735
117.445,87.953,51.322,51.490
118.808,87.454,51.466,51.898
120.547,87.952,51.375,51.993
123.031,87.626,51.065,52.264
124.664,87.253,51.035,52.634
125.701,85.510,50.659,53.150
124.744,82.759,50.837,53.746
124.751,80.124,51.022,54.051
123.441,77.609,51.122,54.658
123.215,76.606,51.292,54.903
123.045,73.893,51.466,55.276
123.331,72.234,51.454,55.403
122.314,70.686,51.775,55.286
123.192,69.981,51.632,55.113
122.677,68.826,51.765,55.075
123.034,68.601,51.572,54.972
123.253,67.811,51.438,54.958
122.688,67.873,51.513,54.773
122.871,67.466,51.276,55.027
121.360,65.548,51.421,54.804
122.131,64.901,51.274,54.859
121.246,63.957,51.345,54.641
120.127,61.916,51.711,54.766
119.132,60.376,52.013,54.536
116.882,58.966,51.874,54.207
116.004,58.297,51.573,53.987
114.391,57.406,51.445,53.401
112.268,56.660,51.748,53.043
109.976,56.030,51.669,52.844
109.102,56.830,51.103,52.701
108.753,56.214,50.569,52.534
107.611,56.801,50.284,52.261
107.524,56.809,49.941,52.203
107.094,56.857,49.662,52.012
106.458,56.357,49.344,51.893
105.656,55.640,49.198,51.677
106.344,56.379,48.805,51.609
106.354,55.321,48.593,51.308
106.192,55.574,48.340,51.160
107.090,55.875,47.997,50.955
108.683,56.437,47.653,50.838
108.926,56.617,47.531,50.976
110.240,56.386,47.336,51.453
110.976,56.940,47.353,51.867
110.138,57.576,47.558,52.327
111.185,58.992,47.516,52.614
111.990,60.796,47.593,53.051
112.974,62.443,47.728,53.579
113.744,63.579,47.838,54.048
113.171,63.480,47.916,54.328
113.351,65.367,47.948,54.539
113.267,66.257,48.095,54.336
112.771,66.604,48.318,54.558
113.977,67.555,48.381,54.703
114.118,68.635,48.560,54.878
115.476,68.650,48.512,55.087
114.673,69.234,48.826,54.939
114.974,68.567,48.964,55.032
114.206,68.121,48.984,55.026
114.627,68.643,48.976,54.924
113.930,67.100,48.673,55.335
114.142,67.801,48.673,55.398
114.397,66.746,48.463,55.488
114.617,67.372,48.489,55.339
115.093,66.849,48.340,55.268
115.058,68.636,48.332,55.189
115.379,67.779,48.192,55.422
115.000,68.477,48.430,55.449
113.543,67.253,48.597,55.459
113.674,68.437,48.718,55.602
112.450,67.498,48.976,55.566
111.398,67.279,49.173,55.557
111.012,66.418,49.321,55.286
109.205,66.208,49.409,54.996
107.646,65.582,49.622,54.587
106.346,65.954,49.877,54.543
105.523,65.717,50.331,54.191
104.530,65.399,50.559,53.932
104.793,65.960,50.419,53.985
105.399,66.108,50.177,53.879
105.888,65.516,49.930,53.938
106.527,66.040,49.794,54.085
106.520,66.178,49.674,54.250
106.570,66.886,49.558,54.855
107.570,67.887,49.408,55.271
107.460,67.490,49.660,55.413
107.476,68.153,49.495,55.677
108.250,68.875,49.439,55.748
108.065,68.324,49.561,55.889
107.729,68.738,49.425,55.962
108.594,67.906,49.527,56.460
107.752,67.478,49.685,56.745
107.635,67.831,49.661,56.942
107.851,67.216,49.530,57.141
108.049,67.514,49.368,57.371
108.154,67.099,49.346,57.351
108.153,67.072,49.196,57.568
108.273,67.142,49.153,57.526
108.460,67.129,49.122,57.603
107.423,67.425,49.120,57.642
107.900,66.202,49.100,57.936
108.025,66.580,49.042,57.997
107.170,65.954,49.090,57.504
107.088,66.195,49.179,57.456
106.685,65.975,49.185,57.215
106.421,64.974,49.067,56.890
106.369,64.837,48.912,56.634
105.624,65.165,48.685,56.244
105.767,64.447,48.614,55.834
105.465,64.935,48.207,55.593
104.995,64.452,47.973,54.968
105.114,64.456,47.667,54.806
105.533,64.770,47.301,54.523
105.537,65.519,47.007,54.193
105.226,66.021,46.718,53.770
105.955,66.619,46.365,53.513
105.966,67.088,46.063,53.244
106.054,66.812,45.814,52.716
106.642,67.118,45.514,52.463
106.594,67.429,45.170,51.997
106.521,67.587,44.912,51.508
107.138,68.253,44.513,51.244
107.877,68.088,44.287,50.990
107.831,68.311,44.035,50.540
108.008,68.298,43.921,50.252
109.543,68.897,43.639,49.885
109.636,69.654,43.518,49.556
110.190,70.587,43.528,49.378
110.397,70.812,43.248,49.068
110.210,70.793,43.137,48.671
110.708,71.385,43.370,48.242
110.958,71.906,43.328,48.166
111.422,73.553,43.312,47.850
111.778,74.333,43.299,47.564
112.005,74.184,43.264,47.114
111.267,74.412,43.516,47.135
111.725,75.925,43.414,46.940
112.261,75.983,43.365,46.585
112.153,75.617,43.554,46.339
111.979,76.547,43.709,46.147
111.419,76.887,43.967,46.002
110.779,77.229,44.046,45.771
110.843,76.850,44.063,45.256
110.619,77.609,44.015,45.105
110.541,77.051,44.014,44.731
110.596,77.154,43.763,44.588
110.867,77.864,43.591,44.393
110.995,76.947,43.523,44.055
110.429,77.202,43.352,43.996
110.018,77.057,43.168,43.596
110.024,77.010,42.943,43.243
110.079,77.301,42.592,42.928
109.852,76.938,42.521,42.650
109.813,77.069,42.268,42.377
109.691,76.084,41.954,42.154
108.578,76.489,41.727,41.779
108.396,76.052,41.506,41.621
108.269,75.843,41.338,41.318
108.244,75.747,41.080,41.064
107.696,76.146,40.749,40.849
107.341,74.852,40.622,40.856
107.043,75.792,40.431,40.595
107.200,75.159,40.231,40.662
107.575,75.965,39.866,40.658
107.691,76.658,39.605,40.683
108.114,77.011,39.518,40.779
108.326,77.088,39.520,41.049
108.031,76.871,39.575,41.392
108.153,77.242,39.857,41.363
107.466,77.844,40.296,41.352
106.956,77.823,40.615,41.633
107.179,77.145,40.719,42.104
106.811,76.921,41.046,42.447
106.731,76.456,41.244,43.070
107.065,76.920,41.510,43.356
107.180,75.844,41.728,44.030
106.992,75.794,42.176,44.219
106.900,76.104,42.497,44.200
107.323,76.244,42.648,44.223
106.039,76.424,43.013,44.252
106.633,76.112,43.294,44.280
106.414,76.003,43.468,44.372
105.478,74.439,43.667,44.746
105.873,72.938,43.752,45.061
105.639,71.611,44.095,45.164
105.123,70.555,44.401,45.165
105.307,69.404,44.687,45.045
105.280,68.097,44.833,44.946
105.282,66.257,45.068,44.895
105.301,64.576,45.138,44.730
105.275,62.881,45.174,44.641
104.971,60.842,45.323,44.760
104.244,58.863,45.363,44.927
104.592,57.086,45.241,45.163
104.846,54.623,45.186,45.504
104.226,53.118,45.244,45.719
103.928,52.110,45.218,45.872
103.774,50.877,45.154,46.024
104.602,48.789,44.782,46.446
104.061,48.095,44.907,46.752
104.280,46.669,44.855,47.216
104.229,46.789,44.864,47.356
104.781,46.526,44.918,47.530
105.727,46.411,44.948,47.657
106.703,46.907,45.024,47.583
107.182,48.455,45.255,47.423
108.293,49.333,45.468,47.073
108.704,51.549,45.680,46.976
109.712,51.698,45.725,46.939
110.731,52.737,45.536,47.169
111.459,53.535,45.471,47.435
112.923,55.205,45.132,47.853
114.047,55.910,45.017,48.091
113.692,56.136,45.051,48.301
114.793,56.078,44.754,48.762
115.085,56.747,44.810,48.907
116.211,57.164,44.584,48.973
115.743,57.171,44.689,49.143
116.427,57.536,44.544,49.609
117.007,58.089,44.507,50.046
118.144,59.571,44.662,50.197
118.294,60.189,44.987,50.483
118.210,62.332,45.308,50.489
118.169,63.648,45.919,50.722
118.776,65.208,46.348,50.856
118.781,66.511,46.597,50.960
118.362,68.109,46.663,51.350
118.742,69.307,46.856,51.466
118.341,70.774,46.872,51.637
118.408,72.158,47.175,51.761
118.034,73.431,47.229,51.792
116.747,75.410,47.449,51.516
117.014,76.698,47.558,51.118
116.129,77.576,47.827,50.832
114.497,79.357,47.875,50.570
114.434,80.094,47.855,50.316
114.229,80.638,47.612,50.565
113.574,80.852,47.495,51.187
113.264,80.810,47.375,51.790
113.081,80.585,46.997,52.462
112.898,80.531,46.674,52.999
113.165,79.774,46.249,53.762
113.298,79.574,46.226,54.473
112.995,79.277,46.547,54.772
112.259,78.456,46.622,54.984
111.962,77.862,46.818,55.283
111.482,77.379,46.821,55.388
110.988,76.454,47.199,55.559
108.879,75.209,47.697,55.786
107.560,75.034,48.203,56.142
106.032,74.250,48.563,56.320
104.193,73.149,48.751,56.536
102.688,72.828,48.889,56.623
101.267,72.170,48.972,56.720
99.764,70.940,48.882,56.814
97.650,69.826,48.865,56.832
95.939,68.731,48.831,56.628
95.385,68.641,48.785,56.088
94.086,68.243,48.992,55.512
92.510,67.944,49.179,55.134
91.123,67.532,49.265,54.980
89.722,67.253,49.437,54.657
88.497,67.304,49.634,54.312
87.056,66.839,49.766,54.013
86.078,66.584,49.990,53.793
85.468,67.103,49.923,53.681
84.523,66.727,50.052,53.333
82.920,67.238,50.024,52.932
81.779,67.842,50.071,52.493
80.001,68.045,50.063,52.323
78.247,67.819,50.209,52.157
76.961,68.387,50.248,51.802
75.680,68.306,50.180,51.685
74.258,68.226,50.241,51.614
73.367,68.334,50.251,51.430
72.217,68.234,50.207,51.430
70.800,67.841,50.078,51.515
69.080,67.531,50.202,51.556
67.989,67.747,49.995,51.558
66.858,67.748,50.156,51.270
65.268,67.734,50.215,51.128
63.181,68.091,50.605,51.004
62.365,67.647,50.827,50.658
61.269,68.386,51.100,50.500
59.286,68.596,51.516,50.300
57.983,68.505,51.520,50.226
56.480,67.958,51.628,50.223
55.532,67.538,51.660,50.306
54.457,66.946,51.608,50.492
53.713,66.516,51.657,50.467
53.613,66.525,51.189,50.483
53.597,66.408,50.862,50.335
53.132,65.854,50.541,50.222
54.025,64.524,50.269,50.231
54.799,63.022,50.097,50.100
56.828,62.218,49.653,50.005
58.925,61.368,49.287,49.928
59.945,61.116,48.940,49.822
60.986,59.915,48.812,49.915
62.827,59.730,48.321,50.030
64.214,57.723,48.155,50.409
65.609,56.494,47.964,50.836
66.811,54.474,47.861,51.371
67.705,52.160,47.791,51.698
69.265,50.258,47.660,51.837
69.817,48.857,47.540,52.035
71.778,48.223,47.380,51.769
73.462,46.631,47.387,51.728
75.008,45.480,47.083,51.948
75.933,44.662,46.935,52.125
78.817,43.308,47.060,52.141
80.709,42.767,47.215,51.995
82.396,41.535,47.444,51.841
84.007,41.356,47.656,51.970
86.310,40.607,47.643,51.973
87.677,40.897,47.661,52.440
89.131,40.762,47.788,52.689
90.936,40.808,47.913,52.792
93.133,42.070,47.640,52.999
95.124,43.022,47.507,53.019
96.641,44.033,47.487,52.963
97.594,45.472,47.449,52.754
99.103,46.498,47.353,52.728
99.941,47.953,47.378,52.763
100.870,50.011,47.490,52.955
102.259,51.579,47.531,53.112
102.650,52.132,47.537,53.511
104.002,54.322,47.554,53.979
104.536,56.201,47.746,54.541
104.658,58.511,47.849,55.030
104.713,60.555,47.852,55.506
105.447,62.846,48.105,55.949
105.961,65.123,48.166,56.480
105.987,66.671,48.602,56.965
106.149,68.664,48.882,57.520
106.135,71.688,48.951,57.447
106.113,73.796,48.980,57.650
106.477,75.809,48.989,57.492
106.908,77.573,48.905,57.400
107.497,80.658,48.666,57.167
107.938,82.876,48.476,56.915
107.830,85.605,48.142,56.858
107.852,88.134,47.667,56.600
107.837,91.217,47.295,56.045
107.595,93.461,46.909,55.415
107.303,96.357,46.838,54.412
107.939,99.908,46.769,53.347
107.799,102.194,46.664,52.479
107.463,105.239,46.562,51.796
106.714,107.790,46.593,51.068
106.288,109.257,46.517,50.764
105.803,109.582,46.250,50.706
106.208,110.484,46.368,50.978
106.110,111.062,46.405,51.390
105.892,117.391,46.480,51.705
106.277,117.746,46.745,52.088
106.290,123.596,47.174,52.228
106.279,123.889,47.612,52.438
105.579,128.919,48.305,51.839
105.702,128.701,48.884,51.585
105.451,128.827,49.175,51.527
105.526,129.158,49.254,51.609
105.036,134.867,49.606,50.829
105.550,134.825,49.610,50.568
105.790,136.264,49.500,50.212
105.528,137.406,49.599,49.508
105.068,142.540,49.754,48.733
104.928,142.592,49.507,48.051
104.128,143.090,49.232,47.474
104.013,144.718,48.914,46.981
103.835,146.416,48.607,46.256
103.668,147.307,48.414,45.744
103.377,148.626,48.292,45.349
102.372,153.476,48.361,44.894
102.095,153.534,48.361,44.644
101.919,154.123,48.429,44.443
101.000,155.267,48.647,44.198
100.497,156.460,48.893,43.856
99.631,157.265,49.127,43.453
98.247,158.012,49.400,43.025
97.454,158.192,49.827,42.695
96.572,158.457,50.110,42.451
95.595,159.435,50.042,42.062
94.215,161.772,51.855,39.768
93.639,162.918,52.927,38.129
92.454,163.638,53.824,37.092
91.281,160.806,52.948,38.387
90.916,161.343,53.721,37.272
87.013,156.981,52.023,39.085
87.960,153.390,51.240,40.146
88.638,150.105,50.703,41.245
89.021,146.332,50.783,41.774
89.763,142.420,50.863,42.275
90.030,138.307,50.684,42.876
90.656,130.404,50.149,44.048
90.895,127.599,50.020,45.130
91.084,124.900,50.162,45.898
90.447,127.906,50.585,46.374
90.237,123.667,51.343,47.209
90.197,118.925,51.881,47.960
90.592,114.172,52.259,48.612
90.846,109.076,52.661,48.985
92.078,105.745,53.142,49.307
93.166,103.449,53.424,49.316
93.636,102.113,53.447,49.407
94.349,100.632,53.353,49.682
95.101,99.063,53.300,49.857
95.917,97.731,52.759,50.346
96.407,96.302,52.338,50.780
98.013,94.928,51.782,51.457
99.532,94.229,50.913,52.173
101.006,93.599,50.231,52.984
102.310,93.189,49.642,53.463
103.416,94.253,49.002,53.978
105.820,94.057,48.287,53.797
107.550,94.363,47.655,53.779
109.415,94.010,47.379,53.652
111.149,93.696,47.225,53.437
112.659,93.665,47.246,53.188
113.514,93.499,47.758,52.919
114.364,93.648,48.310,52.654
115.487,92.936,48.859,52.035
116.944,92.909,49.621,51.482
118.524,92.275,49.906,51.145
121.239,92.066,50.205,50.863
123.922,92.406,50.504,50.839
126.684,92.119,50.336,51.003
129.293,91.622,50.214,51.227
130.542,90.144,50.189,51.520
132.140,89.624,50.095,51.663
134.885,89.601,49.976,51.602
136.302,89.345,49.991,51.387
138.001,88.540,49.578,51.530
140.468,88.938,48.873,51.583
143.312,88.871,48.392,51.740
145.035,89.083,48.082,51.471
146.902,90.183,47.691,51.423
149.107,91.024,47.303,51.374
151.744,92.438,47.045,51.465
152.855,93.990,47.031,51.452
153.935,96.070,47.154,51.100
155.083,97.535,47.374,51.025
155.756,99.428,47.274,51.410
156.920,100.800,46.775,51.620
157.965,102.474,46.206,51.741
158.304,104.052,45.659,52.478
159.498,105.562,45.464,52.908
161.095,106.760,45.171,53.350
162.460,108.302,44.433,53.361
164.671,109.180,43.588,53.059
167.361,109.734,42.733,52.169
168.185,109.736,41.975,51.146
169.168,108.759,41.699,50.340
170.079,106.796,41.933,49.661
169.975,104.424,42.326,49.416
169.945,101.892,42.587,49.543
170.147,99.267,42.941,49.342
169.757,96.663,43.422,49.118
169.743,93.789,43.996,48.771
169.643,90.803,44.614,48.333
169.600,88.340,45.379,47.544
169.705,86.048,46.084,46.971
169.331,83.490,46.468,46.822
169.939,80.360,46.463,47.094
170.344,77.826,46.508,47.523
170.374,74.074,46.532,47.940
170.783,71.134,46.344,48.255
171.556,68.048,46.556,48.703
172.467,64.417,46.714,49.134
173.251,61.322,46.836,49.500
172.934,57.962,47.019,49.496
173.335,55.369,47.323,49.666
174.365,53.096,47.366,49.865
174.064,51.629,47.055,49.717
173.936,50.402,46.787,49.489
173.494,50.813,46.498,49.034
171.561,51.917,46.266,48.697
170.186,52.619,46.464,48.805
168.342,53.585,46.527,48.861
166.737,55.424,46.546,48.663
164.935,57.198,46.899,48.520
163.350,59.262,47.220,48.314
161.143,61.114,47.365,48.605
159.198,62.210,47.450,49.233
156.325,63.555,47.322,49.618
154.411,65.740,46.783,50.149
152.318,67.491,46.519,49.933
150.227,68.400,46.122,50.116
148.264,68.872,45.987,50.315
146.706,68.709,45.859,50.502
144.428,68.347,45.663,50.461
142.675,68.465,45.559,50.690
141.131,68.673,45.887,50.962
137.722,68.237,46.493,51.155
136.187,69.118,46.848,51.053
133.505,69.886,47.174,51.092
130.968,71.859,47.553,51.148
129.393,73.779,48.202,51.124
128.650,75.568,49.008,51.027
127.089,76.650,49.953,50.815
125.967,75.979,50.384,51.239
126.876,74.537,50.712,51.838
129.475,73.666,50.742,52.571
132.286,73.112,51.201,53.372
135.025,72.355,50.850,53.871
136.865,71.828,50.483,54.026
139.028,71.855,50.369,54.387
140.032,71.557,50.076,54.246
141.576,71.187,50.194,53.890
142.413,70.965,50.697,53.672
142.681,70.803,51.086,53.684
141.743,70.741,51.566,53.722
140.357,69.414,51.585,53.801
139.580,69.371,51.187,54.111
138.453,70.037,50.913,54.388
137.120,70.583,50.505,54.906
135.939,71.774,50.007,55.461
133.462,73.256,49.857,55.731
131.389,75.697,49.662,55.691
131.181,78.352,50.234,55.027
129.498,80.498,50.681,54.798
125.920,81.492,51.228,54.610
122.949,83.536,51.996,54.197
119.785,84.079,53.276,53.568
118.148,85.862,54.043,52.845
117.065,87.811,54.763,52.049
115.306,90.019,55.193,51.653
114.145,92.380,55.484,51.209
113.140,94.887,55.930,50.448
112.960,96.626,56.551,49.643
113.141,98.585,57.058,48.903
112.439,100.439,57.844,48.186
112.008,103.729,58.382,47.712
111.245,105.343,58.961,47.756
111.932,107.147,59.385,48.250
112.984,108.333,59.527,49.352
113.688,108.451,59.477,50.006
114.095,108.528,58.790,50.834
114.357,108.736,58.035,51.836
114.001,108.684,57.397,52.659
113.018,108.839,56.760,53.063
109.017,107.538,55.818,54.283
110.536,106.765,55.658,54.856
110.660,107.046,55.718,54.684
110.211,106.933,56.043,54.856
106.429,106.253,55.660,55.568
107.984,106.363,55.741,55.777
107.053,114.252,55.125,56.066
105.433,115.529,54.951,56.059
104.276,116.634,54.484,56.313
102.768,115.689,53.898,57.194
103.004,114.476,53.547,57.324
102.935,112.752,53.404,56.638
102.232,110.052,53.213,55.845
101.639,108.455,53.145,54.623
101.657,106.802,53.381,53.164
101.462,104.857,53.267,51.888
100.821,103.513,52.840,51.061
100.142,101.345,52.378,50.743
99.727,100.134,52.191,50.309
99.554,98.355,52.064,50.301
99.322,96.322,51.751,50.837
99.201,94.490,51.021,51.305
99.380,91.809,50.300,51.736
99.992,89.944,49.896,52.034
100.761,87.709,50.143,52.456
100.587,85.349,50.611,53.334
101.325,81.874,50.706,54.453
100.469,78.803,51.480,55.371
99.798,75.402,52.005,56.131
100.291,73.422,52.315,56.268
99.972,70.488,52.785,56.592
99.592,68.893,53.285,56.794
98.410,66.768,53.730,57.174
97.916,64.854,54.045,57.302
97.541,62.712,54.328,57.440
96.612,61.948,54.331,57.452
94.589,60.991,54.123,57.169
92.866,59.529,54.275,57.120
90.786,58.720,54.524,56.887
88.560,57.709,54.948,56.719
87.128,56.884,55.166,56.320
85.716,55.692,54.960,56.038
84.690,55.137,54.382,55.819
84.153,53.344,53.843,55.885
83.444,53.350,53.372,55.960
82.065,52.589,53.438,55.786
81.710,52.603,52.958,56.056
81.291,52.658,52.689,56.089
80.698,53.801,52.514,55.794
79.709,55.227,52.294,55.580
78.928,56.012,52.052,55.160
78.298,57.073,51.689,54.605
77.912,59.497,50.957,54.136
77.588,60.786,50.306,54.048
77.317,60.951,49.697,54.110
76.724,61.767,49.556,53.760
76.566,63.295,49.461,53.178
76.146,65.122,49.255,52.384
74.815,67.067,49.227,51.652
74.145,68.281,48.956,51.038
72.910,70.614,48.799,50.262
72.614,72.032,48.713,49.485
72.067,74.442,48.518,48.975
72.295,76.655,48.790,48.291
72.374,78.840,48.874,47.757
72.776,80.738,49.174,47.038
73.403,82.661,49.452,46.602
73.552,85.405,49.588,46.264
75.071,85.718,50.121,45.900
74.937,85.537,50.548,45.520
76.446,83.830,50.800,45.352
79.243,81.330,50.388,45.268
81.248,78.459,50.393,45.324
82.837,76.602,50.237,45.319
84.744,74.156,49.859,45.772
86.832,71.438,49.999,46.553
88.961,68.905,50.039,47.143
91.691,67.160,50.297,47.728
94.438,65.001,50.618,48.374
96.771,63.232,51.074,49.003
99.251,61.647,51.682,49.678
100.224,61.012,52.317,50.475
101.420,60.449,52.697,51.612
100.849,59.591,53.336,53.064
100.212,58.207,53.871,53.895
101.053,57.582,54.047,54.735
101.024,56.015,54.226,55.283
100.302,54.677,54.253,55.755
100.018,53.558,54.127,55.966
99.515,52.480,54.120,55.867
99.787,51.672,53.901,55.852
99.077,50.340,53.766,55.957
98.931,49.366,53.623,56.078
98.637,47.664,53.487,56.173
99.414,46.251,53.179,55.998
97.661,44.483,52.785,56.067
97.781,43.241,52.418,56.012
97.764,42.620,52.362,55.603
95.914,43.002,52.249,55.351
94.429,42.586,52.129,55.130
94.223,42.650,51.923,55.148
92.958,42.823,51.535,55.022
91.376,42.522,51.390,54.612
89.699,41.854,51.501,54.364
87.343,41.049,51.691,54.254
85.584,40.513,51.640,54.060
84.285,39.861,51.607,53.987
82.632,38.877,51.512,53.999
81.970,36.433,51.416,54.177
80.851,33.722,51.150,54.674
79.550,31.094,51.108,55.203
78.455,29.297,50.913,55.558
77.748,27.819,50.729,55.621
76.504,26.981,50.727,55.358
75.119,26.155,50.677,55.007
74.209,26.851,50.529,54.302
73.313,26.257,50.693,53.464
72.304,27.479,50.542,52.602
71.787,28.227,50.580,52.215
71.935,27.803,50.161,52.210
71.968,28.409,49.694,52.304
73.024,27.693,49.216,52.544
74.015,28.803,48.457,53.223
75.025,29.918,47.918,53.497
76.114,31.049,47.505,53.975
77.166,31.902,47.247,54.546
77.925,35.014,47.202,54.506
79.019,38.082,47.298,54.014
80.619,41.077,47.481,53.590
81.588,44.532,47.807,52.883
82.701,47.718,48.089,52.182
83.950,50.439,48.234,51.626
85.130,51.684,48.369,51.446
86.674,52.378,48.399,51.364
88.123,52.320,48.644,51.223
89.772,52.756,48.489,51.304
91.717,52.641,48.580,51.305
93.796,52.276,48.551,51.321
96.079,50.998,48.599,51.533
98.487,49.556,48.475,51.968
100.767,48.133,48.501,52.263
102.857,46.533,48.374,52.404
105.503,44.260,48.091,52.446
107.335,42.675,47.941,52.605
109.405,41.497,47.697,52.682
111.779,40.074,47.417,52.551
114.968,38.888,47.081,52.578
116.944,36.515,46.747,52.374
119.504,36.414,46.304,51.892
121.107,36.431,45.795,51.409
122.976,35.066,45.736,50.981
124.904,34.373,45.548,50.527
127.106,34.725,45.486,50.012
128.719,33.659,45.320,49.547
130.946,34.016,44.971,49.235
133.081,33.347,44.593,49.059
135.802,33.046,44.337,48.857
137.881,33.285,44.115,48.778
139.372,32.494,43.798,48.902
141.056,32.834,43.377,49.081
143.563,31.707,42.897,49.461
145.234,31.296,42.595,49.833
147.815,30.507,42.335,50.282
149.964,30.431,42.077,50.781
151.349,30.568,42.089,50.995
153.676,31.348,42.164,51.339
155.684,32.193,42.342,51.373
157.259,33.518,42.435,51.349
159.022,34.931,42.598,51.318
160.230,36.489,43.031,51.116
161.076,37.938,43.439,50.852
161.905,39.399,43.801,50.736
162.843,41.214,44.103,50.746
163.371,42.591,44.526,50.549
164.918,45.337,45.174,50.255
165.568,47.584,45.606,49.857
166.689,48.214,45.800,49.809
166.864,50.820,46.199,49.457
167.244,51.903,46.461,49.343
167.958,53.984,46.818,49.072
167.948,55.718,46.855,48.709
168.005,57.685,46.917,48.638
168.488,58.622,46.884,48.689
168.345,59.658,46.815,48.919
167.987,60.330,46.842,49.014
167.053,61.161,46.889,48.968
166.046,61.823,47.104,48.980
164.518,62.214,47.046,48.956
162.754,62.596,46.960,49.061
161.017,61.566,46.948,49.274
159.763,61.455,47.122,49.489
158.518,61.284,47.138,49.809
156.732,60.160,47.396,49.785
156.855,60.090,47.254,49.971
155.642,59.557,47.122,49.776
153.711,59.519,47.081,49.675
152.105,60.008,46.973,49.537
148.775,60.369,46.567,49.597
146.248,60.631,46.275,49.733
144.012,61.551,46.027,50.066
140.966,61.869,45.979,50.211
138.431,62.328,46.040,50.441
135.763,61.990,46.234,50.658
132.699,62.567,46.916,50.815
129.621,63.964,47.895,50.792
126.141,64.057,49.170,51.077
123.064,65.455,49.682,51.449
119.189,67.131,49.806,51.680
114.942,68.227,49.910,51.820
113.003,68.523,50.139,52.099
110.479,68.766,50.230,52.260
108.497,69.407,50.093,52.661
106.353,69.921,50.286,52.841
104.633,70.674,50.642,52.915
102.157,72.363,50.786,53.261
100.508,74.476,51.127,53.179
98.123,76.046,51.656,53.108
96.580,76.848,51.615,53.014
94.754,77.699,51.711,53.170
93.337,77.242,51.517,53.245
91.202,78.203,51.261,53.175
90.783,78.181,51.000,52.872
90.816,79.087,50.740,52.650
91.194,80.995,50.662,52.431
91.044,82.650,50.632,52.731
92.649,85.039,50.195,52.859
92.943,88.586,49.905,52.949
93.284,95.667,49.927,52.545
94.646,98.991,49.862,51.891
95.634,102.644,50.178,50.467
96.048,105.874,50.688,49.382
96.500,107.295,51.050,48.802
97.152,108.921,51.324,48.646
97.235,111.016,51.301,48.913
97.787,117.687,50.912,49.834
98.958,118.509,50.747,50.601
98.955,125.461,50.880,50.690
99.327,126.892,51.133,50.285
99.302,128.434,51.303,49.688
98.839,129.943,51.249,49.072
98.945,129.973,51.212,48.899
98.679,129.023,51.057,49.377
98.982,126.100,50.673,50.580
98.311,121.504,50.261,52.351
97.387,116.133,50.383,53.273
95.939,106.926,50.768,53.022
94.116,103.088,50.956,53.345
93.393,98.393,51.028,53.982
92.781,93.354,50.936,54.734
91.169,88.567,51.148,55.017
90.075,83.391,51.323,55.244
90.994,78.439,51.620,55.267
89.825,75.217,51.669,55.140
90.835,72.353,51.507,55.414
91.035,69.629,51.260,55.606
92.489,67.632,51.339,55.716
93.915,67.012,51.702,55.639
96.242,66.797,52.041,55.814
98.756,65.797,52.849,55.641
100.751,66.227,53.304,55.720
103.736,65.640,54.114,55.558
105.709,65.940,54.599,55.574
108.275,66.125,55.003,55.473
110.571,66.399,55.226,55.302
113.071,66.841,55.198,55.190
114.898,66.902,55.283,54.845
116.027,67.746,55.083,54.613
117.154,68.105,54.987,54.515
118.926,68.308,55.194,54.424
119.867,67.647,55.612,54.318
120.726,67.401,55.868,54.212
120.981,67.118,55.983,54.322
121.157,66.925,56.020,54.233
119.152,66.542,55.930,54.269
117.734,67.681,55.738,54.603
116.022,68.567,55.817,55.004
113.835,68.993,55.632,55.453
111.770,69.320,55.248,55.788
109.938,69.196,54.569,56.048
107.761,69.699,54.115,56.477
105.666,69.852,53.508,56.660
103.523,69.723,53.115,56.887
101.589,69.729,52.766,56.920
100.124,71.036,52.800,56.248
97.770,71.809,52.682,55.753
96.463,73.423,52.296,55.081
94.920,74.956,51.961,54.730
93.145,75.709,51.854,54.343
91.596,76.403,51.848,54.142
90.061,77.650,51.706,54.008
89.682,79.206,51.293,53.538
88.708,80.534,50.933,53.496
88.434,82.573,50.628,53.232
88.516,84.974,50.389,53.013
88.189,90.620,50.620,53.043
89.259,92.499,50.108,52.798
90.227,94.961,49.857,52.138
90.279,98.514,49.630,51.190
90.672,102.103,49.799,50.259
90.476,105.427,50.131,49.055
90.664,106.594,50.663,48.524
90.901,108.152,51.453,48.311
91.066,109.191,51.745,48.323
90.882,110.803,52.353,48.251
92.407,111.430,52.692,48.673
94.403,111.298,52.649,49.298
95.642,110.566,52.170,49.865
97.689,110.415,51.578,50.203
99.137,110.032,51.079,50.687
100.218,110.648,50.718,51.188
102.277,110.063,50.580,51.360
104.364,109.361,50.489,51.690
107.187,108.248,50.721,51.800
109.065,107.825,50.443,51.931
109.739,106.046,49.911,52.271
109.822,102.915,49.472,52.276
109.518,100.433,49.179,52.245
110.068,97.740,49.082,51.867
110.104,94.647,48.438,51.562
110.683,92.059,47.956,51.425
110.761,89.009,48.000,51.643
111.304,86.674,48.671,52.091
109.613,83.873,49.438,52.573
108.398,81.834,50.094,53.239
105.804,79.272,51.291,53.556
103.481,77.324,52.157,53.568
101.994,76.340,52.630,53.671
99.841,75.604,53.160,53.556
97.768,74.454,53.674,53.725
96.374,72.932,54.215,53.821
94.844,70.680,54.399,54.106
92.632,69.239,54.618,54.045
92.552,67.653,54.543,54.249
92.330,65.459,54.402,54.421
92.969,63.265,54.186,54.581
93.301,61.664,54.272,54.185
94.107,60.914,54.487,53.891
95.458,61.682,54.524,53.475
97.204,62.316,54.401,53.350
98.063,63.038,54.569,53.547
99.960,62.752,54.527,54.568
100.406,62.319,54.657,55.169
101.462,61.625,54.460,56.065
102.657,60.954,54.326,56.319
103.783,60.975,54.318,56.817
104.742,59.946,54.350,57.295
105.776,59.629,54.312,57.619
107.352,59.626,54.173,57.737
108.542,59.830,54.009,57.484
110.322,60.684,54.013,57.022
111.954,61.075,54.262,56.598
112.594,61.308,54.240,56.126
113.580,61.896,54.159,56.014
114.398,62.502,53.911,55.729
115.414,62.964,54.105,55.423
116.389,62.681,53.630,55.334
116.887,63.689,53.214,55.752
117.625,62.954,52.842,55.777
119.200,63.348,52.426,55.890
119.618,62.376,52.276,55.963
120.921,61.889,52.255,55.872
122.310,61.698,51.997,55.779
123.039,61.359,51.705,55.397
124.125,61.098,51.436,55.141
125.693,60.761,51.075,54.792
126.822,60.032,50.247,54.387
128.994,60.387,49.327,54.124
130.302,61.146,48.373,53.591
131.604,60.744,47.558,53.160
132.522,60.835,46.852,52.724
133.440,60.747,46.298,52.261
134.665,62.215,45.888,51.507
135.117,62.295,45.318,50.912
136.566,64.617,44.729,50.419
137.887,67.418,44.318,50.022
137.436,69.393,44.520,49.986
135.950,74.909,44.499,50.349
134.315,79.392,44.848,50.200
134.521,81.249,44.423,50.032
134.001,84.928,44.621,49.847
134.607,86.514,44.297,49.550
133.995,89.934,44.191,49.614
134.582,90.427,43.791,49.428
134.802,92.116,43.627,49.171
133.403,95.069,43.662,48.979
132.420,97.601,43.577,49.026
131.526,99.202,43.670,49.048
131.257,101.225,43.630,49.100
131.428,101.281,43.823,49.025
131.691,100.704,44.016,49.244
131.450,99.963,44.168,49.478
130.703,98.892,44.438,49.433
129.692,96.641,44.433,49.799
130.351,95.161,44.449,49.905
129.191,92.232,44.413,50.114
128.792,90.287,44.241,50.347
127.548,87.580,44.401,50.428
126.053,84.140,44.420,50.728
124.526,81.294,44.564,50.918
123.888,77.622,44.678,51.168
124.424,74.867,44.591,51.059
124.929,71.836,44.404,50.892
125.134,68.949,44.692,50.481
124.944,65.887,44.677,50.307
123.425,63.884,45.102,50.016
122.156,62.539,45.446,49.712
120.023,61.132,45.845,49.320
117.564,61.553,46.284,48.904
114.721,60.201,46.794,48.822
111.929,59.491,47.420,48.726
109.601,59.303,47.634,48.747
106.442,57.937,48.349,48.594
102.964,56.545,48.643,49.179
99.693,56.693,48.645,49.338
95.979,56.403,48.825,49.671
93.298,55.538,48.662,50.126
90.818,55.412,48.500,50.476
87.848,54.600,48.537,50.853
84.780,54.984,48.294,50.968
81.709,55.551,48.038,51.099
79.015,55.946,47.799,51.144
76.066,55.838,47.612,51.323
73.539,56.975,47.452,51.558
71.338,56.890,47.276,51.854
69.687,57.176,47.107,52.046
68.095,57.954,47.327,51.793
66.503,57.355,47.683,51.748
65.655,57.754,47.944,51.452
64.993,58.193,48.048,51.174
64.490,58.378,48.117,51.032
63.889,58.881,48.177,50.875
64.506,59.426,48.525,50.517
66.022,59.939,48.915,50.074
68.487,60.816,49.479,49.584
70.930,60.834,50.090,49.589
75.150,61.292,50.139,49.713
79.063,62.849,50.191,49.679
82.631,63.524,50.320,49.851
86.362,65.632,50.072,49.727
90.393,66.873,49.498,49.946
94.186,67.644,48.740,50.143
98.599,68.636,47.982,50.435
102.244,69.122,47.108,50.644
106.464,69.383,45.923,50.796
110.616,70.175,45.107,50.429
114.522,71.162,44.289,50.000
118.595,70.446,43.968,49.690
122.778,71.176,43.529,49.415
127.017,71.105,43.223,49.113
132.104,72.151,43.045,48.882
136.165,71.784,43.145,48.280
141.104,72.450,43.106,47.873
144.246,72.327,43.674,47.376
147.110,71.827,44.163,46.844
149.523,72.289,44.656,46.382
151.509,71.396,45.027,46.355
153.465,71.282,45.192,46.343
155.805,72.277,44.995,46.382
162.413,75.093,44.340,46.635
163.960,80.509,44.580,46.400
166.152,82.059,44.684,46.389
167.548,84.924,44.754,45.887
167.873,90.847,45.109,45.612
167.728,92.584,45.313,45.737
167.924,98.535,45.621,45.665
168.184,103.131,45.814,45.821
168.871,107.113,45.807,45.950
169.746,111.309,45.872,45.932
169.491,115.850,46.074,45.831
168.856,120.165,46.167,46.142
168.192,118.900,45.907,46.835
167.051,117.864,45.506,47.554
166.409,122.525,45.200,48.257
165.958,126.575,45.231,48.808
146.986,78.057,45.603,49.128
146.677,76.752,46.136,49.803
146.846,76.173,46.459,50.487
146.055,75.531,46.803,51.109
145.759,74.951,47.214,51.817
145.757,74.796,47.654,52.270
145.159,74.342,47.962,52.892
144.763,74.020,48.333,53.437
143.413,79.002,49.046,54.325
142.885,78.413,49.943,55.435
142.153,78.296,50.891,56.536
141.289,78.119,51.752,57.608
140.195,77.952,52.728,58.539
139.187,78.058,53.850,59.049
137.825,78.135,55.103,59.653
136.734,78.484,56.461,60.226
136.358,79.185,57.658,60.599
135.241,79.207,58.806,60.797
133.822,80.109,59.948,60.739
138.618,93.307,61.609,60.220
131.467,98.299,63.051,59.945
137.586,89.116,63.590,59.868
136.840,88.774,64.281,59.904
134.007,93.076,64.328,60.229
132.167,90.172,63.827,60.743
131.303,88.027,62.752,60.961
140.580,84.958,58.585,64.208
138.791,82.344,57.294,63.632
137.690,81.745,56.353,63.187
135.885,81.954,55.758,62.185
134.490,81.913,55.566,61.354
133.111,81.847,55.735,60.654
130.396,82.302,56.529,59.613
126.962,83.147,57.269,58.667
124.725,83.975,57.949,57.714
120.615,85.184,58.496,56.580
113.416,86.300,58.205,56.083
112.039,86.745,57.247,55.075
110.641,87.560,56.829,54.021
108.080,88.778,56.849,52.541
103.034,90.611,56.345,51.699
99.512,96.422,54.859,51.666
98.939,96.724,54.326,50.451
97.251,97.637,54.250,49.708
95.999,96.913,53.833,49.238
95.298,96.688,53.628,49.239
94.622,96.712,53.182,49.767
93.851,96.357,52.604,50.367
92.683,95.925,52.005,51.008
92.915,95.842,51.520,51.326
92.825,95.549,51.322,51.454
93.577,95.585,50.957,51.410
90.217,95.117,49.627,51.730
91.977,95.463,48.998,51.725
93.369,95.366,48.583,51.744
93.427,95.453,48.578,51.759
90.791,94.738,47.873,51.914
91.835,94.100,48.241,51.348
92.023,93.650,48.610,50.865
88.979,92.706,48.416,50.479
89.884,92.828,48.790,49.902
87.834,92.305,48.717,49.442
88.972,91.716,48.899,48.892
86.715,90.734,48.956,48.337
88.053,90.618,49.202,47.689
86.191,89.987,49.071,47.431
86.584,89.635,49.211,47.361
86.396,89.638,49.315,47.322
85.534,89.351,49.103,47.691
84.085,88.447,48.930,48.184
84.595,86.989,48.966,48.233
84.067,86.438,49.230,48.188
83.177,85.323,49.778,48.433
83.195,84.410,50.848,48.649
82.016,84.818,52.203,48.603
80.813,84.574,53.854,48.314
80.771,84.239,55.565,47.816
79.827,84.049,56.538,47.101
79.710,83.798,57.467,46.372
80.536,82.514,58.150,46.063
81.516,80.190,58.256,46.153
82.589,77.152,57.876,46.472
85.671,75.039,56.077,47.118
88.540,73.460,54.287,48.218
92.185,70.575,53.187,49.139
95.352,69.156,52.432,49.933
97.099,67.283,52.185,50.636
99.348,64.926,52.480,51.639
100.761,63.217,52.149,52.899
102.001,61.051,52.182,54.094
102.581,58.797,51.947,55.224
102.660,56.196,51.995,56.106
103.439,53.640,52.028,57.130
104.614,51.055,52.285,57.255
106.078,49.239,52.786,57.079
106.945,47.537,53.489,56.947
107.132,47.385,53.825,56.586
107.661,47.028,54.065,56.452
107.982,46.269,54.448,56.336
109.381,45.782,54.428,56.470
110.377,44.800,54.671,56.601
111.814,44.780,54.521,56.566
112.424,44.514,53.863,56.680
113.614,45.100,52.912,56.872
114.443,44.843,52.224,56.988
115.669,44.861,51.767,56.918
116.524,45.031,51.287,56.883
118.074,45.040,50.869,56.824
118.405,44.076,50.272,56.601
120.041,43.974,49.725,56.598
121.632,44.664,49.193,56.618
122.940,45.629,49.085,56.296
125.316,46.712,48.998,55.774
127.138,47.908,48.735,55.406
128.625,48.776,48.633,54.801
129.916,49.495,48.765,54.050
130.828,50.091,49.128,53.269
130.820,50.785,49.240,52.281
130.423,51.301,49.130,51.400
129.347,50.846,48.961,50.899
127.366,52.600,48.066,50.838
125.387,52.007,47.786,51.076
123.967,53.137,47.264,51.568
122.885,53.548,46.920,51.946
121.276,53.432,46.823,52.292
119.892,53.270,46.966,52.278
118.749,53.856,47.440,52.525
117.055,54.471,48.214,52.549
114.474,54.695,48.271,52.543
111.544,55.223,48.800,52.611
110.074,56.886,49.879,52.685
105.703,57.818,50.448,52.600
102.934,59.349,50.877,53.110
98.518,61.931,51.465,53.763
96.975,63.526,52.164,54.416
94.411,64.894,52.532,54.465
92.603,66.282,52.854,54.523
90.601,67.171,53.283,54.576
89.484,68.719,53.402,54.694
87.583,69.317,53.673,54.672
86.203,70.367,53.655,55.065
84.872,72.084,53.645,54.855
84.083,74.511,53.470,54.437
83.360,76.461,53.219,53.981
82.940,78.536,53.061,53.350
82.816,80.203,53.080,52.913
82.919,82.106,52.711,52.433
83.468,84.178,52.498,51.725
84.250,85.281,52.650,50.983
85.014,86.382,52.703,50.417
86.367,87.620,52.428,50.124
87.158,88.058,52.188,50.094
88.648,88.391,51.808,50.143
89.969,89.454,51.856,49.718
91.062,89.820,51.578,49.411
91.981,89.420,51.315,49.190
93.270,88.882,50.886,49.162
93.826,89.394,50.826,48.833
94.443,89.239,50.249,49.100
95.897,88.321,49.817,49.030
96.476,88.402,49.453,49.050
97.454,88.435,49.351,48.961
98.709,87.483,49.334,48.874
99.958,86.238,49.447,49.129
100.388,85.224,49.341,49.604
100.535,82.980,49.188,49.961
101.254,80.889,49.168,50.367
101.839,79.326,49.171,50.601
102.228,77.403,49.254,51.227
103.209,74.110,49.508,52.152
103.897,72.492,49.738,52.992
105.603,70.476,49.897,53.600
107.384,70.114,50.179,53.647
109.666,70.666,50.669,54.224
111.663,71.416,51.047,54.542
113.253,72.687,51.602,54.865
114.405,73.410,52.443,54.841
115.700,74.330,53.030,55.141
116.586,75.009,53.475,55.438
117.222,75.175,54.007,55.673
117.467,75.671,54.182,55.785
117.504,75.549,54.348,56.021
118.208,76.107,54.545,56.303
118.878,76.696,54.572,56.342
118.470,76.268,54.629,56.211
118.644,75.773,54.750,56.155
119.143,76.069,55.249,55.964
121.350,77.183,55.588,55.928
123.742,78.792,56.379,55.283
126.545,80.905,56.699,54.766
130.122,83.252,56.282,54.971
133.216,84.854,56.322,55.153
142.270,88.018,55.774,54.973
149.562,90.742,55.213,55.102
152.360,96.193,55.643,54.616
160.046,97.675,56.371,53.794
162.695,98.921,56.900,53.020
167.314,102.053,56.807,52.709
173.982,101.655,57.056,52.262
175.323,104.123,57.193,51.983
181.366,102.113,57.117,51.435
186.977,102.227,56.921,50.557
192.147,101.908,56.077,50.049
196.589,101.495,55.188,49.794
189.638,100.275,54.691,50.295
189.034,103.263,54.303,50.461
185.122,102.035,53.710,50.556
186.458,105.123,53.555,50.522
187.304,102.486,53.807,50.412
193.240,102.173,53.359,50.252
193.141,102.255,53.044,49.868
192.640,101.848,52.812,49.388
192.233,101.456,52.312,49.172
191.940,101.093,51.790,48.982
191.616,101.149,51.460,48.630
190.385,104.038,51.361,48.777
190.025,103.724,51.182,48.595
189.552,102.981,50.973,48.475
189.416,103.430,50.881,48.197
189.514,103.478,50.634,47.890
188.543,105.505,50.935,48.187
193.154,104.021,50.594,48.023
192.869,103.727,50.457,47.517
191.917,105.647,50.108,47.795
196.100,104.601,49.728,47.299
194.962,104.529,49.533,46.597
194.628,105.330,48.788,45.980
194.487,105.827,48.141,45.523
194.114,105.353,47.753,45.189
194.456,105.508,46.996,44.837
194.696,105.353,46.409,44.367
194.768,107.488,46.211,45.093
194.397,106.070,46.024,45.201
194.180,105.257,45.736,44.968
193.637,107.517,45.640,45.654
192.515,109.024,46.299,46.025
191.975,106.487,46.779,46.124
191.584,107.931,47.349,46.573
195.909,106.457,47.351,46.153
194.852,106.449,47.007,45.517
194.283,106.387,46.602,44.972
194.147,108.673,46.601,45.441
194.082,108.027,46.689,45.380
193.412,109.381,47.197,45.826
193.607,107.950,47.171,45.795
193.592,107.397,47.184,45.795
193.407,107.213,47.124,45.440
197.722,107.262,46.866,44.903
196.539,106.637,46.477,44.527
195.758,106.404,45.956,44.117
194.860,108.342,45.756,44.992
194.090,109.647,45.970,45.435
193.620,107.399,45.977,45.453
192.661,108.782,46.391,45.782
193.361,107.408,46.277,45.765
197.754,106.798,46.228,45.236
196.842,106.630,45.798,44.763
196.020,108.490,45.656,45.300
195.259,107.456,45.793,45.099
195.062,106.433,45.655,44.940
