232.000,88.000,76.000,84.000
238.573,87.093,76.711,83.794
246.594,87.158,77.492,83.508
259.017,90.302,76.491,82.719
265.541,93.980,75.975,82.157
277.027,98.150,75.109,81.368
287.594,101.847,74.542,80.693
293.694,104.870,73.984,80.534
299.439,107.594,73.213,80.078
304.608,109.875,73.259,79.270
310.559,111.579,73.001,78.810
315.743,112.539,72.610,78.253
317.950,111.969,72.628,76.962
313.637,109.706,72.630,76.675
301.772,106.028,72.299,76.719
294.102,102.949,71.628,77.478
278.804,99.543,72.117,78.773
264.058,94.773,73.053,80.161
250.447,91.608,74.536,81.291
235.848,91.197,75.758,81.854
231.533,90.539,76.445,83.785
219.734,88.081,77.039,85.464
214.521,85.888,77.973,85.775
210.410,83.825,78.724,85.839
213.634,82.697,76.801,87.374
220.006,84.886,76.697,87.783
234.748,88.313,76.858,88.025
244.127,90.027,78.131,87.647
260.486,92.682,77.417,87.719
270.861,96.928,75.916,87.598
284.295,100.767,74.275,88.461
295.485,104.526,73.084,88.515
300.221,107.250,72.671,87.883
303.046,105.943,72.142,89.426
299.665,107.201,73.273,87.611
296.884,109.740,74.098,86.297
293.573,111.240,75.238,85.073
288.785,110.925,76.467,83.966
277.028,110.797,78.678,83.401
263.936,110.731,80.144,82.849
250.808,101.950,81.186,83.255
237.991,99.469,81.072,84.325
233.719,86.118,81.276,86.050
233.573,82.247,81.874,87.907
239.814,80.732,83.562,88.642
261.185,77.942,84.951,89.879
295.223,76.109,84.495,91.276
318.356,74.235,83.254,92.015
339.015,73.644,82.434,91.492
346.520,74.251,81.309,91.208
348.554,78.430,80.621,90.491
341.348,86.331,80.150,89.612
327.574,92.536,78.741,87.156
310.990,97.344,77.647,85.423
290.917,102.745,77.656,83.454
262.338,105.831,76.542,83.570
237.017,107.915,77.275,83.833
214.576,112.652,77.163,83.850
212.273,135.184,78.466,81.986
210.570,135.950,80.264,80.809
210.802,136.413,81.083,79.992
210.703,136.841,81.877,79.603
181.475,83.993,82.472,79.800
194.309,71.944,83.100,80.106
205.334,66.941,82.279,81.570
227.506,56.058,82.391,82.689
251.646,54.200,83.194,83.336
271.780,53.464,85.234,84.538
298.181,54.909,86.173,85.023
303.386,54.285,85.422,86.667
298.558,54.253,85.747,88.372
297.754,56.993,84.788,89.601
308.122,59.410,85.332,90.417
316.756,61.624,85.126,92.740
333.004,75.154,86.999,93.031
352.126,73.731,87.851,93.898
370.559,70.560,87.989,94.699
384.644,64.275,88.060,96.507
384.493,59.210,89.726,98.183
370.633,56.748,93.598,98.246
357.157,56.010,96.463,97.972
328.872,59.332,99.602,97.283
302.836,62.943,100.120,96.869
277.063,64.513,100.390,96.915
252.989,66.651,99.798,97.537
237.891,68.428,99.241,97.745
224.803,69.907,98.297,98.477
212.296,70.914,96.711,99.441
199.492,71.175,95.259,99.696
194.983,68.628,95.625,99.475
180.748,66.454,95.500,99.451
169.788,56.966,96.957,98.027
160.265,48.961,98.640,96.261
187.742,56.465,98.471,96.995
197.533,59.207,94.551,99.472
200.360,65.651,86.915,109.686
202.336,60.157,81.577,117.890
204.492,55.240,78.414,123.546
219.800,63.421,73.242,130.578
221.179,59.715,72.460,132.750
216.733,94.201,78.032,125.984
215.483,109.954,83.634,118.065
222.365,111.994,86.067,112.980
218.983,112.717,88.684,109.075
214.750,113.733,90.975,106.099
200.386,117.418,93.392,103.546
201.303,128.404,92.974,102.297
200.494,127.440,92.761,101.776
198.647,128.074,93.219,99.658
195.736,105.151,92.951,99.737
197.517,105.184,92.514,100.174
211.322,106.540,92.057,99.041
226.436,97.721,91.540,96.907
245.516,99.305,90.329,97.028
274.053,101.216,87.450,97.065
289.558,100.910,87.394,96.765
307.078,91.127,88.769,95.056
325.604,91.341,88.951,93.736
341.961,92.673,87.911,91.811
357.531,93.406,84.694,89.809
361.051,94.722,82.499,87.505
362.981,94.978,81.722,85.925
361.799,97.467,81.180,83.834
360.452,100.053,81.302,81.141
359.596,101.279,80.893,79.170
362.197,98.802,80.155,79.070
364.754,92.402,79.249,80.548
363.873,87.301,79.678,81.948
357.338,83.811,80.833,82.586
344.290,79.751,82.717,82.883
331.446,77.908,83.605,82.930
317.374,69.913,85.054,83.118
293.563,72.055,86.487,83.194
268.879,71.845,86.322,84.148
245.821,73.308,86.003,84.893
233.048,73.850,85.080,87.234
219.113,74.009,84.265,87.783
215.171,72.995,84.776,87.811
210.401,64.730,85.690,86.750
185.481,68.859,88.063,84.189
162.980,75.548,90.137,82.436
142.125,81.094,89.057,82.650
128.867,84.660,88.963,82.689
113.571,87.007,87.368,83.797
107.704,88.652,85.076,84.724
105.403,88.136,83.428,85.815
110.823,88.395,83.655,85.838
123.938,87.091,83.008,85.337
138.735,78.606,84.136,83.773
152.330,74.094,85.046,82.381
166.826,79.152,86.086,81.441
192.331,75.911,86.340,80.974
211.110,77.878,86.693,81.087
233.250,76.266,86.169,83.016
255.057,73.556,86.382,84.418
278.956,61.999,85.926,85.931
303.754,59.058,85.199,87.467
322.667,53.530,84.650,88.537
330.101,50.166,84.722,89.310
328.810,50.550,86.019,89.649
326.591,49.409,87.466,90.639
321.368,50.310,88.860,90.473
305.898,47.124,89.991,92.248
298.888,47.208,91.192,92.372
283.906,48.519,90.929,93.891
276.080,52.278,90.268,93.696
262.126,55.813,90.263,92.668
248.847,59.373,89.223,92.048
236.728,63.384,87.569,91.320
224.480,63.775,86.159,90.905
213.481,65.701,87.336,89.289
200.445,66.334,88.549,87.577
183.912,70.962,90.013,85.178
166.620,71.434,90.393,84.002
154.025,73.717,88.395,83.500
155.311,74.994,86.515,81.896
163.228,78.412,85.718,80.487
179.891,80.102,85.687,79.085
197.861,80.462,85.234,78.667
226.736,77.584,85.331,80.520
245.723,71.163,84.484,83.205
255.385,65.492,83.520,85.715
252.442,64.274,85.098,86.816
237.910,63.774,86.310,87.703
221.982,63.448,86.548,88.087
218.535,59.597,86.984,89.022
227.599,52.924,87.377,91.405
244.483,45.834,85.609,94.532
257.278,43.578,83.412,96.351
262.239,56.305,83.313,97.987
265.644,71.794,82.429,99.867
261.033,85.738,81.518,99.777
256.677,89.407,79.672,100.115
258.727,90.986,78.954,98.470
266.064,89.736,79.389,97.748
277.941,88.631,79.352,96.432
282.639,87.745,79.418,95.412
277.555,74.207,78.536,95.915
269.363,71.031,80.141,95.551
265.361,65.219,81.109,96.234
264.112,58.750,82.318,97.528
257.033,49.636,85.097,96.041
240.693,50.791,86.552,94.365
227.899,61.744,86.690,95.019
228.362,69.186,86.212,94.274
229.618,73.286,85.759,96.875
235.841,70.032,83.765,98.164
240.941,63.806,83.328,98.356
238.786,60.567,81.878,96.820
232.904,60.369,81.412,93.492
221.470,65.428,81.854,90.095
213.662,70.157,82.777,88.734
211.524,70.174,83.664,87.326
227.769,60.168,82.554,88.424
240.738,50.448,80.940,89.361
253.911,40.746,79.442,89.872
265.077,79.047,79.887,91.944
280.249,79.040,79.991,93.252
297.231,67.185,81.464,93.970
311.894,56.199,83.188,93.225
325.649,55.810,85.205,91.808
331.745,55.231,86.127,92.062
319.282,57.552,86.035,92.961
306.672,82.426,87.434,92.300
283.210,97.243,89.305,91.205
258.195,98.553,90.213,90.128
243.916,95.140,89.229,90.550
241.830,87.154,88.779,93.284
246.962,81.762,87.452,95.344
258.924,78.411,85.523,96.503
264.326,77.055,83.361,98.269
262.838,81.691,83.110,97.678
247.963,86.964,83.865,96.814
233.647,86.701,83.765,97.263
221.846,73.377,84.328,95.973
211.928,63.345,84.607,95.075
208.548,66.456,84.773,93.982
207.935,71.477,87.169,91.536
213.791,77.586,85.799,91.952
232.835,76.421,85.122,92.148
258.565,73.168,83.608,93.066
278.320,74.807,82.676,93.641
293.491,77.515,82.074,93.686
300.894,80.930,81.109,93.924
301.964,84.662,80.222,92.940
287.705,90.246,79.034,92.095
268.671,95.471,77.663,91.904
243.614,97.601,76.943,92.116
231.386,101.460,76.400,90.950
225.136,105.797,75.307,89.438
219.290,104.091,74.024,88.809
218.615,102.652,72.915,89.514
221.704,99.705,73.369,90.004
235.934,96.232,74.994,88.799
267.629,80.801,75.404,88.972
287.253,68.414,75.772,88.701
297.621,65.875,75.993,88.382
295.330,62.011,76.250,87.704
288.658,62.959,76.239,86.676
290.038,66.028,75.991,86.187
295.268,68.706,76.097,85.930
309.019,70.856,76.313,84.924
320.956,70.470,76.285,84.002
327.869,59.624,76.232,84.504
327.447,49.028,76.160,84.132
327.777,49.001,76.735,83.031
325.940,49.674,76.346,82.167
328.395,53.082,76.468,81.102
331.239,57.321,76.259,79.715
329.323,62.463,75.805,78.186
319.783,66.621,74.980,77.174
318.706,69.425,73.574,77.458
317.474,68.259,73.279,78.134
321.015,57.485,72.850,79.471
327.292,45.520,72.931,81.261
331.051,31.779,73.993,82.547
331.107,18.750,74.966,83.468
324.966,10.368,77.236,82.904
319.444,8.980,79.289,83.091
304.846,10.140,81.390,83.260
298.292,13.559,82.540,84.316
293.691,20.102,82.241,82.834
290.922,35.930,79.235,84.817
287.247,40.252,77.831,83.398
283.516,44.726,76.203,82.600
282.123,61.147,74.499,85.503
274.190,78.593,73.603,87.302
263.726,83.863,73.512,87.788
250.971,87.725,74.401,88.359
238.090,89.961,75.429,88.593
225.977,80.636,77.055,87.389
213.246,75.456,79.377,85.245
211.576,70.017,81.374,84.957
209.418,66.315,82.586,85.375
211.314,64.016,83.463,86.094
220.121,62.938,83.358,87.148
228.334,63.457,83.412,87.435
227.672,63.928,85.027,88.243
218.814,65.487,85.563,89.608
218.671,64.783,86.046,90.206
212.416,65.952,86.055,91.492
218.798,63.423,86.229,93.359
228.812,53.582,86.930,96.781
229.724,39.838,87.476,99.091
227.644,38.131,87.828,100.514
215.212,38.144,90.375,100.370
195.465,49.259,92.757,100.878
194.771,50.495,95.502,100.120
199.027,55.607,95.393,99.699
203.563,58.869,96.773,98.397
220.474,61.659,97.176,96.497
246.419,43.446,96.083,95.430
238.460,95.438,96.923,96.233
272.036,96.270,95.055,98.113
282.426,94.491,91.529,99.913
278.378,97.283,87.910,99.708
262.461,99.654,84.869,99.484
244.497,103.275,82.307,99.424
234.015,90.971,77.782,103.385
227.916,131.541,80.990,98.913
227.898,132.356,84.017,96.458
246.965,108.426,85.157,97.408
277.515,80.774,84.010,99.524
297.370,63.069,84.143,101.334
299.810,34.147,84.962,102.012
294.288,33.457,89.131,100.844
270.507,33.345,92.070,99.668
255.452,46.485,94.389,96.923
242.624,46.237,95.451,95.388
245.226,44.011,95.146,96.400
247.980,42.231,92.505,98.826
243.705,56.581,90.474,101.214
234.114,74.436,88.742,102.453
231.380,90.324,86.589,100.660
232.008,92.176,85.305,99.181
236.957,91.694,84.933,96.750
252.543,91.802,84.718,94.704
261.019,91.799,83.833,93.688
259.498,82.722,84.327,89.962
230.261,82.123,83.879,90.301
209.242,74.425,83.889,89.445
194.739,66.115,85.944,87.401
196.460,65.632,85.742,87.499
197.190,58.782,85.036,87.501
196.006,61.869,84.651,86.904
194.976,64.415,84.247,86.320
194.709,67.519,83.725,85.499
193.878,69.228,83.336,85.074
216.915,94.734,77.175,89.025
218.470,96.228,72.827,91.799
186.649,77.814,73.629,88.145
175.509,80.488,73.980,84.654
164.829,73.545,75.279,81.684
143.829,67.411,76.124,79.710
