152.000,102.000,40.000,67.000
151.860,102.655,40.442,65.652
153.053,105.071,40.747,64.345
154.177,106.488,40.897,63.471
153.245,108.595,40.887,62.827
155.689,107.956,40.975,62.350
154.824,110.096,40.721,61.901
150.461,111.763,40.427,61.226
147.314,114.398,40.188,60.734
141.837,116.692,43.373,57.144
139.189,117.172,42.373,56.989
134.175,115.447,44.771,54.458
128.909,113.591,46.159,52.812
130.192,113.839,46.858,51.446
133.134,112.951,47.535,50.851
134.629,111.997,48.435,50.276
138.572,109.862,49.520,49.842
144.082,109.573,50.733,50.054
151.038,110.174,51.451,50.114
155.639,112.530,53.185,50.165
161.940,115.905,54.677,50.209
172.457,118.199,55.421,51.319
176.270,121.751,56.191,52.162
181.526,121.890,56.783,53.237
182.106,120.909,57.949,53.865
183.320,121.780,59.257,54.318
182.800,122.144,60.097,55.110
176.403,119.769,61.759,55.473
173.797,118.651,62.951,56.079
171.714,115.649,63.968,57.276
169.436,111.797,65.604,57.940
165.729,107.179,66.565,58.260
157.351,101.784,67.211,58.439
152.688,99.199,67.357,59.345
147.347,98.875,66.483,60.683
138.622,97.438,65.636,61.577
135.621,94.624,64.338,62.433
127.272,92.144,63.880,61.939
119.026,89.571,63.751,61.620
110.451,88.805,63.410,62.149
105.933,89.552,63.597,62.743
100.793,96.797,64.283,63.054
96.404,98.274,64.820,63.437
94.709,99.453,65.038,64.173
94.503,101.484,66.087,64.804
94.113,104.358,67.382,65.332
97.893,107.113,67.955,66.281
100.704,110.610,68.816,67.358
97.102,113.123,69.720,68.741
98.900,112.586,70.648,69.617
95.137,108.930,71.626,70.073
90.448,103.682,72.172,71.055
92.160,99.398,72.650,72.074
96.821,99.423,74.755,72.429
95.159,98.280,75.760,72.647
95.996,98.004,77.074,73.261
96.748,97.663,78.120,73.539
100.353,98.456,79.313,73.788
106.305,98.469,80.194,74.242
117.226,96.102,80.727,75.487
129.333,95.502,81.180,75.810
138.816,88.927,81.521,74.959
138.108,87.264,81.415,75.822
137.582,85.489,81.177,76.915
138.354,86.548,80.931,77.365
141.647,87.477,80.588,77.776
146.378,89.517,80.864,77.308
151.674,92.499,81.399,76.795
156.256,95.920,81.238,77.119
162.069,108.966,80.590,76.465
174.547,109.216,79.558,76.806
181.079,111.594,80.331,76.333
187.741,109.062,79.793,77.008
195.518,108.909,80.230,76.863
203.847,109.631,79.594,77.224
209.932,110.745,79.686,77.765
215.214,110.734,79.499,78.743
217.482,110.422,79.241,79.789
216.853,110.180,79.048,80.728
214.677,109.299,79.390,81.325
211.770,107.013,78.714,81.205
208.985,105.008,77.529,81.118
204.150,102.462,75.470,81.734
200.128,101.225,72.955,82.267
198.322,99.996,70.894,82.438
194.501,98.644,70.332,80.997
190.339,96.692,69.452,79.617
186.295,94.808,68.758,77.533
181.060,89.749,69.652,74.921
175.791,86.093,69.821,72.723
165.533,82.605,68.668,71.133
158.412,80.549,68.127,69.794
145.582,78.441,66.342,67.881
138.059,77.448,64.810,66.234
133.461,77.636,62.612,64.932
126.523,78.028,61.114,64.121
123.265,77.717,59.408,62.636
121.396,76.821,57.851,60.985
116.495,76.484,56.890,59.394
108.328,77.205,56.187,58.277
103.497,78.240,55.375,56.918
101.194,78.423,54.879,55.215
95.190,77.477,54.242,54.709
84.678,74.378,54.497,53.943
78.919,71.053,54.431,53.920
74.129,67.525,54.740,54.295
71.567,62.881,54.515,54.753
68.720,59.049,54.683,54.725
66.317,55.581,55.038,54.461
63.236,52.712,55.540,54.755
60.946,49.266,55.614,55.064
60.356,48.001,55.467,54.598
60.323,48.277,55.574,53.510
62.188,48.370,55.663,52.492
64.913,49.662,55.916,51.482
71.717,50.211,55.567,50.834
78.975,51.890,55.112,50.119
81.178,57.485,55.094,49.520
88.776,56.379,55.163,49.304
95.860,54.914,54.932,49.402
98.056,54.348,55.446,49.040
107.163,55.009,56.003,48.369
122.593,55.156,55.957,47.804
130.005,60.159,55.836,47.718
138.773,59.316,55.723,47.410
147.699,59.244,55.883,47.827
156.888,60.747,56.421,47.774
166.023,66.607,57.000,48.491
173.895,66.132,56.970,49.849
181.777,65.950,57.135,50.927
184.654,66.241,57.071,52.108
186.441,65.881,57.965,53.375
185.398,63.534,57.985,54.203
182.405,59.317,58.441,55.080
173.071,53.315,59.182,55.313
160.992,40.116,59.939,55.977
149.342,28.576,61.511,56.227
138.824,25.681,62.237,57.881
131.197,25.667,62.528,59.449
128.836,32.614,63.151,60.748
127.995,34.414,62.937,62.084
126.373,40.070,63.519,61.993
120.521,39.800,63.515,62.095
111.500,41.966,63.903,60.924
103.403,41.910,63.725,59.976
95.695,40.389,63.062,59.338
88.539,39.827,62.339,58.670
79.903,35.690,61.652,57.634
74.512,33.097,60.226,57.648
60.538,27.901,60.026,55.723
53.611,28.609,60.121,54.168
46.455,30.454,59.990,52.980
40.876,30.620,59.959,52.747
30.187,29.802,59.885,52.994
38.611,35.174,59.330,54.119
36.064,34.373,59.218,55.614
33.794,32.562,59.190,56.543
33.123,29.996,58.637,57.026
35.846,26.301,59.057,57.104
42.735,23.536,60.386,57.473
49.527,22.352,61.140,57.871
55.699,21.199,61.429,58.688
61.982,20.367,61.856,59.437
67.262,21.979,62.181,59.470
74.295,22.784,63.494,59.266
78.984,24.428,64.427,59.332
84.945,26.089,65.657,59.444
91.010,28.721,66.640,59.245
97.096,37.471,68.006,59.386
101.843,38.137,68.450,59.579
105.462,39.537,69.339,59.905
115.704,46.113,70.287,61.362
127.304,52.305,71.553,62.894
138.444,61.106,72.317,63.965
147.770,69.595,71.812,65.054
149.830,77.511,72.327,65.129
151.878,77.453,71.824,65.789
154.181,85.092,71.512,66.378
164.679,93.002,70.039,67.361
172.539,92.298,70.211,68.277
173.775,90.103,70.952,69.234
174.948,87.891,71.569,70.704
176.259,94.664,73.152,71.559
184.973,101.800,75.615,72.439
185.143,109.409,78.276,72.916
184.606,106.373,80.925,72.946
190.901,92.362,79.814,73.050
188.920,82.613,78.200,71.904
169.046,128.935,80.182,74.483
160.904,126.733,82.972,77.704
148.203,125.764,85.620,81.397
140.467,124.191,86.654,84.819
125.516,122.357,88.402,85.225
107.788,111.874,89.642,85.530
97.177,108.691,89.266,86.275
94.276,104.248,89.361,86.737
85.379,99.165,88.277,87.937
84.550,95.691,87.014,88.568
83.093,91.487,85.713,88.214
81.876,91.528,84.517,87.106
79.081,94.360,82.914,86.180
68.486,99.892,80.858,84.835
69.753,101.057,78.264,83.409
67.029,102.179,76.558,82.131
63.358,102.345,75.206,80.957
66.629,104.111,74.589,79.788
73.725,105.160,73.339,79.376
79.164,106.947,72.878,79.226
86.158,107.664,73.664,78.646
101.744,115.877,74.467,78.468
113.010,114.178,75.441,78.166
124.908,111.959,76.511,78.089
136.772,105.338,77.794,77.259
146.245,107.775,79.207,76.665
157.629,108.512,80.034,76.556
178.929,99.426,80.832,76.726
200.042,89.611,79.856,77.212
226.866,89.531,80.588,75.432
221.828,95.027,86.796,69.452
222.743,103.421,86.508,73.114
226.667,98.730,85.938,77.558
226.392,95.631,85.747,80.978
218.234,94.155,86.272,82.443
209.531,93.641,86.591,83.856
201.541,93.729,86.867,84.964
186.146,92.037,85.900,86.853
168.537,89.855,85.622,88.985
154.790,90.220,85.174,88.563
148.578,91.324,84.103,87.973
136.069,91.616,81.362,88.079
122.200,91.472,79.471,86.696
108.828,91.348,77.446,85.722
97.068,91.917,76.678,85.183
82.531,91.592,75.854,85.135
68.013,90.098,75.614,85.988
56.331,90.166,76.811,85.886
54.748,89.214,77.549,86.301
55.453,89.480,78.289,86.967
59.013,100.022,79.630,87.012
79.529,99.006,81.471,86.611
90.241,97.270,83.994,86.294
100.747,98.173,85.566,86.252
104.913,102.437,87.340,85.718
109.981,113.507,87.867,87.410
136.875,122.908,89.167,87.219
139.462,125.572,90.496,85.870
164.306,125.365,91.198,85.779
188.090,124.714,91.255,86.174
201.896,133.450,91.269,85.379
215.273,131.055,90.156,85.419
218.812,126.388,88.821,86.137
218.035,119.429,87.190,86.729
212.316,116.617,85.682,86.784
197.539,114.046,84.017,87.026
184.982,112.684,81.871,86.883
172.133,112.225,79.850,85.754
157.219,112.928,78.181,83.244
146.832,114.736,76.163,80.924
138.974,113.378,75.065,78.868
126.836,110.531,73.221,77.610
120.592,107.848,72.273,76.229
106.737,96.373,71.286,76.033
92.777,92.587,69.892,75.009
79.670,89.067,69.377,73.397
70.514,85.642,68.001,72.404
67.468,80.724,68.003,71.232
64.384,76.579,68.855,70.061
63.768,73.919,69.553,68.374
64.257,76.256,70.613,66.713
64.781,76.553,71.857,65.529
65.845,76.057,72.117,64.381
