0.02825117
0.04236531
0.04252696
0.04414153
0.04198980
0.04197192
0.04204750
0.04059720
0.04018784
0.04022360
0.04022479
0.04016471
0.04024982
0.04008818
0.04060817
0.04051995
0.04016232
0.04024601
0.04022837
0.04016972
0.04017973
0.04021764
0.04025245
0.04023409
0.04025340
0.04019523
0.04020381
0.04060316
0.04021096
0.04010439
0.04027939
0.04025388
0.04036546
0.04031157
0.04032469
0.04042578
0.04054785
0.04046202
0.04039598
0.04088044
0.04045796
0.04030704
0.04043603
0.04040766
0.04042816
0.04037309
0.04038072
0.04052806
0.04041815
0.04027557
0.04048872
0.04040098
0.04050159
0.04035163
0.04030919
0.04044771
0.04039049
0.04046416
0.04044366
0.04035878
0.04046273
0.04031825
0.04038024
0.04075384
0.04077458
0.04043698
0.04032731
0.04027343
0.04041004
0.04038978
0.04041982
0.04043794
0.04031563
0.04030967
0.04030681
0.04037571
0.04078984
0.04025078
0.04042721
0.04023218
0.04037285
0.04035807
0.04025340
0.04029322
0.04029942
0.04037976
0.04027152
0.04027295
0.04036021
0.04105520
0.04036999
0.04047632
0.04026341
0.04028296
0.04033184
0.04029417
0.04028463
0.04045057
0.04031634
0.04027081
0.04038930
0.04070926
0.04030132
0.04033995
0.04046011
0.04037952
0.04038048
0.04042602
0.04042625
0.04041696
0.04055309
0.04044437
0.04045248
0.04085183
0.04042768
0.04034424
0.04039717
0.04038596
0.04044485
0.04040122
0.04040146
0.04035830
0.04034996
0.04032087
0.04038143
0.04040575
0.04111314
0.04047418
0.04042387
0.04040670
0.04054666
0.04051089
0.04041147
0.04038620
0.04038239
0.04047751
0.04036450
0.04044700
0.04080892
0.04045749
0.04048634
0.04039168
