0.02746582
0.04870129
0.04604363
0.04636931
0.04567528
0.04418874
0.04413247
0.04411650
0.04401016
0.04417706
0.04403162
0.04464102
0.04490924
0.04464674
0.04424524
0.04439807
0.04414248
0.04402637
0.04420948
0.04407167
0.04413700
0.04418778
0.04447436
0.04400611
0.04426837
0.04398274
0.04405761
0.04427528
0.04412293
0.04396725
0.04417300
0.04383922
0.04406953
0.04405928
0.04416537
0.04401588
0.04394317
0.04391861
0.04389524
0.04405141
0.04378080
0.04426551
0.04396248
0.04408264
0.04390645
0.04469800
0.04398370
0.04430079
0.04429460
0.04411292
0.04420996
0.04402137
0.04407787
0.04404569
0.04426050
0.04407954
0.04452991
0.04423428
0.04410243
0.04424286
0.04411578
0.04416537
0.04415178
0.04456282
0.04418015
0.04409766
0.04439545
0.04466629
0.04460788
0.04423809
0.04434490
0.04440498
0.04412365
0.04411960
0.04423380
0.04439068
0.04408145
0.04431319
0.04415441
0.04514360
0.04422879
0.04410052
0.04430127
0.04428792
0.04416990
0.04408216
0.04425907
0.04404736
0.04479480
0.04413986
0.04456520
0.04440856
0.04417253
0.04436588
0.04425931
0.04414320
0.04428506
0.04421687
0.04425263
0.04414487
0.04446292
0.04484797
0.04442477
0.04448009
0.04404283
0.04423547
0.04427767
0.04427552
0.04432297
0.04441428
0.04419208
0.04467368
0.04484344
0.04419756
0.04448986
0.04441166
0.04424429
0.04450512
0.04445362
0.04417801
0.04441857
0.04427624
0.04429317
0.04471540
0.04447818
0.04417944
0.04427052
0.04431295
0.04435897
0.04431367
0.04436350
0.04424262
0.04437566
0.04437804
0.04508662
0.04461288
0.04476857
0.04431987
0.04467344
0.04452538
0.04438043
0.04448438
0.04446697
0.04448843
0.04439592
0.04454899
0.04526591
0.04445672
0.04439831
0.04451704
0.04440141
0.04460692
0.04444623
0.04452467
0.04443526
0.04459119
0.04442954
0.04528689
0.04450703
0.04464173
0.04466438
0.04461432
0.04460669
0.04463959
0.04465938
0.04457736
0.04446459
0.04472256
0.04484868
0.04451656
0.04472208
0.04487848
0.04463530
0.04454732
0.04450727
0.04474306
0.04478598
0.04468989
0.04466391
0.04513383
0.04467750
0.04469490
0.04461217
0.04475117
0.04462314
0.04486775
0.04474592
0.04458356
0.04481459
0.04459071
0.04520631
0.04456091
0.04468846
0.04448676
0.04480696
0.04469180
0.04455137
0.04468441
0.04456830
0.04463887
0.04458094
0.04521942
0.04449701
0.04476881
0.04475522
0.04467058
0.04464722
0.04460478
0.04458714
0.04448152
0.04474211
0.04458356
0.04476547
0.04462671
0.04439521
0.04455590
0.04452014
0.04447985
0.04447675
0.04465437
0.04448891
0.04438424
0.04468632
0.04477286
0.04452181
