0.02839422
0.04896402
0.04700208
0.04705286
0.04663205
0.04558706
0.04532456
0.04548144
0.04538751
0.04541588
0.04540658
0.04557443
0.04537296
0.04554248
0.04555440
0.04577732
0.04554725
0.04560471
0.04538870
0.04541779
0.04547739
0.04549026
0.04530096
0.04565859
0.04555249
0.04556704
0.04573703
0.04547691
0.04544353
0.04541159
0.04559803
0.04555988
0.04541898
0.04542518
0.04543853
0.04553986
0.04541731
0.04613996
0.04557967
0.04547882
0.04539967
0.04544687
0.04543996
0.04540181
0.04550362
0.04563594
0.04547071
0.04533958
0.04579663
0.04554963
0.04536986
0.04554796
0.04554963
0.04551744
0.04536891
0.04540515
0.04543734
0.04538083
0.04557204
0.04595304
0.04546094
0.04538798
0.04553318
0.04555964
0.04536772
0.04538608
0.04551363
0.04540586
0.04549766
0.04549336
0.04583383
0.04547143
0.04554367
0.04551435
0.04544854
0.04560161
0.04545236
0.04549885
0.04564691
0.04568863
0.04538250
0.04578257
0.04535770
0.04553413
0.04546404
0.04567790
0.04549837
0.04560208
0.04536533
0.04538727
0.04550886
0.04544640
0.04589891
0.04559541
0.04551649
0.04536891
0.04533601
0.04551029
0.04535222
0.04553580
0.04557467
0.04555345
0.04532290
0.04716706
0.04547286
0.04658914
0.04695725
0.04592466
0.04537082
0.04556394
0.04561281
0.04541802
0.04527760
0.04547048
0.04592133
0.04542017
0.04540634
0.04556489
0.04534721
0.04562044
0.04537177
0.04551244
0.04542422
0.04552102
0.04543638
0.04581261
0.04546762
0.04544568
0.04547429
0.04572105
0.04549265
0.04552269
0.04542613
0.04558825
0.04555297
0.04545665
0.04564857
0.04542589
0.04539990
0.04554772
0.04546809
0.04563737
0.04543376
0.04546046
0.04543471
0.04553437
0.04527140
0.04581404
0.04564095
0.04547238
0.04534411
0.04542041
0.04544926
0.04528618
0.04553342
0.04557323
0.04547167
0.04539371
0.04608488
0.04550982
0.04532957
0.04563332
0.04557419
0.04543090
0.04537296
0.04540801
0.04553795
0.04544353
0.04548430
0.04635215
0.04546475
0.04548812
0.04537988
0.04557371
0.04536605
0.04553986
0.04555631
0.04550600
0.04530644
0.04545164
0.04646301
0.04538703
0.04551029
0.04568934
0.04539371
0.04558253
0.04543161
0.04555869
0.04532433
0.04566002
0.04573131
0.04603386
0.04533410
0.04552555
0.04555750
0.04549408
0.04550123
0.04556799
0.04554439
0.04534292
0.04531288
0.04577160
0.04581594
0.04565191
0.04568648
0.04567409
0.04541683
0.04553962
0.04560351
0.04546690
0.04564857
0.04570222
0.04600620
0.04552770
0.04546165
0.04781604
0.04554057
0.04703617
0.04706502
0.04570532
0.04545403
0.04571581
0.04544330
0.04595757
0.04536104
0.04559183
0.04541445
0.04555869
0.04558182
0.04546952
0.04548001
0.04564857
0.04544806
0.04546189
0.04580474
0.04559088
0.04539227
0.04558587
0.04557753
0.04544830
0.04552245
0.04561067
0.04549050
0.04541922
0.04558778
0.04587245
0.04540229
0.04547453
0.04536223
0.04560351
0.04548502
0.04564333
0.04546714
0.04553485
0.04547524
0.04547596
0.04583263
0.04558873
0.04538250
0.04571390
0.04582000
0.04561758
0.04553843
0.04565930
0.04561472
0.04556799
0.04581404
0.04628062
0.04568362
0.04566431
0.04564381
0.04563355
0.04580879
0.04591346
0.04577112
0.04590082
0.04582429
0.04596853
0.04648185
0.04598475
0.04569507
0.04592347
0.04581976
0.04595733
0.04585123
0.04611826
0.04578781
0.04828644
0.04651308
0.04787683
0.04762983
0.04588485
0.04583740
0.04582906
0.04577684
0.04578686
0.04581618
0.04577684
0.04571962
0.04599452
0.04597473
0.04578614
0.04561758
0.04581046
0.04574847
0.04569292
0.04553294
0.04560471
0.04568887
0.04551411
0.04615593
0.04584551
0.04571295
0.04545498
0.04553008
0.04574466
0.04543495
0.04579830
0.04575253
0.04561305
0.04626942
0.04590988
0.04584670
0.04546499
0.04562569
0.04567122
0.04560399
0.04543138
0.04549193
0.04557204
0.04540706
0.04567528
0.04604626
0.04568172
0.04535699
0.04537678
0.04554439
0.04548693
0.04553223
0.04569960
0.04558396
0.04555678
0.04543352
0.04618096
0.04541302
0.04577065
0.04578090
0.04565883
0.04547405
0.04582000
0.04554343
0.04582071
0.04568768
0.04581809
0.04586101
0.04565310
0.04573083
0.04563689
0.04555488
0.04570389
0.04567027
0.04569221
0.04560971
0.04573369
0.04571676
0.04628444
0.04571652
0.04580808
0.04573846
0.04586220
0.04556322
0.04576731
0.04572725
0.04565215
0.04553175
0.04570580
0.04591298
0.04571891
0.04564881
0.04566240
0.04563975
0.04561090
0.04579401
0.04572868
0.04569888
0.04564977
0.04555821
0.04614067
0.04561925
0.04574585
0.04558372
0.04582787
0.04557300
0.04561830
0.04578304
0.04558229
0.04572344
0.04572344
0.04596090
0.04568839
0.04569268
0.04576755
0.04546475
0.04543447
0.04552102
0.04560542
0.04549766
0.04579139
0.04565573
0.04634905
0.04542732
0.04556465
0.04567552
0.04557681
0.04567838
0.04569459
0.04557443
0.04542661
0.04552603
0.04565382
0.04627156
0.04568791
0.04570913
0.04575944
0.04547977
0.04552984
0.04569983
0.04549575
0.04568005
0.04586768
0.04601908
0.04563594
0.04566789
0.04581094
0.04554343
0.04574442
0.04585624
0.04565644
0.04532599
0.04560614
0.04538107
0.04619265
0.04562378
0.04575014
0.04550123
0.04567790
0.04568267
0.04566312
0.04576015
0.04574585
0.04555845
0.04569077
0.04585218
0.04615259
0.04567194
0.04571462
0.04560041
0.04560304
0.04549694
0.04566908
0.04562759
0.04546332
0.04572821
0.04622889
0.04593086
0.04548979
0.04549861
0.04564238
0.04546833
0.04576373
0.04572082
0.04568148
0.04544806
0.04554009
0.04611015
0.04543161
0.04567862
0.04572463
0.04552937
0.04547429
0.04553437
0.04569507
0.04537535
0.04576898
0.04558849
0.04586101
0.04542637
0.04559278
0.04556870
0.04555011
0.04574800
0.04572749
0.04566550
0.04553556
0.04567766
0.04567361
0.04587555
0.04577613
0.04575086
0.04570365
0.04547834
0.04554129
0.04574442
0.04569745
0.04576850
0.04566741
0.04565501
0.04608989
0.04567671
0.04573560
0.04574251
0.04555774
0.04569697
0.04595852
0.04586124
0.04580426
0.04593229
0.04601479
0.04635072
0.04618835
0.04612446
0.04607630
0.04586339
0.04609513
0.04608941
0.04605341
0.04627323
0.04628754
0.04634094
0.04687047
0.04620886
0.04620290
0.04611349
0.04598784
0.04593658
0.04617357
0.04592872
0.04610872
0.04615092
0.04647326
0.04592204
0.04600978
0.04605389
0.04591203
0.04597998
0.04614139
0.04586244
0.04566813
0.04562402
0.04589558
0.04611754
0.04633737
0.04593015
0.04577041
0.04569268
0.04578114
0.04576874
0.04568744
0.04574299
0.04577279
0.04561615
0.04601955
0.04561257
0.04573560
0.04550982
0.04593897
0.04571772
0.04575276
0.04556251
0.04559278
0.04564500
0.04548645
0.04592824
0.04575443
0.04552269
0.04541755
0.04546547
0.04556465
0.04539347
0.04569149
0.04559398
0.04563212
0.04540563
0.04591751
0.04565287
0.04551744
0.04552865
0.04561257
0.04525518
0.04545307
0.04540706
0.04534698
0.04551816
0.04544926
0.04571652
0.04549575
0.04536295
0.04543877
0.04540300
0.04534674
0.04545259
0.04557967
0.04560828
0.04548812
0.04556513
0.04607582
0.04546809
0.04564905
0.04556727
0.04581809
0.04572892
0.04563498
0.04554749
0.04559636
0.04576755
0.04561448
0.04600477
0.04585886
0.04567575
0.04564476
0.04556799
0.04582644
0.04545569
0.04579782
0.04589581
0.04575515
0.04549694
0.04574156
0.04562068
0.04547024
0.04561186
0.04573083
0.04555559
0.04549766
0.04565620
0.04566717
0.04545879
0.04570556
0.04596901
0.04560041
0.04543686
0.04550648
0.04554796
0.04546976
0.04573822
0.04570842
0.04560947
0.04558420
0.04559636
0.04638267
0.04570270
0.04556584
0.04555249
0.04586530
0.04552317
0.04567027
0.04557133
0.04576945
0.04560041
0.04583287
0.04591179
0.04592609
0.04578543
0.04590130
0.04570222
0.04568362
0.04575372
0.04587913
0.04561281
0.04599643
0.04634786
0.04590631
0.04572201
0.04562926
0.04566073
0.04577374
0.04591179
0.04600286
0.04594421
0.04587150
0.04586005
0.04627681
0.04636860
0.04602313
0.04596210
0.04615784
0.04598355
0.04613042
0.04621673
0.04614139
0.04588795
0.04610920
0.04645658
0.04596424
0.04610515
0.04621696
0.04607368
0.04589081
0.04583979
0.04608989
0.04573131
0.04604864
0.04605150
0.04634142
0.04575467
0.04577661
0.04568887
0.04555535
0.04594254
0.04607558
0.04579711
0.04588795
0.04589367
0.04581714
0.04623175
0.04596472
0.04578996
0.04587889
0.04596782
0.04594064
0.04585361
0.04602313
0.04574251
0.04593730
0.04568219
0.04645801
0.04614425
0.04578090
0.04563808
0.04581261
0.04561806
0.04586244
0.04562497
0.04571748
0.04688120
0.04587126
0.04599476
0.04596758
0.04574680
0.04577327
0.04575229
0.04585171
0.04568577
0.04591155
0.04587555
0.04590893
0.04607821
0.04620481
0.04575920
0.04580164
0.04566813
0.04586744
0.04576015
0.04581118
0.04591179
0.04577518
0.04600000
0.04636717
0.04584336
0.04575396
0.04586530
0.04596400
0.04567456
0.04597473
0.04588342
0.04590917
0.04565668
0.04585695
0.04608440
0.04567862
0.04579139
0.04584360
0.04567242
0.04568577
0.04557037
0.04591298
0.04565930
0.04578876
0.04580402
0.04618573
0.04561090
0.04590368
0.04585695
0.04585981
0.04586101
0.04596925
0.04584932
0.04572344
0.04583144
0.04597402
0.04593730
0.04593754
0.04592657
0.04581976
0.04577541
0.04578900
0.04587626
0.04574323
0.04597592
0.04605579
0.04580045
0.04601240
0.04584742
0.04583716
0.04576778
0.04606795
0.04575419
0.04577327
0.04591084
0.04589939
0.04578090
0.04587054
0.04657507
0.04579043
0.04578280
0.04597712
0.04576755
0.04600191
0.04598498
0.04593778
0.04584527
0.04608870
0.04611182
0.04602194
0.04589510
0.04589462
0.04583192
0.04593015
0.04571986
0.04584789
0.04587030
0.04593086
0.04589009
0.04631996
0.04620671
0.04582024
0.04582667
0.04592729
0.04559708
0.04610920
0.04614711
0.04618478
0.04590082
0.04608727
0.04641318
0.04605007
0.04603052
0.04614162
0.04598093
0.04583240
0.04592443
0.04606080
0.04592633
0.04628015
0.04627585
0.04646516
0.04615545
0.04616237
0.04620242
0.04616952
0.04635143
0.04633427
0.04619551
0.04606843
0.04603338
0.04629040
0.04622054
0.04614377
0.04809690
0.04622698
0.04735804
0.04759860
0.04671979
0.04623270
0.04646611
0.04645491
0.04662991
0.04644918
0.04639053
0.04639125
0.04650617
0.04653645
0.04650474
0.04661584
0.04648900
0.04719567
0.04666281
0.04716015
0.04653811
0.04672670
0.04670572
0.04671216
0.04690409
0.04701734
0.04706597
0.04693913
0.04691887
0.04725385
0.04718947
0.04718995
0.04724908
0.04718924
0.04694128
0.04711962
0.04721808
0.04707456
0.04717994
0.04738760
0.04776955
0.04775929
0.04756498
0.04774237
0.04765058
0.04742765
0.04756331
0.04761887
0.04759407
0.04770255
0.04774284
0.04795051
0.04757261
0.04775381
0.04776740
0.04764318
0.04757452
0.04779577
0.04761624
0.04775715
0.04767108
0.04810071
0.04752684
0.04773784
0.04771018
0.04788828
0.04779625
0.04777145
0.04762268
0.04757404
0.04761004
0.04761553
0.04774046
0.04743171
0.04710412
0.04725003
0.04730082
0.04719067
0.04722619
0.04729152
0.04700184
0.04744363
0.04765654
0.04716325
0.04722190
0.04714847
0.04705882
0.04714251
0.04687548
0.04693818
0.04691148
0.04675102
0.04683423
0.04713821
0.04640317
0.04674339
0.04673266
0.04673767
0.04640579
0.04764557
0.04789424
0.04824424
0.04800177
0.04875517
0.04815197
0.04727578
0.04613113
0.04632497
0.04624367
0.04637790
0.04620385
0.04632068
0.04613328
0.04634905
0.04668117
0.04627347
0.04613566
0.04629803
0.04626942
0.04635763
0.04611969
0.04642653
0.04622507
0.04630756
0.04604220
0.04684711
0.04599714
0.04633856
0.04616404
0.04631972
0.04603291
0.04628134
0.04626203
0.04615450
0.04592848
0.04606843
0.04628825
0.04591489
0.04607582
0.04615450
0.04590344
0.04572058
0.04571056
0.04597378
0.04569435
0.04606700
0.04597354
0.04661942
0.04550052
0.04584718
0.04579663
0.04581523
0.04598379
0.04588938
0.04576707
0.04569197
0.04576349
0.04600358
0.04614925
0.04575515
0.04572010
0.04583645
0.04579592
0.04589939
0.04579449
0.04573369
0.04565763
0.04582953
0.04608417
0.04604888
0.04605985
0.04599166
0.04567957
0.04590082
0.04593444
0.04575729
0.04595995
0.04603648
0.04569411
0.04598904
0.04572558
0.04573607
0.04581165
0.04595971
0.04575109
0.04578328
0.04560184
0.04591918
0.04568291
0.04576731
0.04599714
0.04572678
0.04573655
0.04572749
0.04564786
0.04577971
0.04567480
0.04584479
0.04574394
0.04578114
0.04572296
0.04601574
0.04565048
0.04577899
0.04552317
0.04588294
0.04575849
0.04562235
0.04551315
0.04564309
0.04562306
0.04545689
0.04605865
0.04561830
0.04561567
0.04556990
0.04554105
0.04554963
0.04540896
0.04576325
0.04555416
0.04554629
0.04541969
0.04572558
0.04550266
0.04550076
0.04552817
0.04562116
0.04547644
0.04543543
0.04533935
0.04557753
0.04535365
0.04563403
0.04615068
0.04568338
0.04542780
0.04575562
0.04569507
0.04565763
0.04548478
0.04581952
0.04542589
0.04574752
0.04564381
0.04598665
0.04553080
0.04570937
0.04560161
0.04586148
0.04587698
0.04578185
0.04597616
0.04576945
0.04580998
0.04597068
0.04675555
0.04582548
0.04561567
0.04589915
0.04585242
0.04575086
0.04554749
0.04582024
0.04566574
0.04574394
0.04586864
0.04599190
0.04570127
0.04574704
0.04574156
0.04563546
0.04572940
0.04580545
0.04558825
0.04563165
0.04564571
0.04594827
0.04571056
0.04585600
0.04571319
0.04548860
0.04560804
0.04587364
0.04546833
0.04573703
0.04575706
0.04564762
0.04582334
0.04569960
0.04551768
0.04557443
0.04552889
0.04566002
0.04543304
0.04553509
0.04570937
0.04550219
0.04578066
0.04626846
0.04563498
0.04550910
0.04552650
0.04575920
0.04539776
0.04569888
0.04563260
0.04564905
0.04547000
0.04552889
0.04602718
0.04548192
0.04560065
0.04578233
0.04557276
0.04557705
0.04557872
0.04566312
0.04550242
0.04576612
0.04567957
0.04608011
0.04549623
0.04562283
0.04544854
0.04563642
0.04559970
0.04539108
0.04560089
0.04556489
0.04552102
0.04536390
0.04560852
0.04548120
0.04543781
0.04540133
0.04557943
0.04559636
0.04553223
0.04547501
0.04540992
0.04570675
0.04545236
0.04614162
0.04558063
0.04563117
0.04525232
0.04541063
0.04574513
0.04546571
0.04560733
0.04569864
0.04547977
0.04548073
0.04603124
0.04571152
0.04550171
0.04585266
0.04576826
0.04564548
0.04548979
0.04570937
0.04569221
0.04560852
0.04588151
0.04626870
0.04578471
0.04574823
0.04569125
0.04604220
0.04569745
0.04602885
0.04607558
0.04606247
0.04582691
0.04590726
0.04677057
0.04596376
0.04606915
0.04613709
0.04602003
0.04597259
0.04592299
0.04615569
0.04590344
0.04624319
0.04635406
0.04643416
0.04587746
0.04606915
0.04598856
0.04598856
0.04609323
0.04620337
0.04596496
0.04592037
0.04590344
0.04640579
0.04582143
0.04621148
0.04581785
0.04584360
0.04581761
0.04586196
0.04586029
0.04577446
0.04587841
0.04595518
0.04636502
0.04580951
0.04568172
0.04585671
0.04576349
0.04595351
0.04578495
0.04591179
0.04567313
0.04573369
0.04580188
0.04606128
0.04584098
0.04590678
0.04570150
0.04565263
0.04560781
0.04580402
0.04553223
0.04581404
0.04573321
0.04571486
0.04597521
0.04569316
0.04573894
0.04558849
0.04582977
0.04587054
0.04573798
0.04570651
0.04562879
0.04577208
0.04565692
0.04623508
0.04581356
0.04570031
0.04558802
0.04572320
0.04580712
0.04573107
0.04570770
0.04596257
0.04547167
0.04559207
0.04597807
0.04572535
0.04549718
0.04588032
0.04590178
0.04588437
0.04557085
0.04585838
0.04584837
0.04562116
0.04575682
0.04659367
0.04567075
0.04542899
0.04564714
0.04552460
0.04537129
0.04588675
0.04591775
0.04573679
0.04561949
0.04558444
0.04661107
0.04555106
0.04591537
0.04587817
0.04576230
0.04571962
0.04560018
0.04602051
0.04555202
0.04579687
0.04617691
0.04605842
0.04560971
0.04572296
0.04571080
0.04576612
0.04578638
0.04583883
0.04568386
0.04563808
0.04560041
0.04614711
0.04563117
0.04582357
0.04576731
0.04573631
0.04565907
0.04570723
0.04571414
0.04564595
0.04575372
0.04589772
0.04620409
0.04566216
0.04562998
0.04579139
0.04560971
0.04594779
0.04585075
0.04582834
0.04579663
0.04582858
0.04581738
0.04624224
0.04589391
0.04577470
0.04564476
0.04582095
0.04582906
0.04575348
0.04583097
0.04584312
0.04592967
0.04585004
0.04612660
0.04586101
0.04599595
0.04595661
0.04586601
0.04582095
0.04596257
0.04575324
0.04594970
0.04609275
0.04600143
0.04628968
0.04683304
0.04599977
0.04577446
0.04604959
0.04601884
0.04595327
0.04599094
0.04600310
0.04599881
0.04589844
0.04663754
0.04601455
0.04586816
0.04610753
0.04611111
0.04610586
0.04591990
0.04621363
0.04615331
0.04605031
0.04647875
0.04714417
0.04617023
0.04622746
0.04615927
0.04643178
0.04609871
0.04640412
0.04628205
0.04628730
0.04618144
0.04678822
0.04623985
0.04616451
0.04631305
0.04624152
0.04620028
0.04613233
0.04618382
0.04616284
0.04609847
0.04609346
0.04642081
0.04618335
0.04595995
0.04592657
0.04583383
0.04611278
0.04572535
0.04598475
0.04588962
0.04591560
0.04565120
0.04618502
0.04587960
0.04578090
0.04598689
0.04588008
0.04570651
0.04569459
0.04558706
0.04582906
0.04563737
0.04581594
0.04610085
0.04564905
0.04545784
0.04561996
0.04570603
0.04562712
0.04563808
0.04580760
0.04566383
0.04555988
0.04559946
0.04608130
0.04554367
0.04580188
0.04574084
0.04564548
0.04548955
0.04557276
0.04574609
0.04555368
0.04570127
0.04578638
0.04643488
0.04558396
0.04553843
0.04563713
0.04556322
0.04578900
0.04577637
0.04570484
0.04550767
0.04569626
0.04577565
0.04634833
0.04565930
0.04600048
0.04566050
0.04608941
0.04555011
0.04564023
0.04547191
0.04570746
0.04573417
0.04605556
0.04581428
0.04585314
0.04721141
0.04552388
0.04577327
0.04677439
0.04574013
0.04568815
0.04559970
0.04582644
0.04620814
0.04591107
0.04583859
0.04589248
0.04564404
0.04578638
0.04589033
0.04569864
0.04590154
0.04601431
0.04579425
0.04612827
0.04578424
0.04589438
0.04569292
0.04581213
0.04592586
0.04580331
0.04568148
0.04587913
0.04563785
0.04591966
0.04622817
0.04575944
0.04581738
0.04598641
0.04569125
0.04592967
0.04580259
0.04584432
0.04590559
0.04597616
0.04586101
0.04638290
0.04585648
0.04599571
0.04592371
0.04597783
0.04600000
0.04587221
0.04574513
0.04579091
0.04593849
0.04601049
0.04613590
0.04593873
0.04605365
0.04609728
0.04618931
0.04618454
0.04613113
0.04619479
0.04618096
0.04612899
0.04636574
0.04705358
0.04613900
0.04619575
0.04613900
0.04622698
0.04606175
0.04634404
0.04637122
0.04623437
0.04613805
0.04659915
0.04621243
0.04609799
0.04631805
0.04636216
0.04618335
0.04614854
0.04625535
0.04631710
0.04621291
0.04652667
0.04677033
0.04633737
0.04624081
0.04622149
0.04630661
0.04622531
0.04626513
0.04630637
0.04613256
0.04605508
0.04606175
0.04659510
0.04590821
0.04604936
0.04611015
0.04632711
0.04584813
0.04600239
0.04593897
0.04616761
0.04600167
0.04605842
0.04695034
0.04592514
0.04603577
0.04603601
0.04597282
0.04595017
0.04600263
0.04588532
0.04587483
0.04599667
0.04588318
0.04665208
0.04571962
0.04591775
0.04563308
0.04582810
0.04583526
0.04562473
0.04569554
0.04554367
0.04576898
0.04596853
0.04605556
0.04559398
0.04554296
0.04577541
0.04577613
0.04570174
0.04563355
0.04576468
0.04562783
0.04569888
0.04620337
0.04576612
0.04570651
0.04557753
0.04552984
0.04572535
0.04557204
0.04584432
0.04589081
0.04582310
0.04564381
0.04625583
0.04625082
0.04594207
0.04585886
0.04593992
0.04579759
0.04576039
0.04585934
0.04593730
0.04573441
0.04599190
0.04634380
0.04574585
0.04562140
0.04589534
0.04615688
0.04583907
0.04607034
0.04610777
0.04595804
0.04593468
0.04594183
0.04659820
0.04583836
0.04598665
0.04594111
0.04609823
0.04587674
0.04612803
0.04596615
0.04596090
0.04579043
0.04580736
0.04614758
0.04578805
0.04594946
0.04593134
0.04587102
0.04583716
0.04566407
0.04581785
0.04565692
0.04581499
0.04579711
0.04656649
0.04558778
0.04591513
0.04560375
0.04565263
0.04577708
0.04571509
0.04569340
0.04567313
0.04579091
0.04558206
0.04626918
0.04578543
0.04573393
0.04557872
0.04559875
0.04569650
0.04551601
0.04575181
0.04578161
0.04576659
0.04611230
0.04626369
0.04571700
0.04588962
0.04592252
0.04602861
0.04600954
0.04606032
0.04600120
0.04578209
0.04576135
0.04636478
0.04595494
0.04598641
0.04585266
0.04577398
0.04560566
0.04574823
0.04582834
0.04555559
0.04575181
0.04577661
0.04593420
0.04578185
0.04574251
0.04571223
0.04541612
0.04580116
0.04567027
0.04566526
0.04544449
0.04557180
0.04570556
0.04591537
0.04571986
0.04573536
0.04569244
0.04562593
0.04559159
0.04568028
0.04556680
0.04571271
0.04570961
0.04562688
0.04579186
0.04555106
0.04562449
0.04551268
0.04565024
0.04592752
0.04560399
0.04551291
0.04551196
0.04571390
0.04540229
0.04612041
0.04575539
0.04560781
0.04545403
0.04560328
0.04554892
0.04555726
0.04575682
0.04571319
0.04560065
0.04563212
0.04590154
0.04575086
0.04551291
0.04577088
0.04578638
0.04577374
0.04567242
0.04562759
0.04572392
0.04572821
0.04585910
0.04611373
0.04590297
0.04576087
0.04574418
0.04598689
0.04574227
0.04601288
0.04607606
0.04609227
0.04585671
0.04602122
0.04711914
0.04593897
0.04609799
0.04626679
0.04609609
0.04614449
0.04603386
0.04619670
0.04592752
0.04627895
0.04659891
0.04607701
0.04603767
0.04609179
0.04599190
0.04595613
0.04614305
0.04609895
0.04598856
0.04598784
0.04584527
0.04649687
0.04620910
0.04617453
0.04598045
0.04601932
0.04578447
0.04586458
0.04595923
0.04579139
0.04584002
0.04594970
0.04610491
0.04569888
0.05331802
0.04948926
0.04779577
0.04899287
0.04990745
0.04833770
0.04766226
0.04732323
0.04717541
0.04595804
0.04605675
0.04603243
0.04572582
0.04596353
0.04584622
0.04603791
0.04578137
0.04594517
0.04593825
0.04637623
0.04567766
0.04584098
0.04592204
0.04573798
0.04592681
0.04630446
0.04593158
0.04561520
0.04580474
0.04582047
0.04613996
0.04604101
0.04592609
0.04580402
0.04590416
0.04602528
0.04584885
0.04592133
0.04603553
0.04608321
0.04588342
0.04654837
0.04604912
0.04622722
0.04610753
0.04622936
0.04612470
0.04650068
0.04628086
0.04617691
0.04610467
0.04618597
0.04643917
0.04610443
0.04624987
0.04621696
0.04616833
0.04649091
0.04613733
0.04631281
0.04631543
0.04631257
0.04658794
0.04648781
0.04633498
0.04645562
0.04640174
0.04660559
0.04630089
0.04653525
0.04662156
0.04672337
0.04644561
0.04690075
0.04665685
0.04655075
0.04669261
0.04681683
0.04683733
0.04687071
0.04696512
0.04709721
0.04614663
0.04611850
0.04730821
0.04723954
0.04701614
0.04733658
0.04743838
0.04729009
0.04703450
0.04722118
0.04730582
0.04792380
0.04776382
0.04780006
0.04734635
0.04712057
0.04707003
0.04724717
0.04700661
0.04722095
0.04714727
0.04717207
0.04683852
0.04730868
0.04751515
0.04722619
0.04709697
0.04717994
0.04690838
0.04693723
0.04692411
0.04716706
0.04683757
0.04711676
0.04797244
0.04688120
0.04660940
0.04669428
0.04670882
0.04662657
0.04657125
0.04661846
0.04646659
0.04647517
0.04670906
0.04637885
0.04642057
0.04633093
0.04647732
0.04640698
0.04635882
0.04641771
0.04613209
0.04632616
0.04613090
0.04674006
0.04624963
0.04631424
0.04587245
0.04596043
0.04616308
0.04603887
0.04607654
0.04620028
0.04604125
0.04592299
0.04629707
0.04612327
0.04588342
0.04606605
0.04614782
0.04599690
0.04573894
0.04603148
0.04594660
0.04603052
0.04578710
0.04678202
0.04601002
0.04588389
0.04601359
0.04595590
0.04589963
0.04600549
0.04601383
0.04605865
0.04605007
0.04610968
0.04588151
0.04591584
0.04604030
0.04591489
0.04702353
0.04600406
0.04596996
0.04596710
0.04608345
0.04685259
0.04627609
0.04633808
0.04599833
0.04599571
0.04562521
0.04577279
0.04574442
0.04676223
0.04584742
0.04590321
0.04568648
0.04626250
0.04562807
0.04589319
0.04580092
0.04586315
0.04581237
0.04581451
0.04594636
0.04590487
0.04580832
0.04566360
0.04606557
0.04594874
0.04584265
0.04586315
0.04575419
0.04582977
0.04556155
0.04565120
0.04573011
0.04554296
0.04571819
0.04625010
0.04568672
0.04560566
0.04568195
0.04555941
0.04571128
0.04570127
0.04573822
0.04564619
0.04577303
0.04590893
0.04615712
0.04554415
0.04553509
0.04574227
0.04563546
0.04579449
0.04586124
0.04572630
0.04567122
0.04571080
0.04574847
0.04589772
0.04595399
0.04593062
0.04577613
0.04594588
0.04578614
0.04592896
0.04579592
0.04609132
0.04593539
0.04602361
0.04658341
0.04595971
0.04575062
0.04592419
0.04581475
0.04592228
0.04589748
0.04593706
0.04592514
0.04595375
0.04621887
0.04584813
0.04582477
0.04583716
0.04568863
0.04596019
0.04579377
0.04585719
0.04581380
0.04585385
0.04580116
0.04627323
0.04608655
0.04571080
0.04569697
0.04558825
0.04565167
0.04558468
0.04557037
0.04575253
0.04559851
0.04576826
0.04612446
0.04566216
0.04565024
0.04572105
0.04550767
0.04562974
0.04560328
0.04557920
0.04567528
0.04575825
0.04555631
0.04609299
0.04565716
0.04564142
0.04545927
0.04573560
0.04563904
0.04574728
0.04570007
0.04565740
0.04557920
0.04587436
0.04603601
0.04569411
0.04572487
0.04557419
0.04590154
0.04592276
0.04585147
0.04573989
0.04574060
0.04606986
0.04574251
0.04643202
0.04597807
0.04643822
0.04711556
0.04582191
0.04590821
0.04590440
0.04587507
0.04602027
0.04584789
0.04578996
0.04604220
0.04600286
0.04571223
0.04598498
0.04594636
0.04591680
0.04572582
0.04755592
0.04713011
0.04723907
0.04722643
0.04606152
0.04570317
0.04575133
0.04572034
0.04590178
0.04560781
0.04585648
0.04673791
0.04581380
0.04568958
0.04599738
0.04615617
0.04562020
0.04567361
0.04574823
0.04565573
0.04558086
0.04556870
0.04571795
0.04555082
0.04585576
0.04618788
0.04580545
0.04562068
0.04567146
0.04573917
0.04567862
0.04574180
0.04587603
0.04577136
0.04565263
0.04566979
0.04637194
0.04568577
0.04591417
0.04595923
0.04595637
0.04571939
0.04586935
0.04590487
0.04578948
0.04606318
0.04607534
0.04621005
0.04587603
0.04592967
0.04573250
0.04572535
0.04571104
0.04578686
0.04574943
0.04568839
0.04578876
0.04561162
0.04632115
0.04589558
0.04583359
0.04572773
0.04593682
0.04562473
0.04583001
0.04572272
0.04570603
0.04576731
0.04575086
0.04612279
0.04589176
0.04591465
0.04572964
0.04566884
0.04590034
0.04571056
0.04587364
0.04582405
0.04582071
0.04560518
0.04647732
0.04585958
0.04565740
0.04578304
0.04596162
0.04573202
0.04580593
0.04575157
0.04593658
0.04570556
0.04594660
0.04682541
0.04577565
0.04552054
0.04567838
0.04577684
0.04562759
0.04586720
0.04587865
0.04562640
0.04558301
0.04596734
0.04593349
0.04541755
0.04564404
0.04569554
0.04567242
0.04545689
0.04556370
0.04560685
0.04558206
0.04551244
0.04614782
0.04614758
0.04560089
0.04558849
0.04577065
0.04553676
0.04582500
0.04582906
0.04577255
0.04565907
0.04576874
0.04634380
0.04566050
0.04591608
0.04591393
0.04577589
0.04578757
0.04578733
0.04587722
0.04577494
0.04598999
0.04599714
0.04611945
0.04575276
0.04586649
0.04575968
0.04577374
0.04605699
0.04592586
0.04593062
0.04574037
0.04564404
0.04583144
0.04629254
0.04587936
0.04580021
0.04595757
0.04583168
0.04603481
0.04611754
0.04593968
0.04568839
0.04581022
0.04589033
0.04600978
0.04590344
0.04599237
0.04575229
0.04576969
0.04562497
0.04562879
0.04574490
0.04582334
0.04592729
0.04570055
0.04594088
0.04592276
0.04556441
0.04579473
0.04572868
0.04581451
0.04575777
0.04587102
0.04573584
0.04570484
0.04568911
0.04651475
0.04556942
0.04596257
0.04591322
0.04586887
0.04571724
0.04581904
0.04588485
0.04568815
0.04598570
0.04619384
0.04674315
0.04587483
0.04591942
0.04603338
0.04585719
0.04621506
0.04612708
0.04609823
0.04592967
0.04604292
0.04628110
0.04619694
0.04604983
0.04602766
0.04606080
0.04599667
0.04601884
0.04622531
0.04596114
0.04593396
0.04596663
0.04663014
0.04581094
0.04611063
0.04616761
0.04612494
0.04585791
0.04601789
0.04616189
0.04587770
0.04606414
0.04626369
0.04627991
0.04609084
0.04590702
0.04598975
0.04582739
0.04617882
0.04604840
0.04600120
0.04583335
0.04590702
0.04583287
0.04631877
0.04594111
0.04590416
0.04598379
0.04590654
0.04594183
0.04601717
0.04579496
0.04596257
0.04592943
0.04614043
0.04679227
0.04621530
0.04631543
0.04627275
0.04605532
0.04610062
0.04612327
0.04597735
0.04617453
0.04631448
0.04656792
0.04642153
0.04636741
0.04634881
0.04615116
0.04599428
0.04586506
0.04605150
0.04593706
0.04620457
0.04625773
0.04670835
0.04606009
0.04610944
0.04602957
0.04605985
0.04593325
0.04602456
0.04611611
0.04593539
0.04593229
0.04602218
0.04615498
0.04585934
0.04600310
0.04581332
0.04618287
0.04606533
0.04599905
0.04591823
0.04583812
0.04585528
0.04609609
0.04655790
0.04601765
0.04601002
0.04583907
0.04614639
0.04608750
0.04580522
0.04588747
0.04597139
0.04597020
0.04558492
0.04606867
0.04590821
0.04592514
0.04572296
0.04593110
0.04608870
0.04582834
0.04610729
0.04601741
0.04666114
0.04586315
0.04658699
0.04598713
0.04586744
0.04613996
0.04609108
0.04598951
0.04575777
0.04592061
0.04600358
0.04579091
0.04645896
0.04632115
0.04601622
0.04593730
0.04593658
0.04606247
0.04594588
0.04646707
0.04616094
0.04600716
0.04605436
0.04646516
0.04619837
0.04579473
0.04607511
0.04603362
0.04591560
0.04564238
0.04563260
0.04566884
0.04541492
0.04566455
0.04636717
0.04583621
0.04584098
0.04587746
0.04593611
0.04576206
0.04610467
0.04593563
0.04598141
0.04587555
0.04599738
0.04618263
0.04616380
0.04572868
0.04570293
0.04594779
0.04573822
0.04556012
0.04567385
0.04552960
0.04563022
0.04547334
0.04584551
0.04558158
0.04544210
0.04571056
0.04570031
0.04602957
0.04595089
0.04591179
0.04597306
0.04542804
0.04630685
0.04629302
0.04573727
0.04575992
0.04587770
0.04588652
0.04589486
0.04605532
0.04606009
0.04595470
0.04589868
0.04581285
0.04664850
0.04587412
0.04601169
0.04601192
0.04605007
0.04588914
0.04592156
0.04585600
0.04597306
0.04590487
0.04631972
0.04604816
0.04570866
0.04594159
0.04605317
0.04586363
0.04586077
0.04612541
0.04589868
0.04597807
0.04612160
0.04631186
0.04590416
0.04589772
0.04609203
0.04583049
0.04594350
0.04594350
0.04580021
0.04604673
0.04603744
0.04603887
0.04625869
0.04604435
0.04611182
0.04586983
0.04606819
0.04596162
0.04592514
0.04601073
0.04601264
0.04595661
0.04598570
0.04622316
0.04607558
0.04599643
0.04601431
0.04588294
0.04598165
0.04586673
0.04604030
0.04584360
0.04595113
0.04617119
0.04621124
0.04594445
0.04611731
0.04591560
0.04610419
0.04607224
0.04604983
0.04596758
0.04595971
0.04606295
0.04585290
0.04631758
0.04614067
0.04589844
0.04589915
0.04572225
0.04601407
0.04584432
0.04619169
0.04611135
0.04601264
0.04606509
0.04607177
0.04594970
0.04584813
0.04612017
0.04606175
0.04591274
0.04598403
0.04589891
0.04600382
0.04581475
0.04648900
0.04632592
0.04600954
0.04584289
0.04586768
0.04578710
0.04604197
0.04561806
0.04554486
0.04556918
0.04555321
0.04606271
0.04579997
0.04585719
0.04578567
0.04599619
0.04610109
0.04580927
0.04596019
0.04596853
0.04583859
0.04612970
0.04640818
0.04594636
0.04586959
0.04589105
0.04618239
0.04579949
0.04615426
0.04610467
0.04597235
0.04584694
0.04602909
0.04632282
0.04593325
0.04609442
0.04605818
0.04593873
0.04587317
0.04596758
0.04594040
0.04596806
0.04595566
0.04595447
0.04619598
0.04599190
0.04608893
0.04587770
0.04600334
0.04604816
0.04592037
0.04603219
0.04600811
0.04603982
0.04599452
0.04673028
0.04608035
0.04680562
0.04607797
0.04599571
0.04604554
0.04590511
0.04615116
0.04581046
0.04607940
0.04645777
0.04625177
0.04570794
0.04580736
0.04596949
0.04582906
0.04601979
0.04597878
0.04592776
0.04582691
0.04597926
0.04602814
0.04607606
0.04611683
0.04573250
0.04599547
0.04598689
0.04581547
0.04541659
0.04574347
0.04570413
0.04590964
0.04633212
0.04578066
0.04573321
0.04599333
0.04569674
0.04602504
0.04601598
0.04594827
0.04578614
0.04594898
0.04603982
0.04623175
0.04597664
0.04604292
0.04586649
0.04586744
0.04583359
0.04600096
0.04574823
0.04616976
0.04597902
0.04603410
0.04628277
0.04613280
0.04606104
0.04604030
0.04598975
0.04595804
0.04606485
0.04611015
0.04628038
0.04622674
0.04616952
0.04702806
0.04609013
0.04633594
0.04614019
0.04634023
0.04629993
0.04629207
0.04598784
0.04613709
0.04611993
0.04628587
0.04641032
0.04636717
0.04613709
0.04598308
0.04592729
0.04612541
0.04575348
0.04610157
0.04605913
0.04602861
0.04622841
0.04604268
0.04599762
0.04577518
0.04595447
0.04603338
0.04582334
0.04566145
0.04573059
0.04584098
0.04581118
0.04642677
0.04594350
0.04601121
0.04589701
0.04584289
0.04583859
0.04603791
0.04582191
0.04614449
0.04613352
0.04606032
0.04657245
0.04602551
0.04610181
0.04711914
0.04621148
0.04640985
0.04606938
0.04605317
0.04595590
0.04623961
0.04604626
0.04634857
0.04706836
0.04882550
0.04598045
0.04762554
0.04742050
0.04628634
0.04607081
0.04631948
0.04620123
0.04664898
0.04640055
0.04597116
0.04594254
0.04602146
0.04618979
0.04611158
0.04615784
0.04606366
0.04611158
0.04617286
0.04638958
0.04588628
0.04593921
0.04607511
0.04573202
0.04601860
0.04592466
0.04599762
0.04574847
0.04581475
0.04590106
0.04627109
0.04601121
0.04607105
0.04575920
0.04577756
0.04578805
0.04590106
0.04573894
0.04608631
0.04599071
0.04600835
0.04631114
0.04603028
0.04596424
0.04612279
0.04624510
0.04616189
0.04608464
0.04610276
0.04594278
0.04618502
0.04611826
0.04626465
0.04613900
0.04608250
0.04601574
0.04595828
0.04604483
0.04615474
0.04612255
0.04611850
0.04622579
0.04610848
0.04672909
0.04933095
0.04762506
0.04805255
0.04622030
0.04646730
0.04628372
0.04633069
0.04621124
0.04633379
0.04685140
0.04624820
0.04651141
0.04649138
0.04636216
0.04633594
0.04634857
0.04647684
0.04610038
0.04632711
0.04640579
0.04680872
0.04631996
0.04630709
0.04642129
0.04644585
0.04656744
0.04661155
0.04659581
0.04649353
0.04649115
0.04679155
0.04723549
0.04699445
0.04698944
0.04696083
0.04682899
0.04697180
0.04707265
0.04703951
0.04719377
0.04718256
0.04749274
0.04697490
0.04690456
0.04704928
0.04688716
0.04708123
0.04698801
0.04696274
0.04679012
0.04688668
0.04697442
0.04700375
0.04695678
0.04708195
0.04683352
0.04597640
0.04528022
0.04608011
0.04662418
0.04699135
0.04691696
0.04678941
0.04741788
0.04685307
0.04668450
0.04659724
0.04682279
0.04696822
0.04667735
0.04663849
0.04665828
0.04671502
0.04705191
0.04674006
0.04663730
0.04672265
0.04650569
0.04657507
0.04647040
0.04677033
0.04641509
0.04658031
0.04653931
0.04697680
0.04626417
0.04648805
0.04626846
0.04652238
0.04647636
0.04642391
0.04616404
0.04622650
0.04641438
0.04628158
0.04680037
0.04648662
0.04630709
0.04620099
0.04636168
0.04648495
0.04606938
0.04645610
0.04634690
0.04630613
0.04650784
0.04623485
0.04630995
0.04604030
0.04623413
0.04630804
0.04614019
0.04611421
0.04638267
0.04592443
0.04612184
0.04658008
0.04637885
0.04598236
0.04597473
0.04618645
0.04593039
0.04619718
0.04610109
0.04610443
0.04601979
0.04606342
0.04639912
0.04615951
0.04631710
0.04634213
0.04599905
0.04602242
0.04623365
0.04624391
0.04628348
0.04610920
0.04625344
0.04664683
0.04610562
0.04622912
0.04610419
0.04627895
0.04609823
0.04614377
0.04627514
0.04613352
0.04623461
0.04620767
0.04680490
0.04605865
0.04609895
0.04633498
0.04599452
0.04642630
0.04636574
0.04632282
0.04620266
0.04636312
0.04690647
0.04661417
0.04656625
0.04664016
0.04648972
0.04656005
0.04647803
0.04668093
0.04640651
0.04673195
0.04661155
0.04689932
0.04642630
0.04650855
0.04639053
0.04625797
0.04667449
0.04651713
0.04639769
0.04625535
0.04612136
0.04631972
0.04661608
0.04640341
0.04638338
0.04637885
0.04613638
0.04619479
0.04624224
0.04623771
0.04631925
0.04632211
0.04620409
0.04702735
0.04614258
0.04615641
0.04614568
0.04619002
0.04613543
0.04636264
0.04736257
0.04625559
0.04651570
0.04707289
0.04637051
0.04614663
0.04625463
0.04599023
0.04625654
0.04635024
0.04617739
0.04623485
0.04618406
0.04637122
0.04645848
0.04606533
0.04624844
0.04618812
0.04617333
0.04611659
0.04614139
0.04628491
0.04611564
0.04643703
0.04651308
0.04671478
0.04635024
0.04627943
0.04612684
0.04633975
0.04638267
0.04649687
0.04660487
0.04631639
0.04622984
0.04649448
0.04706311
0.04645085
0.04633546
0.04638243
0.04622197
0.04622841
0.04607916
0.04613948
0.04628587
0.04631543
0.04684782
0.04615569
0.04605007
0.04625368
0.04599214
0.04625797
0.04620934
0.04605412
0.04602528
0.04616833
0.04617620
0.04645300
0.04620576
0.04634333
0.04606390
0.04605055
0.04597592
0.04609203
0.04596376
0.04627490
0.04618335
0.04623818
0.04659843
0.04626703
0.04606390
0.04598403
0.04614687
0.04619789
0.04611349
0.04593325
0.04612637
0.04609466
0.04593468
0.04637980
0.04596615
0.04608059
0.04599261
0.04630280
0.04625797
0.04628634
0.04606581
0.04626012
0.04631567
0.04623556
0.04697180
0.04645467
0.04611683
0.04617143
0.04615259
0.04621315
0.04622459
0.04617310
0.04621482
0.04628158
0.04673791
0.04627371
0.04625034
0.04621983
0.04622102
0.04620337
0.04605293
0.04614663
0.04625082
0.04603481
0.04633498
0.04682946
0.04598737
0.04600573
0.04596829
0.04606056
0.04594064
0.04619431
0.04611397
0.04608679
0.04590726
0.04605341
0.04642129
0.04596567
0.04616332
0.04614377
0.04614401
0.04613400
0.04618287
0.04620695
0.04594684
0.04623842
0.04628873
0.04645658
0.04603910
0.04616356
0.04633284
0.04624653
0.04631257
0.04647040
0.04661107
0.04628158
0.04625082
0.04662943
0.04690552
0.04644346
0.04649782
0.04654312
0.04632235
0.04640627
0.04655766
0.04643798
0.04649568
0.04664636
0.04716063
0.04687357
0.04637861
0.04659152
0.04635906
0.04655266
0.04659247
0.04657984
0.04633617
0.04641962
0.04649901
0.04673839
0.04687905
0.04662633
0.04636478
0.04629683
0.04618168
0.04626298
0.04612374
0.04640651
0.04647350
0.04634285
0.04629850
0.04627109
0.04617095
0.04611015
0.04624557
0.04622793
0.04602671
0.04625058
0.04604173
0.04623795
0.04609799
0.04655933
0.04637027
0.04628253
0.04610920
0.04616904
0.04614687
0.04644179
0.04625344
0.04637480
0.04647613
0.04698253
0.04701042
0.04664326
0.04661369
0.04649997
0.04645228
0.04676533
0.04637432
0.04667687
0.04665971
0.04660916
0.04674172
0.04649091
0.04645729
0.04628611
0.04640150
0.04660702
0.04644251
0.04632330
0.04634070
0.04646802
0.04616499
0.04673576
0.04658532
0.04634094
0.04629111
0.04648948
0.04657102
0.04628873
0.04667091
0.04661918
0.04644227
0.04684997
0.04647589
0.04647398
0.04648042
0.04673529
0.04644227
0.04654074
0.04645419
0.04658318
0.04644132
0.04739308
0.04705071
0.04639864
0.04625797
0.04631901
0.04624057
0.04640937
0.04614949
0.04643273
0.04646850
0.04652047
0.04626250
0.04671502
0.04625320
0.04650474
0.04629707
0.04629087
0.04628825
0.04646254
0.04634476
0.04637814
0.04637575
0.04640985
0.04708147
0.04638004
0.04638815
0.04661155
0.04633713
0.04673076
0.04653430
0.04671454
0.04645634
0.04652023
0.04704928
0.04681897
0.04682541
0.04673910
0.04664516
0.04672980
0.04665279
0.04617119
0.04598546
0.04711056
0.04696345
0.04766083
0.04701090
0.04687858
0.04692078
0.04695916
0.04701853
0.04696345
0.04693460
0.04683232
0.04666066
0.04685283
0.04728127
0.04693198
0.04677558
0.04674649
0.04669118
0.04661393
0.04662609
0.04666805
0.04652143
0.04657602
0.04700589
0.04695177
0.04661226
0.04658842
0.04637122
0.04638124
0.04648852
0.04642558
0.04644752
0.04645586
0.04636073
0.04654837
0.04620767
0.04637551
0.04612112
0.04630351
0.04642057
0.04633617
0.04604816
0.04620004
0.04634190
0.04614615
0.04685354
0.04644823
0.04621649
0.04623055
0.04618955
0.04635811
0.04604602
0.04639363
0.04638553
0.04630375
0.04618597
0.04710984
0.04644132
0.04624104
0.04645944
0.04653716
0.04626751
0.04621673
0.04623914
0.04632235
0.04602265
0.04676819
0.04668665
0.04628181
0.04614520
0.04624248
0.04623652
0.04616737
0.04640293
0.04643226
0.04617023
0.04618692
0.04632640
0.04594469
0.04614806
0.04636741
0.04629540
0.04622316
0.04608917
0.04607463
0.04622293
0.04608464
0.04624319
0.04712081
0.04608107
0.04666138
0.04739141
0.04628301
0.04641366
0.04632425
0.04628158
0.04654145
0.04625630
0.04632854
0.04707932
0.04631495
0.04634714
0.04636145
0.04609799
0.04614043
0.04613256
0.04623389
0.04770446
0.04648900
0.04759097
0.04839897
0.04706383
0.04647732
0.04616618
0.04629493
0.04636431
0.04642200
0.04623675
0.04641271
0.04639888
0.04656887
0.04634762
0.04652572
0.04623461
0.04659605
0.04669285
0.04668403
0.04641986
0.04663420
0.04656959
0.04656553
0.04710340
0.04675484
0.04667449
0.04649663
0.04665589
0.04666138
0.04641414
0.04647636
0.04639602
0.04649878
0.04669571
0.04669809
0.04660153
0.04648972
0.04643941
0.04655313
0.04647732
0.04636669
0.04666519
0.04667282
0.04642558
0.04676938
0.04638314
0.04645348
0.04647732
0.04651737
0.04650211
0.04651904
0.04642320
0.04650998
0.04655981
0.04666638
0.04683185
0.04667592
0.04664993
0.04667258
0.04678249
0.04675078
0.04677796
0.04694557
0.04674792
0.04691815
0.04720306
0.04726171
0.04701447
0.04724288
0.04728174
0.04718733
0.04721308
0.04727387
0.04753923
0.04736614
0.04741788
0.04776669
0.04727483
0.04754972
0.04746628
0.04770064
0.04749489
0.04763556
0.04755545
0.04759622
0.04842472
0.04787922
0.04808426
0.04775429
0.04738259
0.04756379
0.04791284
0.04772973
0.04789066
0.04806542
0.04780340
0.04751682
0.04793739
0.04781675
0.04778743
0.04768348
0.04768610
0.04764724
0.04765916
0.04770708
0.04774547
0.04778981
0.04810071
0.04779387
0.04770088
0.04781389
0.04774952
0.04758954
0.04766607
0.04787731
0.04766965
0.04762435
0.04764962
0.04815650
0.04765677
0.04763865
0.04771519
0.04774904
0.04758763
0.04765224
0.04782987
0.04759812
0.04783511
0.04839683
0.04792500
0.04760289
0.04786348
0.04807687
0.04771686
0.04810977
0.04793334
0.04807806
0.04781055
0.04801965
0.04835796
0.04806876
0.04786205
0.04802442
0.04815722
0.04800224
0.04813719
0.04814148
0.04800272
0.04808640
0.04847002
0.04842019
0.04800749
0.04830956
0.04834008
0.04828811
0.04815483
0.04828668
0.04839730
0.04839540
0.04889178
0.04889393
0.04860091
0.04862595
0.04858828
0.04894900
0.04897380
0.04885650
0.04885697
0.04895520
0.04904699
0.04972053
0.04916310
0.04930162
0.04930592
0.04890490
0.04915524
0.04972935
0.04966402
0.04951119
0.04939866
0.04993725
0.04958391
0.04947782
0.04962778
0.04976225
0.04956126
0.04949021
0.04950547
0.04958963
0.04930115
0.04998159
0.04952192
0.04946899
0.04925060
0.04935002
0.04941225
0.04923725
0.04949570
0.04936123
0.04922032
0.04937530
0.04906440
0.04911780
0.04884076
0.04905152
0.04895568
0.04887199
0.04884005
0.04879832
0.04866171
0.04919696
0.04866314
0.04879308
0.04869056
0.04868460
0.04839826
0.04834461
0.04834700
0.04831028
0.04849458
0.04888272
0.04864407
0.04829812
0.04830575
0.04846644
0.04831481
0.04859781
0.04869056
0.04871702
0.04872251
0.04904962
0.05021167
0.04907751
0.04934144
0.04943085
0.04940486
0.04943275
0.04958272
0.04964447
0.04979587
0.04979968
0.05059838
0.05015254
0.05021071
0.05018187
0.05023813
0.05063272
0.05162001
0.05066514
0.05078626
0.05100751
0.05114698
0.04994917
0.04987931
0.05126452
0.05137825
0.05159879
0.05157542
0.05183578
0.05173635
0.05231214
0.05167890
0.05188727
0.05192757
0.05180144
0.05195642
0.05199981
0.05166340
0.05167603
0.05149865
0.05227208
0.05146790
0.05143642
0.05133963
0.05151033
0.05129313
0.05140257
0.05147552
0.05131650
0.05150175
0.05258536
0.05135345
0.05136681
0.05131626
0.05133152
0.05119610
0.05143642
0.05131316
0.05108380
0.05121493
0.05100083
0.05100322
0.05079198
0.05097175
0.05094957
0.05063415
0.05062413
0.05052066
0.05062914
0.05064487
0.05071592
0.05055952
0.05045629
0.05007005
0.05025506
0.05022430
0.05045152
0.05042481
0.05051923
0.05102348
0.05034661
0.05051279
0.05058026
0.05037236
0.05031395
0.05034280
0.05054212
0.05025125
0.05039811
0.05076909
0.05043387
0.05028129
0.05024600
0.05041337
0.05042982
0.05050921
0.05049801
0.05043912
0.05040431
0.05068636
0.05057406
0.05005765
0.05017185
0.05037761
0.05031371
0.05028200
0.05019498
0.04991603
0.05023193
0.05063796
0.05036855
0.05048418
0.05018640
0.05025387
0.05022335
0.05022073
0.05024743
0.05013776
0.05018806
0.05103683
0.05024648
0.05009675
0.05002570
0.04993749
0.05012608
0.05014110
0.05042815
0.05027461
0.05054474
0.05061865
0.05047917
0.05066109
0.05073714
0.05056429
0.05065227
0.05059862
0.05089140
0.05049968
0.05126905
0.05113435
0.05071783
0.05054235
0.05054903
0.05064273
0.05047178
0.05064201
0.05077553
0.05053329
0.05096269
0.05044770
0.05075336
0.05047965
0.05077147
0.05062890
0.05056477
0.05039287
0.05050635
0.05064774
0.05082989
0.05076814
0.05085564
