0.03209352
0.04953980
0.04904079
0.04899192
0.04788685
0.04735041
0.04733229
0.04789639
0.04767132
0.04733396
0.04742312
0.04744720
0.04739881
0.04750586
0.04746437
0.04744220
0.04748535
0.04745770
0.04805756
0.04729676
0.04741454
0.04745197
0.04745460
0.04737759
0.04740620
0.04750824
0.04737329
0.04735804
0.04791546
0.04756260
0.04739380
0.04748940
0.04747176
0.04735613
0.04749537
0.04750252
0.04765296
0.04739881
0.04740310
0.04800606
0.04740548
0.04751587
0.04756951
0.04753160
0.04743481
0.04723811
0.04736471
0.04747295
0.04745150
0.04798388
0.04781342
0.04758525
0.04762602
0.04751730
0.04764962
0.04767656
0.04751968
0.04747486
0.04742908
0.04745984
0.04785776
0.04737282
0.04744387
0.04731059
0.04729748
0.04735160
0.04732156
0.04732203
0.04732966
0.04742932
0.04793382
0.04774928
0.04743838
0.04747272
0.04749870
0.04750299
0.04759026
0.04766488
0.04758596
0.04711008
0.04724526
0.04768157
0.04734564
0.04738975
0.04746270
0.04746199
0.04741216
0.04755092
0.04739928
0.04741573
0.04754376
0.04793072
0.04775834
0.04770184
0.04760671
0.04759812
0.04765129
0.04793715
0.04770017
0.04769230
0.04767942
0.04767084
0.04801750
0.04772997
0.04884124
0.04778314
0.04767132
0.04771805
0.04774809
0.04770994
0.04770875
0.04770136
0.04794931
