0.03387475
0.05184746
0.05109239
0.05137563
0.04936528
0.04952121
0.04943490
0.04958510
0.04939961
0.05000544
0.04967618
0.04959083
0.04941630
0.04968882
0.04952002
0.04960179
0.04967546
0.04979992
0.04975176
0.05029464
0.04992652
0.04966998
0.04986119
0.04998875
0.04993176
0.04999352
0.04991126
0.04980373
0.04993510
0.05021572
0.04987979
0.04973888
0.04974675
0.04978776
0.04978895
0.04990673
0.04982305
0.04992461
0.05020094
0.05003667
0.05002856
0.04880738
0.04867816
0.04998231
0.05012321
0.05028772
0.05011654
0.05000114
0.05064082
0.05017710
0.05024171
0.05012822
0.05027127
0.05014229
0.05018330
0.05027199
0.05032897
0.05007935
0.05048871
0.05030012
0.05021572
0.05015874
0.04998875
0.05022645
0.05018163
0.04991245
0.05008721
0.05027008
0.05097747
0.04996586
0.04998422
0.05008078
0.04999089
0.05020881
0.05005836
0.05015993
0.05031872
0.05056477
0.05066752
0.05033040
0.05041242
0.05031991
0.05048919
0.05029440
0.05026913
0.05044436
0.05141139
0.05079460
0.05026507
0.05191827
0.05045915
0.05024886
0.05032468
0.05038738
0.05046964
0.05055165
0.05048394
0.05100536
0.05038738
0.05037570
0.05034900
0.05032897
0.05045843
0.05055666
0.05029058
0.05035019
0.05090094
0.05037785
0.05026865
0.05018830
0.04894686
0.04903913
0.05002952
0.04998255
0.05012417
0.05002785
0.05051661
0.05005145
0.04994226
0.05022526
0.05007434
0.04998612
0.04991317
0.05008721
0.05018592
0.05003929
0.05044341
0.05028105
0.05013704
0.05010581
0.05007315
0.05010915
0.05008698
0.05019426
0.05016232
0.05065608
0.05013919
0.05013776
0.04992747
0.04994249
0.05002618
0.05007291
0.04988718
0.04995322
0.04971814
0.05025101
0.04972720
0.04971576
0.04970241
0.04960346
0.04986644
0.04978466
0.04964209
0.04949570
0.04953051
0.04990768
0.04953766
0.04938698
0.04943943
0.04940653
0.04951191
0.04932666
0.04918528
0.04937816
0.04917836
0.04990959
0.04914522
0.04933190
0.04911304
0.04917288
0.04899883
0.04913354
0.04890895
0.04902816
0.04889226
0.04934645
0.04895520
0.04908323
0.04895782
0.04913592
0.04909754
0.04926705
0.04914927
0.04943514
0.04946375
0.05042720
0.04948306
0.04969049
0.04934835
0.04940534
0.04946399
0.04932642
0.04957223
0.04955006
0.04988956
0.04945254
0.04953122
0.04947495
0.04943800
0.04933047
0.04925680
0.04938912
0.04936075
0.04915333
0.04974604
0.04974008
0.04944658
0.04911733
0.04914570
0.04903722
0.04906225
0.04866624
0.04873419
0.04904008
0.04929113
0.04888797
0.04891610
0.04893851
0.04881525
0.04893494
0.04898620
0.04885817
0.04896474
0.04899907
0.04923344
0.04893470
0.04891586
0.04856539
0.04861093
0.04884601
0.04891634
0.04894567
0.04888558
0.04883361
0.04939890
0.04898214
0.04861164
0.04832482
0.04872131
0.04890537
0.04902625
0.04899764
0.04909992
0.04915094
0.04945016
0.04936838
0.04917812
0.04932880
0.04921150
0.04915643
0.04915452
0.04939914
0.04940224
0.04950953
0.04978848
0.04956031
0.04965639
0.04956675
0.04968977
0.04972005
0.04957795
0.04967809
0.04962468
0.04971457
0.05002618
0.04974604
0.04966950
0.04982328
0.04954338
0.04953575
0.04968166
0.04964662
0.04979086
0.04975057
0.05066133
0.04983759
0.04999733
0.05011535
0.04996777
0.05009985
0.05010867
0.05032182
0.05022812
0.05072427
0.05068612
0.05055737
0.05048966
0.05038857
0.05042601
0.05055332
0.05058765
0.05077195
0.05058813
0.05109453
0.05082011
0.05092931
0.05084729
0.05092049
0.05107927
0.05112147
0.05123019
0.05102444
0.05156732
0.05126572
0.05109692
0.05103564
0.05117464
0.05097032
0.05105662
0.05118227
0.05091500
0.05101013
0.05139852
0.05079293
0.05097365
0.05065751
0.05072331
0.05055213
0.05068684
0.05051589
0.05064344
0.05047274
0.05142999
0.05052733
0.05056000
0.05042911
0.05042768
0.05036354
0.05036521
0.05040097
0.05047536
0.05072141
0.05038095
0.05021763
0.05017543
0.05031776
0.05043006
0.05021214
0.05032802
0.05013871
0.05015206
0.05053973
0.04869652
0.04877734
0.05015302
0.05022669
0.05001307
0.04991484
0.04986024
0.04992437
0.04975152
0.05036855
0.04966068
0.04972720
0.04968810
0.04972696
0.04971886
0.04972410
0.04951811
0.04947352
0.04996133
0.04969954
0.04970646
0.04984021
0.04967380
0.04983783
0.04965520
0.04975176
0.04978228
0.04994059
0.05032349
0.05001020
0.05001831
0.05001044
0.05019355
0.05032325
0.05024242
0.05032706
0.05004668
0.05024624
0.05043077
0.05000758
0.05005121
0.05006194
0.05005288
0.04998279
0.05022526
0.05012417
0.05007505
0.05003166
0.05057216
0.05012512
0.05018377
0.04996181
0.04999447
0.05028892
0.05012608
0.05016279
0.05003309
0.05062199
0.05038118
0.05027127
0.04998517
0.05015755
0.05005407
0.05013132
0.05000758
0.05011320
0.04996800
0.05038691
0.05003452
0.05003023
0.05007672
0.05000830
0.05010843
0.05007100
0.05018735
0.04987645
0.05003595
0.05039477
0.05026674
0.04999733
0.04994512
0.05004692
0.04996967
0.05001378
0.04997563
0.05016923
0.04997563
0.05095887
0.04988766
0.05000877
0.04990196
0.04998302
0.04980612
0.04980779
0.04979300
0.05009246
0.05046868
0.04994535
0.04996896
0.04995108
0.04986429
0.04996061
0.04990673
0.04989457
0.04972696
0.04984403
0.05027866
0.04995990
0.04993391
0.04987597
0.04995799
0.04994297
0.04998994
0.05000925
0.04993367
0.05006886
0.04998541
0.04978657
0.04989791
0.04983974
0.04988599
0.04968524
0.04982972
0.04972196
0.04993367
0.05001998
0.05030704
0.04985714
0.04991484
0.05002785
0.04993486
0.04980564
0.04990077
0.04996228
0.05002451
0.05066252
0.05050135
0.05010819
0.04999423
0.05008006
0.05004883
0.05013418
0.05009413
0.05006242
0.05015206
0.05049205
0.05065012
0.04996467
0.04993343
0.04982185
0.05014873
0.04998970
0.05019021
0.04990745
0.04996300
0.05035496
0.05000043
0.04991126
0.05002999
0.05027270
0.05019307
0.04999471
0.05006695
0.05003858
0.05049706
0.05005074
0.05002379
0.05001378
0.05008054
0.04994178
0.05010557
0.05020952
0.05018830
0.05013299
0.05033517
0.05017114
0.04998136
0.05008388
0.04997635
0.05018377
0.04998374
0.04999709
0.05001926
0.05012584
0.05031848
0.04996848
0.04998231
0.05012608
0.05006886
0.05037093
0.04997468
0.05006909
0.05022502
0.05040669
0.05123806
0.05068827
0.05047154
0.05058765
0.05081964
0.05068707
0.05098605
0.05068016
0.05092835
0.05129218
0.05092359
0.05086398
0.05097246
0.05088735
0.05093884
0.05097628
0.05096650
0.05101061
0.05157614
0.05169439
0.05110502
0.05110431
0.05116653
0.05124331
0.05093527
0.05092287
0.05130911
0.05147839
0.05178833
0.05167770
0.05186319
0.05168223
0.05175018
0.05169868
0.05173326
0.05168343
0.05152106
0.05172396
0.05245042
0.05147219
0.05153728
0.05134296
0.05149484
0.05152225
0.05143023
0.05157781
0.05164027
0.05184102
0.05177665
0.05159926
0.05153966
0.05122495
0.05138683
0.05109978
0.05122089
0.05127382
0.05122709
0.05228162
0.05142021
0.05100560
0.05113411
0.05088353
0.05084872
0.05098414
0.05100322
0.05097866
0.05124307
0.05070043
0.05055475
0.05072594
0.05080843
0.05068612
0.05064607
0.05075502
0.05064082
0.05072618
0.05115962
0.05061913
0.05069470
0.05056000
0.05071497
0.05071139
0.05068469
0.05058622
0.05050731
0.05081940
0.05096316
0.05060673
0.05052018
0.05045247
0.05052233
0.05050969
0.05061889
0.05068636
0.05053496
0.05122328
0.05071402
0.05057383
0.05111575
0.05058575
0.05073619
0.05038166
0.05060458
0.05051208
0.05054069
0.05122304
0.05083203
0.05069709
0.05086970
0.05053234
0.05066442
0.05074763
0.05066085
0.05070472
0.05102086
0.05072951
0.05046964
0.05071449
0.05039644
0.05044484
0.05058098
0.05031228
0.05035448
0.05061197
0.05083418
0.05077529
0.05054927
0.05067515
0.05090690
0.05090976
0.05097198
0.05119848
0.05089831
0.05149150
0.05164742
0.05125570
0.05193686
0.05117774
0.05125117
0.05118489
0.05154586
0.05132031
0.05157185
0.05196548
0.05186653
0.05178118
0.05180049
0.05189633
0.05200791
0.05182481
0.05248332
0.05189228
0.05237937
0.05199909
0.05229759
0.05206871
0.05232477
0.05214000
0.05252314
0.05240250
0.05232763
0.05246019
0.05255651
0.05240941
0.05224729
0.05234766
0.05235267
0.05215931
0.05212951
0.05223298
0.05222654
0.05256939
0.05220008
0.05230117
0.05223083
0.05222750
0.05223870
0.05221796
0.05225849
0.05247045
0.05267453
0.05265021
0.05263400
0.05287719
0.05283213
0.05304170
0.05291843
0.05287552
0.05259323
0.05291796
0.05263329
0.05237651
0.05235720
0.05238628
0.05236983
0.05231881
0.05224228
0.05203152
0.05192327
0.05181885
0.05138445
0.05181575
0.05189061
0.05190992
0.05176878
0.05187845
0.05184102
0.05175900
0.05178905
0.05133963
0.05135989
0.05115199
0.05103612
0.05101562
0.05081487
0.05083060
0.05049086
0.05051756
0.05076194
0.05043459
0.05024290
0.05023980
0.05007029
0.05032825
0.04993582
0.04999900
0.04973054
0.05033541
0.04991341
0.04965925
0.04964852
0.04966402
0.04979110
0.04977608
0.04969621
0.04959416
0.04985857
0.05002236
0.04955077
0.04964375
0.04948163
0.04944181
0.04950070
0.04957080
0.04944968
0.04950428
0.04962754
0.04991961
0.04949307
0.04945111
0.04947758
0.04935551
0.04950333
0.04939151
0.04924822
0.04923105
0.04934382
0.04976654
0.04944777
0.04918265
0.04935980
0.04922414
0.04945135
0.04928946
0.04940462
0.04931498
0.04942513
0.04962993
0.04941559
0.04935622
0.04943442
0.04940653
0.04941583
0.04932189
0.04941249
0.04940128
0.04952478
0.05030346
0.04941845
0.04943085
0.04942942
0.04925489
0.04934001
0.04953194
0.04923224
0.04926562
0.04988194
0.04931855
0.04953194
0.04934812
0.04931045
0.04937816
0.04972434
0.04948211
0.04947376
0.04948926
0.05011559
0.05005860
0.04979968
0.04993916
0.04981160
0.04971170
0.04985785
0.04982138
0.04965687
0.04969287
0.04997921
0.04968357
0.04964089
0.04976749
0.04970169
0.04957843
0.04951096
0.04978037
0.04965162
0.04964304
0.04974508
0.04962325
0.04957533
0.04960966
0.04973578
0.04966354
0.04973364
0.04965544
0.04975367
0.04998565
0.05062222
0.05005312
0.05002832
0.05014277
0.05004239
0.05019021
0.05007958
0.04896259
0.04896355
0.05083108
0.05032611
0.05040598
0.05037165
0.05064034
0.05047870
0.05071712
0.05073214
0.05078936
0.05089378
0.05119634
0.05111289
0.05123925
0.05118203
0.05093575
0.05108690
0.05116749
0.05126023
0.05137849
0.05121374
0.05215216
0.05172753
0.05180025
0.05182099
0.05187869
0.05188727
0.05181432
0.05142522
0.05157924
0.05233240
0.05199409
0.05204153
0.05207634
0.05222201
0.05239010
0.05233955
0.05243134
0.05277157
0.05335021
0.05290794
0.05264926
0.05282140
0.05262232
0.05280447
0.05274153
0.05285048
0.05271077
0.05300117
0.05309916
0.05287266
0.05302858
0.05322051
0.05318737
0.05334663
0.05356193
0.05345416
0.05358052
0.05395246
0.05358839
0.05378151
0.05399871
0.05351949
0.05363560
0.05382013
0.05377197
0.05409288
0.05425739
0.05401897
0.05357409
0.05346775
0.05350089
0.05336213
0.05361485
0.05310941
0.05310965
0.05335236
0.05287623
0.05306816
0.05276895
0.05272174
0.05262637
0.05254483
0.05236506
0.05221319
0.05245519
0.05194807
0.05212283
0.05185890
0.05197334
0.05161357
0.05158806
0.05170298
0.05148697
0.05186343
0.05203605
0.05198884
0.05157423
0.05164933
0.05145311
0.05158830
0.05148029
0.05154037
0.05128384
0.05169535
0.05122399
0.05112338
0.05118060
0.05101681
0.05111337
0.05089474
0.05096793
0.05083990
0.05109048
0.05080247
0.05067635
0.05067444
0.05076218
0.05047679
0.05067420
0.05069852
0.05057049
0.05049491
0.05087209
0.05053711
0.05042076
0.05043197
0.05041337
0.05010700
0.05012774
0.04997015
0.04976058
0.04996109
0.04983234
0.04951310
0.04925370
0.04947090
0.04940391
0.04927349
0.04914880
0.04919910
0.04908299
0.04922962
0.04978013
0.04914474
0.04919672
0.04924488
0.04901910
0.04911470
0.04926372
0.04917908
0.04935837
0.04925966
0.04941058
0.04923010
0.04924440
0.04905581
0.04909039
0.04910588
0.04915023
0.04937625
0.04921150
0.04950738
0.04907298
0.04907680
0.04891253
0.04903007
0.04896069
0.04893374
0.04854989
0.04836035
0.04845953
0.04940891
0.04888535
0.04886866
0.04889297
0.04890180
0.04875016
0.04885530
0.04907417
0.04886270
0.04961324
0.04945445
0.04913354
0.04908204
0.04875708
0.04883862
0.04889274
0.04901552
0.04873419
0.04880309
0.04884458
0.04933524
0.04914045
0.04891348
0.04905033
0.04904175
0.04902029
0.04903483
0.04917836
0.04904079
0.04906774
0.04947162
0.04919028
0.04917479
0.04936123
0.04937363
0.04939461
0.04937434
0.04956388
0.04937220
0.04954600
0.05000353
0.04957342
0.04931521
0.04954910
0.04945588
0.04964423
0.04961252
0.04934502
0.04934835
0.04928112
0.04962778
0.04911923
0.04909062
0.04900432
0.04912734
0.04885364
0.04902792
0.04891348
0.04908752
0.04886127
0.04913378
0.04891753
0.04906440
0.04883075
0.04893303
0.04903293
0.04891968
0.04883528
0.04904771
0.04900932
0.04965305
0.04898167
0.04896212
0.04898524
0.04915261
0.04901218
0.04908872
0.04916716
0.04921436
0.04930401
0.05024719
0.04937983
0.04951501
0.04939771
0.04942012
0.04963112
0.04971170
0.04971147
0.04993010
0.05048609
0.04995513
0.04994631
0.05004978
0.05018330
0.05007291
0.05017090
0.05001163
0.05011082
0.04990339
0.05027580
0.04981852
0.05017376
0.05009985
