0.02682471
0.04891896
0.04591823
0.04590034
0.04520464
0.04445291
0.04436183
0.04426908
0.04445958
0.04435039
0.04426455
0.04483986
0.04430461
0.04460335
0.04441428
0.04418945
0.04435134
0.04429746
0.04456735
0.04433393
0.04414630
0.04428387
0.04465461
0.04417324
0.04435921
0.04411769
0.04428482
0.04411077
0.04425907
0.04419827
0.04424787
0.04414725
0.04435730
0.04479170
0.04435539
0.04450274
0.04422116
0.04441404
0.04452562
0.04430604
0.04442024
0.04441738
0.04435301
0.04434967
0.04466605
0.04439354
0.04439187
0.04433680
0.04440212
0.04436851
0.04431677
0.04450154
0.04429698
0.04428267
0.04424882
0.04447103
0.04466724
0.04442143
0.04434347
0.04449415
0.04456711
0.04420400
0.04439139
0.04416823
0.04421878
0.04414201
0.04463315
0.04411435
0.04424906
0.04414892
0.04408908
0.04438162
0.04442978
0.04433584
0.04419327
0.04431200
0.04423094
0.04446054
0.04505658
0.04435563
0.04423237
0.04421854
0.04409218
0.04431581
0.04425955
0.04431462
0.04432917
0.04439712
0.04428077
0.04446340
0.04439449
0.04436398
0.04419541
0.04411054
0.04413772
0.04408264
0.04416847
0.04428911
0.04431748
0.04419088
0.04465652
0.04414058
0.04423547
0.04416919
0.04432011
0.04434586
0.04411173
0.04443121
0.04423380
0.04393888
0.04421854
0.04460287
0.04407001
0.04433942
0.04406810
0.04419374
0.04416561
0.04417992
0.04424453
0.04428148
0.04418063
0.04422951
0.04479337
0.04448462
0.04453063
0.04412866
0.04428935
0.04437661
0.04416060
0.04416084
0.04430652
0.04421973
0.04416704
0.04469204
0.04417777
0.04445601
0.04420424
0.04423022
0.04449368
0.04416609
0.04412961
0.04412079
0.04423904
0.04422665
0.04411316
0.04540229
0.04424405
0.04410315
0.04425454
0.04421639
0.04421353
0.04438210
0.04431391
0.04415202
0.04430366
0.04427290
0.04438472
0.04439878
0.04427695
0.04413795
0.04432869
0.04424834
0.04410791
0.04429293
0.04409599
0.04421520
0.04423094
0.04475641
0.04414368
0.04409838
0.04430223
0.04424500
0.04419208
0.04421210
0.04416132
0.04435635
0.04415560
0.04422617
0.04447436
0.04433608
0.04429173
0.04399967
0.04415870
0.04426813
0.04423618
0.04436898
0.04428530
0.04420209
0.04423404
0.04465055
0.04469681
0.04428387
0.04417515
0.04427195
0.04421353
0.04408073
0.04417324
0.04430580
0.04414487
0.04415131
0.04468751
0.04424834
0.04405999
0.04432440
0.04410172
0.04424405
0.04410601
0.04431009
0.04418850
0.04418373
0.04515862
0.04421139
0.04495859
0.04422450
0.04417849
0.04437470
0.04413390
0.04432678
0.04424429
0.04410934
0.04421186
0.04402971
0.04408002
0.04451728
0.04423618
0.04422450
0.04407978
0.04405451
0.04416394
0.04426169
0.04427433
0.04419732
0.04410243
0.04425859
0.04478216
0.04410911
0.04446530
0.04418635
0.04431581
0.04435730
0.04420614
0.04424596
0.04430103
0.04447699
0.04418302
0.04453492
0.04428458
0.04433942
0.04414821
0.04428840
0.04407573
0.04435229
0.04423046
0.04397202
0.04412413
0.04406738
0.04475546
0.04438877
0.04456782
0.04423714
0.04402089
0.04421973
0.04413342
0.04424572
0.04425740
0.04417491
0.04431939
0.04457068
0.04441428
0.04432559
0.04426312
0.04429030
0.04417324
0.04438233
0.04424882
0.04414511
0.04431057
0.04414725
0.04438519
0.04491115
0.04424858
0.04420304
0.04437232
0.04408216
0.04418159
0.04407811
0.04443812
0.04433107
0.04416585
0.04427147
0.04447412
0.04420853
0.04436874
0.04427743
0.04412150
0.04421782
0.04435778
0.04425359
0.04419923
0.04405475
0.04424429
0.04467964
0.04435563
0.04438496
0.04412627
0.04429579
0.04429817
0.04400134
0.04424238
0.04417992
0.04420280
0.04411030
0.04457498
0.04406595
0.04426050
0.04425788
0.04403591
0.04417825
0.04416108
0.04424763
0.04405665
0.04430699
0.04410458
0.04468441
0.04474759
0.04439259
0.04430628
0.04428792
0.04427528
0.04410052
0.04403400
0.04422688
0.04413080
0.04432273
0.04465389
0.04428291
0.04429078
0.04424500
0.04417324
0.04410434
0.04435873
0.04423308
0.04416275
0.04428911
0.04495716
0.04427671
0.04507732
0.04412079
0.04585671
0.04422092
0.04429531
0.04439473
0.04431510
0.04424477
0.04403424
0.04408598
0.04412055
0.04424977
0.04402685
0.04411125
0.04426908
0.04422855
0.04411197
0.04423356
0.04417753
0.04491115
0.04404640
0.04425001
0.04477501
0.04419923
0.04430985
0.04431844
0.04432726
0.04434586
0.04413772
0.04439688
0.04426742
0.04433680
0.04423356
0.04449296
0.04432130
0.04432845
0.04427242
0.04438496
0.04417491
0.04432893
0.04420161
0.04427171
0.04427505
0.04422283
0.04469538
0.04413700
0.04455996
0.04428959
0.04409957
0.04434872
0.04409719
0.04443645
0.04423213
0.04399371
0.04411912
0.04436684
0.04442835
0.04423785
0.04437590
0.04412818
0.04437423
0.04437804
0.04423904
0.04436970
0.04428697
0.04419017
0.04435563
0.04480791
0.04408813
0.04424953
0.04429173
0.04407477
0.04438972
0.04433489
0.04408288
0.04422688
0.04414582
0.04408669
0.04449773
0.04411960
0.04427934
0.04408526
0.04434562
0.04422712
0.04408669
0.04421687
0.04406309
0.04393721
0.04414272
0.04474616
0.04419303
0.04428864
0.04429340
0.04427409
0.04427195
0.04441595
0.04424214
0.04426312
0.04438853
0.04425120
0.04448938
0.04436350
0.04417157
0.04427600
0.04420400
0.04427862
0.04448986
0.04437327
0.04414320
0.04431462
0.04438162
0.04466772
0.04432321
0.04458761
0.04419303
0.04432654
0.04425001
0.04430413
0.04423046
0.04441881
0.04417014
0.04429770
0.04460597
0.04466963
0.04421449
0.04432344
0.04421496
0.04426146
0.04414797
0.04445076
