0.02251959
0.04261327
0.03939152
0.03901601
0.03894353
0.03828096
0.03846455
0.03843570
0.03813720
0.03787446
0.03783870
0.03802061
0.03786707
0.03794169
0.03788757
0.03797746
0.03785014
0.03795862
0.03819203
0.03783011
0.03794312
0.03869534
0.03785849
0.03796601
0.03797770
0.03786874
0.03794074
0.03780055
0.03772998
0.03788614
0.03796840
0.03779078
0.03777528
0.03768349
0.03802466
0.03798103
0.03816080
0.03844404
0.03822994
0.03821087
0.03818250
0.03827071
0.03828025
0.03824306
0.03829169
0.03820205
0.03826141
0.03848720
0.03823423
0.03818154
0.03820014
0.03823948
0.03816891
0.03836894
0.03817081
0.03829169
0.03815770
0.03820705
0.03825164
0.03870225
0.03932643
0.03814769
0.03821492
0.03829765
0.03823328
0.03832674
0.03806567
0.03829336
0.03818607
0.03822589
0.03815985
0.03828955
0.03821874
0.03847909
