0.02373242
0.04212928
0.03793478
0.03802204
0.03801107
0.03712463
0.03682137
0.03679991
0.03678179
0.03678823
0.03690743
0.03678870
0.03682041
0.03713417
0.03688264
0.03674436
0.03689146
0.03687263
0.03679204
0.03689361
0.03678489
0.03683233
0.03687286
0.03681183
0.03681183
0.03678250
0.03704309
0.03695512
0.03688121
0.03675032
0.03691673
0.03678012
0.03678775
0.03688908
0.03676820
0.03677130
0.03680325
0.03688145
0.03682160
0.03676748
0.03717279
0.03677440
0.03693581
0.03802013
0.03682327
0.03681540
0.03678226
0.03674531
0.03674150
0.03686571
0.03678989
0.03697515
0.03679633
0.03717804
0.03680491
0.03674698
0.03772712
0.03870916
0.03750348
0.03789806
0.03786349
0.03678036
0.03682613
0.03678441
0.03672791
0.03668571
0.03717351
0.03703284
0.03685713
0.03674293
0.03688288
0.03674269
0.03692222
0.03676295
0.03684759
0.03678560
0.03688908
0.03689265
0.03684783
0.03676891
0.03720379
0.03678226
0.03680015
0.03679061
0.03681326
0.03680825
0.03690314
0.03678966
0.03692842
0.03679395
0.03689313
0.03676128
0.03689837
0.03717756
0.03684568
0.03683043
0.03694487
0.03683090
0.03679800
0.03685498
0.03680539
0.03676605
0.03679991
0.03677201
0.03690696
0.03678846
0.03695679
0.03680611
0.03685880
0.03679299
0.03683209
0.03676844
0.03683496
0.03687024
0.03691339
0.03679442
0.03682065
0.03684807
0.03692317
0.03676295
0.03718376
0.03671360
0.03687096
0.03677917
0.03685689
0.03679633
0.03682041
0.03687000
0.03683329
0.03686714
0.03690124
0.03682613
0.03684020
0.03712630
0.03696299
0.03677392
0.03686166
0.03676891
0.03694153
0.03675199
0.03689671
0.03683996
0.03680563
0.03682995
0.03683424
0.03681254
0.03682113
0.03756237
0.03683209
0.03676295
0.03699923
0.03682137
0.03683877
0.03683019
0.03689289
0.03684664
0.03687000
0.03695631
0.03681850
0.03689861
0.03713155
0.03686810
0.03678846
0.03684592
0.03679800
0.03682208
0.03693628
0.03686118
0.03679252
0.03681326
0.03688717
0.03699636
0.03680682
0.03727269
0.03679824
0.03690696
0.03696990
0.03692055
0.03690004
0.03686237
0.03688169
0.03684640
0.03691006
0.03690958
0.03691912
0.03681064
0.03682709
0.03780437
0.03678322
0.03686714
0.03681278
0.03691006
0.03683972
0.03686118
0.03679204
0.03692913
0.03691792
0.03685904
0.03686881
0.03686595
0.03733683
0.03684902
0.03684950
0.03698373
0.03684545
0.03700113
0.03681135
0.03691006
0.03681493
0.03685308
0.03683305
0.03692579
0.03689122
0.03718519
0.03714061
0.03683066
0.03692412
0.03683662
0.03682590
0.03700280
0.03684688
0.03695512
0.03684258
0.03690481
0.03681779
0.03686881
0.03681564
0.03753471
0.03696132
0.03684807
0.03683615
0.03684235
0.03682780
0.03686571
0.03683090
0.03682256
0.03690028
0.03687978
0.03686357
0.03698182
0.03720713
0.03697705
0.03687882
0.03692627
0.03690910
0.03692913
0.03689194
0.03693318
0.03687835
0.03693247
0.03686404
0.03691363
0.03690314
0.03735352
0.03689694
0.03691101
0.03703952
0.03690338
0.03684020
0.03700113
0.03703475
0.03687692
0.03690457
0.03693724
0.03700376
0.03690600
0.03688669
0.03726053
0.03685522
0.03697276
0.03696275
0.03695107
0.03685474
0.03689003
0.03683305
0.03686857
0.03686190
0.03685689
0.03686047
0.03684449
0.03718519
0.03683829
0.03684211
