0.02309895
0.04177427
0.03789568
0.03805900
0.03782010
0.03779507
0.03716373
0.03681445
0.03673625
0.03670573
0.03679442
0.03679061
0.03689218
0.03670168
0.03676867
0.03685451
0.03675842
0.03678608
0.03673005
0.03737712
0.03672194
0.03672624
0.03672028
0.03673291
0.03672028
0.03671026
0.03673768
0.03675747
0.03677297
0.03669572
0.03674746
0.03674698
0.03677583
0.03751612
0.03673244
0.03674388
0.03672791
0.03672409
0.03672814
0.03671288
0.03675008
0.03670263
0.03675342
0.03671837
0.03674197
0.03670073
0.03707576
0.03669381
0.03682780
0.03682065
0.03677940
0.03669620
0.03674126
0.03677416
0.03673577
0.03682733
0.03674245
0.03672075
0.03673530
0.03706956
0.03706813
0.03675318
0.03679252
0.03680587
0.03677297
0.03682518
0.03676677
0.03675508
0.03673601
0.03685617
0.03675675
0.03679156
0.03672194
0.03705645
0.03672266
0.03681684
0.03684521
0.03671861
0.03685379
0.03674531
0.03678918
0.03672409
0.03692865
0.03679800
0.03671455
0.03679419
0.03701568
0.03674722
0.03672981
0.03671956
0.03675795
0.03675413
0.03681016
0.03669739
0.03675485
0.03676939
0.03681350
0.03668642
0.03754449
0.03681231
0.03690720
0.03676176
0.03673148
0.03673029
0.03670573
0.03678918
0.03674817
0.03672218
0.03679037
0.03673196
0.03679466
0.03674483
0.03677201
0.03712630
0.03676414
0.03674936
0.03677821
0.03728962
0.03681970
0.03670335
0.03673577
0.03676176
0.03676891
0.03677654
0.03672028
0.03678918
0.03710580
0.03707695
0.03679705
0.03675222
0.03679013
0.03674340
0.03680587
0.03682303
0.03672171
0.03691053
0.03674507
0.03679657
0.03680968
0.03676558
0.03754640
0.03675866
0.03680515
0.03680110
0.03681803
0.03679180
0.03677416
0.03672600
0.03685760
0.03685546
0.03678632
0.03681922
0.03679609
0.03711081
0.03680396
0.03678465
0.03695607
0.03677082
0.03681111
0.03677464
0.03686571
0.03676224
0.03691149
0.03676677
0.03688455
0.03700495
0.03708267
0.03706384
0.03676534
0.03678083
0.03680634
0.03674221
0.03680396
0.03678012
0.03680325
0.03677750
0.03680229
0.03677177
0.03683257
0.03674364
0.03703809
0.03677940
0.03681207
0.03678870
0.03682017
0.03676915
0.03681707
0.03675938
0.03678870
0.03689289
0.03687477
0.03678632
0.03689122
0.03732705
0.03682423
0.03684258
0.03687906
0.03686213
0.03685641
0.03687382
0.03679752
0.03680801
0.03680348
0.03697729
0.03679442
0.03683782
0.03695178
0.03751159
0.03692818
0.03677487
0.03687811
0.03679848
0.03683901
0.03680372
0.03685927
0.03685856
0.03681374
0.03684545
0.03682756
0.03686476
0.03710341
0.03683901
0.03691745
0.03682303
0.03687501
0.03682709
0.03695750
0.03685951
0.03684258
0.03687334
0.03689551
0.03687072
0.03691673
0.03728580
0.03682733
0.03690982
0.03693795
0.03685331
0.03689289
0.03694558
0.03692818
0.03685784
0.03694606
0.03689933
0.03687739
0.03686976
0.03690958
0.03788042
0.03691387
0.03688550
0.03695321
0.03689694
0.03695107
0.03691649
0.03694773
0.03690267
0.03705120
0.03693557
0.03696251
0.03687954
0.03726220
0.03692245
0.03702831
0.03698277
0.03693724
0.03696036
0.03696609
0.03696370
0.03692436
0.03706002
0.03703523
0.03689861
0.03702283
0.03726745
0.03697944
0.03690267
0.03695178
0.03695464
0.03696036
0.03707147
0.03691745
0.03698802
0.03704453
0.03701401
0.03692937
0.03699160
0.03712749
0.03711796
0.03707767
0.03693485
0.03700542
0.03690004
0.03696251
0.03693008
0.03697610
0.03696585
0.03696442
0.03698421
0.03692722
0.03698277
0.03721237
0.03707266
0.03702354
0.03691912
0.03703499
0.03691816
0.03694510
0.03691530
0.03694224
0.03693771
0.03693581
0.03693128
0.03690219
0.03719115
0.03689194
0.03684878
0.03692508
0.03691030
0.03688574
0.03689313
0.03696036
0.03689599
0.03691077
0.03688121
0.03690648
0.03687358
0.03694201
0.03743196
0.03693795
0.03688121
0.03710985
0.03689861
0.03694487
0.03686905
0.03696799
0.03690100
0.03695440
0.03693700
0.03692746
0.03685689
0.03726339
0.03688383
0.03692055
0.03685999
0.03696632
0.03681111
0.03689098
0.03679633
0.03697038
0.03690767
0.03698134
0.03685522
0.03689766
0.03706646
0.03682661
0.03688121
0.03697085
0.03697562
0.03687072
0.03690863
0.03682518
0.03689170
0.03699827
0.03697729
0.03706789
0.03693891
0.03720737
0.03703427
0.03703499
0.03691053
0.03710270
0.03712463
0.03780055
0.03698444
0.03696156
0.03711677
0.03706527
0.03696418
0.03705025
0.03697133
0.03730226
0.03696275
0.03700781
0.03697300
0.03702760
0.03699493
0.03708601
0.03699112
0.03705001
0.03704691
0.03701878
0.03710151
0.03702283
0.03743362
0.03700137
0.03698874
0.03705978
0.03702378
0.03700495
0.03708816
0.03697658
0.03688192
0.03690934
0.03692746
0.03691530
0.03687453
0.03727031
0.03711534
0.03699899
0.03694892
0.03705359
0.03696227
0.03698945
0.03704119
0.03700495
0.03702378
0.03697634
0.03702879
0.03703451
0.03701234
0.03734922
0.03696465
0.03696609
0.03699613
0.03708076
0.03696895
0.03701782
0.03693485
0.03695893
0.03699565
0.03699017
0.03698969
0.03697228
0.03727126
0.03688335
0.03687739
0.03692698
0.03692198
0.03689933
0.03684664
0.03693008
0.03689790
0.03700304
0.03700972
0.03699875
0.03707051
0.03738832
0.03731322
0.03697777
0.03698683
0.03700137
0.03693748
0.03697491
0.03699136
0.03707910
0.03693628
0.03705621
0.03697276
0.03702235
0.03692102
