0.03291774
0.04966712
0.04887581
0.04884434
0.04788446
0.04756618
0.04769659
0.04711008
0.04722476
0.04713106
0.04727197
0.04725528
0.04745722
0.04716325
0.04720545
0.04720998
0.04784584
0.04728079
0.04774857
0.04737997
0.04741979
0.04722285
0.04742384
0.04725003
0.04729843
0.04718113
0.04746389
0.04773045
0.04721618
0.04714441
0.04743314
0.04721117
0.04731679
0.04715991
0.04730630
0.04698300
0.04721212
0.04750490
0.04726553
0.04714274
0.04721999
0.04715657
0.04726481
0.04719472
0.04733419
0.04715919
0.04731369
0.04719687
0.04798985
0.04683828
0.04722261
0.04745007
0.04741216
0.04713726
0.04740191
0.04730487
0.04742718
0.04718876
0.04773331
0.04721689
0.04749870
0.04719615
0.04737306
0.04719138
0.04752946
0.05050755
0.04796028
0.04872465
0.04848480
0.04813004
0.04728937
0.04724216
0.04804873
0.04728532
0.04733467
0.04716301
0.04725313
0.04713392
0.04745126
0.04756641
0.04731655
0.04714680
0.04742312
0.04728246
0.04729652
0.04715157
0.04749012
0.04718828
0.04732871
0.04714274
0.04820037
0.04726911
0.04746985
0.04732609
0.04745245
0.04724526
0.04735732
0.04730034
0.04735398
0.04718208
0.04787254
0.04721737
0.04725957
0.04716110
0.04722309
0.04704618
0.04721808
0.04709649
0.04733801
0.04709125
0.04723907
0.04752088
0.04729724
0.04718280
0.04740047
0.04700255
0.04730034
0.04710364
0.04760623
0.04714942
0.04725266
0.04761267
0.04735851
0.04725075
0.04744816
0.04714227
0.04728818
0.04706407
0.04719400
0.04711294
0.04732847
0.04756832
0.04748368
0.04706097
0.04729986
0.04713321
0.04737377
0.04703307
0.04722071
0.04712629
0.04737997
0.04716682
0.04768801
0.04739499
0.04722619
0.04727173
0.04734659
0.04732108
0.04721332
0.04716492
0.04731655
0.04752183
0.04758763
0.04772043
0.04726028
0.04704094
0.04735041
0.04717135
0.04722333
0.04709649
0.04724789
0.04712367
0.04713798
0.04726243
0.04770684
0.04706144
0.04710913
0.04701018
0.04725122
0.04703450
0.04726100
0.04713917
0.04712224
0.04697776
0.04747510
0.04699445
0.04709435
0.04712391
0.04719949
0.04693890
0.04729652
0.04710650
0.04713917
0.04698229
0.04720020
0.04783225
0.04722023
0.04748201
0.04709053
0.04704881
0.04705429
0.04695678
0.04725623
0.04697728
0.04713368
0.04746389
0.04712367
0.04703879
0.04713607
0.04691768
0.04709983
0.04703307
0.04714179
0.04696274
0.04710650
0.04695249
0.04743218
0.04691267
0.04698014
0.04704809
0.04703283
0.04707336
0.04704285
0.04699731
0.04688621
0.04705048
0.04729271
0.04732490
0.04691625
0.04709530
0.04688811
0.04704332
0.04700589
0.04722118
0.04705358
0.04688597
0.04696798
0.04746056
0.04699135
0.04706383
0.04680133
0.04687333
0.04697084
0.04707122
0.04690766
0.04706931
0.04693365
0.04695296
0.04764867
0.04712701
0.04708076
0.04709911
0.04691100
0.04709291
0.04707527
0.04709554
0.04709077
0.04696560
0.04734564
0.04707098
0.04712200
0.04703069
0.04692292
0.04725623
0.04698467
0.04706502
0.04690742
0.04714012
0.04695678
0.04745030
0.04704285
0.04701424
0.04690695
0.04722834
0.04705858
0.04705262
0.04699349
0.04715443
0.04684186
0.04738474
0.04734039
0.04712796
0.04680967
0.04703474
0.04702830
0.04703259
0.04685283
0.04707050
0.04696798
0.04697275
0.04754043
0.04714370
0.04684567
0.04717088
0.04696465
0.04699230
0.04691744
0.04711628
0.04697275
0.04699445
0.04686332
0.04775000
0.04690218
0.04713058
0.04702687
0.04712176
0.04686880
0.04709578
0.04686809
0.04707170
0.04696727
0.04754138
0.04693961
0.04712892
0.04726934
0.04714274
0.04685044
0.04704738
0.04690409
0.04717398
0.04698658
0.04696774
0.04714346
0.04711390
0.04698730
0.04699397
0.04682207
0.04706621
0.04689813
0.04701543
0.04688644
0.04693556
0.04715705
0.04732752
0.04692197
0.04710078
0.04695797
0.04694581
0.04654360
0.04687071
0.04690957
0.04698992
0.04696083
0.04747939
0.04700732
0.04711223
0.04649949
0.04637289
0.04627895
0.04656887
0.04632354
0.04646182
0.04636955
0.04642320
0.04645061
0.04657245
0.04634905
0.04639482
0.04634762
0.04636884
0.04625392
0.04656887
0.04650688
0.04634929
0.04649472
0.04647994
0.04636693
0.04622412
0.04653358
0.04618883
0.04648423
0.04641747
0.04639816
0.04623079
0.04640150
0.04684973
0.04626441
0.04623127
0.04664803
0.04628110
0.04635692
0.04624200
0.04650950
0.04613400
0.04636860
0.04637051
0.04679608
0.04621267
0.04636502
0.04621887
0.04645395
0.04634619
0.04658699
0.04627013
0.04635692
0.04626346
0.04639220
0.04653788
0.04647779
0.04625010
0.04639173
0.04634213
0.04638863
0.04636550
0.04640102
0.04637647
0.04638219
0.04628849
0.04663324
0.04623652
0.04638958
0.04630375
0.04640889
0.04620838
0.04643345
0.04627275
0.04636979
0.04620671
0.04675317
0.04626036
0.04635930
0.04621053
0.04640317
0.04617238
0.04643059
0.04623151
0.04631662
0.04622889
0.04623985
0.04653883
0.04630733
0.04614735
0.04628682
0.04631519
0.04641533
0.04621744
0.04632926
0.04635715
0.04650855
0.04617786
0.04674935
0.04628754
0.04634118
0.04645157
0.04642773
0.04625559
0.04641557
0.04644966
0.04644346
0.04616380
0.04631901
0.04707742
0.04643273
0.04633975
0.04647374
0.04627037
0.04634404
0.04638886
0.04647160
0.04616499
0.04639769
0.04667091
0.04638839
0.04617167
0.04787612
0.04621601
0.04637575
0.04612732
0.04648089
0.04617882
0.04630566
0.04621220
0.04653978
0.04621983
0.04639721
0.04728174
0.04928899
0.04753971
0.04703307
0.04617810
0.04635167
0.04620051
0.04627466
0.04652500
0.04640317
0.04632616
0.04628515
0.04621196
0.04642940
0.04632759
0.04638243
0.04623723
0.04636455
0.04643655
0.04672122
0.04620028
0.04630017
0.04622459
0.04642582
0.04615355
0.04624867
0.04631233
0.04622817
0.04629445
0.04692054
0.04607964
0.04621744
0.04667616
0.04632115
0.04614425
0.04640460
0.04638100
0.04646111
0.04621315
0.04639792
0.04678774
0.04640412
0.04630327
0.04634929
0.04614115
0.04636955
0.04621935
0.04633808
0.04625869
0.04646254
0.04622197
0.04647875
0.04625559
0.04644084
0.04621100
0.04648185
0.04616547
0.04637218
0.04638743
0.04641247
0.04616737
0.04643631
0.04641294
0.04625177
0.04616117
0.04636168
0.04636049
0.04640388
0.04637837
0.04643965
0.04607439
0.04636836
0.04665923
0.04635596
0.04622865
0.04650259
0.04699135
0.04633379
0.04654765
0.04716754
0.04624605
0.04637313
0.04621434
0.04669094
0.04626465
0.04646778
0.04613256
0.04627657
0.04622579
0.04646564
0.04619837
0.04632688
0.04627132
0.04636836
0.04639077
0.04635954
0.04635763
0.04664850
0.04625726
0.04641199
0.04641747
0.04639196
0.04628587
0.04638791
0.04629111
0.04645038
0.04610229
0.04652929
0.04635715
0.04639363
0.04615283
0.04632878
0.04623747
0.04634523
0.04618454
0.04678893
0.04623556
0.04633164
0.04624844
0.04633284
0.04623222
0.04636550
0.04633641
0.04631209
0.04619741
0.04636765
0.04655242
0.04641128
0.04628444
0.04627848
0.04614639
0.04637432
0.04627609
0.04638410
0.04618049
0.04647756
0.04618049
0.04669142
0.04632878
0.04633904
0.04626441
0.04636741
0.04611826
0.04636598
0.04643655
0.04636955
0.04620004
0.04629278
0.04722309
0.04629683
0.04620647
0.04631615
0.04626894
0.04630756
0.04629660
0.04632783
0.04615498
0.04632950
0.04680824
0.04670858
0.04619312
0.04631567
0.04627800
0.04632139
0.04638791
0.04646921
0.04618025
0.04629564
0.04626942
0.04664254
0.04618144
0.04638720
0.04617405
0.04630160
0.04625535
0.04638767
0.04612994
0.04633665
0.04625916
0.04639030
0.04654908
0.04650235
0.04618001
0.04635811
0.04616141
0.04627490
0.04619408
0.04629755
0.04610968
0.04632735
0.04627848
0.04703331
0.04618597
0.04638076
0.04622102
0.04629612
0.04616475
0.04635906
0.04614949
0.04634905
0.04671955
0.04670763
