0.03130126
0.04859853
0.04843473
0.04802513
0.04814482
0.04717040
0.04677296
0.04685283
0.04700470
0.04675245
0.04682803
0.04666877
0.04667544
0.04658699
0.04673910
0.04663396
0.04683900
0.04667854
0.04681492
0.04661083
0.04677343
0.04675961
0.04666781
0.04667711
0.04663420
0.04644918
0.04701614
0.04652762
0.04656887
0.04640841
0.04653335
0.04651523
0.04659462
0.04649138
0.04663277
0.04638386
0.04653931
0.04686213
0.04659677
0.04647303
0.04675579
0.04642439
0.04653549
0.04651833
0.04670262
0.04645777
0.04650307
0.04658556
0.04760718
0.04642129
0.04656935
0.04653168
0.04664683
0.04650617
0.04674554
0.04651833
0.04661226
0.04654598
0.04702306
0.04655838
0.04649162
0.04654908
0.04666018
0.04635143
0.04664040
0.04640913
0.04664922
0.04643273
0.04660821
0.04672074
0.04646611
0.04626441
0.04637742
0.04633331
0.04637170
0.04627395
0.04643583
0.04637933
0.04642892
0.04637527
0.04702783
0.04636312
0.04657483
0.04634714
0.04659796
0.04632401
0.04647303
0.04637194
0.04634213
0.04624891
0.04642153
0.04647183
0.04628396
0.04619765
0.04627728
0.04618669
0.04632998
0.04621696
0.04625106
0.04634285
0.04626894
0.04681063
0.04676270
0.04642510
0.04632306
0.04603243
0.04638028
0.04618239
0.04561162
0.04592466
0.04645562
0.04631662
0.04632831
0.04558825
0.04568934
0.04554415
0.04570389
0.04549241
0.04549861
0.04574776
0.04608727
0.04544735
0.04585814
0.04602814
0.04560518
0.04552460
0.04557872
0.04542589
0.04561734
0.04552603
0.04566956
0.04555440
0.04577065
0.04560709
0.04601336
0.04559803
0.04570913
0.04545784
0.04557133
0.04532981
0.04550934
0.04538631
0.04570937
0.04534078
0.04548931
0.04582167
0.04554677
0.04536939
0.04557872
0.04567146
0.04560709
0.04554009
0.04576898
0.04551935
0.04558778
0.04552221
0.04594040
0.04555702
0.04571319
0.04551125
0.04553223
0.04547930
0.04550982
0.04525304
0.04551125
0.04546475
