0.02461600
0.04268003
0.03914285
0.03929591
0.03930187
0.03826594
0.03803992
0.03809690
0.03855062
0.03805757
0.03803706
0.03807926
0.03805041
0.03807402
0.03803253
0.03807330
0.03801918
0.03813362
0.03803873
0.03798747
0.03798652
0.03829432
0.03800058
0.03805256
0.03804469
0.03808546
0.03801322
0.03810501
0.03807616
0.03810740
0.03805637
0.03815126
0.03805375
0.03820729
0.03836250
0.03811359
0.03806448
0.03811312
0.03816009
0.03806615
0.03810644
0.03801537
0.03808260
0.03804946
0.03801203
0.03811121
0.03801274
0.03827453
0.03798199
0.03810453
0.03798413
0.03803277
0.03810740
0.03802729
0.03810716
0.03802347
0.03800154
0.03800058
0.03802848
0.03806663
0.03834343
0.03807497
0.03802848
0.03809071
0.03803658
0.03807807
0.03803325
0.03805876
0.03806448
0.03804231
0.03810859
0.03803134
0.03799891
0.03835416
0.03838301
0.03807712
0.03811455
0.03810716
0.03806281
0.03804946
0.03804922
0.03803754
0.03801632
0.03805590
