0.02682900
0.04759860
0.04550457
0.04557776
0.04473019
0.04405642
0.04399920
0.04466081
0.04421496
0.04392743
0.04379773
0.04362035
0.04400539
0.04382133
0.04367805
0.04401350
0.04377055
0.04383969
0.04377079
0.04428601
0.04376507
0.04399371
0.04393315
0.04385877
0.04376197
0.04376388
0.04371786
0.04389477
0.04368591
0.04385805
0.04375243
0.04413915
0.04365134
0.04376149
0.04366899
0.04384446
0.04372072
0.04375100
0.04368806
0.04386520
0.04365945
0.04378128
0.04408383
0.04372907
0.04369974
0.04387665
0.04363656
0.04381299
0.04376674
0.04379416
0.04369783
0.04386544
0.04358411
0.04428601
0.04385948
0.04380322
0.04370236
0.04386973
0.04387975
0.04382300
0.04377437
0.04379582
0.04376578
0.04388738
0.04365993
0.04403186
0.04363561
0.04388618
0.04374170
0.04375529
0.04366708
0.04384184
0.04373693
0.04379368
0.04366922
0.04387069
0.04406261
0.04395580
0.04379272
0.04366422
0.04387712
0.04376841
0.04374933
0.04370856
0.04388213
0.04366183
0.04384208
0.04413319
0.04401922
0.04374743
0.04388261
0.04373789
0.04365373
0.04383826
0.04366398
0.04377747
0.04375625
0.04373407
0.04373479
0.04451013
0.04363966
0.04382205
0.04364276
0.04385662
0.04372597
0.04394674
0.04366040
0.04384136
0.04365492
0.04379129
0.04415131
0.04378152
0.04379201
0.04384732
0.04371715
0.04375958
0.04368210
0.04378724
0.04366779
0.04401517
0.04365444
0.04423928
0.04401278
0.04376769
0.04363322
0.04384422
0.04390001
0.04367042
0.04384136
0.04360867
0.04372478
0.04379678
0.04371023
0.04438400
0.04381561
0.04366159
0.04380679
0.04389358
0.04365349
0.04387188
0.04378343
0.04374218
0.04367089
0.04387927
0.04406214
0.04388833
0.04374075
0.04472399
0.04384160
0.04378605
0.04372120
0.04366851
0.04381227
0.04365206
0.04385877
0.04410887
0.04378057
0.04381442
0.04369688
0.04374409
0.04369903
0.04386926
0.04368043
0.04385471
0.04463077
0.04367828
0.04419112
0.04378581
0.04374862
0.04368782
0.04517627
0.04371095
0.04372096
0.04373360
0.04380870
0.04360080
0.04376245
0.04366851
0.04403257
0.04362774
0.04377294
0.04360938
0.04384160
0.04361558
0.04369140
0.04358506
0.04370260
0.04358411
0.04373574
0.04409289
0.04370451
0.04384041
0.04380965
0.04374647
0.04389119
0.04368234
0.04382849
0.04374218
0.04381323
0.04375601
0.04430509
0.04382610
0.04392505
0.04366040
0.04379630
0.04392958
0.04386568
0.04379129
0.04394770
0.04396677
0.04394317
0.04385924
0.04423642
0.04375386
0.04405904
0.04380727
0.04400826
0.04390669
0.04397035
0.04375267
0.04395652
0.04379368
0.04395795
0.04429793
0.04385757
0.04383183
0.04408383
0.04364610
0.04390812
0.04386139
0.04398060
0.04388762
0.04412198
0.04392385
0.04457378
0.04445386
0.04414606
0.04412079
0.04398203
0.04410028
0.04387259
0.04415846
0.04405975
0.04395914
0.04406381
0.04427052
0.04398942
0.04384208
0.04397798
0.04381680
0.04410338
0.04393506
0.04395056
0.04402661
0.04387188
0.04389644
0.04403090
0.04427671
0.04380941
0.04405260
0.04377675
0.04414678
0.04400635
0.04411006
0.04401755
0.04406571
0.04380417
0.04392910
0.04394412
0.04384470
0.04377890
0.04388952
0.04377866
0.04400969
0.04385281
0.04388332
0.04379177
0.04394007
0.04384136
0.04451036
0.04423165
0.04389215
0.04375625
0.04386878
0.04382968
0.04384232
0.04374123
0.04384160
0.04368782
0.04381752
0.04376268
0.04447484
0.04369783
0.04380107
0.04387307
0.04379296
0.04364443
0.04379296
0.04363704
0.04372501
0.04361248
0.04373288
0.04413009
0.04380894
0.04368258
0.04372382
0.04352832
0.04359269
0.04361391
0.04381108
0.04346037
0.04355240
0.04369330
0.04429293
0.04367018
0.04374218
0.04347897
0.04383636
0.04377937
0.04376030
0.04367304
0.04368877
0.04353142
0.04375911
0.04349828
0.04459906
0.04327989
0.04362464
0.04360247
0.04394269
0.04357553
0.04380655
0.04358530
0.04365468
0.04357743
0.04366469
0.04411173
0.04366064
0.04350471
0.04339910
0.04336429
0.04350996
0.04343796
0.04353142
0.04334021
0.04366612
0.04353833
0.04406095
0.04392576
0.04367232
0.04350305
0.04362702
0.04352283
0.04360604
0.04352784
0.04374003
0.04353786
0.04372311
0.04350924
0.04440689
0.04363537
0.04378676
0.04380870
0.04347491
0.04349756
0.04357028
0.04366899
0.04368544
0.04370618
0.04378819
0.04417276
0.04373932
0.04370594
0.04372501
0.04371381
0.04383564
0.04367661
0.04381824
0.04375696
0.04382324
0.04369855
0.04426384
0.04382491
0.04381466
0.04378724
0.04384017
0.04373217
0.04389930
0.04376984
0.04393959
0.04382610
0.04395509
0.04389238
0.04448581
0.04367495
0.04376245
0.04376221
0.04414511
0.04385400
0.04399729
0.04380131
0.04396152
0.04391098
0.04395151
0.04417253
0.04406500
0.04391575
0.04392242
0.04395366
0.04401803
0.04384995
0.04407239
0.04397011
0.04406261
0.04387569
0.04437280
0.04386520
0.04407525
0.04388642
0.04402423
0.04394674
0.04399300
0.04388165
0.04413915
0.04397726
0.04412580
0.04444814
0.04451156
0.04370713
0.04412365
0.04376960
0.04409885
0.04403210
0.04394674
0.04468203
0.04397011
0.04408479
0.04404998
0.04490066
0.04391837
0.04408836
0.04391289
0.04394484
0.04385710
0.04415870
0.04417396
0.04411411
0.04398561
0.04420757
0.04425430
0.04410648
0.04412198
0.04417920
0.04404044
0.04431081
0.04403305
0.04413152
0.04418421
0.04418111
0.04404044
0.04475760
0.04401541
0.04416060
0.04412007
0.04405189
0.04398465
0.04410458
0.04401660
0.04422593
0.04433751
0.04408360
0.04479885
0.04414725
0.04421782
0.04403567
0.04431200
0.04418373
0.04423046
0.04414272
0.04424930
0.04409099
0.04425740
0.04444599
0.04450512
0.04403234
0.04394102
0.04401183
0.04419661
0.04399586
0.04418182
0.04400206
0.04402804
0.04395580
0.04414463
0.04467320
0.04403377
0.04392004
0.04391718
0.04376101
0.04387379
0.04382610
0.04381990
0.04393339
0.04380584
0.04385400
0.04443026
0.04384041
0.04377079
0.04385233
0.04374528
0.04383397
0.04348373
0.04342079
0.04350352
0.04372478
0.04363656
0.04424191
0.04371619
0.04367304
0.04364443
0.04366279
0.04358387
0.04370499
0.04350567
0.04370713
0.04367089
0.04363346
0.04360867
0.04443741
0.04356027
0.04351616
0.04343343
0.04374051
0.04349542
0.04371738
0.04367590
0.04347587
0.04354835
0.04339910
0.04398060
0.04351091
0.04353690
0.04352736
0.04360127
0.04344249
0.04365349
0.04345083
0.04359674
0.04359436
0.04371333
0.04437256
0.04395890
0.04359078
0.04337144
0.04368353
0.04373050
0.04344559
0.04355168
0.04344630
0.04353476
0.04344106
0.04344845
0.04425287
0.04360938
0.04342842
0.04352927
0.04348993
0.04355383
0.04343271
0.04351354
0.04350543
0.04353881
0.04350257
0.04401755
0.04349613
0.04348612
0.04354239
0.04339457
0.04362798
0.04335856
0.04345155
0.04338527
0.04346037
0.04336810
0.04396868
0.04367661
0.04348230
0.04349351
0.04374313
0.04346061
0.04367018
0.04343915
0.04357314
0.04365635
0.04365039
0.04359460
0.04412007
0.04355264
0.04370403
0.04362392
0.04390574
0.04365897
0.04393864
0.04360962
0.04375076
0.04365802
0.04376841
0.04389548
0.04374242
0.04365778
0.04387593
0.04376578
0.04389811
0.04383564
0.04378152
0.04385424
0.04375458
0.04385161
0.04420090
0.04422212
0.04373837
0.04386163
0.04376984
0.04398751
0.04373288
0.04379320
0.04371977
0.04388547
0.04376221
0.04382300
0.04435396
0.04396510
0.04391074
0.04391170
0.04377365
0.04389286
0.04369545
0.04409599
0.04380703
0.04398203
0.04384756
0.04458189
0.04382229
0.04403615
0.04393506
0.04398346
0.04398203
0.04405904
0.04390621
0.04407549
0.04384780
0.04391980
0.04423189
0.04403257
0.04382634
0.04408574
0.04386640
0.04396558
0.04389238
0.04406333
0.04384208
0.04402971
0.04393005
0.04437447
0.04393864
0.04396868
0.04382610
0.04404449
0.04406977
0.04402637
0.04387712
0.04410267
0.04395127
0.04395485
0.04391766
0.04431391
0.04397488
0.04416418
0.04389715
0.04407859
0.04402351
0.04406714
0.04399753
0.04415464
0.04393625
0.04418683
0.04465318
0.04405832
0.04393125
0.04406667
0.04395771
0.04418969
0.04392982
0.04403043
0.04395056
0.04411292
0.04390502
0.04452229
0.04410958
0.04404116
0.04418254
0.04413843
0.04400992
0.04413009
0.04405046
0.04423523
0.04398823
0.04419947
0.04445314
0.04413962
0.04395938
0.04404569
0.04396915
0.04416084
0.04404044
0.04410934
0.04404354
0.04402757
0.04390502
0.04501343
0.04472613
0.04383445
0.04401779
0.04401922
0.04395485
0.04399467
0.04391456
0.04402542
0.04388571
0.04402280
0.04383969
0.04453802
0.04390955
0.04398942
0.04387498
0.04408813
0.04377985
0.04396391
0.04380441
0.04391313
0.04404235
0.04389501
0.04409575
0.04381275
0.04380369
0.04381633
0.04364252
0.04388690
0.04362726
0.04391408
0.04368925
0.04367733
0.04361892
0.04417253
0.04366708
0.04381824
0.04371715
0.04350710
0.04328537
0.04338527
0.04337573
0.04376459
0.04365587
0.04364085
0.04367065
0.04399562
0.04352498
0.04374647
0.04370499
0.04356575
0.04370999
0.04366255
0.04363370
0.04358935
0.04363823
0.04356742
0.04416585
0.04358816
0.04372740
0.04354215
0.04361916
0.04365540
0.04384232
0.04354644
0.04367089
0.04368663
0.04361510
0.04392314
0.04380941
0.04356933
0.04365611
0.04353857
0.04359674
0.04346871
0.04359293
0.04342484
0.04348993
0.04343200
0.04355502
0.04381371
0.04354763
0.04343462
0.04356337
0.04339695
0.04359078
0.04352403
0.04359365
0.04330945
0.04351783
0.04333258
0.04386139
0.04377627
0.04347062
0.04336596
0.04352570
0.04346609
0.04340744
0.04344344
0.04341793
0.04332852
0.04352999
0.04359794
0.04429770
0.04339552
0.04498577
0.04337358
0.04349804
0.04349566
0.04343224
0.04338169
0.04339266
0.04328895
0.04347444
0.04378486
0.04342771
0.04329848
0.04344177
0.04335141
0.04343319
0.04333925
0.04342961
0.04343534
0.04338384
0.04331374
0.04378510
0.04350567
0.04346418
0.04334545
0.04342508
0.04329324
0.04350042
0.04338789
0.04356933
0.04341555
0.04339981
0.04339528
0.04385304
0.04338980
0.04356313
0.04339266
0.04346108
0.04347205
0.04347467
0.04340601
0.04356027
0.04338431
0.04349184
0.04390216
0.04347610
0.04338002
0.04366112
0.04340506
0.04369950
0.04353523
0.04357648
0.04349780
0.04358625
0.04340839
0.04373097
0.04435802
0.04356623
0.04353642
0.04373789
0.04356718
0.04363322
0.04369402
0.04373264
0.04362655
0.04380393
0.04364538
0.04440069
0.04378319
0.04382253
0.04365230
0.04391384
0.04381776
0.04390240
0.04394126
0.04385495
0.04373074
0.04398990
0.04410601
0.04382086
0.04379582
0.04393101
0.04393888
0.04397297
0.04401064
0.04398060
0.04411364
0.04394317
0.04400182
0.04432249
0.04408741
0.04400158
0.04417300
0.04390669
0.04412174
0.04410958
0.04417324
0.04390454
0.04403162
0.04396892
0.04419041
0.04481673
0.04600811
0.04542613
0.04599667
0.04399610
0.04424071
0.04408383
0.04422998
0.04409051
0.04427242
0.04409647
0.04448438
0.04419827
0.04426908
0.04423165
0.04434156
0.04438591
0.04436493
0.04438233
0.04428363
0.04420877
0.04434466
0.04461598
0.04439187
0.04437017
0.04422855
0.04430556
0.04423285
0.04431462
0.04424310
0.04435039
0.04425836
0.04431176
0.04483056
0.04427123
0.04419231
0.04442048
0.04429269
0.04426408
0.04415584
0.04427886
0.04411292
0.04433489
0.04406571
0.04466724
0.04441023
0.04424095
0.04408526
0.04430509
0.04407549
0.04411364
0.04402328
0.04611588
0.04392409
0.04406404
0.04425478
0.04398036
0.04384208
0.04400659
0.04376960
0.04393530
0.04375219
0.04377723
0.04394913
0.04375720
0.04359555
0.04382563
0.04380918
0.04356551
0.04361916
0.04376197
0.04356813
0.04356813
0.04356432
0.04364872
0.04355741
0.04361534
0.04355836
0.04415011
0.04354739
0.04365325
0.04362726
0.04358125
0.04371572
0.04370832
0.04357648
0.04360414
0.04356766
0.04361248
0.04387236
0.04373503
0.04359818
0.04366398
0.04368901
0.04368854
0.04359102
0.04373097
0.04366040
0.04374218
0.04366136
0.04372048
0.04393172
0.04393268
0.04362726
0.04376459
0.04374790
0.04380059
0.04368997
0.04382277
0.04357719
0.04370284
0.04365230
0.04420590
0.04354668
0.04363298
0.04356813
0.04369235
0.04356909
0.04363275
0.04356456
0.04366803
0.04349542
0.04364371
0.04376674
0.04374051
0.04354405
0.04348636
0.04335427
0.04354429
0.04355431
0.04355192
0.04347706
0.04354072
0.04348660
0.04363799
0.04378748
0.04339719
0.04340816
0.04332685
0.04348421
0.04374337
0.04343534
0.04357362
0.04355097
0.04353833
0.04347038
0.04415655
0.04397082
0.04362965
0.04356956
0.04361868
0.04366469
0.04388833
0.04371834
0.04373097
0.04350185
0.04354239
0.04358602
0.04482603
0.04355645
0.04372358
0.04375839
0.04361391
0.04359007
0.04379439
0.04354978
0.04373479
0.04355717
0.04380822
0.04423714
0.04379153
0.04340839
0.04362011
0.04361963
0.04373312
0.04366183
0.04374218
0.04360008
0.04373693
0.04366922
0.04421926
0.04380989
0.04378343
0.04394531
0.04381704
0.04388809
0.04378033
0.04396510
0.04397798
0.04389381
0.04403257
0.04421663
0.04388595
0.04403710
0.04388976
0.04396033
0.04397559
0.04408193
0.04392838
0.04415488
0.04388952
0.04408550
0.04401517
0.04433012
0.04406476
0.04394341
0.04395485
0.04401946
0.04428363
0.04403782
0.04416823
0.04411960
0.04423237
0.04414415
0.04485559
0.04408383
0.04418612
0.04417992
0.04423046
0.04395103
0.04413700
0.04416227
0.04412961
0.04404831
0.04416680
0.04436541
0.04417181
0.04407716
0.04404354
0.04404020
0.04405570
0.04387856
0.04397988
0.04390907
0.04389477
0.04380774
0.04433894
0.04390287
0.04390597
0.04389811
0.04393148
0.04375148
0.04409266
0.04369378
0.04394412
0.04395342
0.04384637
0.04391789
0.04430032
0.04372287
0.04392052
0.04393578
0.04387546
0.04384947
0.04386783
0.04373550
0.04383922
0.04369283
0.04379725
0.04440999
0.04393339
0.04374599
0.04378748
0.04385114
0.04345489
0.04363394
0.04359674
0.04375410
0.04365540
0.04361844
0.04387856
0.04407883
0.04364181
0.04361224
0.04355645
0.04355073
0.04352593
0.04353881
0.04338717
0.04353285
0.04351854
0.04352355
0.04407215
0.04358530
0.04335380
0.04349351
0.04357529
0.04358625
0.04346895
0.04351521
0.04332256
0.04344893
0.04340148
0.04377937
0.04338241
0.04352665
0.04332590
0.04339528
0.04343510
0.04346085
0.04333639
0.04350591
0.04333138
0.04346395
0.04369235
0.04359555
0.04326534
0.04342532
0.04331207
0.04345465
0.04344916
0.04337955
0.04332161
0.04349852
0.04333591
0.04347301
0.04376197
0.04353642
0.04337764
0.04349756
0.04331326
0.04342389
0.04335690
0.04343152
0.04339290
0.04353571
0.04332852
0.04400706
0.04377103
0.04345179
0.04337120
0.04351234
0.04338574
0.04368591
0.04335666
0.04356694
0.04351735
0.04343677
0.04332495
0.04428124
0.04343677
0.04345155
0.04341745
0.04341388
0.04339004
0.04353404
0.04334736
0.04351187
0.04347682
0.04348326
0.04387403
0.04341316
0.04332423
0.04337049
0.04326415
0.04355407
0.04345989
0.04333949
0.04336214
0.04340243
0.04338074
0.04391789
0.04339051
0.04459810
0.04338098
0.04352021
0.04338002
0.04349947
0.04342675
0.04346037
0.04352880
0.04347420
0.04355049
0.04394889
0.04361939
0.04351306
0.04357815
0.04359365
0.04355907
0.04361653
0.04376340
0.04359984
0.04365516
0.04364300
0.04404593
0.04374123
0.04378414
0.04361820
0.04382133
0.04373550
0.04378700
0.04381657
0.04380488
0.04374504
0.04375434
0.04421306
0.04368567
0.04400396
0.04382086
0.04370332
0.04385877
0.04381609
0.04375029
0.04371548
0.04384923
0.04370213
0.04384899
0.04399562
0.04387593
0.04377198
0.04385066
0.04372382
0.04391766
0.04347706
0.04386306
0.04384804
0.04383492
0.04377604
0.04430056
0.04370546
0.04387927
0.04384446
0.04385710
0.04389167
0.04396462
0.04380322
0.04397488
0.04395890
0.04377604
0.04445910
0.04412198
0.04376459
0.04392552
0.04403591
0.04400492
0.04389048
0.04401445
0.04386497
0.04410076
0.04495049
0.04409552
0.04500937
0.04400349
0.04399657
0.04389644
0.04425144
0.04393387
0.04404426
0.04392624
0.04395747
0.04380679
0.04396963
0.04409146
0.04396105
0.04395080
0.04396749
0.04376292
0.04387689
0.04365087
0.04397941
0.04381943
0.04362226
0.04437852
0.04430938
0.04374647
0.04367352
0.04377317
0.04364777
0.04368067
0.04372311
0.04361987
0.04360628
0.04362655
0.04350901
0.04390931
0.04345107
0.04349422
0.04336953
0.04351997
0.04337645
0.04353356
0.04317045
0.04344130
0.04336309
0.04351926
0.04327345
0.04389644
0.04328871
0.04334140
0.04331493
0.04344511
0.04323149
0.04356503
0.04327369
0.04333353
0.04327559
0.04339743
0.04373527
0.04379416
0.04342532
0.04348683
0.04340029
0.04340434
0.04337168
0.04362798
0.04338193
0.04354477
0.04346585
0.04349995
0.04412389
0.04366136
0.04348016
0.04363513
0.04350233
0.04354954
0.04346395
0.04378343
0.04344773
0.04359174
0.04353833
0.04399323
0.04344535
0.04359913
0.04347444
0.04362249
0.04353452
0.04363561
0.04362750
0.04356337
0.04356670
0.04350019
0.04433203
0.04355502
0.04370356
0.04361367
0.04358888
0.04352140
0.04374290
0.04354453
0.04381418
0.04363132
0.04364681
0.04365444
0.04419637
0.04352093
0.04351449
0.04367781
0.04368472
0.04360986
0.04374504
0.04351306
0.04372716
0.04347682
0.04363894
0.04395509
0.04343915
0.04353499
0.04369235
0.04368567
0.04376793
0.04360414
0.04363418
0.04352832
0.04362035
0.04341793
0.04396057
