0.03323698
0.05380368
0.05260062
0.05248713
0.05082488
0.05099750
0.05082822
0.05136657
0.05126548
0.05089140
0.05092168
0.05093098
0.05053496
0.05061126
0.05078936
0.05063343
0.05066228
0.05089593
0.05074477
0.05055380
0.05063391
0.04969716
0.04984999
0.05041575
0.04973292
0.04967022
0.05063844
0.05099320
0.05078125
0.05080938
0.05094600
0.05068779
0.05061007
0.05058718
0.05081654
0.05082178
0.05092692
0.05125833
0.05096006
0.05092669
0.05114722
0.05111909
0.05115819
0.05091453
0.05093837
0.05078745
0.05092907
0.05169392
0.05110049
0.05100393
0.05119514
0.05112958
0.05134320
0.05117369
0.05129266
0.05135632
0.05203962
0.05163479
0.05149674
0.05244899
0.05170560
0.05159497
0.05150390
0.05134106
0.05150890
0.05140352
0.05184031
0.05135655
0.05150867
0.05144572
0.05140233
0.05120373
0.05166698
0.05152845
0.05140209
0.05129576
0.05205441
0.05168414
0.05192685
0.05176330
0.05182648
0.05181289
0.05190301
0.05175114
0.05193281
0.05231118
0.05233717
0.05190635
0.05196619
0.05183768
0.05199099
0.05187201
0.05192733
0.05196357
0.05196333
0.05223227
0.05209732
0.05205917
0.05202484
0.05190444
0.05228090
0.05207682
0.05219102
0.05210495
0.05257034
0.05224943
0.05206895
0.05196261
0.05208254
0.05216312
0.05204153
0.05214286
0.05203128
0.05205560
0.05226445
0.05216956
0.05200768
0.05221224
0.05210543
0.05225682
0.05235291
0.05236197
0.05234241
0.05240130
0.05315185
0.05251431
0.05230188
0.05250120
0.05241609
0.05245233
0.05227780
0.05230737
0.05223799
0.05261683
0.05225658
0.05228758
0.05209589
0.05224538
0.05203199
0.05227470
0.05216265
0.05227804
0.05213928
0.05286455
0.05220008
0.05218244
0.05208731
0.05225039
0.05218148
0.05226970
0.05216146
0.05481958
0.05403781
0.05447078
0.05250072
0.05242968
0.05225945
0.05243492
0.05236745
0.05228114
0.05217695
0.05231881
0.05302453
0.05248666
0.05221462
0.05246401
0.05235386
0.05238485
0.05217409
0.05229354
0.05218172
0.05281234
0.05234313
0.05221820
0.05207872
0.05225587
0.05212092
0.05229473
0.05200195
0.05198503
0.05217004
0.05263758
0.05212879
0.05218935
0.05216980
0.05223274
0.05206656
0.05215788
0.05207038
0.05214381
0.05211568
0.05237746
0.05208635
0.05194139
0.05193925
0.05183458
0.05192709
0.05182600
0.05198407
0.05191445
0.05235457
0.05174255
0.05188417
0.05172205
0.05186820
0.05174303
0.05197382
0.05200315
0.05209470
0.05226302
0.05201125
0.05203056
0.05217290
0.05186772
0.05196905
0.05187345
0.05200076
0.05181789
0.05191493
0.05211592
0.05182362
0.05178666
0.05198359
0.05189443
0.05184031
0.05179930
0.05198669
0.05184031
0.05197668
0.05257082
0.05201888
0.05185938
0.05207586
0.05170250
0.05178523
0.05185509
0.05179834
0.05164933
0.05195427
0.05205226
0.05158019
0.05173993
0.05164123
0.05157256
0.05172372
0.05154371
0.05154252
0.05148840
0.05195141
0.05145979
0.05154753
0.05128717
0.05139875
0.05126762
0.05150104
0.05127025
0.05142093
0.05128169
0.05212760
0.05128074
0.05152082
0.05138302
0.05149841
0.05142403
0.05159116
0.05128860
0.05150962
0.05167532
0.05177832
0.05138278
0.05150008
0.05136251
0.05139160
0.05123115
0.05142093
0.05119348
0.05140018
0.05131102
0.05102897
0.05093312
0.05103159
0.05088067
0.05095816
0.05092096
0.05110931
0.05101037
0.05106759
0.05126882
0.05114174
0.05106544
0.05105591
0.05099988
0.05126810
0.05096865
0.05106425
0.05098343
0.05112743
0.05186486
0.05122805
0.05110049
0.05129457
0.05114484
0.05123115
0.05118346
0.05122542
0.05117846
0.05150461
0.05132580
0.05122089
0.05111027
0.05120182
0.05104208
0.05124497
0.05115795
0.05138135
0.05129862
0.05186534
0.05121350
0.05147529
0.05149698
0.05175471
0.05149221
0.05171824
0.05148792
0.05171847
0.05156279
0.05224705
0.05162787
0.05177855
0.05161810
0.05176616
0.05181289
0.05216217
0.05142808
0.05171227
0.05210400
0.05216599
0.05178475
0.05191755
0.05185723
0.05211687
0.05191088
0.05205107
0.05176544
0.05287385
0.05259824
0.05195093
0.05201197
0.05219316
0.05207658
0.05214405
0.05209160
0.05231333
0.05212593
0.05230999
0.05223250
0.05244827
0.05231500
0.05251789
0.05238414
0.05270219
0.05253124
0.05260777
0.05267811
0.05342007
0.05270052
0.05271983
0.05255890
0.05265212
0.05262828
0.05276370
0.05276966
0.05295873
0.05349660
0.05312204
0.05314684
0.05311680
0.05324483
0.05345178
0.05344796
0.05346298
0.05327749
0.05343342
0.05378342
0.05354428
0.05347991
0.05355120
0.05340457
0.05356264
0.05331898
0.05334258
0.05335879
0.05379462
0.05343699
0.05362058
0.05349970
0.05354333
0.05343747
0.05350184
0.05343127
0.05350161
0.05371141
0.05325794
0.05313945
0.05323696
0.05310440
0.05323577
0.05310082
0.05325103
0.05317163
0.05316281
0.05343509
0.05313897
0.05314183
0.05316114
0.05306005
0.05314946
0.05298352
0.05306482
0.05295444
0.05352306
0.05303168
0.05300403
0.05293918
0.05306387
0.05303836
0.05307317
0.05297089
0.05298758
0.05299544
0.05385423
0.05154824
0.05026245
0.05166793
0.05308795
0.05307722
0.05315137
0.05296302
0.05315948
0.05336905
0.05309415
0.05285144
0.05298638
0.05280662
0.05310917
0.05294752
0.05284429
0.05264831
0.05279613
0.05304146
0.05366540
0.05245638
0.05258989
0.05234647
0.05247855
0.05237293
0.05346084
0.05281329
0.05266619
0.05221581
0.05223989
0.05201817
0.05227566
0.05215049
0.05223823
0.05215192
0.05223799
0.05220747
0.05317497
0.05232501
0.05239677
0.05218649
0.05247712
