0.02295518
0.04183936
0.04043484
0.03931546
0.03919649
0.03921986
0.03860712
0.03804469
0.03819489
0.03803253
0.03823042
0.03812099
0.03817821
0.03819942
0.03845263
0.03865123
0.03822970
0.03815484
0.03829265
0.03813434
0.03841281
0.03814840
0.03834033
0.03816199
0.03828788
0.03826118
0.03830147
0.03842831
0.03874350
0.03815269
0.03829384
0.03823662
0.03835607
0.03822708
0.03833866
0.03820133
0.03833413
0.03817725
0.03828645
0.03820705
0.03852868
0.03859973
0.03830481
0.03833556
0.03837752
0.03825116
0.03841782
0.03828073
0.03841901
0.03838325
0.03839493
0.03826571
0.03833675
0.03830791
0.03888917
0.03831553
0.03838944
0.03828025
0.03840661
0.03829908
0.03845763
0.03831148
0.03854418
0.03838205
0.03849864
0.03825665
0.03858781
0.03901863
0.03841329
0.03833747
0.03843212
0.03832912
0.03848243
0.03833508
0.03844547
0.03827286
0.03848100
0.03828907
0.03841400
0.03850341
0.03856635
0.03833270
0.03839135
0.03833246
0.03839898
0.03828287
0.03845596
0.03823209
0.03840756
0.03825092
0.03834820
0.03820682
0.03853941
0.03831601
0.03835511
0.03823900
0.03833771
0.03833199
0.03837824
0.03830433
0.03833151
0.03825402
0.03834176
0.03827071
0.03833270
0.03845811
0.03874874
0.03824282
0.03833389
0.03820372
0.03836107
0.03823900
0.03837061
0.03826189
0.03844023
0.03825974
0.03843164
0.03823948
0.03868461
0.03844070
0.03837371
0.03829575
0.03835726
0.03825593
0.03838038
0.03827810
0.03844476
0.03829837
0.03840065
0.03823113
0.03836703
0.03851199
0.03863740
0.03828549
0.03837752
0.03828955
0.03839660
0.03832698
0.03836012
0.03827071
0.03845716
0.03825307
0.03837562
0.03830385
0.03871131
0.03844452
0.03829432
0.03837943
0.03828645
0.03834009
0.03844666
0.03836703
0.03840899
0.03858614
0.03834772
0.03842211
0.03831458
0.03859687
0.03838849
0.03837538
0.03834367
0.03838015
0.03828835
0.03836799
0.03836799
0.03828931
0.03850603
0.03832245
0.03831148
0.03831077
0.03855276
0.03837824
0.03834248
0.03823829
0.03833747
