0.02550578
0.04212165
0.03966284
0.03950286
0.03955746
0.03920269
0.03823066
0.03814077
0.03834677
0.03852010
0.03817821
0.03814793
0.03816032
0.03804183
0.03805113
0.03805232
0.03801250
0.03819466
0.03811955
0.03814220
0.03815770
0.03813100
0.03902388
0.03826213
0.03811288
0.03821683
0.03809404
0.03815985
0.03812432
0.03826833
0.03813934
0.03808475
0.03820944
0.03808308
0.03819299
0.03893161
0.03811526
0.03824997
0.03805327
0.03817391
0.03816128
0.03819990
0.03812170
0.03826928
0.03809977
0.03817201
0.03820062
0.03819633
0.03884125
0.03815556
0.03810477
0.03817654
0.03804564
0.03820729
0.03801179
0.03799295
0.03797531
0.03799152
0.03802276
0.03798819
0.03819466
0.03836131
0.03809571
0.03807521
0.03806949
0.03811717
0.03802872
0.03811693
0.03799057
0.03807044
0.03810239
0.03809357
0.03815985
0.03812695
0.03824329
0.03795886
0.03808546
0.03806734
0.03801036
0.03815937
0.03794312
0.03800774
0.03805089
0.03802371
0.03801370
0.03807139
0.03806901
0.03830051
0.03800702
0.03799367
0.03796792
0.03801537
0.03796768
0.03809357
0.03799582
0.03805089
0.03800845
0.03807807
0.03799868
0.03797507
0.03852034
0.03805256
0.03800368
0.03803635
0.03803968
0.03798866
0.03808546
0.03822398
0.03806210
0.03813267
0.03800941
0.03803420
0.03805184
0.03841662
0.03840470
0.03932571
0.03809285
0.03807664
0.03812456
0.03809285
0.03806877
0.03814745
0.03808951
0.03818107
0.03801966
0.03815055
0.03834629
0.03805876
0.03797793
0.03800416
0.03808737
0.03809476
0.03815389
0.03804231
0.03802133
0.03813410
0.03804469
0.03819013
0.03804564
0.03848648
0.03812218
0.03811002
0.03809476
0.03812504
0.03813720
0.03814244
0.03810239
0.03815961
0.03808761
0.03816485
0.03802466
0.03806782
0.03848028
0.03800416
0.03816414
0.03808284
0.03797984
0.03804636
0.03804612
0.03807139
0.03803515
0.03820753
0.03808093
0.03813744
0.03804660
0.03851962
0.03809690
0.03812718
0.03811097
0.03813815
0.03808165
0.03809619
0.03811574
0.03818011
0.03812194
0.03817058
0.03809571
0.03810573
0.03859711
0.03816700
0.03807259
0.03814030
0.03804612
0.03806949
0.03814697
0.03829169
0.03810644
0.03842950
0.03804564
0.03808475
0.03816438
0.03833508
0.03826690
0.03810954
0.03813338
0.03804970
0.03817439
0.03820777
0.03813577
0.03816342
0.03812933
0.03814650
0.03805876
0.03882241
0.03825426
0.03844404
0.03813100
0.03804874
0.03812361
0.03812957
0.03811383
0.03811646
0.03809094
0.03809857
0.03813338
0.03827381
0.03815413
0.03817677
0.03887749
0.03813744
0.03818774
0.03827500
0.03814650
0.03817272
0.03822041
0.03814006
0.03821111
0.03818727
0.03816891
0.03815007
0.03816628
0.03882360
0.03817487
0.03815579
0.03812313
0.03817320
0.03816342
0.03817010
0.03818679
0.03818989
0.03820324
0.03822398
0.03826332
0.03826690
0.03893328
0.03825068
0.03827453
0.03822589
0.03828549
0.03822970
0.03826022
0.03825617
0.03821254
0.03823519
0.03820658
0.03814912
0.03822112
0.03885269
0.03820348
0.03817201
0.03824878
0.03813553
0.03818250
0.03811860
0.03828478
0.03831244
0.03816915
0.03825593
0.03819489
0.03825283
0.03907681
0.03819561
0.03828621
0.03818846
0.03822923
0.03823018
0.03841496
0.03820181
0.03818083
0.03838229
0.03806496
0.03818822
0.03826261
0.03848767
0.03824806
0.03814340
0.03817487
0.03818297
0.03815937
0.03823709
0.03812718
0.03821683
0.03810883
0.03818464
0.03816962
0.03814960
0.03849435
0.03809476
0.03816485
0.03822708
0.03819752
0.03815913
0.03811455
0.03810740
0.03814673
0.03827906
0.03812456
0.03824997
0.03811836
0.03857327
0.03816390
0.03820324
0.03827715
0.03821158
0.03814125
0.03830123
0.03815317
0.03818130
0.03809857
0.03812742
0.03811669
0.03816557
0.03843451
0.03815770
0.03832412
0.03818226
0.03816700
0.03816366
0.03819489
0.03826356
0.03819036
0.03834486
0.03812361
0.03816390
0.03818679
0.03864837
0.03811455
0.03811502
0.03823113
0.03814578
0.03819346
0.03826690
0.03846955
0.03826451
0.03835869
0.03829360
0.03825641
0.03831649
0.03862572
0.03830862
0.03819633
0.03822207
0.03825068
0.03815746
0.03824282
0.03821707
0.03824615
0.03826284
0.03817892
0.03827691
0.03886461
0.03868794
0.03818917
0.03815675
0.03947616
0.03820086
0.03817511
0.03827548
0.03815317
0.03824806
0.03826761
0.03823400
0.03819251
0.03814149
0.03847694
0.03824520
