246.000,226.000,94.000,114.000
244.871,232.841,94.365,114.442
246.217,235.114,94.032,114.039
247.162,237.108,93.929,113.914
248.224,238.813,93.631,113.553
251.017,240.528,93.621,113.540
252.822,242.254,93.907,113.888
253.279,242.216,93.903,113.883
252.879,242.188,94.017,114.021
253.747,242.722,93.977,113.972
254.917,242.858,93.999,113.999
257.217,242.419,94.151,114.183
259.581,240.841,94.174,114.211
262.581,239.364,94.137,114.166
266.429,237.767,94.116,114.141
269.458,236.719,94.770,114.934
269.753,236.159,94.514,114.623
270.166,232.557,94.577,114.700
276.918,227.780,94.149,114.181
283.438,228.934,94.557,114.676
276.214,228.568,94.914,115.108
270.647,222.291,94.851,115.032
273.021,212.747,95.297,115.573
280.605,205.652,95.475,115.789
294.124,199.387,95.009,115.224
312.548,197.150,96.864,117.473
323.313,199.488,97.653,118.430
319.910,204.332,97.623,118.394
310.769,208.291,97.222,117.908
298.114,213.975,96.737,117.319
279.933,217.078,96.390,116.899
259.964,215.629,96.035,116.468
258.561,208.905,95.737,116.107
272.457,203.701,96.541,117.082
290.863,200.188,97.295,117.996
312.611,198.257,97.922,118.756
332.602,201.531,98.303,119.218
338.093,210.339,98.475,119.428
326.661,222.689,97.395,118.117
300.793,233.472,97.127,117.793
269.692,238.247,96.601,117.155
245.519,228.025,96.896,117.512
238.073,212.650,97.693,118.479
257.257,203.004,97.311,118.016
279.934,196.329,97.423,118.151
299.070,196.177,98.504,119.463
321.262,200.493,99.049,120.123
326.607,207.712,99.266,120.386
308.626,215.968,99.057,120.133
289.132,216.492,99.034,120.105
274.935,209.426,98.589,119.565
274.341,200.427,98.654,119.644
290.038,197.946,98.526,119.490
314.509,199.081,98.819,119.844
328.419,204.488,99.654,120.857
331.665,206.425,99.653,120.856
313.937,207.914,99.451,120.610
278.119,208.912,98.820,119.845
240.744,202.300,98.854,119.887
213.823,191.745,99.225,120.337
216.124,181.039,99.220,120.331
237.962,165.667,99.867,121.115
258.554,156.548,100.798,122.244
273.872,165.994,101.027,122.522
288.923,186.057,100.363,121.717
289.400,212.904,100.121,121.424
277.016,233.330,99.669,120.875
265.968,236.528,99.790,121.022
257.679,221.092,99.930,121.191
257.951,201.012,100.591,121.993
263.089,193.557,101.315,122.871
276.894,204.261,101.161,122.685
279.566,229.000,99.992,121.266
267.635,258.134,99.524,120.700
256.498,269.341,99.663,120.868
242.980,256.303,99.275,120.397
234.387,219.146,99.046,120.120
247.734,176.820,99.746,120.969
261.060,159.100,101.054,122.554
281.556,176.186,100.560,121.956
296.855,207.597,99.709,120.924
287.489,247.987,99.022,120.090
268.108,272.355,99.449,120.608
240.462,273.652,99.602,120.794
220.385,248.945,99.634,120.832
221.364,209.848,100.278,121.613
236.556,193.882,100.927,122.400
264.574,212.957,100.530,121.919
292.963,242.644,99.749,120.972
299.823,272.455,99.322,120.455
283.988,289.978,99.112,120.200
256.318,288.185,99.198,120.304
231.854,261.450,99.412,120.563
234.134,227.450,99.877,121.127
263.637,216.044,100.347,121.698
297.952,226.492,100.529,121.918
326.489,241.179,101.260,122.805
343.206,250.817,101.502,123.098
336.175,255.984,101.258,122.802
305.474,256.405,100.869,122.330
263.013,255.370,100.681,122.102
223.029,244.989,101.062,122.564
179.526,234.711,101.317,122.874
161.989,225.959,101.688,123.324
189.322,212.116,100.836,122.291
228.395,193.159,100.990,122.477
256.747,179.287,101.987,123.686
292.946,165.895,102.461,124.261
302.176,156.131,102.669,124.514
285.074,153.384,102.777,124.644
265.043,151.311,102.769,124.635
248.227,148.689,103.161,125.110
253.598,144.976,102.735,124.594
275.331,152.610,102.276,124.037
311.081,168.801,102.140,123.872
334.564,184.763,102.341,124.115
342.543,188.404,102.763,124.628
325.807,188.521,102.339,124.114
283.565,187.118,101.712,123.353
231.221,180.798,101.608,123.226
182.509,168.775,102.190,123.932
163.702,167.183,102.777,124.644
188.416,174.636,102.116,123.842
236.573,182.368,102.118,123.845
277.941,194.791,102.399,124.186
318.175,200.109,101.875,123.550
342.535,198.654,102.572,124.396
327.032,197.004,103.108,125.046
298.087,189.234,102.737,124.596
257.552,172.075,102.541,124.359
222.071,146.335,103.055,124.982
225.794,128.103,103.750,125.825
247.061,125.742,104.037,126.172
264.317,148.392,103.159,125.108
281.667,180.966,102.030,123.739
290.672,211.188,101.241,122.781
273.080,236.523,100.939,122.415
251.540,240.054,100.930,122.404
231.679,230.355,101.228,122.766
226.423,204.016,101.369,122.937
246.899,178.374,101.533,123.135
268.896,171.583,102.108,123.833
283.189,187.685,102.082,123.802
292.450,215.559,101.373,122.942
289.628,257.512,100.360,121.713
282.901,288.003,100.202,121.522
283.475,295.768,100.382,121.740
282.609,279.160,100.142,121.449
287.702,233.522,99.688,120.898
297.259,174.598,100.496,121.878
293.830,135.921,101.999,123.700
288.026,130.545,103.006,124.922
279.227,170.879,101.925,123.612
282.698,237.815,99.895,121.149
300.141,299.325,99.487,120.654
309.566,328.554,100.494,121.875
316.577,312.710,100.254,121.585
317.793,260.748,99.309,120.439
307.926,199.155,99.888,121.141
299.059,152.736,102.125,123.853
297.331,151.629,103.241,125.207
291.191,195.749,101.993,123.693
295.785,259.618,100.462,121.837
314.623,301.515,100.684,122.106
317.418,309.715,101.228,122.766
308.843,282.242,100.735,122.169
307.494,232.118,100.721,122.151
307.699,182.780,101.270,122.817
302.024,163.975,102.570,124.393
294.887,182.628,102.379,124.162
292.717,229.727,101.400,122.974
293.179,282.749,101.494,123.088
286.773,306.887,101.735,123.381
278.400,307.437,101.991,123.691
282.934,287.194,101.913,123.597
276.359,264.739,102.294,124.059
271.663,250.585,103.008,124.925
273.663,249.878,103.312,125.293
254.944,260.890,103.046,124.971
232.351,278.509,102.900,124.793
209.433,293.530,103.070,124.999
193.077,303.912,103.275,125.249
192.349,304.968,103.164,125.114
218.518,298.846,102.647,124.487
248.266,292.991,103.017,124.936
276.371,289.149,102.961,124.868
309.154,283.179,103.081,125.013
325.808,279.572,103.476,125.492
318.356,274.792,103.371,125.365
294.886,266.318,103.040,124.963
258.393,255.360,102.804,124.677
220.259,244.043,103.533,125.561
194.207,240.041,103.983,126.107
181.524,234.082,104.125,126.279
196.577,228.035,103.673,125.731
228.664,221.055,103.603,125.646
268.122,213.753,103.142,125.088
313.202,205.696,103.153,125.101
342.192,201.920,103.574,125.611
353.378,199.338,104.144,126.302
343.514,197.333,104.115,126.267
313.817,194.931,103.236,125.201
275.507,190.462,102.713,124.567
235.010,179.395,103.127,125.068
219.242,160.771,103.833,125.926
239.094,145.468,104.130,126.285
274.255,147.235,104.401,126.614
304.035,155.195,105.142,127.513
332.749,160.955,104.980,127.316
334.855,160.036,104.749,127.036
305.589,157.894,104.821,127.123
269.587,152.290,104.670,126.940
241.086,143.666,104.709,126.988
224.828,141.025,104.814,127.115
243.488,150.694,104.321,126.517
284.571,167.857,104.163,126.325
311.099,185.580,104.655,126.922
332.680,198.346,104.416,126.632
338.888,207.137,104.912,127.234
320.596,217.304,104.383,126.592
291.642,231.867,103.747,125.820
262.201,239.767,103.705,125.770
244.409,231.427,103.852,125.949
243.840,209.805,103.875,125.976
272.860,192.714,104.101,126.250
309.854,194.431,104.884,127.200
341.125,208.182,104.865,127.177
369.364,213.374,104.828,127.132
364.275,211.832,104.496,126.729
321.720,200.692,104.734,127.018
273.189,185.261,104.500,126.734
243.871,165.974,104.969,127.303
239.854,151.421,105.307,127.712
267.469,143.478,105.577,128.040
295.002,156.595,105.545,128.002
319.857,177.312,105.348,127.763
344.686,192.259,105.504,127.952
341.343,202.014,105.239,127.630
308.019,202.453,104.797,127.095
263.854,192.593,104.572,126.821
216.787,171.634,104.916,127.239
171.577,153.534,106.235,128.838
148.591,143.277,107.516,130.392
156.905,134.777,107.742,130.665
187.494,128.912,107.726,130.646
221.278,138.041,107.840,130.784
254.809,158.654,107.444,130.304
290.920,188.413,106.223,128.823
312.829,219.614,105.580,128.044
322.154,244.354,105.072,127.427
295.787,263.150,104.347,126.548
249.731,271.194,104.530,126.771
210.933,264.345,105.151,127.523
181.818,238.656,105.335,127.746
191.800,205.430,105.669,128.152
229.089,180.476,105.692,128.179
257.665,180.022,106.230,128.832
282.169,205.146,105.714,128.207
301.894,227.738,105.498,127.944
303.610,248.993,104.824,127.127
282.085,258.097,104.357,126.561
247.430,248.982,104.043,126.180
211.873,212.067,104.127,126.281
207.458,165.361,104.986,127.324
235.765,137.618,106.229,128.831
272.036,145.765,106.701,129.403
304.414,182.891,105.670,128.153
332.041,217.500,105.039,127.387
338.674,240.975,105.030,127.377
311.180,248.659,104.298,126.489
258.531,245.380,103.876,125.977
203.171,224.155,103.906,126.014
172.371,194.863,104.162,126.324
187.375,165.802,104.064,126.205
229.827,146.624,104.742,127.028
268.849,149.836,106.024,128.582
299.003,165.521,106.575,129.251
317.894,180.051,106.876,129.615
314.683,192.402,106.621,129.306
298.890,204.461,106.138,128.721
275.667,202.408,105.845,128.365
227.708,179.028,106.033,128.594
211.891,158.126,106.696,129.397
241.089,148.124,106.499,129.158
292.312,152.412,106.484,129.140
334.991,168.309,107.357,130.199
363.980,185.414,107.610,130.505
364.401,186.204,107.781,130.714
337.272,178.570,107.760,130.688
302.829,169.850,107.483,130.352
253.402,156.121,107.105,129.893
206.495,149.410,107.969,130.941
196.057,147.987,108.622,131.733
214.121,148.076,108.381,131.440
250.774,151.811,107.948,130.916
291.598,161.994,108.096,131.096
337.530,172.885,108.043,131.031
381.479,177.431,108.219,131.244
397.855,182.784,108.362,131.418
386.450,180.298,108.217,131.242
355.880,172.678,107.582,130.472
301.105,159.338,107.054,129.831
237.459,145.289,106.919,129.667
175.261,135.854,107.370,130.215
125.973,134.348,108.316,131.362
104.844,139.066,108.610,131.719
118.802,146.599,108.295,131.336
159.521,149.233,107.513,130.388
208.728,151.498,107.597,130.490
265.732,157.912,107.448,130.309
323.132,168.049,107.698,130.612
364.828,179.076,107.885,130.839
383.060,184.707,108.121,131.126
376.980,184.335,107.810,130.748
349.502,179.203,107.719,130.637
308.890,169.133,107.536,130.417
266.949,154.207,108.006,130.986
248.373,144.045,108.521,131.610
255.364,149.228,108.441,131.513
285.890,160.622,107.931,130.895
324.402,174.527,107.929,130.892
355.667,186.739,108.454,131.529
377.548,194.136,108.789,131.936
382.384,201.864,108.637,131.751
370.515,218.664,107.820,130.760
358.292,240.955,106.748,129.460
349.963,262.054,106.489,129.146
338.956,265.378,106.069,128.637
330.708,240.293,105.740,128.238
315.369,193.921,105.221,127.608
296.447,140.067,106.361,128.991
298.536,100.489,108.393,131.456
292.511,87.369,110.282,133.746
284.193,109.207,109.708,133.050
281.146,157.638,108.153,131.164
280.953,215.562,106.405,129.044
287.790,256.108,106.171,128.761
290.388,274.583,106.310,128.929
287.924,263.372,106.084,128.654
287.431,228.116,105.600,128.068
292.415,174.164,105.252,127.646
301.998,126.897,106.773,129.491
295.562,108.888,108.401,131.465
283.473,121.624,108.470,131.549
274.024,171.160,107.100,129.888
270.231,227.667,105.694,128.182
267.962,264.140,105.639,128.115
266.380,269.969,105.587,128.053
277.406,231.850,104.853,127.162
291.937,180.744,105.649,128.127
291.730,153.412,107.178,129.982
308.385,145.618,108.295,131.337
311.445,154.062,108.450,131.524
289.397,170.465,107.751,130.676
272.317,177.862,107.911,130.871
263.132,161.090,107.439,130.299
271.595,136.988,107.932,130.897
285.536,138.460,108.661,131.781
301.332,170.083,107.833,130.776
330.500,203.987,107.098,129.885
337.711,229.170,106.450,129.099
321.992,241.419,106.500,129.159
298.445,226.582,105.917,128.453
276.518,176.046,105.595,128.061
259.595,128.490,107.275,130.099
272.547,128.547,107.995,130.973
303.850,169.860,106.859,129.595
332.089,208.797,106.712,129.416
339.967,228.860,106.455,129.105
315.897,226.781,105.888,128.417
283.551,193.449,105.172,127.549
264.405,139.070,106.584,129.262
269.757,110.579,109.195,132.428
295.648,134.238,108.180,131.197
323.646,175.681,107.331,130.168
340.859,203.996,106.835,129.566
332.025,216.580,106.746,129.457
297.049,211.575,106.560,129.232
257.228,192.769,106.902,129.647
230.375,169.289,107.443,130.303
225.483,155.533,108.522,131.612
244.130,160.911,108.243,131.273
271.808,180.811,107.953,130.922
296.039,204.742,107.903,130.861
315.084,220.637,107.789,130.723
316.342,227.830,107.472,130.339
297.668,228.520,106.949,129.704
269.771,216.556,106.376,129.010
256.816,198.029,106.895,129.639
274.613,198.057,106.740,129.450
312.777,208.453,107.092,129.878
332.182,222.373,108.050,131.039
343.354,225.096,107.988,130.964
336.129,216.585,107.870,130.821
307.260,207.586,107.477,130.345
279.144,190.870,107.127,129.920
262.584,176.552,107.268,130.091
274.146,166.864,107.305,130.136
305.902,164.922,107.522,130.399
314.233,175.028,108.399,131.462
324.076,183.532,108.486,131.569
324.498,188.527,108.259,131.292
288.586,188.001,108.049,131.038
250.763,178.182,107.613,130.509
219.078,160.248,107.625,130.523
208.258,151.348,108.113,131.116
235.404,157.770,107.323,130.157
268.040,174.436,107.321,130.155
284.562,193.402,107.679,130.590
307.285,205.115,107.317,130.150
308.814,210.487,106.901,129.646
288.518,208.304,106.402,129.041
267.405,191.777,105.918,128.453
252.780,179.823,106.713,129.418
278.458,183.960,106.885,129.626
314.122,200.061,106.911,129.658
328.509,213.818,107.329,130.165
336.625,215.026,107.650,130.554
322.903,207.660,107.616,130.513
299.264,194.947,107.122,129.914
267.183,179.863,106.977,129.738
250.140,172.682,107.292,130.120
268.850,176.288,106.956,129.712
293.731,188.030,107.094,129.880
309.284,202.364,106.791,129.513
331.457,204.654,105.873,128.399
331.267,196.984,105.384,127.806
308.011,181.722,105.456,127.893
283.713,156.836,106.149,128.734
267.962,133.782,106.489,129.146
266.052,135.381,106.482,129.138
272.155,159.003,105.260,127.656
274.797,184.488,104.769,127.060
277.184,198.717,104.692,126.967
263.420,204.396,105.299,127.704
244.016,201.228,104.489,126.720
229.276,188.844,104.152,126.312
221.236,184.440,104.691,126.966
243.539,195.371,106.005,128.559
280.836,215.948,106.807,129.532
310.198,235.729,106.941,129.694
332.935,243.464,107.483,130.352
336.187,242.068,108.039,131.026
325.561,237.319,109.016,132.211
310.963,228.365,109.673,133.008
299.569,216.876,109.973,133.372
288.826,217.072,110.178,133.620
286.182,224.247,110.459,133.961
288.262,230.991,110.831,134.412
284.784,232.472,110.829,134.409
276.185,228.013,110.352,133.832
259.781,214.710,110.603,134.135
252.516,203.233,110.454,133.955
258.290,207.794,110.559,134.082
279.294,221.889,110.440,133.937
298.881,227.177,110.477,133.983
311.400,224.196,110.430,133.926
309.564,216.719,110.248,133.705
300.863,195.952,110.359,133.839
294.406,170.736,110.740,134.301
300.522,166.158,110.909,134.507
311.993,181.773,110.906,134.503
324.686,202.385,110.576,134.103
333.323,214.660,110.182,133.625
328.797,219.548,109.945,133.338
309.578,212.408,109.983,133.383
289.986,190.500,109.880,133.259
272.157,153.780,110.276,133.738
260.978,133.134,111.722,135.492
264.636,147.030,111.822,135.614
269.014,178.200,111.337,135.025
272.166,202.964,110.699,134.252
261.779,218.469,110.316,133.788
265.911,210.801,109.615,132.937
287.515,202.972,109.313,132.571
313.054,215.222,109.007,132.200
332.326,223.008,109.411,132.690
337.473,218.163,109.413,132.692
315.181,206.672,109.044,132.245
283.887,191.635,108.670,131.792
258.217,173.593,108.586,131.689
254.411,172.029,108.704,131.833
276.295,181.306,108.536,131.629
300.420,198.887,108.302,131.344
313.680,212.851,107.882,130.835
330.157,218.431,107.756,130.683
334.352,218.771,107.497,130.369
327.340,212.547,107.516,130.392
313.567,208.388,107.233,130.048
303.696,208.604,107.153,129.952
304.095,211.470,107.194,130.001
306.733,217.015,107.002,129.769
304.851,223.042,106.998,129.764
