57.000,156.000,198.000,173.000
57.887,154.728,198.937,173.819
58.844,154.149,198.553,173.483
60.547,153.382,200.558,175.235
62.570,152.858,201.960,176.460
63.985,152.454,202.696,177.103
66.016,153.619,201.510,176.066
67.303,154.050,202.638,177.053
69.553,154.441,205.180,179.274
70.960,155.119,206.159,180.129
72.812,154.829,208.154,181.872
75.989,158.080,209.104,182.702
75.692,156.989,210.615,184.022
92.755,164.373,207.599,181.387
96.558,166.852,209.056,182.660
102.234,169.164,208.835,182.467
105.847,168.618,211.490,184.787
111.142,168.212,212.711,185.854
117.512,168.412,214.184,187.141
122.132,166.045,218.043,190.512
126.761,164.839,218.847,191.215
135.547,162.194,221.280,193.341
144.055,161.180,222.885,194.743
153.399,160.101,222.432,194.347
162.629,159.368,221.248,193.312
173.045,157.679,221.857,193.845
179.378,156.934,222.841,194.704
192.089,152.420,221.723,193.728
200.401,149.801,221.980,193.952
207.908,148.902,222.030,193.996
213.137,145.625,222.527,194.430
220.021,145.093,221.177,193.251
226.072,141.838,222.018,193.985
231.753,137.681,220.548,192.701
237.622,134.194,219.637,191.905
243.376,129.855,217.408,189.957
248.456,125.716,215.449,188.246
252.376,120.361,214.176,187.133
257.376,117.049,211.804,185.061
260.247,114.102,209.490,183.039
263.364,111.160,207.283,181.111
265.401,109.472,205.917,179.917
267.883,107.970,203.938,178.189
268.680,106.411,203.048,177.411
269.692,107.082,200.560,175.237
270.905,107.434,198.430,173.376
270.864,105.044,198.873,173.763
272.381,106.014,196.844,171.990
272.861,106.743,195.972,171.228
274.171,106.796,195.538,170.849
276.823,107.726,194.469,169.915
278.593,107.582,193.589,169.146
281.424,107.771,190.999,166.883
283.781,107.583,189.577,165.640
286.801,106.998,188.752,164.920
289.399,105.364,188.007,164.269
292.372,104.994,187.698,163.999
295.539,104.687,187.679,163.983
299.427,104.615,187.026,163.412
303.802,104.599,186.136,162.634
308.080,102.179,186.830,163.240
313.746,100.721,186.366,162.835
321.369,100.289,185.891,162.419
333.349,100.234,186.434,162.894
341.275,100.218,186.882,163.286
350.124,100.804,186.572,163.015
358.651,99.460,186.773,163.191
367.488,97.893,186.729,163.152
378.568,96.926,186.850,163.258
388.336,96.497,186.855,163.262
398.243,95.160,187.281,163.635
409.012,95.615,186.634,163.069
416.520,95.432,187.174,163.540
423.672,96.457,188.183,164.423
432.371,96.667,189.630,165.687
439.728,98.010,189.443,165.524
445.315,98.952,190.028,166.034
450.758,98.714,190.840,166.744
453.947,98.994,190.633,166.563
456.499,100.388,191.170,167.032
459.164,103.454,189.756,165.797
462.285,104.933,189.182,165.295
461.431,104.883,189.026,165.159
461.425,107.859,188.072,164.326
460.140,108.485,187.894,164.170
457.144,107.546,188.043,164.301
455.430,109.461,187.859,164.140
451.126,109.764,187.932,164.203
449.713,111.479,186.865,163.271
446.746,109.190,185.218,161.832
443.806,108.311,184.951,161.599
443.822,109.334,184.797,161.464
439.712,107.359,185.070,161.703
439.807,108.569,185.591,162.157
439.713,107.277,185.944,162.466
439.305,107.536,186.104,162.606
439.130,107.194,186.096,162.599
440.293,107.743,186.387,162.853
441.326,107.999,186.827,163.238
442.543,107.453,187.353,163.697
445.562,107.128,187.406,163.744
448.539,107.027,187.412,163.749
450.023,107.839,187.395,163.734
450.867,108.697,187.287,163.640
452.995,107.149,186.677,163.107
454.868,109.007,186.258,162.741
458.905,110.967,186.658,163.090
463.501,112.934,186.869,163.275
468.979,115.282,186.580,163.022
473.096,120.497,186.482,162.937
477.523,125.207,185.371,161.965
481.481,128.712,184.762,161.433
482.807,130.810,184.385,161.104
485.071,134.283,183.306,160.161
486.886,135.851,182.444,159.408
488.354,137.678,181.435,158.526
487.698,137.106,181.136,158.265
487.788,137.743,181.293,158.403
488.023,137.249,181.034,158.177
488.259,137.250,180.899,158.058
484.286,137.290,181.689,158.749
481.986,136.356,181.911,158.942
479.741,136.010,182.497,159.455
476.967,133.265,182.508,159.464
475.037,133.230,182.828,159.744
471.015,131.206,183.726,160.528
468.728,128.773,184.625,161.314
468.051,127.330,185.172,161.792
468.346,123.955,185.964,162.484
470.965,123.607,186.767,163.185
471.072,121.578,187.216,163.578
470.096,121.019,187.934,164.205
472.123,119.412,188.690,164.866
473.316,119.808,189.189,165.301
475.386,120.966,189.170,165.285
477.817,123.966,188.993,165.130
480.227,125.844,188.313,164.536
481.903,126.810,187.936,164.207
485.589,128.763,186.786,163.202
486.126,127.782,186.952,163.347
489.149,128.765,187.067,163.448
489.826,129.653,187.485,163.813
490.243,130.638,187.549,163.868
489.751,131.795,187.364,163.707
488.454,133.988,187.124,163.498
484.229,137.373,187.496,163.822
482.799,138.877,187.842,164.124
478.717,139.911,188.165,164.406
473.570,140.762,188.639,164.821
468.735,143.181,188.975,165.115
461.293,145.507,189.941,165.958
453.969,146.416,191.660,167.461
444.993,146.121,191.547,167.362
436.426,145.907,191.955,167.719
430.299,144.256,192.753,168.416
422.336,142.543,192.840,168.492
416.525,140.193,192.933,168.572
408.918,137.409,193.234,168.836
403.117,133.814,193.628,169.180
396.709,130.985,193.305,168.898
391.921,127.300,193.130,168.745
389.111,125.036,192.787,168.445
384.154,123.340,192.659,168.334
380.588,121.588,192.742,168.406
377.470,120.475,193.016,168.645
375.811,119.993,193.274,168.871
372.676,119.756,193.144,168.757
372.051,120.002,193.219,168.823
370.604,118.463,193.300,168.893
368.361,118.799,193.378,168.961
367.799,119.144,192.954,168.591
365.104,119.391,193.353,168.940
362.796,119.035,193.102,168.720
361.170,119.535,192.259,167.984
358.513,117.671,192.013,167.769
354.770,117.131,191.939,167.704
353.105,115.750,190.559,166.498
350.251,115.035,189.322,165.418
346.639,113.617,188.308,164.531
343.673,112.581,186.545,162.992
340.745,112.724,185.429,162.016
337.062,114.037,184.111,160.864
330.696,114.009,182.677,159.612
326.799,114.901,181.248,158.363
322.145,115.681,180.610,157.806
318.003,116.830,179.458,156.799
314.543,118.966,177.491,155.080
310.360,119.111,176.625,154.324
306.908,120.354,175.667,153.487
303.127,122.154,175.209,153.086
301.985,123.526,174.635,152.585
301.530,125.414,173.220,151.349
303.312,128.942,171.653,149.979
303.757,130.670,171.470,149.820
305.465,133.070,170.731,149.174
307.452,135.839,169.824,148.382
308.143,138.887,169.219,147.853
309.191,141.834,168.728,147.424
310.432,142.835,167.761,146.579
312.061,144.422,166.735,145.683
312.755,145.255,166.126,145.151
312.388,146.574,165.913,144.965
311.939,146.759,165.644,144.730
311.044,147.484,165.534,144.633
310.521,148.764,165.604,144.695
311.054,149.499,165.372,144.492
309.811,149.701,165.008,144.173
308.370,149.748,164.982,144.151
308.103,149.660,165.441,144.552
308.038,149.594,165.685,144.765
310.001,150.502,165.623,144.711
310.377,149.479,165.542,144.640
310.925,149.666,165.668,144.751
311.521,148.398,165.611,144.700
311.773,145.963,165.501,144.604
312.549,143.434,165.708,144.785
313.559,141.156,166.743,145.690
314.847,138.161,167.353,146.222
316.381,135.972,167.819,146.629
318.049,133.233,168.619,147.329
319.497,130.148,169.985,148.522
321.034,127.251,171.442,149.796
323.331,125.522,172.834,151.012
324.781,123.345,174.588,152.544
325.024,119.247,177.272,154.889
326.875,114.445,178.965,156.369
328.861,108.804,180.421,157.640
329.939,103.377,182.756,159.680
330.769,96.627,184.563,161.259
332.457,90.886,185.562,162.133
332.887,84.502,187.742,164.037
333.788,76.725,188.399,164.611
334.807,71.514,188.804,164.965
334.505,64.262,188.126,164.373
333.174,59.351,187.963,164.230
332.321,54.239,187.777,164.068
329.436,48.321,187.324,163.672
326.355,42.259,188.053,164.309
322.408,39.288,188.107,164.356
318.783,36.131,187.203,163.566
315.117,32.366,185.995,162.510
310.011,30.832,184.871,161.529
304.399,28.971,183.814,160.605
299.925,28.305,182.159,159.159
294.215,26.949,179.943,157.223
289.291,26.837,177.670,155.237
282.182,25.436,175.680,153.498
275.355,23.117,174.483,152.453
270.215,21.221,172.860,151.035
264.146,19.308,172.392,150.626
258.788,17.501,171.958,150.246
252.075,15.796,171.427,149.782
248.298,15.692,170.329,148.823
243.718,16.781,169.576,148.165
239.369,16.948,169.376,147.990
237.461,18.910,167.961,146.754
234.829,20.174,167.680,146.509
234.784,23.570,166.046,145.081
234.023,24.952,165.407,144.522
234.128,25.924,164.677,143.885
235.238,28.801,164.691,143.896
235.587,29.044,165.139,144.288
237.128,29.838,165.441,144.552
238.272,30.769,165.663,144.746
241.400,32.542,165.131,144.281
242.982,32.987,165.614,144.703
244.773,33.569,165.932,144.981
247.496,34.829,165.145,144.293
251.004,35.490,164.535,143.761
252.179,36.465,164.535,143.760
254.410,37.019,164.113,143.392
255.892,36.920,163.419,142.786
256.258,35.710,163.048,142.461
256.063,35.637,162.922,142.351
254.638,33.954,163.477,142.836
254.672,32.413,163.013,142.431
254.295,30.966,163.006,142.425
253.927,31.408,163.229,142.619
254.681,31.598,163.141,142.543
255.350,30.230,163.460,142.821
255.174,28.376,163.730,143.057
255.904,28.170,164.771,143.967
256.834,26.038,166.129,145.153
257.418,24.016,167.758,146.576
259.610,24.024,168.529,147.250
261.310,21.013,170.048,148.577
262.663,19.719,171.831,150.135
265.193,19.141,173.371,151.481
268.283,18.363,174.524,152.488
270.244,17.728,175.951,153.735
272.936,17.543,177.857,155.400
275.233,16.413,180.219,157.464
278.386,16.831,181.402,158.497
282.265,17.914,182.360,159.335
284.953,19.230,183.738,160.539
287.621,20.574,185.026,161.664
289.269,23.474,187.214,163.576
291.130,25.490,188.721,164.892
292.657,27.209,190.538,166.480
294.328,29.965,192.545,168.233
296.314,32.332,193.032,168.659
297.523,35.101,194.325,169.789
298.673,37.064,195.289,170.631
299.009,39.211,196.556,171.738
301.183,42.041,197.173,172.277
302.390,46.248,197.420,172.493
303.010,48.919,198.087,173.076
304.882,53.009,198.354,173.309
304.391,56.457,199.807,174.579
304.757,58.867,201.014,175.633
306.745,62.408,202.351,176.802
306.288,63.396,203.808,178.074
308.403,66.547,204.114,178.342
309.701,70.620,205.613,179.652
311.119,73.666,206.908,180.783
312.102,75.752,207.732,181.503
312.840,80.330,208.713,182.360
313.126,82.867,211.376,184.687
313.766,85.588,212.779,185.913
313.432,88.925,214.757,187.641
313.469,92.367,216.730,189.365
313.416,95.795,218.399,190.823
312.674,99.350,219.842,192.084
311.812,102.746,223.104,194.934
309.816,105.464,226.083,197.537
308.036,108.554,228.763,199.879
306.326,112.698,231.745,202.485
303.398,115.775,233.775,204.258
300.525,120.074,237.005,207.080
297.210,122.247,240.471,210.109
292.547,123.363,244.163,213.334
289.052,123.502,246.014,214.952
285.324,126.283,248.303,216.951
280.019,127.253,251.454,219.705
276.171,129.893,253.526,221.515
270.887,132.565,255.654,223.374
267.059,134.608,257.970,225.398
263.986,134.953,259.009,226.306
262.730,136.677,259.605,226.827
260.869,136.475,260.581,227.680
260.021,137.291,261.727,228.681
260.211,137.499,262.647,229.485
262.944,138.413,263.228,229.992
267.100,139.387,263.436,230.174
271.874,137.459,262.934,229.735
277.162,135.033,263.639,230.351
285.934,133.412,262.497,229.354
293.299,127.928,261.806,228.749
302.041,123.334,262.252,229.139
312.066,118.406,261.452,228.440
320.714,111.711,261.147,228.174
332.219,107.190,259.431,226.675
341.822,99.870,258.128,225.536
352.013,94.510,256.628,224.226
362.624,89.200,254.882,222.700
371.921,85.194,253.101,221.144
379.321,80.810,252.303,220.447
385.474,76.030,251.239,219.517
391.462,70.779,249.934,218.377
396.880,67.523,249.940,218.382
400.634,62.291,248.916,217.487
403.610,59.230,247.369,216.136
403.072,55.294,246.680,215.534
406.272,54.423,244.655,213.764
405.834,53.887,243.625,212.864
404.673,53.507,243.479,212.736
403.250,56.292,242.145,211.571
400.769,56.580,241.304,210.837
398.493,60.208,239.100,208.911
393.744,64.136,238.572,208.449
390.130,66.094,237.880,207.845
386.108,67.428,237.341,207.374
383.178,68.522,236.809,206.909
378.912,70.645,236.506,206.644
373.856,74.572,235.143,205.453
371.508,75.701,233.283,203.828
368.976,78.724,233.450,203.974
365.250,80.002,234.149,204.585
362.044,82.432,234.429,204.829
359.302,85.613,234.248,204.671
354.607,86.942,234.162,204.596
349.946,88.592,234.909,205.249
345.572,88.581,235.697,205.937
339.989,91.988,236.383,206.537
333.315,97.598,237.199,207.249
325.507,101.557,238.127,208.060
316.422,107.218,239.474,209.238
306.634,111.159,239.705,209.439
295.614,112.637,240.349,210.002
283.024,114.012,241.184,210.732
268.588,117.758,241.978,211.425
255.357,122.115,242.162,211.586
238.582,120.956,242.354,211.754
222.405,120.723,243.032,212.346
203.066,119.339,243.824,213.038
184.723,117.134,244.332,213.482
165.676,116.134,245.619,214.607
146.323,116.077,246.455,215.337
128.144,115.204,246.900,215.726
112.469,114.004,246.820,215.656
97.827,111.670,245.663,214.645
86.073,111.145,245.347,214.369
75.257,110.454,244.423,213.562
66.463,110.442,244.339,213.488
59.184,109.910,243.145,212.445
54.987,110.190,241.230,210.772
51.895,110.312,240.375,210.025
51.140,111.163,239.441,209.208
51.307,113.133,238.833,208.677
51.166,113.163,237.848,207.817
51.728,114.531,237.018,207.092
53.373,115.352,236.089,206.280
55.639,113.649,236.061,206.255
56.088,115.208,235.434,205.708
59.223,117.038,233.805,204.284
60.098,115.800,233.542,204.054
60.425,114.197,232.481,203.128
60.182,113.920,232.077,202.775
59.714,112.916,231.750,202.489
60.033,112.046,231.088,201.910
59.147,111.747,230.832,201.686
58.777,111.178,230.913,201.758
59.901,111.727,231.778,202.513
60.742,110.973,232.590,203.222
61.680,111.850,233.425,203.952
65.116,111.993,234.882,205.225
69.666,111.340,235.810,206.036
76.008,112.492,236.670,206.788
83.481,113.435,237.061,207.129
93.777,111.845,238.210,208.133
104.057,110.910,239.816,209.537
117.915,112.323,241.005,210.575
131.634,112.901,241.480,210.990
146.035,113.334,243.084,212.391
161.414,115.110,245.188,214.230
175.903,116.718,247.203,215.991
191.507,119.662,248.008,216.694
207.571,123.054,246.517,215.391
221.125,125.815,246.175,215.092
230.064,128.437,245.625,214.612
242.891,132.716,244.673,213.780
249.308,133.634,243.716,212.944
260.802,138.205,242.412,211.804
268.851,139.013,240.524,210.155
278.012,139.350,239.260,209.050
283.048,135.273,238.187,208.113
287.740,131.947,236.612,206.737
291.761,128.155,234.593,204.973
295.978,125.482,233.355,203.891
299.757,122.348,232.550,203.188
301.152,116.842,231.081,201.904
303.360,113.151,230.177,201.114
305.557,110.729,230.048,201.002
308.372,108.773,228.512,199.659
311.395,108.439,228.357,199.524
316.289,110.582,227.686,198.937
319.420,109.206,226.527,197.925
324.291,107.968,226.753,198.122
329.453,107.022,226.155,197.600
334.631,109.846,225.872,197.353
340.817,107.301,226.157,197.602
348.764,107.065,226.189,197.630
353.929,106.934,227.053,198.385
360.104,107.491,227.376,198.667
367.555,107.684,227.233,198.542
374.224,109.380,228.026,199.235
377.701,110.013,229.090,200.164
384.607,111.105,230.409,201.317
387.390,112.016,231.903,202.622
389.937,112.624,233.053,203.627
391.283,113.695,233.970,204.428
391.241,114.433,234.788,205.143
390.062,114.087,235.101,205.416
387.521,117.517,234.488,204.881
385.455,120.420,232.837,203.438
384.161,123.425,230.539,201.430
377.958,122.849,230.467,201.368
372.255,126.308,228.765,199.881
366.629,125.330,227.348,198.643
361.910,124.001,227.036,198.370
356.599,123.983,225.585,197.102
352.012,123.377,224.382,196.051
347.501,124.236,223.643,195.406
339.722,123.331,223.563,195.336
335.230,121.818,222.274,194.209
330.233,122.269,221.763,193.763
324.327,123.663,221.407,193.451
316.205,124.230,221.493,193.527
310.616,126.957,221.067,193.155
308.774,129.047,221.399,193.444
309.300,128.430,222.119,194.073
309.928,124.957,221.886,193.870
307.389,142.333,220.060,192.274
366.221,107.397,220.482,192.643
342.265,121.624,220.531,192.686
298.653,228.232,221.558,193.584
294.259,207.642,221.935,193.913
320.270,134.677,221.469,193.506
322.913,124.671,221.528,193.557
325.043,121.473,222.060,194.022
321.493,126.411,221.883,193.867
327.048,133.931,220.855,192.969
325.970,129.229,220.140,192.345
323.618,129.098,220.104,192.313
318.334,125.992,218.904,191.265
330.907,142.097,218.165,190.619
327.574,131.755,217.882,190.372
323.797,139.602,217.549,190.081
320.249,126.925,217.598,190.123
321.944,130.904,217.110,189.697
317.658,124.813,217.501,190.039
317.154,123.411,217.596,190.122
320.677,128.709,216.910,189.522
320.418,129.221,215.763,188.520
322.902,127.664,216.342,189.026
318.055,123.038,216.117,188.830
328.342,127.231,217.725,190.234
322.600,127.516,217.810,190.309
317.459,131.256,217.700,190.212
319.560,132.191,217.124,189.709
321.521,131.616,216.781,189.409
321.949,130.688,217.349,189.906
325.489,132.601,216.492,189.157
314.506,129.693,216.625,189.274
312.320,128.898,216.694,189.333
313.351,128.434,217.321,189.882
319.716,129.513,218.861,191.227
307.531,125.882,219.392,191.691
309.527,126.364,220.641,192.782
306.803,127.985,220.252,192.442
309.178,127.184,220.534,192.689
303.583,128.305,221.057,193.146
305.989,128.621,221.401,193.447
308.587,127.979,221.172,193.247
310.387,127.258,221.290,193.349
311.794,127.408,220.822,192.940
310.509,128.103,221.202,193.273
309.043,127.245,221.085,193.170
312.278,127.381,220.879,192.991
316.400,125.012,221.085,193.171
315.161,126.080,221.325,193.380
312.444,124.666,221.562,193.587
312.516,123.900,221.219,193.287
316.838,125.727,220.808,192.928
315.497,123.176,221.294,193.353
316.021,124.831,220.323,192.505
321.968,125.465,220.028,192.247
321.755,120.616,219.792,192.040
320.565,120.138,220.315,192.497
321.537,122.581,220.138,192.343
322.685,121.044,220.043,192.260
324.500,121.396,219.312,191.621
324.133,122.826,218.913,191.272
323.749,120.294,220.855,192.969
328.614,120.973,220.356,192.533
326.827,119.633,220.908,193.016
330.371,120.413,220.463,192.627
329.932,121.726,219.778,192.028
331.044,122.683,219.050,191.392
331.144,121.616,218.873,191.238
333.367,121.709,219.660,191.925
332.258,123.062,218.695,191.082
331.150,123.202,218.277,190.717
335.908,123.130,218.699,191.085
331.852,123.009,218.166,190.620
330.364,121.852,218.412,190.835
328.372,120.812,218.840,191.209
325.308,121.683,218.903,191.264
324.719,124.588,218.520,190.929
321.527,123.613,218.829,191.199
321.870,124.846,217.510,190.046
318.724,124.769,216.648,189.293
325.587,126.339,215.537,188.323
324.881,126.464,215.115,187.954
331.169,126.974,214.299,187.241
320.485,124.398,214.764,187.647
324.149,127.054,214.362,187.296
324.438,125.384,214.481,187.400
331.719,127.843,213.546,186.583
391.133,70.484,213.372,186.431
395.346,70.289,213.273,186.345
402.130,71.625,215.072,187.917
406.469,71.323,217.320,189.880
411.884,72.836,218.720,191.104
415.658,73.910,220.836,192.953
418.562,75.903,221.607,193.626
419.034,76.999,222.965,194.813
419.433,78.349,224.265,195.949
420.297,80.211,224.934,196.533
418.748,82.327,224.910,196.512
415.272,84.953,224.213,195.904
411.221,86.801,224.606,196.247
404.526,89.097,224.755,196.377
398.464,93.143,225.064,196.647
390.620,95.739,224.627,196.265
383.241,97.396,224.833,196.445
375.688,98.992,225.076,196.657
365.824,100.547,224.662,196.295
355.289,100.556,224.793,196.410
344.243,104.302,225.357,196.903
333.928,104.291,225.881,197.361
325.816,105.800,226.650,198.033
319.103,105.949,226.929,198.277
312.910,105.871,227.522,198.795
307.499,106.755,227.626,198.885
301.718,105.942,227.725,198.972
296.800,104.913,226.700,198.076
293.544,104.388,225.572,197.091
291.990,104.756,225.453,196.987
289.267,102.995,225.307,196.859
290.786,107.008,225.123,196.699
291.658,109.179,224.670,196.302
297.196,112.233,225.485,197.015
298.069,112.647,226.960,198.304
300.947,114.812,228.866,199.969
305.153,116.177,229.789,200.775
308.520,116.884,230.733,201.600
312.649,117.577,231.260,202.061
316.907,119.735,231.540,202.305
319.737,120.976,232.160,202.846
321.512,122.507,232.540,203.179
323.084,124.123,232.485,203.131
326.042,124.009,231.736,202.476
324.727,122.987,230.547,201.438
322.963,123.692,230.096,201.044
320.126,123.157,230.051,201.004
316.987,123.653,229.840,200.819
313.415,124.097,229.126,200.196
307.925,123.609,227.977,199.192
303.424,122.872,227.919,199.142
297.860,121.122,228.291,199.466
291.587,119.987,227.563,198.831
283.096,117.425,226.533,197.931
274.504,114.846,225.876,197.356
267.216,114.788,225.771,197.264
260.977,113.380,225.300,196.853
253.697,112.308,225.440,196.975
247.827,113.708,224.852,196.462
241.177,116.299,226.090,197.544
234.927,119.172,226.670,198.050
229.153,121.765,227.082,198.410
225.144,125.470,228.286,199.462
220.755,127.833,230.510,201.405
216.281,130.298,233.760,204.245
210.697,131.035,236.799,206.900
206.845,133.280,239.525,209.282
201.208,135.029,242.027,211.468
197.194,137.638,244.588,213.706
190.853,139.920,247.900,216.599
185.449,142.419,249.864,218.316
179.704,144.686,251.358,219.621
173.460,145.239,252.774,220.858
166.145,144.338,254.939,222.750
157.243,144.118,256.678,224.269
149.995,144.710,258.142,225.548
141.243,144.466,258.524,225.882
132.400,143.646,259.678,226.891
123.147,142.110,260.894,227.952
111.243,141.860,260.761,227.837
102.503,141.495,261.779,228.726
92.006,142.167,261.249,228.263
82.589,143.528,261.505,228.486
74.028,144.678,261.529,228.508
65.239,145.342,261.431,228.422
58.415,143.489,258.672,226.011
51.284,144.344,256.802,224.377
45.586,143.064,254.413,222.290
39.697,142.551,252.111,220.279
36.701,141.425,248.218,216.877
31.308,141.961,246.005,214.944
29.478,143.916,244.705,213.808
24.548,143.108,242.250,211.663
21.823,144.295,240.562,210.188
20.568,146.088,239.052,208.868
19.846,147.272,236.937,207.021
20.763,148.767,234.844,205.192
18.792,151.416,232.827,203.429
18.901,155.035,230.828,201.683
20.020,157.335,229.043,200.124
19.480,157.303,228.529,199.674
19.183,158.359,228.509,199.657
20.200,159.816,227.815,199.050
22.560,159.047,227.238,198.547
22.380,159.226,227.094,198.420
21.384,158.039,228.039,199.246
23.689,157.593,227.822,199.056
22.300,158.572,228.517,199.664
23.727,159.159,229.052,200.131
24.992,159.900,229.751,200.742
26.047,161.808,230.341,201.258
28.646,163.724,230.323,201.242
27.443,164.167,231.532,202.298
27.520,163.322,233.833,204.309
30.514,165.537,233.530,204.044
29.936,165.828,234.481,204.874
32.225,165.155,235.022,205.348
33.778,165.860,235.062,205.383
32.791,166.561,236.584,206.712
