70.000,51.000,107.000,87.000
69.146,50.761,107.402,87.327
67.764,50.852,107.675,87.549
67.903,50.994,107.128,87.104
66.617,50.776,106.845,86.874
65.165,49.348,107.818,87.665
65.690,50.942,106.757,86.802
63.870,50.932,107.217,87.176
63.878,51.180,107.311,87.253
62.937,50.925,107.580,87.472
63.447,51.933,107.190,87.154
62.819,51.532,106.675,86.736
62.757,51.073,106.746,86.794
62.655,50.817,106.267,86.404
62.131,50.878,106.796,86.834
60.867,50.023,107.961,87.781
61.559,51.449,106.575,86.655
61.834,51.739,106.009,86.194
61.270,51.853,106.079,86.251
60.087,51.291,106.010,86.195
60.496,52.246,105.520,85.797
61.134,52.121,104.682,85.115
59.849,51.732,105.410,85.707
60.129,52.243,104.768,85.185
60.420,52.180,104.438,84.917
60.636,53.037,103.576,84.216
60.384,51.337,104.004,84.564
58.745,51.844,103.858,84.446
58.824,52.581,103.977,84.542
59.146,51.558,103.797,84.396
59.073,52.660,102.748,83.543
59.543,51.701,102.344,83.214
60.421,52.277,101.561,82.577
60.145,51.848,101.652,82.651
60.716,51.478,100.816,81.972
60.659,51.776,100.851,82.000
59.732,51.693,101.143,82.238
61.010,51.651,100.351,81.594
60.654,51.829,101.075,82.182
60.470,52.602,100.550,81.755
61.210,52.275,100.729,81.901
62.300,53.096,100.435,81.662
61.080,51.766,100.699,81.877
61.419,52.869,100.829,81.982
62.783,53.009,100.104,81.393
62.486,52.898,100.470,81.691
61.736,53.833,100.587,81.785
63.525,54.762,99.978,81.291
63.524,54.048,99.467,80.875
64.083,53.195,99.534,80.930
65.270,54.121,98.974,80.475
65.741,54.873,98.780,80.316
65.068,55.520,98.619,80.186
65.453,56.648,98.245,79.882
66.146,56.563,97.978,79.665
66.655,57.507,97.415,79.206
66.871,58.011,97.851,79.561
66.474,57.492,97.335,79.142
66.673,58.073,97.688,79.429
67.947,58.127,97.475,79.256
68.174,58.244,97.310,79.121
67.693,57.937,97.036,78.898
67.816,59.357,97.079,78.933
68.964,59.466,96.332,78.326
68.391,57.343,96.482,78.448
69.370,58.387,96.070,78.113
69.965,57.545,95.894,77.970
69.784,57.641,95.925,77.995
69.657,58.132,95.987,78.046
69.859,57.015,95.963,78.026
69.817,57.352,95.417,77.582
70.866,56.597,94.753,77.042
69.584,55.742,94.837,77.110
69.391,55.525,94.919,77.177
69.415,54.231,94.977,77.224
69.218,53.864,94.964,77.214
68.740,54.325,95.062,77.294
68.603,54.918,94.778,77.062
67.882,55.269,94.711,77.008
67.443,55.781,94.820,77.097
67.623,56.240,94.560,76.886
66.832,56.219,94.958,77.209
68.150,56.923,94.475,76.816
68.285,57.618,94.109,76.518
67.697,57.489,94.099,76.511
67.624,57.478,94.514,76.848
67.934,58.500,94.062,76.481
68.218,58.525,93.765,76.239
67.414,58.291,93.727,76.208
67.798,58.166,93.231,75.805
67.449,59.155,93.462,75.992
68.259,59.872,93.159,75.746
67.971,59.679,92.795,75.450
68.296,59.910,92.679,75.356
68.010,59.052,92.700,75.373
67.861,58.827,92.442,75.163
68.666,58.748,92.212,74.976
68.338,58.348,92.593,75.286
68.483,57.869,92.637,75.322
69.272,58.687,92.068,74.859
69.545,58.349,91.990,74.796
69.490,58.205,92.220,74.983
70.779,58.289,91.561,74.447
71.163,56.990,91.505,74.401
71.911,56.363,91.368,74.290
72.644,56.786,90.982,73.976
72.262,56.085,90.893,73.904
73.039,56.242,90.596,73.662
73.380,55.941,90.797,73.825
74.684,57.339,90.368,73.477
74.480,56.885,90.239,73.372
74.707,57.221,90.186,73.328
75.053,57.898,89.893,73.091
74.910,57.844,89.731,72.959
76.006,58.224,89.461,72.740
76.020,58.035,89.735,72.962
77.026,59.271,89.443,72.725
76.988,58.928,89.480,72.755
76.769,59.993,90.020,73.194
76.862,60.837,89.525,72.792
77.070,61.104,89.758,72.981
78.243,62.628,89.315,72.621
79.573,62.983,88.598,72.038
79.532,62.487,88.801,72.202
79.724,63.401,88.600,72.039
80.567,63.448,88.507,71.964
80.369,63.439,88.739,72.152
81.429,64.860,88.466,71.930
81.748,65.495,88.458,71.924
82.148,66.566,88.227,71.736
83.000,66.838,87.884,71.457
83.552,67.099,87.178,70.883
85.070,67.099,86.483,70.318
85.774,66.431,86.069,69.982
86.490,65.971,85.983,69.912
86.820,64.962,85.885,69.832
87.443,63.719,85.588,69.590
88.200,64.005,85.484,69.505
88.856,63.189,85.121,69.211
89.343,62.353,84.973,69.090
89.901,61.537,85.104,69.196
90.569,61.163,84.754,68.912
89.808,59.435,84.705,68.872
91.511,59.151,84.453,68.667
92.090,58.257,84.113,68.391
92.399,58.135,83.943,68.253
93.253,57.451,83.934,68.245
93.802,57.252,83.861,68.186
94.646,57.048,83.709,68.063
94.745,56.170,83.625,67.994
95.926,55.899,83.256,67.694
96.657,55.872,83.168,67.623
97.291,55.990,83.005,67.490
99.068,57.749,82.238,66.866
99.372,57.746,82.447,67.037
101.161,59.697,81.921,66.609
101.347,59.510,82.002,66.675
101.280,60.346,82.490,67.071
103.083,61.163,81.410,66.193
103.605,61.946,81.306,66.109
103.927,62.164,81.219,66.038
103.884,62.624,81.397,66.183
105.471,62.715,81.020,65.876
105.535,63.138,80.833,65.724
106.418,62.893,81.112,65.951
107.135,63.244,80.486,65.442
107.716,63.475,80.174,65.188
109.129,64.641,79.709,64.810
109.602,65.484,79.371,64.535
110.381,65.931,79.223,64.415
110.273,66.074,79.184,64.383
111.374,65.634,78.964,64.204
111.294,65.688,79.275,64.458
112.395,66.670,78.641,63.942
113.410,67.245,78.554,63.871
112.758,66.891,78.615,63.920
114.006,67.319,78.125,63.522
114.950,65.895,77.718,63.191
115.528,65.077,77.571,63.072
116.338,64.606,77.180,62.754
117.654,64.671,76.702,62.365
118.461,64.356,76.641,62.315
119.460,64.012,76.279,62.021
119.522,63.744,76.111,61.885
121.027,63.857,75.859,61.680
120.936,63.089,75.614,61.481
121.292,62.840,75.230,61.168
121.950,61.979,74.632,60.682
123.339,62.456,74.273,60.391
124.418,62.822,73.577,59.824
125.134,61.789,73.724,59.944
126.139,61.087,73.524,59.781
126.601,61.684,73.376,59.661
127.852,61.221,73.030,59.379
128.918,61.415,72.660,59.079
128.278,61.503,72.119,58.639
130.128,60.866,71.288,57.963
130.588,61.135,70.308,57.166
132.548,61.383,69.800,56.754
132.974,60.570,69.012,56.112
133.714,60.563,68.844,55.976
134.545,61.222,68.326,55.555
135.604,64.406,68.399,55.614
137.313,62.303,67.695,55.041
138.487,64.308,67.036,54.506
139.035,63.200,66.812,54.324
140.648,64.279,66.799,54.313
141.108,64.552,66.136,53.775
142.603,65.017,66.049,53.704
143.637,64.990,66.147,53.783
143.415,65.192,66.356,53.953
143.874,64.984,66.102,53.746
144.772,65.938,65.982,53.649
145.712,65.451,65.783,53.487
146.937,64.449,65.294,53.089
148.244,65.062,64.735,52.635
149.070,64.510,64.534,52.472
151.431,64.984,63.389,51.540
151.586,65.220,63.409,51.557
152.184,64.348,63.588,51.702
154.063,66.528,63.476,51.612
154.511,65.293,63.361,51.518
155.715,65.486,62.985,51.212
157.018,66.511,62.553,50.861
157.824,66.772,62.054,50.455
158.793,66.530,61.875,50.310
159.241,66.106,61.927,50.352
160.768,66.601,61.729,50.191
160.993,65.705,61.532,50.031
162.408,66.056,61.300,49.842
162.364,65.697,61.181,49.745
163.756,67.197,61.634,50.114
163.164,67.649,62.192,50.568
163.750,67.863,63.354,51.512
163.825,67.049,64.406,52.367
164.361,67.672,64.710,52.614
165.120,68.113,65.345,53.131
165.443,67.915,65.555,53.302
165.991,67.569,66.092,53.739
166.769,68.215,66.336,53.937
167.129,67.494,66.283,53.893
168.129,67.783,66.059,53.712
169.248,67.704,65.980,53.647
168.901,67.487,66.025,53.684
170.267,67.132,65.435,53.205
170.883,66.933,65.470,53.233
171.819,67.894,65.298,53.093
172.228,67.124,65.316,53.108
173.039,67.405,65.110,52.940
174.411,68.114,65.196,53.010
175.080,67.881,65.322,53.112
175.159,66.231,65.211,53.022
176.254,66.578,64.943,52.804
176.307,64.280,65.029,52.874
178.517,64.215,64.638,52.556
178.465,63.056,64.838,52.718
179.231,62.867,64.635,52.554
180.413,63.209,64.564,52.496
181.077,63.223,64.427,52.384
180.665,63.049,64.456,52.408
180.647,63.035,64.491,52.437
181.723,64.086,64.446,52.400
182.086,63.175,64.437,52.393
182.767,62.986,64.379,52.345
183.536,63.228,64.397,52.360
184.128,64.292,64.363,52.333
184.452,63.214,64.359,52.329
185.361,63.738,64.448,52.402
186.090,64.437,64.233,52.227
186.485,66.070,64.171,52.176
187.714,68.033,64.050,52.078
188.243,68.014,63.780,51.858
188.184,69.737,63.784,51.861
188.830,69.122,63.961,52.006
189.692,68.413,63.709,51.800
189.954,67.442,63.813,51.885
190.300,66.928,63.627,51.734
191.323,65.062,63.678,51.776
191.437,64.736,63.670,51.769
191.973,63.893,63.933,51.983
191.941,62.552,63.744,51.829
192.638,63.581,63.552,51.673
193.557,63.180,63.626,51.733
194.155,64.480,63.675,51.773
194.742,66.212,63.861,51.925
193.965,66.181,63.569,51.687
194.480,66.060,63.938,51.987
193.986,65.560,63.533,51.658
194.910,65.193,63.325,51.489
194.832,64.673,63.438,51.580
195.248,63.745,63.687,51.783
196.099,63.968,63.522,51.649
196.419,63.750,63.612,51.722
196.618,63.715,63.644,51.748
197.291,64.228,63.304,51.471
196.505,64.628,63.053,51.267
197.533,66.432,63.219,51.402
196.724,66.329,63.159,51.354
197.503,67.549,62.962,51.193
198.493,67.563,62.942,51.177
198.790,67.281,62.831,51.087
198.655,66.540,62.909,51.150
199.616,66.618,62.849,51.102
199.157,65.121,62.434,50.764
200.231,65.995,61.912,50.340
201.952,65.568,61.222,49.779
202.142,66.834,61.087,49.669
202.392,67.211,61.488,49.995
203.256,66.609,61.675,50.147
203.433,67.878,61.677,50.149
203.472,67.886,61.836,50.278
203.513,67.524,61.666,50.139
204.040,68.194,61.801,50.250
203.945,68.704,61.523,50.024
205.535,69.543,61.640,50.118
205.562,69.404,61.588,50.076
206.271,68.650,61.602,50.087
206.263,68.167,61.627,50.108
206.640,66.943,61.551,50.046
207.443,66.687,61.616,50.099
207.844,66.654,61.534,50.033
208.275,67.600,61.717,50.181
208.109,67.307,61.693,50.161
208.431,67.859,61.821,50.266
209.078,68.755,61.692,50.161
209.475,68.841,61.588,50.077
210.297,69.757,61.398,49.922
211.126,69.124,61.793,50.243
210.803,69.020,61.801,50.249
211.555,69.234,61.748,50.206
211.789,68.958,61.560,50.054
212.794,69.143,61.740,50.200
212.533,68.817,61.594,50.081
213.714,68.776,61.523,50.023
213.385,68.017,61.825,50.269
213.704,67.454,61.788,50.239
213.949,68.145,61.779,50.231
214.693,67.534,61.690,50.159
214.803,68.451,61.624,50.105
215.536,68.877,61.483,49.991
216.587,69.067,61.818,50.264
215.895,68.160,61.736,50.196
216.967,67.880,61.677,50.148
217.490,67.708,61.749,50.207
217.713,66.450,61.694,50.163
217.529,66.172,61.389,49.914
218.912,66.724,61.436,49.953
219.154,67.503,61.380,49.907
218.747,72.272,61.467,49.978
218.156,75.843,61.540,50.037
219.535,76.549,61.358,49.889
219.943,76.196,61.314,49.854
219.393,75.411,61.321,49.859
220.397,73.322,61.429,49.947
221.048,72.256,61.466,49.977
221.296,67.039,61.731,50.192
222.159,60.431,61.563,50.056
222.786,58.200,61.609,50.093
222.653,55.158,61.510,50.013
223.509,57.793,61.428,49.946
223.563,57.696,61.470,49.980
223.575,59.623,61.383,49.909
223.373,61.766,61.204,49.764
223.392,65.322,61.264,49.813
223.991,67.041,61.012,49.608
225.339,68.532,60.947,49.555
225.443,70.190,60.686,49.343
225.528,69.796,60.672,49.331
225.489,69.553,60.771,49.412
226.111,69.159,60.695,49.350
226.374,68.500,60.630,49.298
226.833,67.970,60.580,49.257
227.021,67.506,60.832,49.461
227.477,67.457,60.890,49.509
227.765,67.176,60.736,49.383
227.452,66.558,60.662,49.324
227.557,66.690,60.534,49.219
228.136,66.347,60.794,49.431
228.129,66.101,60.654,49.317
227.793,66.557,60.644,49.309
228.487,66.354,60.615,49.285
228.298,67.257,60.614,49.284
228.338,67.885,60.586,49.261
228.017,68.502,60.761,49.404
228.202,70.490,60.591,49.266
228.554,72.560,60.510,49.200
228.987,71.846,60.384,49.098
229.801,72.316,60.469,49.167
230.206,74.977,60.513,49.202
230.056,75.596,60.444,49.146
228.488,74.719,60.730,49.379
229.574,74.691,60.524,49.211
229.454,72.266,61.005,49.603
229.130,68.939,60.878,49.499
229.218,69.081,60.836,49.465
228.952,67.999,60.834,49.463
229.004,69.260,60.817,49.450
228.245,72.737,60.835,49.464
228.089,72.176,61.088,49.670
227.456,74.379,61.107,49.685
227.940,73.454,61.116,49.692
227.240,72.450,61.156,49.725
227.438,70.342,61.201,49.762
227.810,69.543,61.280,49.826
227.246,68.702,61.475,49.984
227.377,67.632,61.635,50.114
227.097,65.125,61.555,50.049
227.184,65.694,61.484,49.992
227.277,65.346,61.609,50.093
226.729,64.640,61.805,50.253
226.657,64.581,61.946,50.367
227.026,65.542,61.988,50.401
227.129,66.080,62.037,50.441
226.949,66.172,62.034,50.439
226.985,67.886,62.161,50.542
226.034,67.881,61.967,50.384
226.293,66.679,62.027,50.433
225.783,68.328,61.959,50.378
225.998,67.313,62.027,50.433
225.800,65.595,61.928,50.353
224.995,65.726,61.914,50.341
225.784,65.526,61.747,50.205
224.795,64.995,61.790,50.240
224.729,66.600,61.624,50.106
224.197,67.131,61.747,50.206
223.957,67.395,61.520,50.021
223.894,67.805,61.971,50.388
223.433,67.292,62.469,50.793
222.991,66.629,62.765,51.033
222.578,66.161,62.274,50.634
221.968,66.038,62.387,50.726
222.118,66.526,62.453,50.780
221.708,66.894,62.755,51.025
220.418,66.483,62.449,50.776
220.027,66.618,62.411,50.746
219.425,66.531,62.479,50.801
219.439,66.853,62.671,50.957
218.580,66.032,62.609,50.906
218.278,67.888,62.794,51.057
217.039,66.658,62.748,51.019
216.448,67.045,62.672,50.958
215.719,67.219,62.674,50.959
215.715,67.089,62.611,50.908
215.335,67.412,63.031,51.249
215.207,67.626,63.024,51.244
214.520,68.008,62.958,51.191
214.087,67.636,63.194,51.382
213.538,67.473,63.125,51.326
213.464,68.713,63.144,51.341
213.372,67.868,63.340,51.501
211.864,67.601,63.400,51.550
211.720,68.545,63.462,51.600
211.243,67.556,63.437,51.580
211.509,67.668,63.591,51.705
210.289,67.707,63.634,51.740
210.378,68.245,63.498,51.629
209.895,67.835,63.727,51.815
208.734,67.434,63.787,51.865
208.591,66.673,63.753,51.837
208.479,66.575,63.940,51.988
208.493,66.587,63.897,51.954
207.623,66.176,63.935,51.985
208.284,65.916,63.675,51.773
208.071,65.927,64.250,52.240
208.121,66.166,63.929,51.980
207.193,65.662,64.025,52.058
207.671,66.716,63.780,51.859
206.390,65.449,64.071,52.095
206.102,65.994,64.218,52.214
206.251,66.185,64.143,52.153
206.653,66.400,64.127,52.141
205.918,67.099,64.541,52.477
206.155,67.297,64.506,52.449
205.729,66.923,64.833,52.715
205.689,66.845,64.159,52.167
205.914,68.232,64.466,52.417
204.761,66.679,64.816,52.701
205.161,67.283,64.605,52.530
205.194,67.275,64.838,52.719
205.261,67.317,64.704,52.610
204.732,67.458,64.910,52.777
204.477,67.342,64.783,52.674
203.908,66.824,65.182,52.999
204.683,66.432,65.228,53.036
204.373,66.464,65.177,52.994
204.322,66.210,65.430,53.200
203.900,66.131,65.457,53.222
203.653,65.685,65.474,53.236
203.139,65.586,65.441,53.209
202.700,64.886,65.675,53.399
203.118,66.024,65.975,53.643
202.374,65.358,66.033,53.690
201.999,65.450,66.098,53.743
201.753,66.288,66.255,53.871
201.963,66.076,66.594,54.147
201.664,66.681,66.361,53.957
201.367,66.854,66.325,53.928
201.305,66.308,66.681,54.218
201.688,67.138,66.693,54.227
201.590,66.632,66.632,54.177
200.927,66.674,66.644,54.187
201.315,66.896,66.413,53.999
199.950,65.967,66.845,54.351
200.112,66.500,66.648,54.191
199.734,66.226,66.901,54.396
199.676,65.778,66.435,54.017
199.438,65.801,66.494,54.066
198.915,64.539,66.855,54.359
198.573,63.846,67.352,54.763
198.360,62.411,67.419,54.817
198.356,62.049,67.397,54.799
197.936,61.938,67.504,54.886
198.167,61.819,67.671,55.022
198.424,61.695,67.965,55.262
198.351,62.380,68.322,55.552
198.645,62.997,68.390,55.607
198.383,62.649,68.606,55.782
197.992,62.333,68.655,55.822
198.306,62.024,68.328,55.556
198.457,62.036,68.500,55.696
198.078,63.976,68.459,55.663
198.143,62.704,68.708,55.866
198.276,63.388,68.939,56.053
197.949,62.942,68.646,55.815
197.802,61.998,68.976,56.084
197.383,61.999,69.105,56.188
198.258,61.947,68.710,55.867
198.541,63.636,69.022,56.121
197.923,62.885,68.986,56.092
197.497,64.218,69.259,56.313
197.732,63.954,69.472,56.487
197.986,63.852,69.580,56.575
197.957,64.367,69.532,56.535
197.873,64.082,69.685,56.660
197.943,63.863,69.792,56.747
199.143,64.203,69.767,56.727
198.672,63.979,70.133,57.024
198.443,63.528,70.394,57.237
199.122,65.410,70.373,57.219
199.029,64.953,70.551,57.364
199.308,65.263,70.680,57.468
198.849,64.575,70.822,57.584
199.952,65.369,71.166,57.864
199.254,64.353,71.308,57.980
200.354,65.310,71.362,58.023
200.700,65.101,71.312,57.983
200.580,64.318,71.450,58.095
201.368,64.921,71.394,58.049
200.989,64.400,71.448,58.093
201.494,64.175,71.708,58.304
201.150,64.023,71.916,58.474
201.419,63.468,72.056,58.588
201.814,63.103,72.247,58.743
202.168,62.377,72.219,58.720
201.803,61.935,72.639,59.061
202.558,62.075,72.833,59.219
202.688,61.549,73.066,59.409
204.127,62.130,73.062,59.406
204.425,61.649,73.259,59.565
204.521,61.538,73.482,59.747
205.143,62.047,73.564,59.814
204.809,61.313,73.711,59.933
205.245,60.751,74.177,60.312
205.558,60.313,74.095,60.245
206.643,60.494,74.197,60.329
206.552,59.323,74.337,60.442
207.265,59.097,74.485,60.563
208.001,59.248,74.674,60.717
208.943,59.532,74.779,60.801
208.844,59.460,74.930,60.924
209.293,59.660,75.459,61.354
209.717,60.738,75.854,61.676
210.137,60.887,75.869,61.688
211.204,61.425,75.998,61.792
211.697,61.173,76.262,62.007
211.942,61.310,76.260,62.006
212.061,61.096,76.306,62.043
213.042,61.220,76.436,62.149
213.489,60.568,76.776,62.426
213.829,60.279,77.196,62.766
215.587,60.892,77.099,62.688
215.841,59.574,77.495,63.010
216.228,59.391,77.855,63.302
216.880,61.354,77.851,63.300
217.838,61.044,78.174,63.562
218.540,62.489,78.145,63.538
219.407,63.098,78.401,63.747
219.742,62.492,78.840,64.104
220.690,64.149,79.174,64.375
221.593,63.893,79.213,64.407
222.103,63.497,79.401,64.560
222.739,62.570,79.514,64.652
223.117,61.797,79.901,64.966
224.861,62.407,80.169,65.184
225.117,61.733,80.192,65.203
226.200,61.961,80.578,65.516
226.182,61.514,80.940,65.811
228.241,62.307,81.141,65.974
228.353,61.749,81.359,66.152
230.194,62.224,81.420,66.201
230.469,62.181,81.643,66.382
230.944,61.456,82.013,66.683
231.846,61.100,82.388,66.988
233.463,61.385,82.525,67.100
233.759,60.696,82.602,67.162
233.976,59.419,83.198,67.647
234.880,59.109,83.335,67.758
236.718,59.202,83.308,67.737
237.755,59.382,83.236,67.678
238.586,58.840,83.819,68.152
238.358,58.559,84.175,68.441
239.075,57.343,84.612,68.797
240.458,57.007,85.054,69.156
241.362,57.019,85.066,69.166
241.737,56.671,85.231,69.300
243.034,56.900,85.544,69.554
243.931,57.110,85.716,69.695
244.489,57.925,86.067,69.980
245.512,59.413,86.080,69.990
245.698,57.951,86.349,70.209
246.118,57.727,86.689,70.486
247.642,59.080,86.815,70.588
247.908,58.578,87.059,70.786
249.164,59.922,87.237,70.931
248.874,58.701,87.867,71.444
249.641,59.324,87.990,71.544
250.135,62.116,88.355,71.840
251.299,61.010,88.589,72.030
252.667,62.042,88.782,72.187
252.916,62.051,89.093,72.440
254.748,60.814,89.185,72.515
254.838,62.391,89.323,72.627
254.806,61.194,89.524,72.791
256.106,61.287,89.884,73.083
255.922,61.511,90.113,73.269
257.285,61.477,90.358,73.469
257.895,61.490,90.436,73.532
258.033,59.884,90.999,73.990
259.053,59.466,91.163,74.123
260.195,59.603,91.149,74.111
261.001,58.595,91.362,74.285
261.549,59.543,91.771,74.618
262.252,59.634,91.975,74.783
261.784,58.369,92.299,75.047
264.315,59.062,92.673,75.351
263.523,58.076,92.950,75.576
265.320,58.259,93.018,75.631
264.763,57.711,93.489,76.014
265.929,57.650,93.244,75.815
266.915,57.041,93.865,76.320
267.616,56.808,93.994,76.425
268.802,56.936,93.920,76.365
269.137,58.749,94.071,76.488
269.105,58.142,93.907,76.354
269.398,59.315,94.199,76.591
269.540,59.769,94.153,76.554
270.418,59.761,94.333,76.701
270.676,60.403,94.674,76.978
271.612,59.298,94.995,77.239
