73.000,126.000,29.000,23.000
73.000,125.393,28.728,22.784
72.937,125.040,28.973,22.978
74.658,125.268,28.884,22.908
74.158,124.381,29.545,23.432
75.702,124.377,29.458,23.363
76.583,124.611,29.187,23.148
77.152,124.133,29.346,23.274
78.246,123.943,28.636,22.711
78.953,123.539,28.750,22.801
78.939,123.549,28.753,22.804
79.051,123.259,28.882,22.907
79.905,123.146,29.120,23.095
80.907,123.139,29.197,23.156
81.130,122.172,28.887,22.911
82.069,121.923,29.139,23.110
82.817,121.723,29.045,23.036
82.884,121.913,29.156,23.124
82.387,121.308,29.267,23.212
83.503,120.929,29.190,23.151
83.195,120.855,29.484,23.384
84.456,121.509,29.218,23.173
84.917,120.964,29.330,23.262
86.428,121.441,28.835,22.869
86.781,121.456,28.750,22.802
86.184,121.415,29.253,23.200
86.726,121.596,28.998,22.999
87.843,122.149,28.785,22.829
88.293,122.220,28.756,22.807
88.139,122.352,28.813,22.852
88.775,122.251,28.773,22.820
89.369,121.946,28.901,22.922
90.295,122.560,28.743,22.796
89.697,122.333,28.729,22.785
89.918,122.141,28.740,22.794
89.814,122.003,28.859,22.888
90.538,121.855,28.900,22.921
90.954,122.602,29.174,23.138
91.203,122.243,28.895,22.917
92.280,123.458,28.762,22.811
91.969,123.186,28.981,22.985
92.315,124.055,28.983,22.987
92.627,124.621,29.135,23.107
93.109,125.303,29.091,23.072
93.159,125.775,29.267,23.212
92.683,125.629,29.231,23.183
92.775,125.966,29.112,23.089
93.297,126.553,29.306,23.242
93.141,126.396,29.342,23.272
93.413,126.605,29.499,23.396
93.691,126.701,29.646,23.513
94.472,126.881,29.588,23.466
94.728,126.905,29.602,23.478
94.933,126.488,29.725,23.575
94.582,125.892,29.740,23.587
94.646,125.646,29.932,23.740
95.587,126.066,29.926,23.734
96.215,125.742,29.956,23.758
96.607,125.566,29.890,23.706
96.770,125.073,29.652,23.517
97.229,125.476,29.610,23.484
97.114,125.177,29.532,23.422
97.630,125.150,29.439,23.348
97.561,124.939,29.407,23.323
97.662,125.131,29.401,23.318
97.921,124.683,29.575,23.456
98.083,124.423,29.655,23.520
97.806,124.038,29.728,23.577
98.028,123.867,29.877,23.695
97.942,123.899,29.952,23.755
98.901,124.085,29.964,23.764
99.110,124.288,29.959,23.761
99.374,124.182,30.014,23.804
99.524,124.214,30.082,23.858
100.106,124.492,30.046,23.830
99.789,124.276,30.161,23.921
100.296,124.100,30.301,24.032
99.397,123.592,30.164,23.923
100.272,124.334,30.268,24.006
100.014,123.849,30.126,23.893
100.298,123.975,30.333,24.058
100.196,123.716,30.212,23.961
100.484,123.729,30.264,24.002
100.432,123.686,30.224,23.970
100.362,123.958,30.211,23.961
100.454,123.853,30.165,23.924
101.195,124.077,30.297,24.029
100.642,123.799,30.240,23.983
101.054,123.790,30.233,23.978
100.668,123.662,30.373,24.089
101.267,123.540,30.198,23.950
101.173,124.031,30.143,23.907
102.448,124.014,30.168,23.927
101.355,124.065,30.325,24.051
101.314,123.377,30.444,24.145
101.465,123.817,30.514,24.201
102.566,123.833,30.333,24.057
101.399,123.424,30.413,24.121
102.380,123.379,30.238,23.982
102.827,123.364,30.296,24.028
102.071,123.338,30.255,23.995
102.662,123.344,30.251,23.992
102.641,123.293,30.335,24.059
102.517,123.245,30.160,23.920
103.400,123.978,30.054,23.836
103.324,123.794,29.964,23.764
103.487,123.954,29.907,23.719
102.779,123.724,29.960,23.761
103.699,123.908,29.990,23.785
103.457,124.074,29.928,23.736
103.784,123.930,29.910,23.722
102.920,123.385,30.017,23.806
103.700,123.737,30.016,23.806
103.767,123.464,30.085,23.860
103.772,123.444,30.025,23.813
103.924,123.276,30.021,23.810
103.638,123.218,30.004,23.796
103.491,122.957,30.040,23.825
103.697,122.683,29.977,23.774
103.410,122.445,29.987,23.783
103.732,122.308,30.008,23.799
103.689,121.977,29.901,23.714
103.609,121.676,29.836,23.663
103.492,121.501,29.840,23.666
103.570,121.360,29.867,23.688
103.441,121.335,29.845,23.670
103.681,121.167,29.782,23.620
103.470,121.384,29.790,23.627
103.911,121.330,29.807,23.640
103.605,121.408,29.789,23.625
103.762,121.646,29.835,23.662
103.996,121.939,29.710,23.563
104.057,122.095,29.607,23.481
104.634,122.411,29.663,23.526
104.264,122.153,29.585,23.464
104.444,122.809,29.475,23.377
104.707,122.706,29.398,23.316
104.540,122.278,29.259,23.205
104.594,122.323,29.134,23.106
104.896,122.671,29.141,23.112
105.019,122.678,29.142,23.112
105.086,122.386,29.093,23.074
104.795,122.279,29.180,23.143
104.174,121.611,29.092,23.073
104.602,121.832,29.309,23.245
104.194,121.743,29.132,23.105
104.712,121.963,29.134,23.106
104.497,122.142,29.119,23.094
104.762,122.282,29.158,23.126
104.139,121.606,29.060,23.047
104.737,121.991,29.228,23.181
104.176,121.577,29.006,23.004
104.422,121.889,29.204,23.162
104.084,121.595,28.958,22.967
104.410,121.891,29.329,23.261
104.061,121.656,29.042,23.034
104.276,121.983,29.043,23.034
104.474,122.102,29.277,23.220
104.220,121.934,29.012,23.009
104.523,122.250,29.152,23.121
104.233,122.402,28.946,22.957
104.661,122.593,29.190,23.151
104.329,122.425,28.871,22.898
104.531,122.686,28.904,22.924
104.909,122.703,29.259,23.205
104.545,122.795,29.255,23.202
104.444,122.577,29.225,23.179
104.407,122.707,29.189,23.150
104.794,122.724,29.260,23.206
104.541,122.599,29.231,23.183
104.615,122.498,29.235,23.187
104.636,122.580,29.196,23.155
104.866,122.488,29.150,23.119
104.789,122.348,29.131,23.104
105.457,122.460,29.035,23.028
105.300,122.407,29.426,23.338
105.401,122.035,29.520,23.413
105.286,122.267,29.727,23.577
105.200,121.733,29.472,23.374
105.374,122.157,29.491,23.390
105.620,122.066,29.533,23.423
106.002,122.189,29.461,23.366
105.886,122.382,29.530,23.420
106.102,122.418,29.533,23.423
106.195,122.558,29.635,23.504
106.098,123.237,29.545,23.432
106.399,123.276,29.535,23.425
106.427,123.236,29.710,23.563
105.998,122.877,29.685,23.543
106.140,123.028,29.685,23.543
106.395,123.187,29.802,23.636
106.352,123.117,29.755,23.599
106.498,123.011,29.821,23.651
106.363,122.868,29.955,23.757
106.860,123.122,30.235,23.980
106.830,122.386,30.337,24.061
106.690,122.156,30.261,24.000
107.111,121.999,30.051,23.833
107.561,122.141,30.333,24.057
107.416,121.665,30.074,23.851
107.524,121.721,30.161,23.921
108.029,121.924,30.192,23.946
107.930,121.261,30.281,24.016
107.851,121.034,30.292,24.024
107.964,121.065,30.197,23.949
108.231,121.035,30.331,24.056
108.181,120.925,30.095,23.868
108.669,121.463,30.270,24.007
108.666,121.022,30.341,24.064
108.745,121.310,30.237,23.981
109.040,121.099,30.407,24.116
109.462,121.388,30.187,23.941
109.410,121.441,30.227,23.973
109.557,121.719,30.172,23.930
109.936,121.869,29.975,23.773
110.464,122.245,30.416,24.123
109.752,122.533,30.369,24.086
110.436,122.620,30.272,24.009
110.733,122.780,30.268,24.006
110.645,122.653,30.199,23.951
111.117,122.696,30.282,24.017
111.360,122.881,30.148,23.910
111.697,123.109,30.553,24.231
111.902,122.870,30.553,24.232
112.608,122.819,30.369,24.086
112.277,122.005,30.267,24.005
112.161,122.035,30.212,23.961
112.799,121.649,30.253,23.994
113.125,121.460,30.239,23.983
113.319,121.052,30.201,23.952
113.717,121.012,30.176,23.933
114.904,121.037,30.037,23.823
115.423,121.343,30.239,23.983
115.087,120.681,30.127,23.893
115.566,121.296,30.136,23.901
116.103,121.508,30.276,24.012
115.749,121.103,29.860,23.682
116.479,121.379,29.858,23.681
116.650,121.433,29.904,23.717
116.958,121.309,29.780,23.618
117.574,121.445,29.759,23.602
117.323,121.612,29.745,23.591
117.918,121.645,29.620,23.491
118.877,122.416,29.646,23.512
119.318,122.217,29.838,23.665
119.233,121.783,29.850,23.674
119.757,121.728,29.793,23.629
120.411,121.791,29.863,23.685
120.313,121.385,29.901,23.715
120.600,121.057,29.781,23.620
121.238,121.046,29.881,23.698
121.866,120.966,29.751,23.596
122.098,120.533,29.809,23.642
122.771,120.465,29.857,23.679
123.369,119.855,29.860,23.682
123.948,119.827,29.880,23.698
124.620,120.229,29.818,23.649
125.257,120.134,29.642,23.510
126.234,121.002,29.457,23.363
126.956,120.871,29.410,23.325
127.732,120.627,29.362,23.287
127.760,120.116,29.447,23.354
128.837,120.855,29.397,23.315
128.884,120.661,29.341,23.271
129.464,120.432,29.292,23.232
130.114,120.600,29.252,23.200
131.009,120.652,29.208,23.165
131.446,120.088,29.394,23.312
131.972,120.471,29.449,23.356
133.140,121.420,29.437,23.347
133.555,121.341,29.379,23.300
133.558,120.766,29.345,23.274
134.446,120.670,29.314,23.249
134.816,120.132,29.512,23.406
136.067,119.688,29.689,23.546
136.189,118.480,29.896,23.711
136.668,117.326,29.958,23.760
137.792,117.979,29.856,23.679
138.032,117.021,29.761,23.604
138.688,116.564,29.797,23.632
139.682,115.864,29.716,23.568
139.700,115.565,29.777,23.616
140.169,116.187,29.899,23.713
140.646,115.813,29.951,23.755
141.564,116.725,29.913,23.724
142.108,117.237,29.883,23.701
141.881,116.629,30.018,23.807
142.500,118.595,29.953,23.756
143.353,117.780,30.055,23.837
143.713,118.115,30.057,23.839
144.411,117.800,29.986,23.782
144.699,117.777,30.137,23.902
144.822,117.602,30.185,23.940
144.829,117.029,30.217,23.965
145.162,117.036,30.180,23.936
145.242,116.575,30.248,23.990
145.607,116.543,30.378,24.093
146.489,116.316,30.379,24.093
146.754,116.229,30.308,24.037
146.999,116.164,30.008,23.799
147.882,116.947,29.940,23.745
148.225,116.433,30.051,23.833
148.485,117.169,30.000,23.793
148.511,116.176,30.126,23.893
148.753,117.154,30.289,24.022
148.422,116.455,30.339,24.062
148.556,117.242,30.253,23.993
149.106,118.140,29.948,23.752
149.204,118.589,30.001,23.794
149.355,119.831,30.019,23.808
149.387,120.144,30.024,23.812
149.754,121.695,30.015,23.805
149.218,121.889,30.102,23.874
149.263,122.914,30.039,23.824
149.351,123.374,29.972,23.771
149.298,123.868,29.954,23.757
149.517,124.269,29.888,23.704
148.472,123.660,29.930,23.738
148.793,123.898,29.904,23.717
148.119,123.134,29.915,23.726
148.361,122.460,30.055,23.837
147.903,121.940,30.097,23.870
147.206,121.175,30.121,23.889
146.879,120.402,30.149,23.912
146.714,119.681,30.161,23.921
146.149,119.248,30.115,23.884
145.562,118.142,30.211,23.960
144.551,117.575,30.188,23.942
144.238,117.515,30.298,24.030
143.451,117.235,30.439,24.142
143.050,117.657,30.429,24.134
142.709,117.998,30.465,24.162
142.249,117.476,30.453,24.152
141.249,118.350,30.590,24.261
140.874,118.499,30.578,24.251
139.973,119.430,30.594,24.264
139.037,119.892,30.713,24.359
137.848,120.662,30.780,24.411
136.959,121.176,30.934,24.534
136.080,121.519,30.995,24.583
135.746,122.575,31.092,24.659
134.984,122.751,31.055,24.630
133.799,123.271,30.993,24.581
133.611,123.709,30.972,24.564
132.305,124.198,31.131,24.690
131.088,124.473,31.307,24.830
129.537,124.391,31.470,24.959
128.990,125.062,31.621,25.079
127.625,125.317,31.796,25.217
125.872,125.134,31.968,25.354
125.951,125.506,31.946,25.337
124.093,125.379,31.993,25.373
124.063,126.237,31.910,25.308
122.239,126.505,31.936,25.328
121.380,126.099,31.998,25.378
120.407,126.751,32.139,25.490
119.600,126.880,32.162,25.508
118.079,126.830,32.145,25.494
117.202,126.841,32.190,25.530
115.687,126.665,32.504,25.779
114.393,126.383,32.479,25.759
112.753,125.876,32.555,25.820
112.243,125.830,32.608,25.862
111.068,125.709,32.630,25.879
110.018,125.337,32.758,25.980
107.707,124.409,33.043,26.207
107.270,124.599,33.263,26.381
105.222,124.457,33.421,26.506
103.792,123.971,33.693,26.722
103.235,124.804,33.562,26.618
101.916,124.510,33.793,26.802
99.857,124.283,34.089,27.036
99.333,125.093,33.910,26.894
96.993,124.699,34.168,27.099
96.273,125.025,34.287,27.193
94.361,124.925,34.543,27.396
93.204,125.153,34.839,27.631
91.335,124.627,35.218,27.932
90.630,125.091,35.377,28.058
88.296,124.373,35.618,28.249
87.363,124.946,35.798,28.391
85.897,124.381,36.177,28.692
84.169,124.243,36.384,28.856
82.599,123.827,36.592,29.021
81.825,124.246,36.726,29.128
80.740,124.462,36.924,29.285
78.483,124.050,37.255,29.547
77.521,124.538,37.503,29.744
75.868,124.658,37.650,29.861
74.621,124.680,37.976,30.119
72.645,124.591,38.143,30.251
71.960,124.841,38.501,30.535
70.318,124.447,38.644,30.649
