123.000,87.000,132.000,176.000
122.951,86.013,132.261,176.348
123.419,85.736,132.680,176.907
124.113,86.175,132.347,176.463
124.556,86.016,132.756,177.008
125.269,85.955,133.183,177.578
126.525,86.025,132.903,177.204
127.829,86.448,133.186,177.581
128.738,85.642,133.408,177.877
129.930,85.890,133.798,178.397
131.057,85.677,134.080,178.773
132.268,85.539,133.508,178.011
133.424,85.047,133.770,178.360
135.213,84.545,134.302,179.069
136.383,83.793,134.421,179.228
137.811,84.078,134.236,178.981
139.578,83.964,134.632,179.509
140.734,84.188,134.586,179.449
141.479,83.105,135.392,180.523
142.175,82.587,135.491,180.654
142.418,82.013,135.579,180.772
141.653,81.202,135.833,181.111
141.597,81.587,136.182,181.577
140.410,81.111,136.477,181.969
137.403,80.103,136.109,181.478
135.126,80.151,136.098,181.465
132.994,79.726,136.137,181.516
132.126,79.630,136.523,182.030
130.327,79.009,136.616,182.155
130.533,79.450,136.437,181.916
129.847,79.026,136.559,182.079
130.268,79.774,136.598,182.131
130.249,79.646,137.822,183.763
131.150,79.456,138.821,185.095
132.172,79.600,138.772,185.029
134.383,80.385,138.815,185.086
135.108,80.611,138.202,184.270
136.882,80.560,139.124,185.499
137.072,80.939,139.186,185.582
137.225,81.180,138.890,185.186
137.684,80.375,139.245,185.660
138.119,80.512,139.644,186.191
138.600,80.326,139.576,186.101
140.335,80.641,139.381,185.841
140.116,80.203,139.051,185.401
142.071,80.380,139.788,186.384
142.084,79.807,140.079,186.772
142.741,79.540,139.887,186.516
144.579,79.597,140.229,186.972
144.879,79.258,140.601,187.469
145.115,78.573,140.662,187.549
147.316,78.159,141.100,188.133
148.366,78.085,141.298,188.398
148.824,77.376,141.167,188.223
149.958,77.819,141.020,188.027
150.060,77.296,141.068,188.091
151.096,77.437,140.995,187.993
150.444,76.902,140.900,187.867
150.965,76.700,141.093,188.124
151.789,77.120,140.866,187.821
150.850,76.661,140.954,187.938
150.397,76.589,140.906,187.875
149.483,76.496,141.037,188.049
148.970,76.825,141.449,188.599
148.796,77.412,140.986,187.981
147.049,76.886,141.030,188.040
146.720,76.949,140.647,187.529
146.108,77.180,141.056,188.075
146.099,77.248,140.808,187.744
145.716,77.305,140.896,187.861
144.928,76.622,140.688,187.585
145.915,76.502,140.756,187.675
146.048,76.368,140.625,187.501
146.272,75.850,140.490,187.320
146.969,75.546,140.641,187.522
147.361,75.991,140.474,187.298
149.190,75.211,140.370,187.159
149.528,76.125,140.544,187.392
150.871,75.290,140.177,186.902
150.884,75.423,140.571,187.428
151.748,76.549,140.507,187.342
152.417,76.612,139.939,186.585
154.567,77.533,140.151,186.868
155.152,78.195,140.490,187.320
156.441,78.515,140.394,187.192
156.668,79.197,140.707,187.609
156.881,80.070,141.201,188.268
157.623,81.151,140.746,187.662
158.475,81.695,140.771,187.695
159.409,81.520,140.766,187.688
160.654,81.566,140.676,187.568
160.851,81.219,141.154,188.205
161.074,81.598,141.110,188.146
162.126,82.058,140.819,187.759
161.951,82.835,141.397,188.529
162.453,82.830,140.965,187.953
162.303,82.912,141.263,188.351
162.094,82.975,141.210,188.280
161.844,83.113,141.272,188.362
161.319,82.371,141.274,188.366
161.496,81.991,141.072,188.096
161.005,82.104,141.120,188.160
161.332,81.869,141.103,188.138
161.276,81.876,140.981,187.975
160.409,81.438,140.911,187.881
160.095,80.934,140.949,187.932
160.433,80.347,141.064,188.085
159.820,80.754,140.970,187.959
159.329,80.182,141.006,188.008
159.224,80.242,140.555,187.406
159.854,79.756,140.452,187.269
159.179,79.733,140.679,187.571
160.472,79.305,140.878,187.838
161.098,79.055,140.497,187.329
162.022,79.232,140.111,186.815
163.804,79.008,140.324,187.098
166.620,79.134,140.149,186.865
168.439,78.161,139.778,186.371
170.915,77.798,139.251,185.668
174.108,77.790,138.655,184.873
177.230,76.955,138.800,185.067
180.719,76.012,138.121,184.161
184.772,75.368,137.235,182.980
188.448,74.852,136.653,182.204
192.091,73.892,136.932,182.576
195.861,72.184,136.842,182.457
199.916,71.466,135.798,181.065
203.797,70.851,135.703,180.937
207.005,69.290,135.284,180.379
211.174,68.370,134.689,179.585
215.533,67.759,134.312,179.082
218.868,66.675,133.825,178.433
223.201,66.021,133.771,178.362
227.093,65.222,133.574,178.099
231.247,64.594,133.427,177.903
236.627,65.168,133.068,177.424
240.934,65.178,132.964,177.285
244.963,66.189,132.442,176.590
248.823,66.403,131.949,175.932
252.853,67.335,131.355,175.140
257.442,68.190,131.435,175.247
261.182,68.570,131.472,175.296
264.996,68.853,131.346,175.127
268.479,70.122,130.860,174.480
272.935,71.586,130.161,173.547
277.594,72.623,129.563,172.751
282.131,73.373,129.245,172.326
287.974,74.892,129.182,172.243
293.501,76.212,128.990,171.987
298.318,76.940,128.915,171.887
304.953,78.190,128.377,171.169
308.983,78.028,128.557,171.409
316.658,78.165,128.320,171.093
323.126,77.279,128.175,170.900
328.485,77.300,128.049,170.732
335.009,77.131,128.255,171.007
341.621,76.557,127.956,170.608
349.135,75.518,128.168,170.890
355.787,75.289,128.019,170.692
362.244,74.053,128.239,170.985
367.291,73.491,128.201,170.934
372.306,72.816,128.546,171.395
379.229,72.622,128.472,171.296
383.602,72.240,128.429,171.239
387.872,71.720,128.548,171.397
393.150,71.394,128.442,171.255
396.803,71.126,128.527,171.369
399.268,70.936,128.550,171.400
401.987,71.759,128.507,171.343
405.344,72.322,128.363,171.151
406.583,73.381,128.325,171.100
409.044,74.302,128.392,171.189
411.294,76.690,128.106,170.809
412.630,78.402,128.433,171.244
413.208,80.414,128.407,171.209
414.644,81.810,128.647,171.530
413.725,82.053,128.554,171.405
414.410,83.843,128.437,171.250
414.420,83.955,128.370,171.159
412.911,84.463,128.281,171.041
411.236,84.852,128.254,171.005
409.970,85.042,128.313,171.084
406.659,85.614,128.354,171.138
404.674,85.435,128.345,171.126
402.862,85.756,128.178,170.904
401.034,85.908,128.166,170.888
399.743,85.610,128.269,171.026
397.810,85.169,128.148,170.864
396.969,84.999,128.133,170.844
395.782,84.956,128.018,170.690
394.268,85.348,128.119,170.825
392.406,85.214,128.305,171.074
389.908,84.956,128.420,171.227
389.547,85.257,128.572,171.430
387.743,86.454,128.504,171.339
387.329,86.581,128.610,171.480
386.927,86.321,128.713,171.618
386.917,87.148,128.783,171.710
386.794,88.484,128.924,171.899
386.909,89.655,129.414,172.552
385.289,90.844,129.847,173.129
383.840,92.784,130.244,173.659
381.715,96.464,130.153,173.537
379.654,100.499,130.384,173.845
374.956,105.024,129.909,173.212
372.165,109.111,129.077,172.102
371.407,111.540,128.827,171.770
365.664,116.707,131.194,174.926
366.163,120.732,130.500,174.000
361.631,124.554,131.646,175.528
358.946,127.378,132.722,176.962
358.918,128.033,132.335,176.446
359.407,132.112,131.050,174.734
358.432,134.166,130.795,174.393
358.444,135.255,130.686,174.248
357.836,136.439,130.226,173.634
354.957,138.693,129.326,172.434
355.974,141.872,128.415,171.219
354.310,143.442,128.528,171.370
354.177,144.871,128.059,170.746
353.843,146.619,128.023,170.697
353.170,148.358,127.805,170.407
352.352,149.558,127.022,169.363
352.044,151.071,126.913,169.217
352.677,153.684,126.520,168.693
352.926,156.271,126.212,168.283
353.259,157.662,126.149,168.198
353.196,159.457,126.147,168.196
353.379,161.547,125.632,167.509
354.381,163.786,125.614,167.486
354.687,165.362,125.660,167.547
355.227,166.894,125.571,167.428
354.715,168.099,125.576,167.434
355.021,168.527,125.703,167.604
354.651,169.102,125.547,167.396
354.641,169.423,125.685,167.581
354.423,169.534,125.785,167.714
353.705,169.290,125.897,167.863
353.013,169.631,126.036,168.048
352.827,170.411,125.851,167.801
352.043,170.145,125.995,167.993
351.955,170.879,126.209,168.279
349.914,170.579,126.419,168.558
349.478,171.072,126.379,168.505
348.005,170.426,126.739,168.985
346.854,169.379,127.176,169.568
346.167,168.278,127.364,169.818
344.849,165.965,127.873,170.497
343.462,163.894,128.001,170.668
343.714,163.519,127.731,170.308
343.078,162.150,128.269,171.026
341.796,160.246,128.353,171.137
341.336,158.960,128.340,171.121
340.497,158.055,128.497,171.330
339.100,156.467,129.244,172.325
337.249,155.614,129.336,172.448
335.491,154.870,130.057,173.410
333.051,153.842,130.769,174.359
330.414,152.901,131.105,174.807
327.268,152.607,131.921,175.895
324.163,152.849,132.853,177.137
320.168,152.604,133.742,178.322
316.610,153.693,135.111,180.148
312.644,154.127,135.969,181.292
307.725,154.433,137.145,182.861
303.508,155.722,138.645,184.860
300.195,156.923,139.564,186.086
296.184,158.079,140.757,187.677
292.540,159.215,141.371,188.494
288.652,159.419,142.324,189.765
285.798,160.721,142.937,190.583
281.452,159.987,143.620,191.493
279.058,160.517,143.325,191.100
274.014,158.944,143.872,191.829
269.807,158.097,143.924,191.899
265.998,157.003,144.031,192.042
260.432,155.155,144.383,192.511
254.861,153.551,144.775,193.033
249.373,151.679,145.097,193.462
243.378,149.194,145.257,193.676
238.935,148.196,145.594,194.125
234.324,145.729,146.129,194.839
230.512,143.482,146.382,195.176
226.406,140.402,147.412,196.550
221.923,137.263,147.869,197.159
218.240,134.103,148.619,198.159
214.081,130.861,149.299,199.065
211.700,127.968,149.970,199.960
206.867,124.172,150.759,201.012
203.958,120.871,151.280,201.707
201.011,117.955,152.405,203.207
198.022,115.170,152.794,203.726
195.525,112.847,153.458,204.611
194.434,110.817,154.002,205.336
191.912,108.214,154.528,206.037
190.249,106.438,155.195,206.927
188.366,104.588,155.542,207.390
186.110,102.980,156.445,208.593
184.159,102.530,157.083,209.444
182.716,102.417,157.817,210.422
181.050,101.931,158.160,210.881
178.950,101.271,158.048,210.731
176.730,100.534,158.054,210.739
174.729,100.484,157.917,210.556
173.415,100.910,158.248,210.997
171.329,100.709,157.788,210.384
168.976,99.909,157.440,209.920
167.058,99.453,157.048,209.398
165.010,98.681,156.475,208.633
163.300,97.916,155.233,206.977
162.037,97.165,154.384,205.846
160.891,96.479,153.670,204.894
159.487,95.237,153.196,204.262
158.744,94.561,151.908,202.544
157.638,93.885,151.617,202.156
156.695,93.569,150.583,200.777
155.930,93.141,150.545,200.727
154.992,92.413,149.990,199.986
153.262,90.332,150.013,200.017
151.068,89.905,149.456,199.274
149.716,89.116,149.536,199.381
148.068,88.060,149.882,199.842
147.582,87.360,149.519,199.358
147.291,86.820,149.523,199.364
146.886,86.036,149.316,199.088
146.468,86.431,149.264,199.018
145.806,85.682,148.828,198.437
145.661,83.988,148.337,197.782
145.066,82.012,147.875,197.167
144.332,80.375,147.348,196.463
144.533,80.655,146.717,195.623
143.748,79.738,145.680,194.240
143.648,80.165,145.478,193.970
142.951,80.418,144.483,192.644
143.269,81.791,143.552,191.402
143.160,83.005,143.023,190.698
142.060,84.508,142.205,189.607
141.202,86.306,142.222,189.629
140.928,87.254,141.925,189.234
141.457,89.203,141.766,189.022
140.898,89.775,141.620,188.826
142.017,90.814,141.119,188.158
142.820,91.387,141.206,188.274
143.449,91.756,141.479,188.639
145.377,93.096,141.115,188.153
146.355,93.707,140.771,187.694
147.635,94.023,141.375,188.500
149.180,94.278,141.197,188.263
151.519,95.167,142.093,189.457
153.007,95.596,142.624,190.165
155.084,96.110,142.765,190.353
158.176,96.829,142.822,190.429
160.253,97.360,142.872,190.495
162.494,97.766,143.069,190.759
163.171,97.672,143.110,190.813
165.028,99.663,143.162,190.883
165.626,100.391,143.801,191.734
165.909,100.535,144.112,192.149
165.829,101.643,144.942,193.256
165.784,101.621,145.508,194.011
165.470,102.729,145.505,194.006
164.768,102.608,145.670,194.226
165.128,101.556,145.459,193.945
164.029,100.220,145.651,194.201
163.280,100.590,146.055,194.740
162.098,101.016,146.093,194.791
161.837,99.571,145.484,193.979
162.574,98.829,144.057,192.076
162.635,98.248,143.922,191.895
162.399,97.846,143.968,191.957
162.298,96.817,143.559,191.411
161.660,95.908,143.152,190.870
162.765,95.085,141.800,189.067
163.117,93.489,140.642,187.523
164.487,92.810,139.631,186.174
165.488,91.810,138.687,184.916
167.556,91.167,138.136,184.181
168.878,90.348,137.166,182.888
170.788,89.906,136.221,181.628
172.857,90.152,135.785,181.047
175.910,90.602,135.355,180.474
180.420,90.126,135.351,180.468
183.953,90.503,135.506,180.674
188.150,91.471,135.875,181.166
191.364,92.184,136.560,182.080
193.273,92.515,137.337,183.116
193.059,94.005,137.241,182.988
194.655,94.581,137.365,183.154
195.650,95.420,137.226,182.969
194.356,95.141,137.152,182.869
196.037,95.128,137.948,183.931
195.785,96.136,137.643,183.524
196.058,96.289,137.587,183.450
196.788,96.745,137.713,183.618
196.349,97.172,137.287,183.049
196.922,97.077,137.199,182.932
196.502,97.700,137.100,182.800
196.653,98.214,137.767,183.690
196.171,98.380,137.079,182.773
196.792,98.698,137.409,183.212
195.892,99.033,137.630,183.506
194.583,99.250,137.440,183.253
194.870,99.537,137.587,183.450
193.941,99.144,137.298,183.063
193.822,98.961,136.754,182.339
193.526,98.472,137.408,183.211
193.853,99.132,137.252,183.003
193.513,98.903,136.616,182.154
193.797,99.096,136.851,182.468
193.463,98.119,136.727,182.303
194.182,98.609,136.445,181.927
194.118,98.133,136.349,181.799
193.951,98.006,135.965,181.287
194.514,97.843,135.674,180.899
194.272,97.762,135.243,180.324
194.863,97.635,135.057,180.076
195.611,97.775,135.037,180.049
195.935,97.169,135.050,180.066
196.057,96.998,134.743,179.657
195.765,96.245,134.839,179.785
195.806,96.270,134.861,179.815
195.695,96.168,134.896,179.862
195.635,96.710,134.651,179.535
195.667,97.168,134.980,179.973
195.528,97.203,135.157,180.210
195.353,97.213,134.723,179.631
195.521,97.167,134.486,179.314
195.155,97.454,134.483,179.310
195.025,97.756,134.111,178.815
195.877,98.998,133.760,178.346
195.985,99.556,133.705,178.274
196.224,100.614,133.263,177.684
196.078,100.072,133.362,177.817
196.562,100.573,133.260,177.681
196.251,100.271,133.201,177.602
196.470,100.813,133.157,177.543
196.877,100.548,133.299,177.733
197.185,101.608,133.215,177.620
196.494,101.159,133.353,177.804
196.815,102.516,133.118,177.491
196.682,102.122,133.084,177.445
196.755,102.540,132.832,177.109
196.750,102.450,132.687,176.916
196.921,102.430,132.799,177.065
196.892,102.414,132.965,177.286
197.300,103.386,133.059,177.411
197.459,103.994,133.030,177.373
197.272,104.159,133.132,177.510
197.317,103.549,133.202,177.602
197.391,103.925,132.898,177.197
198.139,104.232,132.867,177.157
198.401,104.148,132.847,177.129
198.026,103.806,132.766,177.022
197.991,104.221,132.637,176.849
198.578,104.876,132.956,177.275
198.273,105.262,133.115,177.487
197.873,104.921,133.043,177.391
198.269,105.353,133.063,177.417
198.054,105.725,132.934,177.246
197.779,105.690,133.207,177.609
197.585,105.875,133.077,177.436
197.534,106.026,132.841,177.121
197.895,106.118,132.933,177.244
198.946,106.738,133.141,177.522
198.326,105.809,133.501,178.001
198.446,106.182,133.652,178.203
198.544,106.443,133.517,178.022
198.543,106.282,133.730,178.307
198.739,106.357,134.573,179.431
199.587,106.662,134.417,179.223
199.292,105.807,134.668,179.557
199.820,106.481,134.932,179.909
200.295,106.590,135.086,180.115
200.965,107.346,134.988,179.984
202.108,107.893,135.002,180.003
203.294,108.019,135.121,180.162
203.836,108.017,134.980,179.973
204.816,108.656,134.970,179.960
205.339,108.895,135.005,180.006
205.572,108.821,135.006,180.009
205.868,108.646,135.098,180.131
206.294,108.598,135.051,180.068
207.387,108.409,135.249,180.332
208.431,107.558,135.347,180.462
209.138,108.464,135.154,180.205
210.836,108.618,134.963,179.951
213.403,108.497,135.025,180.033
215.070,109.141,135.037,180.050
217.455,109.506,135.086,180.114
219.747,109.905,135.044,180.059
222.565,110.250,135.062,180.083
225.319,110.490,134.975,179.966
227.912,110.783,134.990,179.987
230.122,110.819,134.875,179.833
231.523,110.512,134.907,179.876
234.181,110.190,135.010,180.013
236.540,110.970,134.755,179.673
237.918,110.660,134.834,179.779
240.170,110.567,134.823,179.764
241.880,110.825,134.716,179.621
242.711,111.129,135.013,180.018
244.501,111.407,135.172,180.229
245.650,111.337,135.177,180.236
247.546,111.452,134.971,179.961
249.407,111.715,135.240,180.320
250.786,111.342,134.972,179.963
253.054,111.138,135.187,180.250
253.955,111.048,135.121,180.162
255.964,110.883,135.062,180.083
257.734,110.855,135.267,180.356
258.586,110.448,135.312,180.416
260.372,109.520,135.437,180.582
262.543,108.576,135.597,180.797
263.627,107.242,135.733,180.978
267.128,106.430,135.779,181.039
268.690,105.548,135.952,181.269
269.804,104.243,135.925,181.233
271.648,103.861,136.231,181.642
273.804,103.396,136.357,181.809
274.917,102.497,136.284,181.712
277.125,101.910,136.534,182.046
278.870,101.293,136.243,181.658
280.994,100.152,136.841,182.455
282.706,98.947,136.993,182.657
285.647,98.255,137.065,182.753
287.609,97.229,137.328,183.104
290.068,95.781,137.193,182.924
292.751,93.975,137.310,183.080
295.062,92.806,137.551,183.401
297.935,91.347,138.460,184.613
299.528,89.424,139.075,185.433
302.212,88.539,139.864,186.485
304.254,87.055,140.980,187.974
305.919,85.221,141.510,188.680
308.189,84.425,143.067,190.757
309.651,82.417,144.704,192.938
310.037,81.127,146.257,195.009
311.227,80.115,147.703,196.938
312.082,79.153,149.426,199.235
312.085,77.308,150.928,201.237
311.804,76.306,152.827,203.770
311.450,75.420,153.694,204.925
310.221,74.749,155.783,207.711
309.169,75.206,157.595,210.126
306.626,75.295,158.812,211.749
303.135,76.240,160.262,213.683
300.481,78.350,160.869,214.492
296.923,80.486,161.713,215.617
293.688,83.435,162.280,216.373
290.785,86.910,163.043,217.391
286.864,87.639,163.633,218.178
283.538,88.085,164.848,219.797
280.269,88.105,165.396,220.527
275.950,88.820,165.589,220.785
272.243,91.802,165.233,220.311
267.562,94.155,165.736,220.981
263.149,96.744,166.507,222.009
259.022,100.196,166.233,221.644
255.425,102.238,166.771,222.362
254.284,105.739,167.258,223.011
251.308,107.811,168.411,224.548
248.299,108.569,169.406,225.874
245.396,108.245,170.497,227.329
242.074,106.259,170.791,227.721
237.480,101.818,172.002,229.336
233.130,95.332,173.043,230.724
230.154,86.358,173.317,231.089
226.995,77.184,173.380,231.173
224.831,64.116,172.986,230.648
223.007,50.335,172.511,230.014
222.152,36.404,171.998,229.331
220.529,23.799,170.653,227.537
218.922,10.270,169.723,226.297
218.608,0.443,168.199,224.266
218.180,-8.146,166.732,222.309
214.179,-14.552,166.096,221.462
214.377,-17.932,165.160,220.213
214.403,-19.859,164.023,218.697
212.624,-21.886,162.315,216.420
210.334,-20.316,160.062,213.416
209.310,-17.686,157.640,210.187
208.871,-13.972,156.826,209.101
208.160,-9.316,155.393,207.191
207.709,-4.726,154.094,205.459
206.800,0.370,152.166,202.888
205.591,5.660,150.378,200.504
203.707,8.671,149.497,199.330
202.813,11.301,147.575,196.766
202.625,14.345,146.676,195.569
201.283,15.576,145.327,193.770
201.228,16.872,144.440,192.587
200.142,19.193,144.252,192.336
197.985,20.374,142.814,190.419
197.724,22.013,142.045,189.394
195.846,22.836,141.502,188.670
194.460,23.343,140.850,187.800
192.427,23.950,140.569,187.425
189.257,23.800,140.153,186.871
186.947,24.774,139.853,186.471
184.488,26.685,139.686,186.248
180.932,28.160,139.336,185.781
178.429,31.353,138.975,185.300
175.187,33.474,139.135,185.513
173.138,36.403,139.553,186.071
171.207,39.027,139.976,186.635
169.043,42.008,140.180,186.906
166.993,42.565,140.365,187.154
166.782,44.348,140.580,187.441
165.321,45.008,140.342,187.122
164.579,46.106,140.983,187.977
164.037,47.294,140.941,187.921
163.814,49.890,141.307,188.409
163.381,53.870,141.231,188.308
162.795,58.000,141.550,188.733
160.588,61.776,142.118,189.491
158.430,64.821,141.997,189.330
157.601,68.352,142.447,189.929
155.920,72.230,142.307,189.743
154.720,75.604,142.312,189.750
153.370,79.111,142.372,189.830
152.211,81.441,142.419,189.891
151.685,84.118,142.034,189.378
152.235,85.275,142.018,189.357
154.381,87.004,141.170,188.227
156.191,87.539,141.231,188.308
159.085,88.698,141.129,188.172
162.540,89.994,141.047,188.063
166.029,91.477,140.598,187.464
168.128,93.223,139.769,186.358
171.245,95.393,138.709,184.945
174.543,97.970,138.683,184.911
177.594,100.180,138.025,184.034
179.917,102.162,137.130,182.840
180.424,102.963,137.229,182.972
178.813,99.219,136.534,182.045
178.274,97.206,135.282,180.376
177.400,97.014,134.736,179.648
176.509,93.729,134.443,179.258
176.531,89.188,133.961,178.614
176.712,86.147,133.198,177.598
175.164,83.139,132.621,176.827
174.060,80.531,132.488,176.651
171.182,78.346,133.042,177.389
168.920,77.804,132.619,176.825
167.029,78.138,132.592,176.789
164.565,78.272,132.703,176.937
161.965,78.022,132.997,177.330
160.857,78.506,133.461,177.948
159.242,79.615,133.920,178.560
157.613,79.896,134.336,179.114
158.240,81.741,134.080,178.773
159.088,82.668,134.620,179.493
161.954,84.483,134.659,179.545
165.564,84.641,134.990,179.987
170.098,85.514,134.237,178.983
175.093,84.768,134.214,178.952
179.239,84.811,134.439,179.252
182.416,83.461,134.595,179.460
184.958,83.341,135.158,180.211
185.307,82.090,135.946,181.262
186.184,81.476,136.147,181.530
186.530,80.470,136.697,182.262
186.087,77.927,137.459,183.279
186.499,76.369,137.631,183.509
183.751,72.939,139.136,185.515
181.115,69.926,140.608,187.477
178.296,67.486,141.449,188.599
177.358,66.424,142.481,189.974
174.823,66.096,142.470,189.960
173.135,66.333,143.460,191.280
170.710,67.082,143.973,191.964
169.660,68.539,144.760,193.013
167.728,69.594,144.766,193.022
166.482,69.715,145.334,193.779
165.124,67.944,146.716,195.622
166.540,67.019,147.808,197.077
168.626,65.445,149.268,199.023
172.702,63.318,150.929,201.238
177.025,62.409,151.467,201.956
180.678,59.434,152.737,203.650
186.247,56.992,154.008,205.344
190.885,54.877,155.732,207.642
195.054,53.155,156.917,209.223
199.122,52.365,158.042,210.723
203.183,53.558,159.019,212.026
205.034,54.698,159.997,213.329
204.935,54.702,160.929,214.572
203.060,55.606,161.358,215.144
200.397,54.887,160.856,214.474
196.450,52.457,160.735,214.314
192.735,49.924,160.315,213.754
186.564,48.313,159.390,212.520
179.942,46.255,158.739,211.652
176.272,45.826,158.679,211.572
171.496,45.461,159.692,212.923
167.379,44.934,161.699,215.598
164.501,48.508,162.028,216.037
161.542,51.558,162.536,216.714
156.309,51.595,165.393,220.525
155.257,53.513,166.454,221.939
157.050,55.589,165.911,221.215
157.569,56.211,166.440,221.921
158.697,58.006,166.421,221.895
160.990,60.229,164.707,219.609
161.637,60.215,165.726,220.968
164.110,63.073,165.527,220.703
169.624,64.309,166.255,221.673
177.707,66.222,166.712,222.282
188.144,67.718,167.252,223.003
199.536,69.316,167.045,222.727
208.642,69.656,167.084,222.779
216.995,69.857,168.022,224.029
228.779,71.525,166.187,221.583
234.513,69.685,166.819,222.425
242.421,67.966,167.095,222.793
246.686,65.859,166.797,222.396
251.105,63.451,166.573,222.097
253.812,58.742,166.574,222.098
254.912,55.330,166.594,222.125
256.480,51.885,166.897,222.529
256.452,51.099,167.475,223.300
255.593,52.100,166.247,221.662
256.117,54.201,165.699,220.932
256.969,60.154,164.205,218.940
255.262,64.851,163.724,218.299
254.283,69.926,163.506,218.008
252.945,75.568,162.262,216.349
250.695,81.353,161.565,215.420
248.176,85.873,161.087,214.782
244.086,89.014,160.503,214.004
242.069,92.046,160.497,213.997
241.665,95.453,159.506,212.675
239.801,97.874,160.141,213.522
237.679,99.411,160.472,213.963
239.850,100.977,160.617,214.156
242.971,102.759,159.994,213.326
247.639,103.701,159.715,212.954
253.117,104.487,160.152,213.536
260.656,105.918,160.746,214.329
273.094,107.674,160.816,214.422
283.206,109.310,161.308,215.077
294.932,110.184,161.819,215.759
307.952,112.236,161.188,214.918
320.624,113.773,161.146,214.861
332.566,115.493,160.932,214.576
345.129,119.336,160.306,213.742
356.170,121.684,160.071,213.428
341.067,130.665,161.296,215.061
355.888,129.984,162.024,216.032
371.570,130.804,160.794,214.392
386.654,131.968,160.426,213.902
350.559,135.202,160.569,214.092
361.413,143.317,161.029,214.706
363.960,144.552,159.667,212.889
369.998,147.066,158.766,211.688
370.624,143.569,160.074,213.432
371.653,142.510,159.851,213.135
376.729,148.031,160.243,213.657
383.030,155.954,160.170,213.561
384.135,152.062,160.402,213.869
386.047,155.009,160.424,213.898
389.116,155.330,160.655,214.206
389.943,156.545,160.539,214.052
388.900,155.526,160.407,213.875
387.799,156.509,160.334,213.779
387.055,157.106,159.846,213.128
386.489,155.585,159.938,213.250
386.583,160.280,159.865,213.154
386.653,159.914,159.381,212.509
386.287,159.716,159.426,212.568
389.864,163.520,160.032,213.376
374.238,152.785,159.516,212.688
379.178,163.012,158.061,210.748
385.535,163.056,158.985,211.980
381.355,162.965,157.480,209.974
383.809,165.782,157.173,209.564
379.778,166.557,156.366,208.488
377.567,167.117,154.139,205.519
379.393,167.857,152.736,203.648
376.389,167.624,151.458,201.944
376.330,167.423,150.540,200.720
377.655,168.001,149.572,199.430
375.245,168.210,149.531,199.375
374.703,168.468,149.092,198.789
374.617,168.992,148.820,198.426
373.966,170.258,148.788,198.384
373.836,169.966,149.214,198.952
374.539,169.953,148.756,198.341
372.741,171.153,148.561,198.081
372.247,171.451,148.034,197.378
371.766,173.636,147.647,196.862
371.782,173.862,146.520,195.360
369.838,174.409,145.703,194.270
368.202,175.026,146.237,194.982
366.383,175.292,145.856,194.475
365.628,175.889,144.147,192.196
363.432,175.002,144.124,192.166
362.807,175.460,142.792,190.390
358.143,175.300,142.479,189.972
355.045,175.667,142.636,190.182
351.108,175.674,143.408,191.210
349.418,175.494,143.112,190.816
348.757,175.391,142.975,190.633
344.480,174.937,143.324,191.098
341.984,174.473,143.343,191.124
337.322,172.990,142.610,190.147
339.552,172.722,143.315,191.087
336.254,172.601,142.845,190.460
336.664,171.686,143.319,191.092
333.745,171.581,143.087,190.783
334.112,170.916,142.879,190.506
333.751,170.911,142.079,189.438
332.781,170.793,141.989,189.319
332.873,171.807,141.895,189.194
332.433,171.981,142.883,190.511
331.265,170.841,142.962,190.616
331.610,171.461,142.584,190.112
330.090,171.460,142.575,190.100
329.883,171.733,142.571,190.094
328.836,171.928,142.973,190.630
328.588,171.765,142.667,190.223
328.724,172.815,142.849,190.465
329.454,174.065,143.474,191.298
326.822,173.698,142.993,190.657
325.636,174.442,143.284,191.046
324.734,173.832,143.428,191.238
322.985,173.770,143.104,190.805
322.735,173.378,143.666,191.555
320.902,172.236,143.221,190.962
318.385,171.798,142.678,190.237
315.372,170.856,142.685,190.247
310.597,168.789,142.533,190.044
305.574,167.024,142.418,189.891
300.866,165.439,142.560,190.080
294.425,164.525,142.598,190.131
287.245,164.479,143.123,190.831
281.967,165.125,143.228,190.971
274.666,165.142,144.125,192.167
269.213,165.650,143.982,191.976
264.241,166.179,144.137,192.183
258.799,166.209,144.112,192.150
255.207,166.841,143.984,191.978
251.759,166.322,144.232,192.310
248.183,164.941,144.174,192.231
246.563,164.220,144.012,192.016
244.545,164.373,144.448,192.597
243.835,163.463,144.836,193.115
243.443,162.102,144.977,193.303
242.002,160.507,145.307,193.743
242.670,160.503,145.959,194.613
241.814,159.461,146.835,195.780
241.890,158.114,147.945,197.260
241.181,155.900,148.379,197.839
240.448,152.393,149.065,198.753
240.864,148.387,149.695,199.593
241.005,144.884,150.831,201.108
239.716,141.381,151.196,201.595
238.364,138.070,151.596,202.128
235.794,134.406,152.437,203.249
232.957,133.334,153.137,204.183
227.965,130.476,154.859,206.479
223.743,128.374,155.895,207.860
220.550,126.497,155.823,207.764
216.301,122.373,156.868,209.157
211.324,118.259,157.670,210.227
207.761,116.176,157.623,210.164
203.430,112.427,158.561,211.415
199.047,111.539,158.882,211.843
194.410,110.163,160.124,213.499
191.522,109.570,161.096,214.794
188.490,111.085,161.591,215.455
185.224,111.024,163.069,217.425
181.644,111.721,164.925,219.900
179.413,112.700,165.862,221.149
175.079,110.251,168.052,224.069
171.693,109.046,169.783,226.377
168.581,108.045,171.372,228.496
164.841,105.987,172.525,230.033
161.634,104.669,173.385,231.180
157.859,100.916,175.452,233.936
153.006,98.761,177.332,236.442
147.310,92.752,180.161,240.214
144.129,88.653,182.069,242.758
139.443,86.027,183.804,245.072
136.943,82.100,184.737,246.317
136.926,80.609,184.478,245.971
139.829,79.297,183.937,245.250
141.823,76.896,184.024,245.365
144.885,74.853,184.884,246.512
150.938,73.894,185.374,247.165
156.471,72.760,185.885,247.847
167.306,72.573,185.579,247.439
176.770,71.909,186.737,248.982
186.841,70.062,188.036,250.714
198.886,66.609,189.848,253.131
209.499,61.461,189.758,253.011
217.605,58.074,190.101,253.469
223.528,53.740,190.291,253.721
225.668,51.514,190.153,253.538
227.664,49.507,190.465,253.953
227.428,48.548,190.231,253.642
225.343,47.030,190.719,254.292
222.312,44.992,191.291,255.055
217.600,44.067,192.254,256.338
212.076,42.444,194.182,258.909
206.208,40.063,195.626,260.834
198.144,38.652,196.951,262.602
190.545,37.185,199.304,265.738
186.888,36.543,200.813,267.751
183.973,37.560,201.379,268.505
187.533,38.052,200.531,267.375
184.057,40.623,201.134,268.179
183.923,40.231,202.153,269.538
155.559,46.351,203.762,271.682
150.155,46.079,205.576,274.101
159.156,47.905,207.325,276.433
155.166,49.081,208.120,277.494
158.624,52.050,210.207,280.276
154.790,52.180,212.947,283.929
155.003,54.340,214.993,286.657
153.487,52.750,216.229,288.306
151.790,49.087,217.455,289.941
148.694,42.384,219.306,292.407
149.731,40.902,220.948,294.598
145.290,39.464,221.868,295.824
150.298,40.756,223.302,297.736
147.151,41.056,222.889,297.185
150.923,44.657,224.248,298.997
148.136,42.015,224.009,298.679
145.741,40.405,222.982,297.310
147.002,39.808,222.008,296.011
153.519,41.593,221.775,295.699
152.839,44.286,219.854,293.138
158.610,46.190,218.595,291.460
161.546,49.771,217.475,289.967
166.213,50.290,215.927,287.903
175.348,55.568,215.736,287.648
185.183,58.640,215.960,287.947
190.110,61.545,216.204,288.272
207.339,66.602,215.825,287.767
219.208,74.769,216.506,288.675
232.049,77.148,216.749,288.999
242.050,79.216,216.125,288.166
259.355,89.143,215.028,286.703
283.866,98.878,213.656,284.875
287.701,97.318,213.635,284.846
306.033,107.248,211.476,281.968
337.533,115.303,213.170,284.226
355.779,119.877,213.568,284.757
366.428,120.345,214.287,285.716
374.648,126.873,214.043,285.391
375.929,128.089,213.859,285.146
383.266,132.452,213.163,284.218
385.168,140.281,212.771,283.695
387.129,141.039,212.360,283.147
389.359,145.304,211.861,282.481
395.675,151.090,211.407,281.876
398.441,155.180,212.229,282.972
399.300,160.043,212.846,283.795
394.873,166.218,212.494,283.325
396.479,171.826,213.400,284.534
393.728,177.846,213.384,284.512
388.433,183.251,213.291,284.388
386.482,188.850,213.902,285.203
376.656,196.772,213.991,285.321
369.987,202.955,213.095,284.127
363.748,210.736,211.613,282.150
356.834,218.818,212.013,282.683
348.689,228.313,211.674,282.231
341.739,237.335,211.885,282.513
335.266,245.845,212.619,283.492
329.316,251.886,212.219,282.958
324.371,261.669,210.199,280.266
317.120,266.069,208.419,277.892
315.329,278.037,206.509,275.345
313.188,286.481,203.547,271.396
314.368,291.278,202.057,269.409
314.226,296.403,200.882,267.842
313.793,302.013,198.702,264.936
318.380,304.789,197.985,263.980
320.104,305.799,196.027,261.370
321.353,307.395,195.169,260.225
324.609,304.849,193.341,257.788
329.832,306.976,191.375,255.167
332.954,303.718,189.948,253.263
337.506,301.061,187.252,249.669
340.863,297.194,186.085,248.113
344.460,290.673,184.379,245.838
348.253,283.386,182.922,243.897
350.922,274.800,180.442,240.589
355.818,269.063,178.935,238.580
358.193,261.415,176.126,234.835
357.516,258.170,174.078,232.104
362.465,254.659,171.720,228.960
363.289,250.967,168.501,224.669
365.219,247.937,165.250,220.333
367.926,247.151,162.562,216.749
366.481,248.077,160.004,213.339
368.481,246.409,158.106,210.809
366.872,247.226,156.492,208.656
366.410,248.327,155.470,207.293
365.474,247.522,154.560,206.080
368.742,249.533,153.203,204.271
368.523,248.052,151.097,201.463
370.371,247.687,149.547,199.396
371.444,249.455,148.294,197.725
371.830,248.630,146.904,195.872
373.421,250.109,145.786,194.381
374.099,250.069,144.252,192.336
375.671,248.325,143.529,191.371
375.104,247.197,142.002,189.336
375.992,245.444,141.003,188.005
375.272,242.533,140.538,187.383
374.277,240.179,139.838,186.450
373.973,238.629,139.554,186.072
373.090,236.702,139.182,185.576
371.108,234.993,139.518,186.024
366.584,235.833,140.271,187.028
364.141,233.467,140.137,186.849
362.021,231.119,139.877,186.503
359.338,230.870,139.639,186.186
354.883,229.048,139.417,185.890
352.261,228.316,139.883,186.511
349.864,227.124,139.713,186.284
346.409,225.209,139.670,186.226
345.510,223.897,139.059,185.412
343.349,222.700,138.838,185.117
341.115,220.887,139.149,185.532
339.553,219.281,139.302,185.737
338.523,217.825,138.978,185.305
337.253,216.406,138.859,185.145
335.830,215.095,139.049,185.398
336.389,214.152,138.832,185.109
334.534,211.635,139.626,186.168
335.739,210.317,139.701,186.268
337.079,209.665,139.496,185.995
338.412,208.445,139.449,185.932
339.561,207.473,139.002,185.337
340.737,206.221,138.862,185.150
340.829,203.984,138.688,184.917
341.814,202.258,138.675,184.900
342.692,200.088,138.659,184.879
342.032,197.938,139.640,186.186
342.595,196.171,139.408,185.877
343.547,194.528,139.008,185.344
342.567,192.533,139.358,185.810
341.740,189.686,139.836,186.448
340.522,188.187,139.618,186.157
338.703,185.359,139.944,186.592
338.410,184.661,139.512,186.017
335.656,182.528,139.516,186.022
334.108,181.113,139.399,185.866
332.526,178.997,139.515,186.020
332.064,178.160,139.273,185.698
329.744,175.849,139.409,185.879
328.940,175.810,138.819,185.092
326.819,173.824,139.186,185.581
326.840,171.315,139.142,185.523
326.022,169.620,139.178,185.571
325.144,167.189,139.355,185.807
323.866,165.582,139.309,185.745
322.488,163.380,139.528,186.038
320.924,162.081,140.005,186.674
320.611,161.196,139.618,186.157
318.479,158.873,139.998,186.664
317.657,158.455,140.237,186.983
315.789,157.322,140.023,186.697
313.494,155.615,140.296,187.062
312.231,154.786,140.282,187.043
308.891,153.778,140.369,187.158
306.077,153.027,140.412,187.216
303.697,153.887,139.313,185.751
298.393,150.256,141.163,188.218
295.677,151.721,140.825,187.766
292.165,151.622,141.125,188.167
289.066,151.550,141.083,188.110
285.839,150.756,141.435,188.580
281.890,150.404,141.428,188.571
279.270,151.056,141.485,188.647
276.946,150.744,140.974,187.965
273.233,149.056,140.921,187.895
270.471,147.678,141.021,188.027
267.509,146.044,140.887,187.849
265.525,144.990,140.385,187.180
262.540,145.071,139.885,186.514
258.370,143.610,140.275,187.034
255.270,142.830,140.268,187.024
252.427,142.035,140.113,186.818
248.422,141.110,139.104,185.472
245.129,141.975,139.617,186.156
241.450,141.990,139.226,185.634
237.987,142.991,139.779,186.372
235.221,143.028,139.963,186.617
232.404,144.273,140.245,186.993
228.624,143.116,140.867,187.823
223.850,142.895,140.644,187.526
222.816,143.339,140.235,186.980
218.893,143.355,140.058,186.744
215.336,141.188,139.519,186.025
213.946,142.386,138.721,184.962
210.929,140.835,138.594,184.791
208.706,139.578,138.915,185.220
206.171,139.069,138.940,185.254
204.812,138.115,139.329,185.772
203.304,137.209,139.245,185.660
200.966,136.155,139.283,185.710
199.471,136.689,139.413,185.884
198.912,136.902,139.344,185.792
196.036,135.728,139.104,185.472
196.486,135.351,138.839,185.118
194.411,134.672,139.433,185.911
194.322,135.105,139.337,185.782
194.136,134.200,138.256,184.342
196.923,134.573,138.093,184.124
196.679,133.704,138.777,185.036
199.581,132.730,139.132,185.509
200.570,132.962,140.415,187.220
203.082,132.336,141.698,188.931
204.709,130.911,142.844,190.459
207.992,132.483,143.256,191.008
210.724,132.042,143.915,191.886
213.302,131.907,145.075,193.433
215.041,129.766,146.590,195.453
218.068,129.914,147.097,196.130
219.533,129.457,147.656,196.874
221.408,128.833,149.513,199.350
221.088,128.786,150.077,200.102
221.411,128.559,151.155,201.540
220.991,127.716,151.742,202.323
221.435,127.017,153.254,204.338
220.416,125.636,154.196,205.595
219.530,124.762,155.550,207.400
219.309,123.569,156.273,208.364
217.034,123.210,157.088,209.450
213.654,120.988,159.012,212.016
212.438,117.167,159.787,213.050
208.139,112.949,160.752,214.335
206.030,108.034,162.090,216.119
203.008,100.925,163.529,218.039
200.029,95.642,164.471,219.294
194.930,90.880,165.215,220.287
192.273,89.567,165.542,220.722
189.193,87.376,165.079,220.105
183.381,90.368,165.766,221.022
179.786,92.427,166.646,222.195
