118.000,57.000,82.000,98.000
117.846,55.979,81.960,97.953
117.938,55.599,81.794,97.754
118.373,55.578,81.413,97.298
118.312,55.507,81.188,97.029
118.020,55.001,81.163,97.000
118.471,54.457,81.614,97.539
119.261,54.076,81.553,97.466
120.459,54.338,81.001,96.806
121.809,55.545,79.679,95.226
122.683,56.145,78.860,94.247
121.622,54.977,80.024,95.638
122.018,55.060,80.194,95.841
121.173,54.396,80.153,95.793
120.683,53.986,80.536,96.251
120.519,54.079,80.906,96.692
120.117,53.803,80.845,96.619
118.936,53.279,81.478,97.376
117.643,52.102,81.784,97.741
118.365,52.178,81.001,96.806
118.231,51.912,80.680,96.422
116.936,51.307,81.198,97.041
116.210,51.310,81.152,96.987
115.701,52.031,80.539,96.254
115.661,53.073,80.001,95.611
114.998,53.877,79.880,95.466
114.082,53.828,80.044,95.663
114.580,54.877,79.553,95.076
114.173,55.356,79.407,94.901
113.015,55.637,79.603,95.135
113.439,56.788,79.100,94.534
112.969,56.664,78.962,94.369
111.146,56.340,78.930,94.331
110.207,56.250,79.019,94.438
109.245,55.647,79.050,94.475
107.778,55.214,79.306,94.780
106.445,55.364,79.473,94.979
105.854,55.318,79.686,95.235
106.316,56.161,79.938,95.536
106.540,56.638,79.846,95.426
106.086,56.385,80.102,95.732
106.469,56.928,80.138,95.774
105.516,57.712,79.329,94.807
103.869,56.932,80.011,95.623
103.043,57.042,80.144,95.782
102.520,56.785,80.274,95.938
100.870,56.109,80.386,96.071
100.490,56.187,80.230,95.885
99.606,55.270,80.414,96.105
99.864,55.641,80.459,96.158
100.341,55.583,80.512,96.222
102.352,55.427,80.353,96.031
103.187,54.424,80.272,95.934
103.859,54.256,79.914,95.507
104.173,54.666,79.955,95.555
104.825,54.881,80.094,95.722
105.434,54.868,79.820,95.395
105.147,53.641,79.793,95.363
104.890,52.676,79.658,95.201
105.562,52.140,79.651,95.193
106.042,52.149,79.648,95.189
107.461,52.632,79.859,95.442
109.557,52.525,79.693,95.243
113.612,52.516,79.436,94.935
116.493,51.077,79.565,95.089
119.691,50.573,79.413,94.908
121.039,49.289,79.395,94.887
122.687,48.256,78.789,94.163
123.921,47.606,78.784,94.156
125.174,47.595,78.569,93.899
125.918,47.599,78.486,93.800
127.405,48.365,78.730,94.092
129.138,49.912,78.469,93.780
128.938,50.243,78.597,93.933
128.800,50.651,79.211,94.667
129.362,52.228,78.808,94.185
129.208,52.845,78.889,94.283
128.015,52.875,78.955,94.361
127.252,53.392,78.775,94.145
127.132,53.892,78.949,94.354
126.057,53.697,78.859,94.246
125.042,53.895,78.912,94.309
124.652,53.967,78.455,93.763
124.352,54.359,78.349,93.637
124.277,55.358,78.447,93.754
123.471,54.887,78.294,93.570
123.288,55.043,78.377,93.669
122.810,54.639,78.577,93.910
122.137,54.446,78.596,93.931
121.981,54.732,78.229,93.493
122.264,55.832,78.060,93.291
121.376,55.655,77.861,93.053
121.888,56.109,77.602,92.744
121.638,55.021,77.782,92.959
122.235,54.967,77.738,92.906
121.690,54.179,77.559,92.692
121.376,54.234,77.200,92.263
121.247,53.890,77.085,92.126
121.545,54.419,76.931,91.942
121.554,55.008,76.663,91.622
121.467,54.942,76.533,91.466
121.757,54.767,76.299,91.186
121.835,53.936,76.249,91.127
122.738,54.045,76.144,91.002
123.331,54.053,76.341,91.237
124.094,53.637,76.440,91.355
125.234,53.289,76.697,91.662
126.004,53.190,76.909,91.916
126.245,53.311,77.086,92.127
126.825,54.208,76.660,91.618
126.706,54.297,76.797,91.782
125.889,53.699,77.437,92.546
126.741,54.171,77.279,92.358
126.088,53.349,77.704,92.865
125.923,53.330,78.007,93.228
125.717,53.405,77.960,93.172
125.991,54.081,77.328,92.416
125.268,53.594,77.431,92.539
125.177,53.488,77.279,92.358
123.824,53.138,77.132,92.183
123.269,53.131,77.108,92.154
123.812,54.200,76.735,91.708
123.223,53.781,77.230,92.299
123.165,54.022,77.152,92.207
123.053,54.183,77.046,92.079
123.590,54.456,76.815,91.804
123.065,53.422,77.220,92.287
123.516,53.488,77.041,92.074
124.080,53.798,77.149,92.203
123.441,53.498,77.289,92.370
123.821,53.373,77.316,92.402
124.244,53.323,77.373,92.470
125.120,53.660,76.971,91.990
126.035,53.811,76.895,91.898
125.938,53.853,76.428,91.341
126.246,54.081,76.226,91.099
126.755,54.455,76.191,91.058
127.098,54.340,76.474,91.396
126.923,54.197,76.138,90.994
127.647,54.578,76.133,90.988
127.602,54.516,76.124,90.977
127.796,54.734,75.638,90.397
127.700,54.808,75.523,90.259
127.158,54.330,75.373,90.080
128.179,55.127,74.880,89.490
128.318,55.163,74.917,89.535
128.047,54.693,75.293,89.985
128.185,54.956,75.133,89.793
128.005,54.365,75.114,89.771
127.716,54.191,75.402,90.114
127.458,54.568,75.536,90.275
127.061,54.491,75.841,90.639
127.000,54.703,75.769,90.553
127.172,55.492,75.656,90.418
126.976,55.524,75.825,90.620
126.494,55.568,76.176,91.040
126.336,55.489,76.304,91.193
125.873,55.268,75.962,90.784
126.372,55.595,75.323,90.020
126.657,55.815,75.208,89.883
126.744,55.776,75.278,89.967
126.407,55.722,75.790,90.578
126.543,55.681,75.611,90.364
125.955,55.215,75.739,90.518
125.987,55.416,75.887,90.694
125.707,55.345,75.684,90.452
125.805,55.741,76.001,90.830
125.625,55.236,75.878,90.683
125.698,55.759,75.558,90.301
125.735,55.998,75.265,89.951
126.171,56.300,75.419,90.135
125.845,56.031,75.360,90.065
126.111,56.401,75.633,90.390
126.118,56.503,75.796,90.585
125.500,56.483,76.591,91.536
125.516,56.363,76.731,91.702
125.026,55.957,76.655,91.612
125.677,56.372,76.340,91.236
125.153,55.879,76.233,91.107
125.326,55.599,76.155,91.015
125.346,55.903,75.798,90.588
124.731,55.924,76.406,91.315
124.106,55.727,76.424,91.336
124.260,55.661,75.868,90.671
124.459,55.679,75.762,90.545
124.453,56.007,76.331,91.225
123.981,55.821,76.430,91.343
123.813,55.644,76.538,91.472
124.145,56.117,76.640,91.594
124.150,56.225,76.707,91.674
123.931,55.673,76.793,91.777
123.868,55.993,76.761,91.739
123.876,56.023,76.739,91.712
123.767,56.095,76.598,91.544
124.116,56.365,76.697,91.663
123.475,55.510,77.040,92.072
123.991,55.973,76.740,91.714
123.622,55.283,76.866,91.865
123.619,55.166,77.087,92.128
124.057,55.412,77.128,92.177
123.789,55.237,77.178,92.238
123.756,54.841,77.330,92.418
123.832,54.777,77.371,92.468
124.218,55.069,77.454,92.567
123.959,55.365,77.192,92.254
123.145,54.940,77.267,92.344
122.166,54.833,77.429,92.537
122.088,54.945,77.419,92.525
121.640,54.937,77.297,92.380
121.170,54.307,77.461,92.575
122.180,54.812,77.261,92.337
122.804,53.979,77.183,92.244
123.929,53.287,77.368,92.464
125.683,53.671,77.353,92.447
127.044,53.947,77.500,92.623
128.416,54.015,77.246,92.318
129.014,53.648,77.293,92.374
130.023,53.430,77.395,92.496
131.065,54.342,77.220,92.287
130.946,54.043,77.036,92.068
131.371,54.452,76.710,91.678
131.008,53.756,76.890,91.893
130.858,53.472,77.009,92.035
131.420,54.061,76.783,91.765
131.179,53.573,76.746,91.720
131.215,53.136,76.755,91.732
131.251,52.893,76.932,91.944
131.613,53.516,76.520,91.451
131.716,53.516,76.182,91.047
131.814,53.659,75.951,90.770
131.072,52.755,76.111,90.962
131.046,52.772,76.264,91.145
130.232,51.931,76.761,91.739
129.990,51.839,76.703,91.669
129.480,51.496,76.654,91.611
129.884,51.861,76.527,91.460
129.647,52.014,76.259,91.139
129.347,51.931,76.123,90.977
129.078,51.796,75.882,90.688
128.223,50.932,76.265,91.146
127.661,50.673,76.244,91.121
128.148,50.974,76.191,91.057
128.384,51.115,75.953,90.774
128.064,50.687,75.833,90.629
127.878,50.328,76.098,90.947
128.029,50.686,75.976,90.800
127.696,50.137,76.141,90.997
128.056,50.939,75.421,90.137
127.115,50.372,75.669,90.434
127.542,51.593,74.682,89.254
126.536,50.838,74.829,89.430
126.936,51.409,74.676,89.247
126.473,50.731,74.987,89.619
126.188,50.429,75.487,90.216
125.662,50.024,75.925,90.739
125.231,50.068,76.220,91.092
125.467,50.909,76.118,90.971
125.854,51.050,75.948,90.768
124.861,50.507,76.090,90.936
125.040,51.058,75.777,90.563
124.657,51.007,75.696,90.466
125.129,51.301,75.595,90.346
124.381,50.887,75.556,90.299
124.256,50.912,75.692,90.462
124.484,51.425,75.628,90.385
124.567,51.475,75.566,90.311
123.955,51.183,75.330,90.028
124.488,51.714,75.705,90.476
124.185,51.714,75.377,90.084
124.112,51.541,75.456,90.179
123.500,51.017,75.608,90.361
123.257,50.326,76.423,91.335
123.326,50.192,76.583,91.525
124.276,50.598,76.489,91.414
124.576,50.252,76.933,91.944
124.282,50.375,76.594,91.539
124.143,50.632,76.242,91.118
124.081,51.016,75.773,90.558
124.002,50.915,75.943,90.761
123.200,50.705,75.954,90.774
123.089,50.926,75.699,90.469
123.310,51.152,75.971,90.794
122.950,50.969,75.996,90.825
123.068,50.898,76.084,90.930
123.781,51.996,75.677,90.443
124.184,52.123,75.533,90.271
123.805,51.908,75.527,90.264
123.992,51.897,75.514,90.248
124.445,52.061,75.518,90.253
124.837,52.215,75.645,90.405
126.187,53.038,75.306,90.000
126.499,53.270,75.485,90.214
126.437,52.918,75.763,90.546
127.007,53.564,75.945,90.764
126.358,53.606,76.024,90.857
125.842,53.759,76.336,91.231
124.987,53.993,76.353,91.251
123.863,54.154,76.347,91.245
122.538,54.700,76.096,90.944
121.472,55.945,75.861,90.663
119.400,55.677,75.801,90.592
118.608,56.128,75.594,90.344
117.091,55.627,75.677,90.443
117.222,55.687,75.485,90.214
116.361,55.079,75.716,90.490
116.556,55.123,75.534,90.272
115.880,54.330,76.117,90.969
116.879,54.926,75.749,90.530
116.863,55.082,75.685,90.452
116.510,55.161,75.747,90.527
115.433,55.181,76.157,91.017
114.564,55.708,76.061,90.902
112.920,55.815,76.481,91.404
111.242,56.023,76.850,91.845
108.607,55.973,76.882,91.883
106.648,56.140,76.927,91.937
105.013,56.767,76.959,91.976
103.143,57.377,76.910,91.917
101.041,57.358,77.079,92.119
99.323,57.712,77.437,92.547
96.394,57.959,77.426,92.533
91.052,53.590,76.872,91.871
89.575,54.502,77.015,92.042
84.736,54.747,76.783,91.765
106.446,55.712,76.426,91.338
104.569,55.423,76.685,91.648
105.727,55.893,76.452,91.370
103.435,58.259,75.612,90.366
102.157,57.996,75.378,90.085
103.066,57.661,75.341,90.042
101.803,59.231,75.070,89.717
102.439,57.935,74.632,89.194
102.823,57.111,75.093,89.746
102.960,56.676,75.604,90.356
101.529,56.583,75.991,90.819
99.497,56.352,76.328,91.221
97.895,55.770,76.629,91.581
97.662,57.230,77.373,92.471
96.266,56.846,78.030,93.255
93.815,54.435,78.343,93.630
93.744,56.246,78.388,93.683
92.543,56.810,78.436,93.740
91.241,55.419,79.143,94.585
93.021,56.308,79.190,94.642
92.495,56.222,79.374,94.862
90.231,54.155,80.037,95.654
91.591,54.806,79.835,95.412
91.249,54.993,79.397,94.890
91.257,54.421,79.661,95.205
91.257,53.875,80.228,95.882
91.497,53.916,80.455,96.153
93.476,54.983,79.866,95.449
93.221,53.908,79.717,95.271
94.673,53.681,79.781,95.348
95.411,54.157,79.341,94.822
96.348,54.123,79.116,94.554
96.742,54.083,79.013,94.431
96.059,54.154,78.610,93.949
95.680,53.741,78.962,94.369
96.293,53.476,78.920,94.319
97.097,53.156,78.535,93.859
99.037,53.126,78.048,93.277
100.881,53.156,77.532,92.661
104.619,53.273,76.623,91.574
108.488,53.528,75.795,90.584
111.458,53.524,75.424,90.141
115.925,53.225,74.834,89.436
122.365,53.689,74.129,88.593
125.117,51.981,73.774,88.169
130.348,51.112,73.652,88.023
133.827,51.181,73.425,87.751
134.437,50.145,73.436,87.765
135.561,50.250,73.107,87.372
137.085,50.928,73.049,87.302
138.073,50.888,73.242,87.533
141.278,50.978,73.455,87.788
144.506,50.281,73.294,87.595
149.251,49.458,73.598,87.959
154.743,49.735,73.489,87.828
159.012,49.297,73.799,88.199
163.169,48.179,74.322,88.824
165.790,48.655,74.193,88.670
165.387,48.900,74.081,88.536
165.769,49.185,73.937,88.364
164.503,49.222,73.987,88.424
160.296,49.809,73.846,88.255
154.176,49.390,74.047,88.496
148.917,50.289,74.014,88.456
141.299,50.478,73.967,88.399
135.419,51.044,73.851,88.261
127.149,51.286,73.633,88.000
121.489,51.907,73.732,88.118
114.882,52.273,73.936,88.363
110.091,52.855,74.257,88.747
105.271,52.826,74.631,89.194
101.088,53.304,74.652,89.218
98.385,53.497,74.908,89.524
97.010,54.849,74.893,89.506
96.124,55.658,74.692,89.267
94.151,55.506,74.929,89.549
93.983,55.971,75.231,89.911
92.779,56.171,75.815,90.609
90.805,56.153,76.548,91.484
89.426,56.404,76.944,91.957
87.758,56.417,77.755,92.926
85.994,56.235,77.985,93.201
85.286,56.851,78.072,93.305
84.267,56.869,78.042,93.270
83.870,56.885,78.026,93.250
82.344,57.050,78.423,93.725
81.661,57.492,78.413,93.713
81.943,58.819,78.154,93.403
81.389,57.447,77.993,93.211
80.700,58.041,78.145,93.393
81.095,58.132,77.922,93.126
81.677,59.695,77.564,92.698
80.845,58.593,77.583,92.722
80.976,59.051,77.602,92.744
81.908,58.506,77.429,92.537
81.499,59.981,77.462,92.577
82.094,59.438,76.983,92.004
82.751,59.722,76.876,91.876
82.009,58.563,77.009,92.035
83.049,58.961,77.257,92.332
82.472,58.246,78.002,93.222
83.145,57.857,78.168,93.420
84.082,58.079,78.346,93.633
85.053,58.588,78.079,93.314
84.996,58.240,78.159,93.410
85.540,58.027,78.220,93.482
86.423,59.001,77.930,93.136
86.773,58.822,77.985,93.202
87.513,58.968,77.804,92.985
87.978,58.704,77.841,93.029
88.285,58.993,77.720,92.885
87.574,58.604,77.874,93.069
88.231,59.107,77.735,92.903
87.361,58.257,78.212,93.473
87.824,58.814,78.195,93.452
87.110,58.553,78.049,93.278
86.268,58.844,78.078,93.313
85.750,59.056,78.285,93.560
85.586,59.952,78.053,93.282
83.774,59.626,78.259,93.529
84.467,60.169,78.232,93.497
83.929,60.076,78.347,93.634
84.333,60.538,77.956,93.167
84.466,60.654,77.785,92.962
84.529,60.643,77.837,93.025
84.579,60.618,77.803,92.984
84.343,60.560,77.943,93.152
84.100,60.660,77.884,93.081
83.917,60.775,78.129,93.374
82.803,59.596,78.748,94.114
83.316,60.555,78.720,94.080
82.998,60.144,78.650,93.996
82.927,60.469,78.447,93.754
82.163,59.492,79.332,94.811
81.615,59.279,79.705,95.257
82.013,60.248,79.758,95.320
81.204,59.567,79.851,95.431
81.650,59.689,79.595,95.126
82.668,60.430,79.151,94.596
82.628,60.733,78.867,94.255
82.086,59.963,79.410,94.904
82.011,59.583,79.386,94.875
82.454,59.907,79.095,94.528
83.335,60.610,78.801,94.177
83.439,60.351,78.363,93.654
83.672,61.181,78.239,93.506
83.861,60.816,78.097,93.335
83.259,60.788,77.824,93.010
83.918,61.231,78.048,93.277
83.624,60.703,77.992,93.210
83.555,60.951,77.913,93.116
84.052,61.858,77.822,93.007
84.055,61.981,77.563,92.697
82.904,61.366,77.977,93.193
83.590,62.207,77.360,92.454
83.487,62.151,77.082,92.123
84.318,63.246,76.709,91.677
83.488,62.120,77.107,92.153
83.969,62.994,76.925,91.934
84.146,62.815,76.855,91.852
83.911,62.580,76.932,91.943
84.340,63.138,76.701,91.667
83.179,62.546,76.859,91.855
83.259,62.101,77.006,92.032
83.905,63.165,76.291,91.177
83.655,62.834,76.477,91.399
83.594,62.673,76.788,91.771
83.444,62.781,76.828,91.819
83.877,62.828,76.602,91.549
85.656,63.888,76.040,90.878
84.265,63.296,76.002,90.831
85.125,63.567,75.974,90.798
84.718,62.914,76.451,91.369
84.356,62.428,77.069,92.107
84.595,62.790,77.199,92.263
84.029,62.315,77.589,92.728
83.280,62.202,78.460,93.769
83.286,61.869,78.656,94.004
84.457,62.004,78.808,94.185
85.353,61.829,78.451,93.759
85.436,61.088,78.615,93.954
86.143,60.919,78.854,94.241
86.903,61.169,78.535,93.859
87.454,61.192,78.830,94.211
88.569,61.813,78.634,93.978
88.827,61.420,78.398,93.695
90.276,62.022,78.185,93.441
90.943,61.681,77.995,93.213
91.965,61.881,77.799,92.979
93.541,63.050,77.023,92.051
95.066,63.749,75.944,90.762
95.282,62.950,76.077,90.922
97.682,64.169,75.310,90.004
99.451,64.698,74.617,89.176
100.015,64.201,74.964,89.591
101.671,65.177,74.667,89.236
102.075,64.247,74.692,89.267
103.056,64.184,74.368,88.879
105.044,64.485,74.439,88.963
105.985,65.175,73.739,88.128
106.610,64.345,73.966,88.398
108.472,64.557,73.760,88.153
109.222,64.332,73.481,87.819
111.665,65.454,73.239,87.530
113.747,66.336,72.882,87.103
115.276,66.408,72.651,86.827
117.204,67.514,72.992,87.234
117.979,67.794,72.903,87.127
119.812,68.517,72.593,86.758
121.948,68.906,72.241,86.337
124.546,68.687,72.357,86.476
124.499,68.380,72.265,86.366
124.055,67.420,72.260,86.359
127.566,66.930,72.412,86.541
126.393,66.715,72.278,86.381
129.692,67.416,72.569,86.729
128.567,67.176,72.882,87.103
130.558,67.568,73.019,87.266
130.401,68.054,72.994,87.237
132.520,67.356,73.198,87.481
132.339,67.368,73.047,87.300
131.843,66.842,73.272,87.569
118.601,67.279,73.166,87.442
115.193,71.487,73.260,87.554
115.606,71.187,73.584,87.941
116.079,71.392,73.727,88.113
117.578,72.277,73.594,87.954
119.008,73.290,73.265,87.561
118.904,72.276,73.669,88.043
121.293,74.304,73.702,88.083
121.217,72.640,74.023,88.466
122.690,75.203,73.745,88.134
124.292,74.103,73.501,87.843
126.361,75.159,73.335,87.644
127.896,73.929,73.466,87.801
129.940,75.755,72.867,87.085
131.238,77.647,72.258,86.357
132.615,79.799,71.312,85.227
133.284,80.179,71.186,85.076
134.247,81.473,70.816,84.634
134.341,82.631,70.389,84.123
133.402,84.891,69.845,83.473
134.142,84.817,69.918,83.560
133.801,86.524,69.585,83.163
134.543,88.062,69.763,83.375
134.573,89.877,69.581,83.158
134.863,90.767,69.403,82.945
135.453,93.022,68.992,82.454
135.424,96.651,68.766,82.184
136.788,100.912,68.067,81.348
136.521,98.645,67.525,80.701
137.723,96.537,67.499,80.669
138.482,93.625,67.522,80.697
138.506,91.888,67.427,80.583
138.968,89.795,67.597,80.787
136.887,87.577,67.775,81.000
136.374,85.684,68.047,81.325
135.507,83.695,68.626,82.017
135.078,81.805,69.221,82.727
133.687,82.224,69.658,83.250
133.602,82.081,69.804,83.424
133.632,81.590,70.110,83.789
133.159,82.137,70.222,83.923
132.757,83.574,70.049,83.717
132.305,83.502,70.043,83.710
132.216,84.922,69.830,83.455
130.853,83.255,70.414,84.153
130.636,84.675,70.295,84.011
130.190,83.876,70.409,84.148
131.365,83.407,70.219,83.921
131.998,84.517,69.592,83.171
132.216,85.131,69.633,83.220
132.201,84.877,69.615,83.198
132.515,85.123,69.591,83.170
132.375,85.211,69.627,83.213
132.504,85.176,69.659,83.251
132.038,85.989,69.697,83.296
131.661,86.272,69.748,83.357
130.827,86.749,69.299,82.821
130.323,86.634,69.270,82.787
129.552,87.804,69.213,82.718
129.416,88.401,69.132,82.621
128.754,88.455,69.083,82.562
128.650,88.493,68.792,82.215
129.270,87.582,69.005,82.469
129.148,87.320,68.949,82.403
130.290,87.053,68.757,82.173
130.580,86.701,68.960,82.416
130.014,86.216,68.794,82.217
130.578,86.558,68.590,81.973
130.106,86.430,68.644,82.038
129.597,85.976,68.901,82.345
130.634,87.235,68.565,81.943
130.813,86.672,68.453,81.809
131.669,87.633,68.226,81.539
130.544,86.354,68.761,82.178
129.737,86.275,69.162,82.657
129.594,87.035,69.096,82.578
129.812,86.590,69.238,82.747
130.335,87.241,69.001,82.465
130.332,86.980,69.031,82.500
129.222,86.483,69.351,82.883
130.466,88.157,68.435,81.788
130.575,87.946,68.439,81.793
131.453,88.076,68.214,81.524
131.510,87.749,68.065,81.346
133.227,88.261,67.862,81.104
133.866,88.152,67.521,80.696
133.529,87.787,67.515,80.688
133.977,87.616,67.593,80.782
133.638,86.788,68.185,81.489
133.453,86.590,68.256,81.574
133.359,86.236,68.369,81.709
133.125,86.441,68.517,81.886
131.486,84.416,69.172,82.669
131.081,84.043,69.166,82.662
129.018,83.269,69.370,82.905
126.535,82.433,69.735,83.342
125.953,82.632,69.962,83.613
124.972,82.411,70.008,83.668
124.804,84.000,69.869,83.501
124.404,84.931,69.802,83.421
124.281,85.773,69.615,83.199
124.757,87.554,69.419,82.965
123.435,88.307,69.071,82.548
122.584,89.447,68.972,82.430
122.054,90.468,68.548,81.923
122.905,90.883,68.390,81.734
124.171,91.264,67.988,81.254
123.625,92.218,67.670,80.874
124.864,92.797,67.310,80.444
123.380,95.010,66.268,79.198
123.841,95.850,65.920,78.782
125.492,96.147,66.025,78.908
126.034,96.572,65.952,78.821
126.145,96.891,65.859,78.709
126.717,98.090,65.828,78.673
126.884,98.609,65.625,78.430
125.843,97.897,65.366,78.120
126.452,98.459,65.416,78.180
126.445,98.844,65.348,78.099
126.191,98.547,65.207,77.930
125.825,97.936,65.251,77.983
125.474,97.301,65.037,77.727
126.357,97.826,65.267,78.002
125.913,97.810,65.325,78.071
125.826,97.486,65.347,78.097
125.685,97.367,65.287,78.026
125.223,96.847,65.174,77.891
125.144,96.239,65.296,78.037
125.788,96.290,65.728,78.553
125.307,95.269,65.994,78.871
124.841,94.579,66.127,79.030
125.258,94.903,66.159,79.068
125.252,95.129,66.073,78.965
125.050,94.738,66.028,78.911
125.037,94.807,65.798,78.637
125.628,95.102,65.743,78.571
125.513,94.949,65.969,78.841
125.476,94.837,65.448,78.218
125.485,95.097,66.001,78.879
124.867,94.329,66.547,79.532
125.208,94.760,65.639,78.446
125.335,94.911,65.266,78.001
125.470,95.067,65.036,77.726
125.384,94.669,65.376,78.133
124.708,94.368,66.672,79.681
124.180,94.380,66.933,79.993
123.605,94.815,66.959,80.025
123.253,94.572,67.950,81.209
124.187,94.809,67.149,80.251
124.023,94.610,66.767,79.795
123.995,94.176,66.819,79.857
123.208,93.895,66.145,79.052
122.241,94.073,65.790,78.627
123.621,93.917,64.871,77.529
122.616,93.678,64.613,77.220
122.422,94.113,64.250,76.786
122.875,94.401,64.121,76.633
121.959,94.377,65.092,77.793
120.184,94.368,65.332,78.080
122.411,93.893,64.960,77.635
122.263,93.894,65.754,78.584
122.302,93.706,66.122,79.024
122.743,93.693,65.185,77.903
122.038,93.733,64.774,77.413
123.070,93.791,63.901,76.369
122.498,94.115,63.057,75.361
122.491,94.385,62.826,75.084
122.008,95.054,63.650,76.070
122.344,94.642,64.405,76.972
122.514,94.415,64.175,76.697
121.715,94.316,64.853,77.508
122.166,94.008,64.681,77.301
122.087,93.986,64.573,77.173
122.145,94.215,64.516,77.105
122.052,94.390,64.351,76.907
121.881,93.844,64.149,76.666
123.456,94.083,65.447,78.218
123.633,94.209,66.164,79.074
123.062,93.826,67.314,80.449
122.124,93.406,68.176,81.479
121.966,93.599,68.573,81.953
121.853,93.612,69.164,82.660
121.631,93.576,70.019,83.682
121.589,92.976,70.437,84.180
120.973,92.512,70.042,83.709
121.922,92.355,69.856,83.487
121.859,92.645,68.547,81.922
122.514,92.344,68.302,81.630
122.497,92.256,68.721,82.130
122.858,92.714,68.464,81.823
122.743,92.135,68.712,82.119
122.419,92.285,67.773,80.997
122.486,92.546,67.455,80.617
123.384,92.685,67.444,80.604
123.308,92.606,67.331,80.469
123.280,92.662,67.150,80.252
123.657,92.651,67.321,80.457
123.091,92.072,67.675,80.880
123.009,91.490,68.316,81.646
123.108,91.185,69.038,82.508
122.949,90.504,69.016,82.482
122.902,90.320,68.993,82.456
122.782,90.347,68.988,82.450
123.154,90.188,69.021,82.489
123.328,89.917,68.723,82.132
123.840,90.141,68.899,82.343
123.705,89.534,69.202,82.704
123.632,89.157,69.079,82.558
123.529,88.179,68.930,82.379
123.843,87.572,69.116,82.602
124.586,86.978,69.145,82.637
125.778,86.842,69.569,83.143
125.594,86.231,69.719,83.323
126.250,85.868,70.129,83.813
126.091,85.421,70.463,84.211
126.123,84.925,70.654,84.440
126.059,84.001,71.023,84.881
126.057,83.181,71.250,85.153
125.317,82.118,71.500,85.452
125.728,81.761,71.640,85.619
124.903,80.857,71.951,85.990
124.666,79.676,72.293,86.398
124.596,79.406,72.608,86.775
124.039,79.201,72.945,87.178
123.339,78.491,73.050,87.304
123.440,78.568,73.100,87.363
123.528,78.560,73.175,87.453
123.455,78.532,73.238,87.528
123.760,78.479,73.070,87.327
123.799,78.344,73.223,87.510
123.963,78.459,73.320,87.626
123.773,77.716,73.709,88.092
124.135,77.947,73.928,88.353
124.240,77.960,74.075,88.529
124.013,78.684,74.164,88.636
123.465,78.455,74.274,88.767
123.290,78.489,74.376,88.889
124.072,78.742,74.518,89.058
123.800,79.352,74.642,89.206
122.924,79.541,74.591,89.146
122.566,79.140,74.476,89.008
122.718,79.605,74.318,88.819
122.155,79.750,74.157,88.626
121.405,79.459,74.258,88.747
120.973,79.689,74.235,88.720
120.434,79.412,74.417,88.937
120.537,80.170,74.591,89.145
120.069,79.875,74.681,89.253
120.172,80.067,74.759,89.346
120.474,80.683,74.767,89.356
120.494,80.934,74.670,89.240
120.266,80.592,74.610,89.168
120.095,80.526,74.510,89.048
120.379,81.093,74.501,89.038
120.194,81.116,74.469,89.000
119.826,81.225,74.562,89.111
119.061,80.844,74.661,89.229
119.382,81.067,74.774,89.364
119.152,81.056,74.826,89.426
119.252,81.571,74.739,89.322
118.649,81.025,74.824,89.424
118.941,81.487,74.717,89.296
118.011,80.625,75.083,89.734
117.170,79.995,75.621,90.377
117.033,80.258,75.692,90.461
117.078,80.313,75.600,90.352
