118.000,69.000,114.000,162.000
117.197,67.428,114.012,162.017
116.657,66.345,114.337,162.479
116.592,65.903,114.347,162.492
116.316,65.079,114.714,163.015
116.083,64.801,114.913,163.297
116.506,64.563,114.881,163.252
116.599,64.531,114.599,162.852
116.440,64.122,114.743,163.056
115.900,64.803,114.125,162.177
115.826,65.580,114.171,162.243
115.535,66.484,113.946,161.923
114.162,66.211,114.182,162.259
113.941,67.512,113.799,161.714
112.355,68.115,114.231,162.328
111.143,69.106,113.327,161.043
108.674,69.729,113.504,161.296
105.826,70.425,113.386,161.127
103.977,72.313,112.830,160.337
100.412,72.862,112.650,160.082
97.553,73.219,112.771,160.254
94.604,72.767,112.652,160.085
93.354,73.066,112.421,159.756
91.059,72.042,112.135,159.350
90.255,71.866,111.994,159.149
89.426,71.369,111.769,158.830
89.776,71.655,111.354,158.240
89.668,71.274,111.343,158.224
90.194,71.191,110.772,157.413
89.214,68.767,111.687,158.713
88.633,67.677,112.424,159.761
88.161,65.846,112.356,159.664
88.676,64.537,112.096,159.295
89.363,64.413,111.170,157.978
89.396,64.107,110.332,156.787
90.336,64.660,109.395,155.456
91.295,65.133,108.991,154.881
91.878,64.910,109.064,154.986
92.393,64.965,109.063,154.984
93.540,64.735,109.000,154.895
94.764,64.351,109.275,155.285
95.676,63.577,109.836,156.083
98.069,64.269,109.736,155.941
100.338,64.363,109.404,155.470
102.233,63.977,109.588,155.730
103.681,63.212,110.211,156.616
106.266,62.886,110.788,157.435
108.343,62.924,110.719,157.338
111.207,64.150,109.570,155.704
112.926,63.380,110.173,156.562
115.457,63.234,110.668,157.265
117.366,63.930,110.758,157.393
118.059,62.718,111.870,158.973
120.058,63.158,113.248,160.932
120.553,62.761,114.694,162.986
122.377,63.654,115.186,163.685
123.676,64.180,115.564,164.223
124.528,65.434,115.692,164.405
125.869,66.582,116.073,164.945
126.803,68.686,115.884,164.678
126.742,69.679,115.899,164.698
127.568,71.484,115.044,163.483
129.083,72.845,114.650,162.923
129.717,73.665,114.635,162.903
130.463,74.852,114.115,162.164
131.185,75.401,113.325,161.040
131.202,75.498,113.507,161.299
131.272,75.709,113.596,161.426
131.742,76.383,113.754,161.651
132.936,77.232,113.978,161.969
132.895,76.907,114.388,162.551
133.208,76.837,114.227,162.322
134.131,76.813,113.982,161.975
133.859,75.889,114.075,162.107
134.244,75.866,114.228,162.325
134.410,75.719,114.199,162.282
134.320,75.542,114.346,162.491
133.542,75.298,114.174,162.247
133.414,75.351,114.060,162.086
132.120,74.892,114.243,162.345
131.443,75.063,114.254,162.361
130.413,75.058,114.397,162.564
128.541,74.251,114.507,162.720
128.040,74.676,114.205,162.292
127.038,74.111,114.342,162.485
126.335,74.364,113.359,161.089
125.943,73.892,113.650,161.502
123.321,73.576,113.658,161.515
122.621,72.874,113.892,161.846
121.389,73.545,114.110,162.156
120.268,74.194,114.278,162.395
119.233,74.470,114.587,162.835
119.656,75.785,113.954,161.935
117.683,75.283,114.523,162.744
117.166,76.093,113.817,161.740
116.809,76.427,113.345,161.069
115.822,76.595,113.341,161.064
115.161,76.817,112.949,160.507
115.118,77.779,112.436,159.777
113.873,77.392,112.340,159.641
112.083,77.139,112.563,159.958
111.123,77.005,112.975,160.544
110.809,77.622,112.679,160.123
110.024,77.526,112.568,159.965
110.616,77.794,112.559,159.952
110.278,77.695,112.538,159.923
110.498,77.429,112.641,160.069
109.954,77.556,112.269,159.539
110.509,77.852,112.122,159.332
110.055,78.433,112.175,159.406
110.424,78.656,111.925,159.052
110.167,78.502,111.717,158.755
110.828,78.739,111.893,159.005
110.045,78.790,111.671,158.691
110.098,78.702,111.460,158.390
110.626,79.016,112.189,159.427
110.079,79.049,112.390,159.712
109.609,78.799,111.843,158.935
109.996,79.176,112.322,159.616
109.585,78.980,112.173,159.404
110.149,79.477,112.473,159.830
109.442,78.945,113.115,160.742
108.881,78.953,113.316,161.027
109.650,79.500,112.723,160.186
109.232,79.229,113.035,160.628
109.309,79.077,113.107,160.731
109.088,78.782,113.168,160.818
109.070,78.672,113.161,160.808
108.824,78.820,113.094,160.712
108.518,79.004,113.111,160.737
108.332,79.230,113.151,160.794
108.486,79.006,113.204,160.868
108.475,79.095,113.053,160.654
108.866,78.844,113.007,160.590
108.837,78.702,112.750,160.223
108.874,78.537,112.514,159.888
108.987,78.225,113.190,160.850
109.290,77.389,113.092,160.709
108.943,76.406,113.449,161.216
109.196,76.676,112.901,160.438
109.254,76.390,112.877,160.405
108.870,75.791,112.953,160.512
108.679,75.974,112.707,160.162
107.680,75.602,112.740,160.210
107.339,74.668,112.967,160.532
107.683,74.745,112.793,160.285
106.667,73.821,112.730,160.195
105.661,73.413,112.984,160.557
105.647,73.632,113.314,161.025
105.286,73.561,113.309,161.019
104.860,73.657,113.369,161.103
104.712,73.837,112.698,160.150
103.834,73.169,112.766,160.246
103.482,72.465,112.913,160.455
103.217,72.463,113.158,160.803
102.488,71.604,113.431,161.191
102.437,72.037,113.536,161.341
101.835,71.452,113.553,161.365
101.735,71.548,113.130,160.763
101.641,71.777,113.189,160.848
101.342,71.515,113.202,160.866
101.299,71.279,113.284,160.982
101.538,71.743,113.415,161.169
101.655,71.611,113.472,161.250
101.396,71.749,113.180,160.834
101.736,71.645,113.149,160.790
102.019,72.276,112.734,160.201
102.139,72.472,112.682,160.127
102.466,72.915,112.411,159.742
102.764,72.955,112.338,159.638
102.949,73.239,112.005,159.165
102.625,72.950,111.999,159.156
101.892,73.361,112.728,160.192
102.187,74.276,112.488,159.852
102.671,73.881,113.089,160.705
102.692,73.294,113.374,161.111
102.907,74.221,113.541,161.348
102.237,75.859,113.049,160.648
102.200,76.344,113.003,160.584
102.338,76.807,113.032,160.624
101.701,78.462,113.374,161.110
101.013,80.436,113.465,161.240
100.533,81.299,112.912,160.454
100.271,82.080,113.576,161.398
100.340,82.384,112.947,160.504
100.366,83.216,113.617,161.456
100.371,83.239,113.695,161.567
100.485,84.338,113.746,161.640
101.003,85.168,113.523,161.323
100.798,85.050,113.152,160.795
101.076,84.321,113.879,161.828
101.715,84.522,113.630,161.474
101.745,84.734,113.492,161.278
101.959,85.741,113.382,161.122
102.254,85.953,113.667,161.526
102.107,86.484,114.190,162.270
102.105,86.662,113.721,161.603
102.080,86.206,114.291,162.414
101.923,85.873,114.039,162.056
101.893,85.315,114.025,162.035
101.853,86.314,113.759,161.658
102.143,87.220,113.474,161.253
101.956,86.560,113.366,161.099
102.228,86.494,113.660,161.517
101.882,86.501,113.428,161.188
102.178,86.830,113.437,161.199
102.185,86.586,113.361,161.092
101.718,87.059,113.272,160.966
101.498,87.592,113.455,161.226
101.306,88.303,113.551,161.361
100.663,88.903,113.095,160.714
100.327,90.163,113.066,160.672
100.593,92.120,113.104,160.726
100.370,93.125,113.021,160.609
100.547,94.116,113.097,160.716
100.582,94.138,112.716,160.176
100.522,93.397,112.978,160.548
101.086,93.599,112.972,160.540
100.525,94.259,112.535,159.918
100.406,92.606,112.673,160.114
100.004,91.698,112.814,160.314
99.729,89.181,112.567,159.964
100.280,87.269,112.218,159.468
100.289,82.603,112.702,160.156
100.161,77.390,112.748,160.221
100.582,73.545,112.780,160.267
100.949,68.939,112.960,160.523
101.753,64.845,113.409,161.160
101.936,61.856,113.287,160.986
103.018,59.119,113.227,160.902
102.615,56.502,113.807,161.725
102.853,54.027,114.302,162.429
102.933,52.768,113.775,161.681
102.849,51.962,114.379,162.538
102.846,51.059,113.706,161.582
103.232,51.303,113.447,161.214
103.191,51.155,113.253,160.939
102.674,50.582,113.530,161.331
102.631,50.947,113.303,161.010
103.602,51.708,113.395,161.140
103.932,52.816,113.350,161.077
104.218,53.388,113.532,161.335
104.288,53.581,113.320,161.033
105.595,54.790,113.507,161.299
105.475,54.784,113.476,161.255
106.138,55.366,113.754,161.651
107.076,56.581,113.808,161.727
107.915,57.709,113.723,161.606
108.381,57.824,113.909,161.870
108.800,58.570,113.683,161.550
109.714,59.712,113.657,161.512
109.542,60.119,113.630,161.474
110.063,60.912,113.677,161.540
110.746,62.266,113.717,161.598
110.795,63.511,113.759,161.657
110.684,64.549,113.730,161.616
110.185,65.204,113.760,161.659
110.025,65.574,113.843,161.777
109.803,65.945,114.023,162.033
108.684,66.343,114.403,162.572
108.298,67.270,114.632,162.898
109.022,68.825,114.193,162.274
108.746,69.710,114.313,162.445
108.484,69.883,114.212,162.302
108.590,70.822,114.167,162.237
108.829,71.484,113.868,161.812
108.280,70.957,114.101,162.144
108.489,71.586,114.190,162.270
108.668,71.876,114.051,162.073
108.050,71.235,114.043,162.061
107.946,71.569,113.969,161.956
107.666,71.351,114.146,162.208
108.790,72.352,113.497,161.285
108.094,72.772,113.189,160.848
107.414,73.327,112.843,160.356
107.180,73.936,112.520,159.896
107.023,75.263,112.979,160.549
106.364,75.491,113.226,160.901
105.001,75.342,113.137,160.774
104.614,75.692,112.599,160.010
104.072,76.306,112.805,160.302
103.272,76.823,112.255,159.520
102.750,77.391,112.004,159.164
102.098,77.445,111.484,158.425
102.064,78.245,111.399,158.304
101.329,78.648,111.656,158.669
100.167,78.750,111.931,159.060
99.617,79.237,111.470,158.405
100.137,80.139,110.437,156.936
99.435,80.011,109.719,155.917
99.380,80.671,108.832,154.656
99.073,81.050,108.208,153.770
99.647,81.543,107.818,153.216
99.507,81.546,107.571,152.864
98.716,81.408,107.506,152.772
99.462,82.427,107.191,152.324
99.021,82.116,107.085,152.173
98.981,82.242,107.299,152.478
98.489,81.535,107.478,152.732
99.049,82.520,107.304,152.485
98.597,82.193,107.066,152.146
98.879,82.362,107.120,152.223
98.693,82.403,107.091,152.182
98.519,82.437,107.564,152.854
97.605,82.577,107.440,152.679
98.300,83.456,107.140,152.252
97.601,83.249,107.033,152.100
98.064,83.588,107.112,152.211
98.132,82.976,107.047,152.119
97.872,81.920,107.188,152.320
97.161,80.811,107.724,153.082
97.102,80.306,108.125,153.652
97.359,80.108,109.278,155.290
96.484,78.999,110.859,157.537
96.295,79.121,111.788,158.856
96.162,79.171,112.621,160.040
96.022,78.524,113.923,161.890
95.560,77.183,114.525,162.746
96.273,77.879,114.805,163.143
96.670,78.004,113.369,161.103
96.251,76.731,114.487,162.692
96.680,76.516,114.183,162.260
97.846,76.630,113.544,161.352
96.905,75.312,114.006,162.009
96.711,75.037,114.127,162.181
97.222,75.715,113.730,161.617
96.551,74.569,114.332,162.472
95.460,73.978,113.742,161.633
95.139,73.805,114.203,162.289
94.629,73.662,114.553,162.786
93.674,72.980,114.664,162.944
92.377,72.825,114.549,162.780
92.527,73.450,114.071,162.101
91.649,73.735,114.072,162.102
90.718,73.054,114.174,162.248
90.273,73.010,114.249,162.355
89.736,72.808,114.029,162.042
88.630,72.258,113.947,161.925
87.904,72.138,114.069,162.098
87.730,73.212,114.009,162.013
86.243,72.929,113.837,161.769
85.009,73.694,113.899,161.857
83.063,74.048,113.877,161.826
81.182,74.524,113.704,161.579
79.758,75.689,113.596,161.426
77.091,75.334,113.339,161.061
75.393,75.698,113.442,161.207
73.497,75.509,113.726,161.610
71.669,75.724,113.769,161.671
70.764,75.475,113.600,161.431
69.956,74.558,112.855,160.373
69.122,74.141,112.917,160.462
69.409,74.808,112.947,160.504
68.907,74.223,112.589,159.995
68.784,73.736,113.058,160.661
68.620,73.971,113.206,160.872
67.643,73.583,113.706,161.582
66.551,73.217,114.376,162.534
66.418,73.811,114.706,163.004
66.609,74.969,114.740,163.052
66.973,74.728,114.237,162.336
67.669,76.242,114.163,162.231
68.523,77.138,113.241,160.922
68.577,77.405,112.979,160.549
68.605,76.851,113.057,160.660
69.295,76.023,113.165,160.813
69.335,75.269,113.432,161.193
70.442,75.638,113.577,161.399
70.147,75.559,112.912,160.454
71.932,76.160,113.150,160.793
72.048,75.674,113.482,161.263
72.910,75.773,113.636,161.483
73.528,75.802,113.665,161.524
74.506,76.320,113.537,161.342
75.481,75.717,113.394,161.139
76.494,75.725,113.628,161.471
76.414,75.457,113.611,161.447
77.327,75.356,113.659,161.515
77.668,74.940,113.617,161.456
78.360,75.151,113.839,161.771
79.855,75.408,113.746,161.638
80.307,74.371,113.926,161.895
80.358,73.307,113.889,161.842
80.876,72.568,113.900,161.858
81.548,71.402,113.830,161.759
82.922,70.602,113.814,161.735
83.145,70.302,113.885,161.836
83.416,69.425,113.932,161.904
84.347,69.053,113.850,161.787
85.095,68.756,114.100,162.142
85.596,68.675,114.072,162.102
85.919,68.612,114.256,162.364
86.259,68.051,114.604,162.859
85.657,67.399,115.184,163.683
85.399,66.806,115.254,163.782
87.071,67.486,114.349,162.496
86.663,67.415,114.405,162.576
87.012,67.233,114.363,162.516
87.265,66.757,114.766,163.089
87.253,66.113,115.471,164.091
87.311,66.154,115.342,163.907
88.717,66.267,114.828,163.176
88.566,65.815,114.633,162.900
90.123,66.252,114.215,162.306
90.819,66.297,113.849,161.786
92.364,66.299,113.597,161.427
92.066,66.149,113.462,161.235
93.733,67.341,113.275,160.970
94.831,67.580,112.722,160.184
94.750,67.333,112.596,160.005
95.147,67.160,112.697,160.148
94.277,66.717,112.906,160.446
94.126,66.760,113.384,161.124
93.871,67.070,113.386,161.128
93.455,67.834,113.533,161.336
92.621,68.127,113.342,161.064
93.066,69.115,113.183,160.839
92.203,69.365,113.267,160.958
92.255,70.475,113.156,160.801
92.047,71.919,113.252,160.937
91.973,73.506,113.232,160.909
91.739,74.995,113.021,160.608
92.115,77.068,112.988,160.562
92.037,78.442,112.923,160.470
91.696,79.348,112.977,160.547
91.826,80.038,112.633,160.058
91.704,79.831,112.729,160.194
91.281,79.365,112.925,160.472
91.854,79.641,112.905,160.444
91.890,79.661,112.772,160.256
90.977,79.232,112.786,160.275
90.992,79.125,112.777,160.262
91.173,79.180,112.816,160.317
90.908,79.340,112.733,160.200
90.864,79.279,112.725,160.189
90.985,79.450,112.853,160.370
90.882,79.736,112.852,160.368
91.189,79.603,112.715,160.174
91.559,79.571,112.609,160.023
92.301,79.146,112.602,160.014
92.261,78.942,112.938,160.492
92.466,79.267,113.065,160.671
92.090,79.502,113.205,160.870
91.816,78.557,113.177,160.831
92.007,78.640,113.493,161.279
92.686,78.652,113.660,161.517
93.018,78.853,113.731,161.617
93.445,80.550,112.879,160.408
93.152,80.192,113.275,160.969
92.911,80.015,113.308,161.016
93.034,79.936,113.341,161.063
93.133,79.428,113.916,161.881
92.995,78.656,113.896,161.853
92.598,79.283,113.904,161.864
92.550,78.841,114.374,162.532
92.719,79.783,114.212,162.301
93.117,81.474,113.484,161.267
92.531,80.736,113.796,161.710
92.214,81.478,113.990,161.986
91.668,81.336,113.888,161.841
91.243,81.717,113.740,161.630
91.641,82.080,113.714,161.593
91.654,82.433,113.633,161.479
90.786,83.489,112.420,159.755
90.967,83.391,112.011,159.173
90.816,82.696,112.508,159.879
90.878,83.523,112.740,160.209
90.551,82.939,113.057,160.661
90.862,83.759,112.984,160.557
91.062,83.302,113.038,160.632
90.661,83.524,113.263,160.952
90.360,83.530,112.933,160.483
90.623,84.563,113.100,160.722
90.299,84.012,112.751,160.225
90.533,83.579,112.448,159.794
89.745,83.895,112.800,160.295
90.158,83.593,112.731,160.196
89.926,83.196,112.651,160.082
90.234,83.558,112.697,160.149
90.159,83.160,112.818,160.321
89.904,81.521,113.000,160.579
90.210,82.312,113.090,160.707
90.259,82.293,113.068,160.676
90.700,82.602,113.530,161.333
90.227,83.258,112.947,160.504
90.875,83.487,113.242,160.923
90.204,83.350,113.094,160.713
90.266,83.463,112.975,160.543
90.702,83.723,113.396,161.142
90.569,84.102,113.234,160.911
90.178,83.330,113.032,160.624
90.548,84.149,113.229,160.905
89.864,83.092,113.146,160.787
89.858,83.544,113.101,160.722
89.750,83.384,113.129,160.762
89.682,83.246,113.153,160.796
89.746,83.028,113.166,160.815
89.813,82.855,113.154,160.798
89.839,82.484,113.317,161.029
90.333,83.015,113.266,160.957
89.806,82.920,113.351,161.077
90.041,84.098,113.107,160.730
90.076,83.685,113.216,160.885
89.691,83.891,113.353,161.080
90.429,85.112,113.358,161.087
90.395,85.774,113.116,160.743
89.599,84.932,113.283,160.981
90.373,85.460,113.354,161.081
90.301,85.678,113.436,161.199
90.525,85.598,113.351,161.077
91.133,85.635,113.052,160.652
91.625,85.790,113.228,160.902
90.765,84.758,113.387,161.129
91.534,85.553,113.069,160.677
91.400,86.337,112.801,160.296
91.116,85.825,112.403,159.730
91.224,85.959,112.220,159.471
91.520,85.743,112.612,160.027
91.835,85.023,112.421,159.756
91.102,84.529,111.750,158.803
92.722,84.719,112.067,159.253
91.356,84.711,111.594,158.580
92.823,84.881,111.868,158.971
92.834,85.003,111.580,158.561
93.475,84.879,111.436,158.357
94.380,85.080,111.567,158.543
94.479,85.120,111.246,158.087
95.276,85.668,111.338,158.218
96.004,85.665,111.389,158.290
96.896,85.973,110.447,156.951
94.328,87.779,110.006,156.324
95.112,87.915,109.992,156.304
94.417,87.302,109.910,156.188
95.927,87.608,108.902,154.756
95.217,87.478,109.745,155.954
96.089,86.969,110.235,156.650
94.997,87.533,109.962,156.261
95.221,87.519,110.052,156.390
95.176,87.761,109.477,155.573
95.064,87.527,110.514,157.047
95.919,87.459,110.322,156.774
94.238,87.564,110.042,156.375
93.801,87.832,110.458,156.967
94.011,87.457,110.473,156.988
93.849,87.345,110.501,157.028
94.043,86.948,110.580,157.140
93.679,87.552,110.826,157.489
93.373,87.509,110.493,157.017
93.275,87.753,110.336,156.793
93.028,87.814,110.287,156.724
92.534,88.454,110.090,156.444
91.822,88.778,110.369,156.841
92.006,88.571,110.449,156.954
92.559,88.029,110.122,156.489
92.566,88.147,110.453,156.959
91.105,88.464,110.291,156.729
91.817,88.813,110.339,156.797
91.541,88.303,110.238,156.654
91.666,88.676,110.141,156.516
91.788,88.238,110.498,157.024
91.840,88.358,110.848,157.521
91.184,88.403,110.678,157.279
91.502,88.997,110.445,156.948
91.578,88.770,110.159,156.542
91.451,89.458,110.097,156.454
91.196,90.366,109.446,155.528
92.058,90.561,109.838,156.086
91.852,91.358,109.933,156.221
92.012,91.246,109.983,156.292
92.132,91.362,109.706,155.898
92.236,91.599,109.484,155.582
92.357,91.529,110.096,156.453
92.031,91.492,110.127,156.496
92.801,91.516,110.453,156.959
92.271,91.068,110.255,156.678
92.920,92.652,109.996,156.310
92.420,92.632,109.904,156.180
92.540,93.184,109.728,155.929
93.090,94.722,108.725,154.504
93.412,96.895,106.094,150.765
93.258,98.540,104.549,148.570
92.440,99.153,104.008,147.801
92.236,102.856,102.244,145.295
92.413,96.386,102.819,146.111
93.599,92.782,102.631,145.844
94.268,93.662,103.554,147.156
93.591,93.433,104.610,148.656
93.790,92.451,105.289,149.621
95.130,91.150,105.189,149.479
96.136,91.140,105.107,149.362
96.209,90.422,106.624,151.519
96.161,89.752,107.785,153.169
95.878,89.070,109.716,155.912
95.988,88.342,111.450,158.377
95.876,88.002,112.425,159.761
95.738,87.937,112.268,159.538
96.639,88.116,112.410,159.741
96.803,87.626,112.549,159.938
97.254,87.906,112.597,160.006
97.507,88.317,112.642,160.071
97.979,88.369,112.879,160.407
98.140,88.750,112.957,160.518
98.373,88.872,112.835,160.345
98.382,88.555,112.750,160.224
98.726,89.063,112.515,159.890
99.282,89.473,112.573,159.973
99.718,90.190,112.499,159.867
99.686,90.245,112.425,159.762
99.301,89.765,112.293,159.575
99.441,89.547,112.163,159.389
100.048,89.656,112.680,160.124
99.645,89.806,112.378,159.695
99.900,89.517,112.562,159.956
100.835,89.674,112.696,160.147
101.146,88.848,112.215,159.464
100.470,87.897,113.225,160.899
100.089,87.255,113.025,160.614
101.023,87.024,112.272,159.544
100.370,86.872,112.254,159.519
100.544,86.707,111.552,158.521
100.007,86.502,111.103,157.883
100.626,86.858,109.686,155.870
99.674,87.050,109.251,155.251
99.568,87.524,108.540,154.242
100.476,87.211,108.474,154.147
100.514,86.945,107.947,153.398
100.416,86.457,107.725,153.082
100.528,86.159,107.168,152.292
100.808,85.101,107.319,152.506
100.646,85.236,107.019,152.080
101.601,86.592,106.034,150.680
101.308,86.316,105.441,149.837
101.380,86.285,105.585,150.041
101.022,86.338,105.218,149.520
100.955,85.770,105.206,149.504
100.765,85.841,105.341,149.695
100.535,85.561,105.431,149.824
100.114,86.935,105.084,149.331
100.427,86.810,105.010,149.225
100.331,87.208,104.605,148.649
100.662,87.211,104.478,148.469
99.891,86.408,104.956,149.148
99.522,86.972,104.686,148.764
99.929,87.447,104.373,148.319
99.578,87.366,104.458,148.440
100.019,87.343,104.141,147.990
99.310,87.036,104.198,148.071
100.413,87.526,104.000,147.789
99.658,86.489,104.378,148.326
99.880,86.286,104.413,148.376
99.885,86.264,104.519,148.527
100.233,85.902,104.336,148.267
101.001,86.521,104.202,148.077
101.147,86.892,104.050,147.860
100.977,86.103,104.111,147.948
100.565,85.316,104.916,149.091
100.680,85.523,105.161,149.439
100.811,85.441,105.305,149.644
100.428,85.025,106.038,150.685
100.355,85.669,106.200,150.915
100.333,85.780,106.798,151.765
100.252,84.988,107.240,152.394
100.002,83.685,108.486,154.164
99.811,84.455,108.229,153.799
99.683,84.908,108.664,154.417
100.006,85.145,108.881,154.725
99.537,85.224,108.297,153.896
100.055,85.023,109.025,154.930
100.068,84.354,109.633,155.794
99.528,83.466,110.339,156.798
98.155,83.681,111.150,157.951
97.591,83.838,111.517,158.472
96.073,83.745,112.037,159.211
94.355,83.782,113.039,160.635
93.969,85.196,112.584,159.988
92.884,85.241,112.795,160.287
90.749,85.331,112.340,159.641
89.869,85.425,112.312,159.602
88.380,85.348,112.198,159.439
87.498,85.367,112.311,159.601
85.712,85.077,111.711,158.747
84.248,85.315,111.966,159.110
82.103,85.037,112.154,159.377
81.310,85.559,111.969,159.114
79.289,84.686,111.844,158.936
77.107,84.599,112.183,159.418
75.730,84.195,112.469,159.825
73.979,83.599,112.254,159.519
73.205,83.065,112.058,159.240
71.403,82.043,111.360,158.249
70.408,82.737,111.110,157.893
69.255,82.326,111.108,157.890
67.917,82.326,111.233,158.067
67.319,81.972,111.027,157.776
67.460,82.036,111.141,157.937
66.012,81.532,111.054,157.813
66.154,81.581,111.083,157.855
65.472,81.545,111.356,158.242
65.046,81.711,111.426,158.343
65.450,82.681,111.376,158.271
63.647,81.553,111.983,159.134
63.450,80.774,111.513,158.465
63.802,81.104,110.610,157.183
65.223,82.315,110.924,157.629
65.995,81.377,110.264,156.691
67.966,81.144,109.787,156.013
67.873,81.058,108.803,154.614
68.250,80.518,108.326,153.936
69.517,80.309,108.446,154.108
68.276,80.602,109.097,155.033
69.763,80.595,108.899,154.751
69.166,80.410,109.128,155.077
68.293,79.854,109.263,155.269
67.828,79.379,109.461,155.550
69.136,78.711,109.023,154.928
69.705,79.589,108.834,154.659
68.723,79.867,108.647,154.394
69.232,79.684,108.325,153.936
68.881,78.877,108.233,153.805
69.164,79.266,108.456,154.122
69.252,79.085,107.501,152.765
69.548,79.356,107.590,152.891
69.579,79.366,107.768,153.144
70.153,78.648,107.860,153.274
70.333,78.693,107.992,153.462
70.604,78.144,108.061,153.561
71.289,77.656,108.182,153.733
72.902,77.751,108.059,153.558
73.530,76.972,107.787,153.171
74.769,77.458,108.349,153.969
75.678,77.345,107.759,153.131
77.294,77.231,107.948,153.399
77.907,76.701,108.304,153.906
78.878,76.781,108.903,154.757
81.119,76.383,108.479,154.154
82.924,75.920,108.697,154.465
84.336,76.485,108.992,154.884
85.551,75.510,109.505,155.613
87.437,75.036,109.449,155.533
87.785,74.343,109.800,156.032
88.548,74.297,109.699,155.888
89.113,74.473,109.832,156.077
89.846,74.420,109.935,156.224
89.959,74.292,109.345,155.385
90.362,73.853,110.071,156.416
90.140,72.655,109.653,155.823
90.273,71.641,109.872,156.134
90.465,71.079,110.173,156.562
90.211,69.584,110.640,157.225
90.905,68.729,110.915,157.616
90.005,67.702,111.348,158.231
90.446,67.243,111.441,158.363
90.936,66.781,111.131,157.923
91.140,66.270,110.876,157.560
91.785,65.903,110.599,157.168
91.912,65.568,110.821,157.483
91.328,65.186,110.904,157.601
92.181,64.748,111.145,157.943
91.286,64.515,111.492,158.436
90.755,64.503,111.309,158.176
91.646,64.857,111.358,158.246
90.367,64.521,112.736,160.204
89.174,62.855,113.685,161.552
88.666,62.790,114.735,163.045
87.809,61.247,114.604,162.858
88.552,60.970,114.660,162.938
87.522,60.780,114.089,162.127
88.207,61.040,113.681,161.546
88.786,60.426,113.745,161.637
89.229,60.528,113.122,160.752
88.687,60.395,113.162,160.809
88.901,60.298,112.969,160.535
89.786,60.831,112.794,160.286
89.111,60.331,113.099,160.720
89.044,60.694,113.638,161.485
89.452,60.700,113.222,160.895
89.921,60.252,113.118,160.747
90.355,61.410,112.382,159.701
90.453,61.913,112.353,159.660
90.374,62.212,112.582,159.985
91.024,63.561,112.116,159.323
90.897,63.970,112.135,159.350
90.584,64.385,112.245,159.506
90.360,64.563,112.341,159.643
90.128,64.453,112.360,159.670
90.231,64.316,112.277,159.552
90.561,64.877,112.398,159.724
90.574,64.279,112.706,160.161
90.866,64.168,112.488,159.851
91.516,64.257,112.740,160.209
91.539,63.709,112.633,160.057
92.212,64.167,112.500,159.868
92.625,64.569,112.543,159.930
92.741,64.997,112.568,159.966
93.160,65.425,112.543,159.930
93.503,65.803,112.726,160.190
93.776,65.718,112.630,160.054
94.902,66.507,112.669,160.109
95.883,67.009,112.432,159.772
96.150,66.519,112.671,160.112
97.558,66.920,112.860,160.380
97.971,66.543,112.977,160.547
99.462,66.651,113.062,160.668
100.109,66.722,113.053,160.654
100.836,66.752,112.852,160.369
100.908,66.087,112.997,160.575
101.763,66.266,112.880,160.408
102.392,66.214,112.935,160.486
103.143,66.292,113.120,160.749
103.528,66.341,113.050,160.650
104.241,67.844,112.817,160.318
104.469,67.383,113.220,160.892
105.123,67.572,113.212,160.880
106.164,68.142,113.107,160.731
108.444,69.105,112.851,160.367
110.611,68.932,112.443,159.788
113.114,69.499,112.181,159.415
116.311,70.312,112.036,159.209
118.127,70.191,112.501,159.870
120.549,70.065,113.169,160.819
122.391,70.045,113.058,160.662
124.226,70.591,112.538,159.923
126.021,70.786,112.039,159.213
126.402,70.373,112.299,159.583
127.805,70.012,112.060,159.242
129.102,70.403,111.383,158.282
130.914,70.690,111.649,158.659
132.111,70.934,110.380,156.855
133.837,71.313,109.057,154.976
135.093,71.809,108.529,154.225
135.876,71.286,108.309,153.913
136.752,71.049,108.091,153.603
137.501,71.307,107.561,152.850
138.155,71.464,107.116,152.218
139.020,71.583,106.853,151.843
139.197,71.097,106.757,151.708
139.905,71.018,107.033,152.099
140.599,71.367,107.136,152.246
140.828,71.276,106.826,151.806
141.444,71.370,106.428,151.240
141.927,71.501,105.893,150.479
142.142,71.498,106.642,151.544
141.526,71.384,107.310,152.493
141.332,70.869,107.186,152.316
141.355,70.988,107.045,152.117
141.838,72.392,106.336,151.108
141.797,71.612,106.833,151.815
141.330,71.849,106.916,151.933
141.150,71.609,107.132,152.240
141.663,71.996,106.775,151.733
140.833,71.273,107.489,152.748
141.011,71.518,108.084,153.592
140.034,71.329,108.050,153.545
139.491,71.633,108.228,153.798
139.162,72.492,108.167,153.711
137.784,72.097,108.634,154.374
136.711,72.156,108.670,154.426
134.789,71.849,108.991,154.881
133.284,72.025,108.698,154.466
131.820,71.600,108.903,154.757
130.169,71.340,108.535,154.233
129.412,71.493,108.355,153.978
127.928,70.696,108.609,154.338
127.689,71.075,108.674,154.431
126.612,71.069,108.446,154.107
125.447,70.193,108.676,154.434
125.817,70.021,108.518,154.209
123.908,69.558,108.756,154.548
123.191,69.490,108.875,154.717
121.892,69.252,108.888,154.736
121.062,69.253,108.933,154.800
120.384,69.376,109.224,155.213
118.243,68.565,109.479,155.575
117.172,69.427,109.281,155.293
114.377,67.925,109.976,156.282
112.492,66.713,110.434,156.933
110.271,65.203,110.418,156.910
106.673,63.138,111.048,157.805
105.118,62.172,111.437,158.358
103.921,62.306,111.153,157.954
101.789,61.139,112.204,159.447
101.214,61.765,113.583,161.408
101.135,63.072,113.149,160.790
101.345,64.421,113.079,160.691
100.963,65.797,113.664,161.523
101.224,68.402,113.718,161.599
101.217,70.126,114.060,162.086
101.800,71.005,114.162,162.230
102.122,71.382,114.202,162.287
101.814,71.247,114.185,162.263
102.129,71.201,113.705,161.581
101.807,71.060,113.828,161.756
