134.000,55.000,60.000,88.000
133.458,54.893,59.988,87.983
133.376,54.642,60.102,88.149
133.706,55.204,60.056,88.082
133.426,54.555,60.161,88.236
133.962,55.398,60.257,88.376
133.860,55.531,60.253,88.371
133.654,54.929,60.729,89.069
133.308,54.596,60.380,88.558
133.423,54.822,60.095,88.139
133.737,55.039,60.289,88.425
133.506,55.538,60.231,88.339
135.311,56.161,60.217,88.318
137.648,56.664,60.210,88.309
138.028,56.700,60.496,88.728
137.571,57.033,60.270,88.396
135.536,57.178,60.242,88.355
128.841,56.903,60.003,88.004
121.029,56.818,59.789,87.691
114.032,57.405,58.823,86.273
109.676,55.887,59.812,87.724
103.024,58.322,58.705,86.100
96.066,58.558,58.817,86.265
89.155,59.726,59.016,86.557
83.305,61.780,60.194,88.285
79.196,65.930,61.370,90.010
77.625,68.164,61.827,90.679
76.439,73.822,62.650,91.886
75.668,76.282,63.474,93.096
76.023,81.534,64.440,94.512
78.875,84.411,64.629,94.789
82.401,84.543,64.978,95.301
84.810,84.527,64.831,95.085
92.379,84.929,64.777,95.007
99.760,85.906,64.786,95.020
108.138,85.267,64.882,95.160
118.197,84.739,64.722,94.926
125.488,84.131,65.277,95.740
128.880,85.232,65.342,95.834
135.408,88.171,64.787,95.021
141.030,91.569,65.346,95.841
146.477,93.264,65.135,95.531
151.800,95.684,65.505,96.073
151.400,94.100,65.154,95.560
152.509,94.837,65.152,95.557
152.883,95.327,64.904,95.192
153.358,96.200,64.886,95.166
153.166,95.863,64.756,94.975
153.466,94.109,64.536,94.653
153.363,92.051,65.439,95.977
152.844,87.878,64.758,94.979
153.830,85.459,65.152,95.556
155.009,84.326,64.712,94.911
157.264,83.749,64.624,94.782
156.642,81.615,64.140,94.072
156.078,80.914,64.061,93.956
151.965,79.665,63.905,93.727
143.818,75.866,64.159,94.100
134.273,73.303,64.278,94.274
124.478,70.861,64.576,94.711
113.913,70.575,64.383,94.428
109.788,70.541,64.335,94.357
99.428,69.870,64.234,94.209
91.884,69.775,64.038,93.922
89.125,70.820,63.720,93.456
88.389,71.426,64.210,94.174
88.063,72.251,64.558,94.685
89.695,72.782,64.884,95.163
92.716,73.153,65.088,95.462
97.380,74.044,64.894,95.179
104.097,73.503,65.085,95.458
109.443,72.901,65.360,95.861
115.864,73.594,65.362,95.864
118.231,73.309,65.394,95.911
124.171,72.101,65.662,96.304
130.328,72.175,65.790,96.493
134.800,71.903,65.775,96.470
138.998,71.900,65.632,96.260
139.749,72.225,65.803,96.511
139.989,72.233,66.010,96.814
140.398,76.111,66.136,97.000
139.823,80.155,66.166,97.043
143.362,85.296,66.396,97.380
143.065,89.787,65.869,96.608
141.279,90.386,65.717,96.384
137.199,91.644,65.695,96.353
130.754,92.012,65.455,96.001
123.173,92.648,65.092,95.469
114.682,94.773,64.912,95.204
109.334,94.705,64.708,94.904
107.266,91.749,64.268,94.260
104.726,82.482,64.269,94.262
104.494,74.178,64.543,94.663
105.355,71.036,64.485,94.578
107.161,71.106,64.151,94.089
110.799,71.770,64.059,93.953
113.456,72.336,63.737,93.481
119.882,71.492,63.598,93.277
126.664,70.386,64.351,94.381
132.807,69.862,64.730,94.938
139.840,68.782,64.986,95.312
145.242,66.553,64.985,95.312
145.564,65.885,65.021,95.364
146.024,67.106,65.282,95.747
150.091,75.143,65.270,95.729
147.766,75.376,65.525,96.103
142.279,74.501,65.407,95.930
138.840,73.962,65.662,96.305
128.195,73.281,65.857,96.590
119.044,73.422,66.060,96.889
113.776,76.077,66.092,96.935
108.830,79.823,66.074,96.909
107.514,84.214,66.032,96.847
107.516,85.884,65.853,96.584
109.264,87.948,65.881,96.626
113.694,89.311,65.998,96.798
120.703,90.176,66.044,96.865
127.499,92.167,65.925,96.690
134.409,94.396,65.925,96.690
137.550,94.996,65.782,96.480
140.591,92.469,65.836,96.559
141.807,86.535,65.949,96.725
142.563,82.060,66.122,96.979
142.122,77.111,65.937,96.708
142.779,72.146,65.819,96.534
142.714,69.526,65.434,95.970
144.523,65.567,64.777,95.007
146.959,64.388,64.131,94.059
148.152,65.144,63.920,93.750
146.103,63.034,63.915,93.742
143.547,63.008,63.843,93.636
140.968,62.877,63.660,93.368
134.853,62.997,63.233,92.742
127.024,62.559,63.179,92.663
115.948,60.688,63.175,92.657
104.277,57.981,63.677,93.393
99.915,56.670,63.430,93.030
92.191,57.158,63.383,92.962
87.887,64.297,63.674,93.388
87.839,69.255,63.830,93.617
87.917,71.507,64.554,94.680
91.607,74.348,64.789,95.024
93.888,74.667,64.686,94.873
99.827,73.659,64.923,95.220
108.053,73.838,65.250,95.700
116.865,74.538,65.471,96.025
124.812,74.310,65.971,96.758
132.026,74.844,65.795,96.499
133.895,74.315,65.894,96.644
136.970,74.164,65.761,96.449
137.330,72.070,65.409,95.933
138.837,68.455,65.320,95.803
142.620,67.752,64.813,95.059
142.447,67.465,64.540,94.659
141.944,67.276,64.392,94.442
139.316,67.138,64.334,94.356
134.293,66.878,64.292,94.294
128.341,67.411,63.779,93.542
119.565,66.553,63.080,92.518
110.653,64.192,63.066,92.497
106.943,63.529,63.319,92.867
99.196,62.935,63.010,92.415
91.165,62.873,63.110,92.561
84.721,68.749,63.121,92.577
81.923,78.142,63.296,92.834
82.057,81.998,63.808,93.585
82.078,88.731,63.266,92.790
85.405,94.083,62.968,92.353
90.925,96.164,63.330,92.884
97.843,95.906,63.860,93.661
105.762,95.648,63.863,93.666
110.448,95.552,63.963,93.813
119.736,95.461,64.204,94.165
127.957,95.457,64.239,94.218
136.078,94.336,64.055,93.947
142.144,92.685,64.368,94.406
146.051,89.019,64.376,94.419
147.166,87.379,64.340,94.365
147.384,84.098,64.876,95.152
148.557,81.866,64.489,94.583
150.276,76.393,64.196,94.155
150.685,70.256,64.504,94.606
153.166,70.069,64.086,93.992
153.278,69.517,63.832,93.620
152.444,68.008,63.977,93.832
150.185,68.457,63.957,93.804
145.769,67.331,64.058,93.952
139.818,66.681,64.132,94.060
131.644,65.491,63.798,93.571
128.891,64.385,63.644,93.345
122.666,63.755,63.687,93.407
115.787,62.426,63.627,93.320
108.724,61.902,63.682,93.400
102.058,61.597,63.682,93.401
99.241,61.376,63.723,93.460
92.301,61.811,63.327,92.880
85.924,61.074,63.473,93.094
80.760,61.814,63.710,93.441
80.021,67.270,63.888,93.702
78.113,71.428,64.588,94.729
77.896,72.941,64.778,95.007
79.027,77.160,64.593,94.736
81.471,79.231,64.918,95.213
87.642,81.173,65.028,95.375
94.051,79.738,65.205,95.634
102.157,77.463,65.222,95.660
106.124,77.628,64.871,95.144
114.531,77.499,65.153,95.558
122.892,77.581,65.373,95.880
129.168,77.245,65.783,96.481
134.754,77.390,66.279,97.209
138.443,78.952,66.113,96.965
139.945,80.083,66.144,97.011
140.688,79.256,65.696,96.355
141.665,75.741,65.617,96.238
141.892,70.035,65.244,95.691
144.089,69.405,65.004,95.339
145.291,70.820,64.688,94.876
144.419,70.741,64.544,94.665
142.067,70.439,64.556,94.682
136.850,69.762,64.800,95.039
128.996,69.260,64.589,94.730
120.221,67.535,64.379,94.423
117.380,67.856,64.137,94.067
111.609,67.788,64.116,94.036
105.652,67.940,63.804,93.579
100.230,66.816,63.821,93.605
96.063,66.804,64.040,93.926
94.385,67.312,64.034,93.917
93.885,67.612,63.905,93.727
93.037,66.295,64.134,94.063
94.849,67.288,64.106,94.022
97.266,67.282,64.168,94.114
101.236,67.279,64.259,94.246
105.451,66.904,64.443,94.517
108.362,67.308,64.500,94.600
114.720,67.409,64.376,94.418
121.177,66.789,64.460,94.541
127.562,65.701,64.559,94.687
132.696,65.873,64.627,94.787
138.291,66.298,64.539,94.658
140.613,67.459,64.590,94.732
142.052,69.553,64.824,95.075
143.190,77.295,64.812,95.058
146.133,86.938,64.838,95.095
144.466,91.428,64.787,95.021
140.451,90.465,64.721,94.925
136.101,89.623,65.036,95.386
127.791,91.504,65.088,95.463
116.372,93.404,65.034,95.384
105.097,93.879,65.264,95.721
100.714,93.843,65.565,96.162
99.274,92.320,65.389,95.904
96.651,85.731,65.604,96.220
96.289,81.649,65.810,96.521
95.492,77.236,65.817,96.531
95.124,74.374,66.115,96.969
94.936,72.209,65.974,96.762
95.068,71.038,65.544,96.131
95.470,68.247,65.306,95.781
96.933,67.030,65.125,95.516
99.509,66.231,64.825,95.077
104.335,64.477,64.625,94.783
110.293,62.558,64.676,94.858
113.582,62.730,64.379,94.422
122.011,62.207,64.425,94.490
129.157,61.524,64.157,94.098
134.031,60.753,64.039,93.924
138.181,61.434,63.780,93.544
140.807,61.584,63.805,93.581
142.181,61.601,64.160,94.101
145.232,62.346,63.706,93.436
146.858,61.242,63.494,93.125
146.354,59.201,63.495,93.126
146.590,58.959,63.610,93.295
148.617,60.605,63.090,92.532
149.627,60.071,63.215,92.715
149.212,59.392,63.003,92.404
145.927,57.920,63.091,92.533
141.850,59.197,62.883,92.228
135.951,59.460,62.592,91.802
131.882,58.758,62.968,92.353
123.500,58.810,62.861,92.196
113.576,58.432,62.754,92.039
104.870,58.822,62.850,92.181
98.190,60.287,63.091,92.533
91.986,58.687,63.041,92.460
89.708,58.265,62.650,91.887
85.329,56.805,62.488,91.649
82.913,56.318,61.731,90.539
82.060,56.840,61.052,89.542
81.252,55.522,61.078,89.581
80.384,55.641,60.962,89.411
81.365,56.561,61.037,89.522
82.344,57.220,61.191,89.747
86.373,56.963,61.385,90.031
93.877,57.059,61.660,90.434
103.362,56.495,61.918,90.813
114.502,54.792,61.900,90.787
120.219,54.756,61.546,90.268
129.686,53.888,61.671,90.450
138.294,54.189,61.739,90.551
143.734,55.168,61.905,90.795
144.523,60.273,62.592,91.801
144.126,69.874,63.488,93.116
146.781,77.113,63.751,93.501
146.343,89.563,64.035,93.918
143.926,96.191,64.455,94.534
139.184,98.778,64.933,95.235
130.617,100.615,64.961,95.277
124.765,101.447,64.987,95.314
109.458,103.285,65.180,95.597
98.224,104.014,65.332,95.821
87.197,104.499,64.788,95.022
78.985,101.928,64.947,95.255
75.797,92.495,65.363,95.866
75.063,86.572,65.352,95.849
75.285,77.730,65.242,95.689
76.360,73.599,65.297,95.769
80.820,72.048,65.290,95.759
86.976,68.980,65.190,95.612
95.831,66.727,65.123,95.514
100.563,65.805,65.253,95.705
113.281,66.881,64.977,95.300
124.712,66.508,65.013,95.352
136.321,66.370,64.839,95.098
145.054,66.702,64.717,94.918
150.141,65.910,64.783,95.014
151.912,66.255,65.036,95.386
151.386,68.698,65.032,95.380
151.628,77.261,65.086,95.459
152.460,85.049,65.280,95.744
149.452,87.674,65.264,95.721
142.695,89.084,65.289,95.757
138.552,89.612,64.906,95.195
127.693,89.780,64.960,95.275
117.402,89.338,64.880,95.157
109.883,90.009,64.832,95.088
104.434,90.282,64.625,94.783
102.124,88.554,64.570,94.703
99.423,83.522,64.531,94.646
99.276,79.021,64.735,94.945
98.484,75.879,65.038,95.389
99.409,72.919,65.137,95.534
102.518,69.569,64.901,95.188
105.707,68.654,64.956,95.269
112.628,65.376,65.150,95.553
121.900,65.698,65.083,95.455
131.093,65.022,65.023,95.367
139.179,64.304,64.898,95.183
143.868,64.717,64.820,95.070
143.744,65.074,64.976,95.298
144.226,70.371,64.996,95.328
143.138,76.332,65.118,95.507
138.856,76.592,65.229,95.670
132.299,76.814,65.189,95.611
123.180,77.883,64.590,94.733
117.769,76.977,64.840,95.098
105.605,75.736,64.917,95.211
97.273,75.807,64.667,94.845
91.269,75.146,64.492,94.588
87.807,74.590,64.168,94.112
84.436,74.490,64.285,94.284
82.787,75.292,64.264,94.254
82.681,79.593,64.096,94.008
84.493,83.588,64.092,94.002
87.606,84.345,64.106,94.022
93.281,84.561,64.230,94.204
96.089,84.411,64.197,94.156
104.500,84.234,64.143,94.077
114.025,84.338,64.440,94.512
122.912,84.424,64.765,94.989
131.070,84.674,64.844,95.105
138.263,83.815,65.372,95.879
139.716,83.283,65.434,95.969
141.907,81.626,65.330,95.817
142.533,76.819,65.464,96.014
144.673,72.460,64.943,95.250
146.543,71.344,64.650,94.820
144.655,71.077,64.332,94.354
142.613,70.462,64.481,94.573
137.321,68.625,64.530,94.644
128.425,66.470,64.419,94.482
120.712,66.932,63.899,93.719
108.212,64.380,64.119,94.042
99.381,64.516,64.056,93.949
94.969,64.338,63.890,93.706
85.528,62.144,64.125,94.050
78.952,62.353,64.435,94.505
76.809,64.607,64.291,94.293
75.825,67.676,64.510,94.614
76.918,72.480,64.411,94.470
77.883,74.002,64.398,94.450
82.583,77.016,64.418,94.480
88.638,78.506,64.417,94.478
96.635,79.434,64.843,95.104
106.739,80.350,64.695,94.886
112.142,79.902,64.530,94.644
123.973,80.342,64.499,94.599
134.369,81.325,64.568,94.699
141.886,80.917,64.658,94.832
146.645,80.569,64.603,94.751
148.167,81.361,64.944,95.251
150.870,83.152,64.847,95.109
151.110,82.281,64.911,95.202
149.840,79.820,64.819,95.067
147.385,76.931,64.755,94.974
142.508,72.442,65.163,95.572
135.245,67.846,65.013,95.353
129.754,66.054,64.766,94.990
120.753,62.907,64.600,94.746
111.775,60.800,64.300,94.306
103.733,61.268,63.745,93.492
96.698,61.610,63.656,93.362
89.568,59.880,63.889,93.704
86.344,58.316,63.748,93.497
83.582,59.275,63.897,93.716
82.919,62.461,64.105,94.021
84.022,67.083,64.398,94.450
87.345,71.237,64.631,94.793
91.778,73.109,64.784,95.017
95.555,74.529,64.781,95.013
102.940,75.874,64.831,95.086
112.030,76.797,65.091,95.466
121.325,77.390,64.995,95.326
130.855,76.521,65.451,95.995
135.646,76.510,65.635,96.265
144.259,77.121,65.539,96.124
150.738,77.054,65.577,96.179
152.858,77.253,65.367,95.872
151.975,76.871,65.426,95.958
152.279,73.658,65.604,96.220
153.043,72.456,65.082,95.453
153.036,68.412,64.948,95.258
153.295,66.689,64.651,94.822
153.942,64.253,64.869,95.141
155.268,63.300,64.257,94.243
155.429,60.292,63.547,93.202
155.645,59.882,63.228,92.735
156.538,60.228,62.813,92.126
157.241,61.337,62.502,91.669
156.685,60.551,62.506,91.676
152.576,57.745,62.039,90.990
152.393,56.311,61.632,90.394
152.337,56.510,61.494,90.191
152.448,56.187,61.416,90.076
152.829,56.750,61.263,89.852
152.517,56.509,61.318,89.932
151.131,56.755,61.262,89.851
151.041,55.583,61.394,90.045
151.397,54.217,61.372,90.012
151.166,54.447,61.107,89.623
150.580,53.753,61.083,89.589
150.831,53.572,61.029,89.509
151.379,53.645,60.931,89.365
151.291,53.935,60.955,89.400
151.274,53.862,60.952,89.396
151.913,54.056,61.026,89.505
152.294,54.218,61.059,89.553
150.905,53.776,61.030,89.510
152.597,54.599,61.128,89.655
151.826,53.793,61.122,89.646
151.660,54.182,61.168,89.713
151.361,54.162,61.165,89.708
151.952,53.842,61.208,89.772
151.616,53.878,61.214,89.780
151.588,53.902,61.241,89.820
151.491,53.790,61.235,89.811
150.942,53.592,61.070,89.570
151.275,53.727,61.089,89.597
151.156,53.431,61.094,89.605
151.148,53.353,60.808,89.186
151.035,53.374,60.679,88.997
151.260,53.561,60.445,88.652
151.430,53.369,60.239,88.350
151.398,53.560,60.691,89.014
