294.000,135.000,44.000,171.000
294.517,134.995,43.735,169.969
295.150,134.598,43.836,170.364
296.299,134.219,44.032,171.124
297.168,134.093,44.189,171.733
298.277,134.805,44.177,171.690
298.700,134.150,44.434,172.687
298.732,132.427,45.361,176.290
298.764,132.148,45.912,178.431
297.970,133.155,45.590,177.179
297.188,132.876,45.719,177.680
295.906,133.321,45.461,176.678
293.956,133.858,45.450,176.635
291.816,133.407,45.436,176.582
289.226,132.834,45.636,177.357
287.421,134.509,45.492,176.799
285.357,134.395,45.218,175.735
283.749,134.873,45.036,175.027
282.474,135.627,44.972,174.778
280.992,135.687,44.938,174.645
279.839,136.483,44.699,173.718
278.522,137.591,44.560,173.178
277.323,137.115,44.817,174.177
277.152,137.580,45.252,175.866
276.211,138.334,45.232,175.788
276.110,139.854,44.847,174.292
275.722,140.400,45.132,175.399
274.580,141.062,45.356,176.269
273.882,141.366,45.470,176.712
272.931,142.133,45.406,176.464
271.134,144.298,45.265,175.915
270.322,145.158,45.414,176.497
270.110,147.084,45.045,175.060
269.741,148.754,44.920,174.575
268.962,149.653,44.685,173.662
267.234,149.093,44.563,173.187
266.168,149.169,44.397,172.542
267.040,149.642,44.214,171.832
264.795,149.278,44.278,172.079
264.111,149.169,44.567,173.205
263.929,149.045,45.026,174.989
261.581,149.451,45.138,175.421
262.138,149.380,45.845,178.170
263.745,149.555,46.107,179.187
264.384,149.003,46.162,179.402
265.430,149.580,46.107,179.189
265.748,148.889,46.138,179.308
266.272,148.322,46.255,179.765
268.221,146.957,46.722,181.579
267.252,145.839,47.549,184.792
270.063,144.744,47.803,185.778
267.246,144.030,48.023,186.637
268.244,143.864,47.903,186.168
266.754,142.181,47.817,185.833
265.820,142.413,47.805,185.787
264.169,142.129,47.642,185.156
261.539,142.501,47.178,183.350
261.040,140.619,46.775,181.787
261.959,139.934,46.320,180.018
261.167,140.249,45.657,177.440
260.599,139.642,44.887,174.448
260.468,138.995,44.939,174.649
260.766,137.219,44.956,174.714
259.388,135.324,45.134,175.406
259.852,134.705,45.082,175.204
258.654,133.662,45.256,175.881
258.430,131.725,45.158,175.501
259.080,130.710,45.248,175.850
259.015,130.093,45.119,175.351
260.664,129.463,45.143,175.443
261.258,129.427,44.947,174.682
262.373,128.863,44.780,174.032
263.226,128.923,44.970,174.771
263.705,129.184,45.215,175.722
263.567,129.542,45.291,176.016
264.166,129.228,45.514,176.884
263.590,129.096,45.493,176.802
263.502,128.958,45.235,175.800
263.081,129.627,45.221,175.746
263.912,129.153,45.067,175.146
263.689,130.095,45.102,175.283
264.439,130.543,45.185,175.607
264.094,130.176,45.099,175.269
264.021,130.769,45.250,175.857
264.300,130.326,45.434,176.575
263.006,130.953,45.594,177.195
261.878,130.282,45.628,177.328
260.993,129.719,45.600,177.219
261.538,128.688,45.280,175.974
262.353,127.828,45.165,175.527
262.622,127.899,45.011,174.931
264.349,127.209,44.914,174.550
265.316,127.217,45.043,175.052
266.113,126.295,45.276,175.960
267.260,126.607,45.453,176.646
266.668,126.942,45.251,175.863
270.240,126.617,45.346,176.232
269.508,127.306,45.415,176.498
271.854,126.919,45.534,176.963
273.215,127.282,45.381,176.366
274.457,128.006,45.809,178.030
275.073,127.707,46.054,178.984
275.486,128.084,45.843,178.162
281.613,129.949,46.066,179.029
283.950,129.624,46.657,181.325
292.143,131.423,46.915,182.329
292.428,132.148,46.683,181.428
279.655,157.564,45.984,178.709
280.022,158.766,45.642,177.383
284.925,159.895,45.490,176.790
293.912,161.071,45.237,175.806
299.405,162.476,45.231,175.786
307.275,162.872,44.693,173.693
312.453,166.102,44.382,172.483
321.315,165.190,44.355,172.379
328.099,165.574,44.409,172.589
334.337,164.024,44.303,172.177
341.219,163.093,44.328,172.275
349.762,164.564,44.599,173.328
357.251,164.310,44.318,172.236
363.082,164.313,43.937,170.756
367.200,164.827,44.019,171.073
373.975,163.663,43.973,170.894
382.588,163.182,43.756,170.052
387.261,161.745,43.627,169.552
396.322,161.866,43.533,169.185
399.853,161.956,43.622,169.530
406.683,160.055,44.063,171.245
410.939,160.835,44.202,171.784
416.796,161.934,43.843,170.390
420.741,161.174,43.649,169.635
426.714,162.951,43.474,168.957
431.704,164.477,43.326,168.379
435.652,163.083,43.371,168.555
440.274,163.695,43.508,169.088
443.271,163.316,43.523,169.146
447.069,164.172,43.539,169.208
452.867,163.669,43.499,169.053
458.546,162.534,43.286,168.224
463.544,163.583,42.754,166.156
468.117,162.864,42.908,166.757
470.422,162.905,42.997,167.103
475.481,161.444,43.602,169.452
480.301,159.675,43.783,170.158
483.059,159.563,43.627,169.551
491.199,160.048,43.409,168.704
490.044,161.226,43.459,168.897
497.137,161.600,43.434,168.800
506.802,160.159,43.671,169.722
514.582,160.937,43.745,170.010
519.520,160.577,43.795,170.202
523.788,162.220,43.692,169.803
532.745,162.814,43.587,169.393
533.333,163.794,43.334,168.411
541.423,163.111,43.555,169.272
546.464,163.688,43.552,169.259
546.295,163.646,43.410,168.709
552.435,166.497,43.414,168.724
552.323,166.757,43.353,168.486
559.143,166.690,43.388,168.620
560.465,170.657,43.561,169.294
564.450,168.133,43.756,170.053
567.058,167.788,43.856,170.438
570.401,171.970,44.006,171.022
575.191,169.099,44.203,171.787
579.097,170.326,44.124,171.482
583.001,171.566,44.008,171.032
587.229,169.962,44.097,171.379
589.744,172.414,43.933,170.740
596.397,170.788,43.885,170.554
599.634,171.215,43.635,169.582
604.775,169.860,43.506,169.081
606.728,169.472,43.195,167.871
610.387,170.515,43.229,168.004
614.299,169.979,42.736,166.087
617.244,170.748,42.548,165.356
618.210,170.892,41.850,162.644
620.777,171.782,41.343,160.672
622.708,173.363,40.784,158.500
624.459,174.732,40.725,158.273
625.524,172.619,40.712,158.222
628.521,177.817,40.595,157.768
630.083,172.493,40.500,157.397
629.533,171.950,40.579,157.705
628.730,171.097,40.697,158.165
616.882,191.351,40.517,157.464
623.030,191.144,40.650,157.981
623.142,189.652,40.979,159.261
623.811,190.286,41.061,159.579
584.309,186.185,40.781,158.490
587.348,186.583,40.457,157.231
591.779,186.956,40.312,156.667
596.407,188.693,39.965,155.317
599.230,188.212,40.037,155.600
601.343,189.324,40.123,155.933
606.947,189.746,39.904,155.080
613.782,190.911,39.897,155.056
609.811,190.569,39.523,153.600
615.605,191.532,38.987,151.518
606.300,190.035,38.743,150.570
607.148,191.602,38.349,149.038
609.988,194.075,37.718,146.586
612.018,195.487,37.088,144.137
615.508,195.770,36.633,142.368
620.552,195.523,36.315,141.134
623.212,195.800,36.304,141.092
627.039,194.864,36.378,141.378
575.206,193.786,36.491,141.819
575.419,187.200,36.575,142.144
581.794,183.302,36.876,143.314
583.128,176.894,37.226,144.672
585.211,170.401,37.097,144.174
589.276,164.695,36.984,143.734
594.308,159.457,37.024,143.890
597.981,154.786,36.876,143.314
599.566,150.404,36.613,142.292
603.278,146.173,36.618,142.310
603.580,143.416,36.686,142.576
605.801,142.938,36.706,142.652
608.687,138.921,36.393,141.435
607.667,136.255,36.270,140.958
610.404,135.754,36.103,140.309
610.003,134.438,35.913,139.572
613.668,131.590,35.828,139.239
618.514,132.889,35.844,139.302
618.145,133.607,35.711,138.786
616.246,137.568,35.884,139.458
625.142,127.012,36.021,139.992
625.472,127.502,36.325,141.173
621.956,129.000,36.614,142.297
586.045,172.281,36.678,142.545
582.664,172.235,36.787,142.968
580.274,171.450,36.916,143.470
578.376,172.864,36.998,143.788
577.104,171.409,36.707,142.657
575.662,178.352,36.692,142.599
572.347,174.791,37.064,144.045
568.584,174.536,37.161,144.423
568.448,175.408,37.325,145.058
564.659,176.446,38.453,149.441
562.158,175.028,38.202,148.468
561.292,176.363,37.796,146.891
559.219,176.938,37.059,144.023
558.032,176.937,37.088,144.137
555.664,178.189,37.373,145.245
554.810,177.738,36.859,143.249
551.438,178.882,37.363,145.206
549.450,178.587,37.155,144.398
547.707,177.768,37.229,144.685
544.158,177.613,37.310,145.001
542.721,178.123,36.699,142.624
540.068,178.634,37.319,145.034
538.529,177.947,37.135,144.319
537.903,179.208,37.665,146.379
537.719,179.260,37.243,144.741
537.177,179.444,37.184,144.512
536.101,180.170,37.371,145.238
534.540,180.175,36.963,143.650
533.670,179.727,37.742,146.678
534.316,179.217,37.672,146.406
534.197,180.321,37.816,146.968
532.968,179.381,37.325,145.057
532.009,179.932,37.492,145.707
531.077,179.536,37.601,146.131
528.933,178.805,37.785,146.847
527.777,179.540,37.583,146.062
526.194,178.831,37.335,145.097
524.588,180.439,37.188,144.525
522.963,179.285,37.055,144.008
519.719,179.791,37.056,144.013
517.309,179.388,37.082,144.114
515.259,179.527,36.661,142.479
512.483,179.425,36.997,143.784
510.228,178.636,37.389,145.307
508.458,178.699,37.146,144.361
505.777,178.382,37.117,144.250
504.674,177.734,36.938,143.555
503.897,178.222,36.763,142.876
502.206,179.250,36.843,143.186
499.374,177.666,36.773,142.912
496.568,178.031,37.162,144.426
494.600,177.654,37.248,144.760
491.336,178.179,37.176,144.478
488.183,177.829,36.685,142.572
485.389,177.360,36.479,141.771
481.731,177.937,35.928,139.629
478.291,177.426,35.806,139.156
474.448,178.815,35.789,139.088
471.881,178.970,36.240,140.841
430.731,165.944,35.894,139.497
429.027,165.960,35.238,136.947
428.595,165.080,34.788,135.198
427.177,166.968,34.557,134.299
426.937,165.022,34.213,132.965
423.091,165.459,33.993,132.110
420.927,162.737,34.135,132.659
419.842,167.589,34.006,132.161
416.332,168.532,33.687,130.919
414.278,166.867,33.553,130.400
411.078,167.398,33.375,129.706
410.084,164.313,33.308,129.446
406.734,164.839,33.111,128.681
405.286,165.067,32.681,127.010
402.229,165.371,32.351,125.730
399.070,164.567,32.105,124.771
397.240,165.397,31.932,124.099
395.358,164.550,31.872,123.866
393.474,165.119,31.897,123.962
393.061,164.298,31.639,122.962
392.361,164.558,31.550,122.616
392.259,165.044,31.316,121.706
392.847,163.434,31.414,122.085
394.231,164.300,31.440,122.188
394.191,162.706,31.355,121.857
394.669,160.439,31.327,121.746
395.266,160.687,31.271,121.530
395.413,160.508,31.881,123.900
395.032,160.115,31.786,123.531
396.135,158.615,31.935,124.109
396.582,158.352,32.421,125.999
396.779,158.793,32.359,125.760
397.010,157.673,32.495,126.286
396.968,157.740,32.468,126.182
397.557,157.158,32.930,127.980
397.253,157.405,33.155,128.852
397.345,156.196,33.062,128.490
397.540,154.104,33.070,128.523
397.676,152.971,32.958,128.088
398.487,153.204,33.220,129.106
398.914,151.891,33.140,128.796
399.517,151.705,33.426,129.905
400.940,151.180,33.484,130.132
402.263,149.269,33.493,130.167
403.352,148.695,33.965,131.999
404.841,148.138,34.033,132.265
406.189,147.862,34.271,133.189
407.490,147.306,34.404,133.706
408.728,146.688,34.760,135.090
409.746,146.172,35.669,138.623
410.746,143.960,35.834,139.264
411.839,144.210,36.091,140.264
412.607,142.325,35.651,138.554
414.209,142.028,35.860,139.364
415.937,141.303,36.102,140.306
416.462,140.026,36.159,140.527
416.032,141.306,36.210,140.726
415.848,140.250,36.152,140.499
415.055,139.969,36.206,140.710
412.491,140.534,36.128,140.405
412.492,138.059,36.204,140.701
410.642,138.382,36.292,141.044
408.086,137.166,36.344,141.247
405.795,136.060,36.340,141.231
402.626,135.440,36.208,140.717
400.288,135.447,36.337,141.219
399.195,134.295,36.497,141.842
397.387,135.271,36.781,142.944
395.331,134.044,36.968,143.671
392.277,133.520,36.892,143.374
390.267,131.778,36.883,143.340
387.514,131.390,36.943,143.575
385.610,131.033,37.121,144.267
382.791,130.310,36.816,143.081
380.378,129.700,36.704,142.644
379.638,129.227,36.740,142.786
378.303,128.330,36.894,143.382
377.126,127.062,36.377,141.374
376.999,125.815,36.166,140.556
376.199,124.945,36.121,140.379
376.480,123.863,35.962,139.761
375.701,122.981,36.060,140.141
375.566,121.632,36.070,140.182
374.264,120.226,36.087,140.245
373.306,119.871,36.106,140.320
372.588,120.340,35.996,139.894
371.728,120.210,36.239,140.837
370.491,120.095,36.191,140.650
369.305,119.638,36.092,140.268
367.793,118.742,36.207,140.714
367.273,120.202,36.191,140.652
366.442,119.856,36.203,140.699
365.074,119.651,36.069,140.176
363.833,119.965,35.959,139.751
363.225,121.050,35.948,139.707
361.882,121.512,35.807,139.160
361.858,122.835,35.806,139.155
360.618,123.121,35.521,138.047
359.097,124.545,35.088,136.366
357.970,125.496,34.841,135.407
356.320,126.088,34.560,134.312
353.710,126.776,34.282,133.233
352.420,126.601,34.344,133.474
349.666,127.046,34.210,132.953
347.572,125.810,34.127,132.629
344.488,125.077,34.303,133.314
340.910,124.173,34.461,133.927
336.862,121.275,35.026,136.123
334.036,121.950,34.989,135.981
331.569,121.062,34.967,135.895
328.090,121.851,34.672,134.747
324.351,123.701,34.421,133.772
321.100,124.731,34.422,133.775
317.284,127.038,34.806,135.270
314.252,128.793,35.127,136.517
308.985,130.955,35.402,137.585
304.939,131.285,35.562,138.207
301.224,131.595,35.782,139.063
297.402,131.311,36.015,139.969
293.026,132.106,36.163,140.543
289.051,131.570,36.043,140.076
286.491,132.127,36.049,140.098
285.275,132.392,36.155,140.513
284.267,132.718,36.235,140.822
286.000,132.746,36.127,140.404
283.575,132.850,35.869,139.398
280.716,133.350,35.721,138.826
280.580,133.460,35.960,139.754
277.077,134.796,35.868,139.396
276.867,134.263,35.688,138.698
278.330,134.661,35.395,137.556
275.872,135.270,35.448,137.763
277.431,134.945,35.636,138.494
278.569,136.546,35.841,139.290
274.919,137.446,35.979,139.826
277.448,138.338,36.363,141.320
276.178,138.258,36.717,142.694
274.664,139.697,37.017,143.862
274.900,140.122,37.345,145.137
271.191,139.841,37.624,146.219
271.327,140.351,37.645,146.301
270.869,141.219,37.776,146.811
267.536,142.249,37.814,146.958
266.751,142.297,37.716,146.577
265.497,142.286,37.757,146.738
265.006,142.310,37.807,146.932
264.671,142.303,37.876,147.199
264.463,144.253,37.933,147.420
264.446,144.162,38.288,148.802
264.528,144.886,38.089,148.028
265.528,145.558,38.116,148.132
267.504,146.383,38.121,148.153
270.460,147.375,38.001,147.688
270.764,147.979,38.094,148.046
272.739,148.553,37.936,147.432
275.140,149.831,38.054,147.891
278.057,149.340,38.008,147.713
281.012,149.061,37.908,147.325
283.869,149.757,37.774,146.802
285.700,148.426,37.689,146.474
287.064,148.193,37.764,146.765
287.779,148.726,37.439,145.502
288.912,148.920,37.537,145.881
288.864,146.989,37.524,145.831
288.563,145.395,37.468,145.616
289.235,144.802,37.473,145.635
288.658,143.846,37.380,145.273
287.745,142.565,37.140,144.340
287.093,142.819,36.881,143.332
287.229,143.927,36.553,142.057
286.846,145.724,36.683,142.565
286.750,147.309,36.607,142.270
285.194,147.637,36.112,140.343
282.939,147.661,35.934,139.651
280.229,146.493,35.689,138.699
276.766,145.681,35.368,137.452
273.669,144.033,35.226,136.901
270.701,143.055,34.973,135.917
267.834,142.972,34.767,135.118
266.651,142.606,34.861,135.483
265.338,143.267,34.919,135.707
263.382,143.327,34.964,135.883
263.571,144.253,34.728,134.965
263.303,145.779,34.518,134.151
264.432,147.029,34.397,133.679
264.649,148.222,34.335,133.437
266.300,149.745,34.387,133.640
268.019,151.108,34.473,133.974
270.620,152.281,34.454,133.901
272.548,153.724,34.454,133.901
274.660,155.200,34.281,133.229
276.899,156.121,34.241,133.073
277.690,156.509,34.082,132.454
278.358,156.845,33.957,131.968
277.605,155.659,33.495,130.174
276.925,155.445,33.193,129.001
275.782,154.608,33.240,129.182
274.392,152.663,33.256,129.247
272.053,151.691,33.323,129.505
270.810,150.144,33.389,129.762
269.405,148.174,33.341,129.574
266.736,145.328,33.424,129.899
265.835,143.481,33.384,129.744
264.604,142.157,33.400,129.803
263.460,140.763,33.279,129.335
262.103,139.165,33.162,128.881
261.517,138.503,33.144,128.810
261.811,137.802,33.216,129.088
261.249,136.264,33.030,128.367
261.018,135.914,32.945,128.037
261.677,135.465,33.010,128.290
262.353,133.893,32.858,127.699
263.462,133.910,32.803,127.483
264.388,132.438,32.822,127.559
265.536,132.888,32.465,126.173
267.016,132.006,32.487,126.256
267.947,131.101,32.281,125.457
269.006,130.411,32.217,125.206
270.332,129.209,32.316,125.592
271.382,127.139,32.303,125.539
272.325,124.679,32.325,125.629
273.171,121.830,32.426,126.019
274.196,119.672,32.572,126.586
275.073,117.929,32.420,125.997
276.047,116.473,32.497,126.296
276.796,113.996,32.425,126.014
277.868,113.011,32.323,125.619
278.175,111.844,32.205,125.160
278.757,111.524,32.208,125.173
280.110,111.136,32.080,124.676
278.864,109.400,32.275,125.434
279.313,108.196,32.383,125.851
279.242,107.947,32.547,126.489
278.117,106.058,32.856,127.690
278.268,105.303,32.979,128.168
276.905,104.868,33.188,128.981
277.598,104.596,33.152,128.839
277.038,104.902,33.306,129.437
275.352,104.614,33.396,129.787
275.020,104.897,33.531,130.314
272.776,105.245,33.433,129.931
272.595,104.445,33.427,129.911
271.737,103.141,33.519,130.265
270.408,100.603,32.994,128.226
269.503,97.971,32.296,125.514
268.238,96.297,31.731,123.319
268.130,94.309,31.532,122.547
266.041,92.645,31.399,122.027
265.669,88.900,31.671,123.086
264.081,88.318,31.899,123.970
262.643,86.896,32.097,124.739
261.057,84.554,32.175,125.044
260.052,83.656,32.145,124.927
258.807,81.656,32.350,125.725
255.988,80.116,32.487,126.256
255.078,79.039,32.462,126.161
254.489,78.544,32.482,126.238
253.043,78.063,32.395,125.898
252.591,78.552,32.435,126.054
251.580,78.411,32.399,125.914
251.909,78.351,32.066,124.621
251.843,76.987,31.607,122.838
251.205,76.387,31.219,121.329
252.467,73.247,31.377,121.941
251.610,70.193,31.302,121.653
252.339,67.949,31.044,120.648
253.318,65.630,30.707,119.339
254.004,63.959,30.523,118.625
254.579,60.747,30.256,117.587
254.746,58.995,30.098,116.973
254.979,56.768,29.860,116.047
254.554,55.266,29.974,116.488
254.287,54.090,29.943,116.369
253.551,52.485,29.896,116.187
251.400,51.400,29.847,115.998
251.611,50.788,29.921,116.285
249.907,49.789,29.739,115.578
248.497,49.802,29.777,115.726
247.714,49.493,29.496,114.633
246.267,49.216,29.585,114.977
244.834,49.881,29.646,115.216
242.569,49.449,29.587,114.984
242.365,47.683,30.119,117.055
240.757,45.311,30.047,116.774
239.145,43.700,29.928,116.310
239.062,41.339,29.850,116.007
238.632,39.821,29.778,115.728
238.262,39.445,29.580,114.959
238.752,38.202,29.509,114.684
238.868,36.312,29.578,114.952
238.312,34.526,29.661,115.273
238.537,31.586,29.676,115.333
238.181,30.307,29.780,115.736
238.742,29.209,29.830,115.928
239.433,27.918,29.839,115.965
239.042,27.361,29.953,116.410
238.549,26.188,30.189,117.327
239.309,26.295,30.159,117.209
239.177,26.322,30.302,117.764
240.157,27.813,30.405,118.165
240.107,27.340,30.372,118.037
241.355,28.067,30.212,117.415
242.148,29.633,30.167,117.240
242.647,30.377,29.985,116.532
243.577,32.348,29.664,115.286
243.349,31.750,29.932,116.325
244.087,31.586,30.042,116.755
244.762,31.141,30.305,117.777
245.129,29.999,30.398,118.140
245.495,28.486,30.077,116.891
246.622,28.120,30.358,117.982
247.615,28.819,30.443,118.312
248.735,28.949,30.507,118.560
250.273,30.261,30.370,118.028
249.644,29.203,30.310,117.796
250.256,30.062,30.328,117.865
250.321,29.870,30.646,119.100
250.407,30.361,30.899,120.086
249.722,29.985,31.441,122.190
250.122,31.014,31.617,122.875
248.660,31.938,31.640,122.966
248.713,34.181,31.911,124.017
248.938,37.547,31.962,124.214
249.460,42.442,31.993,124.335
249.417,44.469,32.237,125.286
249.715,47.457,32.521,126.389
249.981,49.469,32.747,127.266
249.614,51.091,32.700,127.086
250.673,52.391,32.775,127.376
251.212,51.893,32.732,127.209
252.209,51.127,32.856,127.690
253.098,50.969,33.194,129.005
255.383,49.909,33.601,130.585
256.248,49.281,33.658,130.807
258.169,48.530,33.592,130.551
260.553,48.023,33.821,131.440
262.908,46.819,33.900,131.748
264.739,46.010,33.934,131.880
266.682,45.701,34.202,132.922
268.710,46.142,34.412,133.737
270.589,46.714,34.575,134.371
273.534,48.284,34.907,135.661
275.140,49.234,35.204,136.815
276.244,50.249,35.332,137.312
277.742,51.687,35.438,137.724
278.537,52.463,35.399,137.572
280.270,53.209,35.454,137.788
282.080,56.730,35.362,137.429
283.375,57.186,35.631,138.475
284.056,58.129,35.639,138.507
284.524,57.493,35.807,139.158
285.659,56.708,35.735,138.881
287.285,56.121,35.441,137.737
288.743,53.038,35.128,136.521
290.960,50.354,34.896,135.620
292.885,48.426,34.569,134.347
295.876,47.298,34.280,133.225
297.329,45.138,34.158,132.750
299.759,43.127,34.069,132.403
301.940,42.091,33.951,131.944
303.568,40.555,33.697,130.958
306.231,40.887,33.190,128.987
308.220,41.430,32.919,127.936
310.835,42.010,32.669,126.963
312.736,42.738,32.480,126.228
313.712,43.112,32.256,125.357
314.505,42.895,32.148,124.938
315.394,43.973,32.172,125.031
316.497,43.768,32.028,124.471
317.382,43.267,31.644,122.980
319.070,42.786,31.597,122.796
320.245,42.105,31.213,121.304
321.097,42.804,30.979,120.396
321.560,43.358,30.829,119.814
322.545,43.331,30.489,118.490
323.820,44.515,30.733,119.441
324.337,44.759,30.414,118.198
324.714,44.990,30.085,116.920
325.777,45.846,30.046,116.771
327.078,46.614,30.079,116.900
328.503,47.864,29.821,115.894
330.383,48.294,29.695,115.406
331.508,48.949,29.698,115.417
332.669,49.557,29.659,115.265
333.337,50.066,29.624,115.129
334.552,49.523,29.671,115.313
336.866,49.064,29.635,115.174
338.432,48.116,29.895,116.182
339.664,47.712,30.152,117.182
341.348,47.133,30.182,117.298
342.548,46.427,30.342,117.921
343.932,46.356,30.539,118.687
345.440,45.896,30.784,119.638
346.279,45.099,31.412,122.079
346.336,45.328,31.907,124.002
346.101,44.247,32.355,125.743
344.608,44.465,32.762,127.324
344.242,45.425,32.864,127.723
344.283,46.577,32.972,128.142
342.940,47.912,32.953,128.066
342.249,49.925,33.381,129.731
341.002,52.082,33.779,131.276
341.139,54.270,33.782,131.288
342.506,56.798,33.750,131.166
344.592,57.054,34.048,132.325
348.071,57.734,34.397,133.680
350.913,56.506,34.523,134.168
355.106,55.321,34.882,135.563
356.702,53.475,34.823,135.336
360.784,52.417,34.809,135.281
363.949,51.155,34.589,134.427
365.026,48.759,34.650,134.663
366.538,48.423,34.508,134.110
367.607,47.883,34.139,132.678
369.625,47.399,33.877,131.658
370.304,47.854,33.660,130.815
370.626,48.571,33.436,129.944
371.201,49.219,33.192,128.997
371.256,49.865,33.127,128.743
370.385,51.755,33.187,128.975
370.232,54.541,32.901,127.866
370.487,55.943,32.512,126.355
370.115,56.746,31.877,123.886
370.816,57.591,31.477,122.332
372.137,56.243,31.212,121.303
373.763,54.005,31.174,121.155
374.862,51.758,31.366,121.898
375.348,48.632,31.338,121.792
376.254,45.316,31.380,121.953
376.907,42.366,31.364,121.893
378.399,40.230,31.131,120.985
379.568,38.121,30.775,119.604
380.989,35.475,30.713,119.363
381.902,33.056,30.562,118.776
383.122,32.135,30.197,117.356
383.326,30.531,30.174,117.268
383.537,29.322,30.147,117.162
384.645,28.482,30.052,116.792
385.546,28.761,29.917,116.269
385.733,28.536,29.886,116.148
385.371,27.771,29.821,115.896
385.920,28.101,29.931,116.321
385.334,27.851,29.967,116.462
384.179,28.316,30.191,117.333
385.259,28.185,30.474,118.432
384.597,28.853,30.822,119.787
383.152,27.993,31.178,121.169
384.152,28.863,31.424,122.125
383.631,29.379,31.783,123.521
382.931,29.600,31.772,123.479
383.103,30.562,31.607,122.838
382.834,31.803,31.713,123.247
383.621,33.638,31.769,123.466
383.206,33.765,32.059,124.591
383.305,34.774,32.102,124.761
383.227,36.534,32.058,124.591
384.551,36.733,31.954,124.187
383.811,37.734,31.921,124.058
385.421,38.128,32.113,124.801
385.118,37.366,32.310,125.570
384.859,37.248,32.062,124.604
384.570,36.731,32.184,125.079
384.566,37.823,32.151,124.951
385.650,38.771,32.152,124.956
386.093,39.789,31.998,124.356
386.175,40.652,31.919,124.049
385.878,40.829,32.022,124.450
385.725,41.327,31.695,123.177
385.615,41.591,31.626,122.912
384.743,41.853,31.628,122.919
384.387,41.505,31.327,121.749
384.286,42.106,31.081,120.791
384.124,42.553,30.906,120.113
383.749,42.933,31.007,120.506
384.692,43.576,31.306,121.666
384.649,43.718,31.194,121.230
385.018,44.362,31.446,122.212
383.719,45.029,31.310,121.681
382.827,45.525,31.091,120.830
383.439,44.895,31.076,120.772
381.806,44.814,31.167,121.126
380.639,44.926,31.223,121.343
379.456,44.510,31.163,121.110
354.576,40.885,30.861,119.937
353.662,40.322,30.815,119.758
352.889,40.480,30.698,119.305
352.803,40.673,30.795,119.679
352.615,40.271,30.685,119.252
351.236,40.502,30.691,119.276
351.066,40.384,30.750,119.507
349.718,40.111,30.911,120.131
347.586,40.324,30.735,119.448
347.360,39.844,30.679,119.231
345.000,38.769,30.372,118.038
343.356,37.825,30.474,118.432
341.319,37.737,30.679,119.229
339.910,36.230,30.766,119.567
339.662,35.773,31.018,120.547
337.005,35.446,30.904,120.104
335.409,34.599,30.477,118.446
334.670,33.995,30.589,118.879
332.790,32.902,30.492,118.503
332.600,32.835,30.401,118.148
330.169,31.881,30.429,118.257
329.475,31.757,30.202,117.376
328.631,32.048,29.779,115.731
327.768,32.697,29.647,115.217
327.465,32.806,29.273,113.767
326.432,33.244,29.421,114.339
325.137,33.714,29.369,114.140
325.092,33.675,29.568,114.911
322.127,34.603,29.745,115.602
320.472,33.816,30.057,116.811
317.094,33.634,30.252,117.570
314.502,33.597,30.554,118.744
313.508,32.456,30.881,120.017
310.356,32.035,31.034,120.611
308.530,32.111,31.924,124.070
306.496,31.283,32.119,124.825
303.781,31.711,32.227,125.246
303.457,32.367,32.219,125.217
300.928,32.272,32.664,126.943
298.923,32.874,32.852,127.673
297.668,33.034,33.245,129.201
295.510,33.497,33.409,129.841
294.408,34.057,33.571,130.468
293.204,34.825,33.611,130.623
291.707,36.112,33.606,130.603
291.440,37.124,33.360,129.649
290.980,38.973,33.112,128.687
289.998,40.131,33.006,128.273
288.895,41.047,32.619,126.768
288.273,42.607,32.487,126.255
286.954,43.299,31.925,124.072
286.444,45.004,31.764,123.447
284.663,45.313,31.215,121.313
284.320,46.656,31.084,120.804
283.286,46.304,30.767,119.571
282.002,47.807,30.540,118.689
281.186,48.181,30.321,117.840
280.347,48.389,30.311,117.799
279.563,48.719,30.208,117.397
278.561,49.729,30.077,116.891
278.330,52.257,29.955,116.415
275.991,54.366,30.024,116.684
277.524,55.251,30.359,117.985
276.818,56.845,30.501,118.539
277.796,58.435,30.542,118.699
277.659,57.907,30.726,119.412
278.100,56.506,30.873,119.986
277.421,55.397,30.979,120.395
277.772,54.519,31.210,121.294
277.557,53.660,31.048,120.665
276.643,53.330,31.066,120.735
276.766,52.210,30.620,118.999
277.051,51.952,30.407,118.173
276.477,51.812,30.139,117.132
277.298,51.536,29.838,115.962
279.025,51.170,29.872,116.094
279.155,52.076,29.457,114.479
280.016,52.639,29.575,114.939
281.809,52.013,29.599,115.032
282.655,52.500,29.779,115.732
284.922,51.648,29.729,115.539
285.638,52.695,29.679,115.342
312.443,56.261,29.616,115.100
314.518,55.886,29.584,114.973
316.086,56.760,29.290,113.831
318.935,56.466,29.013,112.757
320.154,55.936,28.993,112.676
320.813,55.027,28.823,112.017
323.394,55.427,28.731,111.657
323.626,54.918,28.382,110.302
325.573,56.745,27.855,108.253
327.299,56.643,27.593,107.235
328.930,57.574,27.654,107.472
329.970,57.936,27.270,105.981
331.650,58.020,27.102,105.328
334.418,57.860,27.057,105.152
335.586,57.340,26.692,103.735
339.077,57.635,26.388,102.553
341.553,57.761,26.384,102.538
344.894,58.894,26.110,101.472
345.684,58.772,26.102,101.441
347.462,59.538,26.324,102.303
348.539,58.867,26.369,102.478
349.332,58.732,26.047,101.228
350.058,59.202,25.607,99.519
351.683,59.397,25.569,99.371
352.671,60.702,25.325,98.423
353.119,61.264,25.397,98.701
353.296,61.512,25.525,99.198
353.695,61.802,25.860,100.501
353.147,62.266,25.784,100.207
353.245,62.855,25.875,100.558
353.177,62.032,25.780,100.190
353.436,62.176,25.886,100.601
353.707,61.364,26.068,101.311
354.424,61.043,26.153,101.638
355.725,62.433,26.488,102.940
357.253,61.831,26.541,103.147
358.033,61.816,26.549,103.180
359.902,61.554,26.700,103.768
361.236,61.987,26.882,104.473
362.595,62.434,26.852,104.357
364.141,61.980,26.621,103.457
366.012,61.879,26.630,103.492
367.871,61.623,26.303,102.222
369.479,61.196,26.392,102.570
371.669,62.416,26.537,103.131
374.803,61.814,26.574,103.277
377.168,62.131,26.718,103.836
379.179,63.082,26.964,104.790
382.160,62.521,26.943,104.709
383.738,62.691,27.060,105.164
386.312,62.324,26.947,104.725
390.263,62.479,26.889,104.499
393.247,63.668,26.851,104.353
395.138,63.001,26.632,103.500
396.795,62.726,27.019,105.006
398.164,63.056,27.030,105.048
400.379,62.894,26.676,103.673
401.379,63.664,27.031,105.054
403.477,62.769,26.816,104.216
404.677,62.137,26.639,103.530
406.402,62.589,26.749,103.955
406.639,61.630,26.398,102.593
407.316,62.262,26.418,102.669
408.604,63.130,26.450,102.794
409.295,63.767,26.588,103.331
407.495,63.855,26.289,102.169
407.435,64.260,26.299,102.207
406.611,65.600,26.181,101.750
406.265,65.911,26.497,102.977
404.796,65.955,26.495,102.970
403.804,66.858,26.580,103.300
401.966,67.185,26.820,104.231
401.471,67.771,26.918,104.613
401.769,68.757,27.084,105.256
400.834,69.643,27.010,104.969
400.062,71.773,27.032,105.056
400.148,73.218,26.897,104.530
399.955,75.850,26.926,104.643
400.374,77.593,26.591,103.342
399.951,79.589,26.552,103.192
399.999,82.159,26.597,103.366
400.163,83.250,26.719,103.838
400.240,84.975,26.829,104.269
399.231,86.618,26.737,103.911
399.924,87.942,27.008,104.963
398.240,88.444,27.163,105.567
398.652,89.586,27.204,105.726
398.540,90.679,27.246,105.889
397.895,91.884,27.084,105.259
398.001,93.021,27.032,105.055
397.077,94.411,26.835,104.290
397.298,95.854,26.661,103.614
397.274,96.998,26.732,103.892
397.224,98.795,26.818,104.224
397.104,99.157,26.832,104.278
397.109,100.095,26.859,104.384
397.683,101.028,26.808,104.186
398.324,102.016,26.718,103.836
399.338,102.299,26.841,104.314
399.969,103.261,26.760,103.999
400.206,103.982,26.851,104.354
401.616,104.693,26.964,104.793
403.336,106.138,27.008,104.961
402.481,106.408,27.078,105.233
403.489,107.200,27.199,105.705
402.413,108.062,27.276,106.003
400.875,108.792,27.243,105.877
400.551,107.817,27.374,106.385
399.931,109.311,27.331,106.219
399.473,109.409,26.932,104.666
399.069,110.844,26.885,104.483
397.794,113.214,26.799,104.152
396.908,114.620,26.475,102.890
396.118,118.209,26.109,101.467
395.519,119.431,25.645,99.667
394.472,122.360,25.418,98.784
394.253,125.630,25.491,99.066
393.246,128.076,25.631,99.613
392.876,130.918,25.794,100.246
392.304,133.379,25.747,100.063
392.660,136.922,25.988,100.997
391.282,138.580,26.078,101.347
391.227,139.424,26.099,101.431
390.770,140.520,25.993,101.018
392.286,141.103,26.222,101.908
391.602,141.224,26.223,101.911
390.754,141.830,26.152,101.635
389.009,141.364,25.871,100.542
388.687,141.060,25.670,99.762
387.679,141.533,25.436,98.853
386.416,142.711,25.208,97.966
386.014,142.330,25.221,98.017
385.845,143.081,25.123,97.638
384.707,143.028,24.965,97.024
384.276,142.980,25.144,97.717
382.712,142.465,24.896,96.757
380.926,141.129,24.522,95.303
379.673,139.677,24.579,95.523
377.971,139.407,24.557,95.439
378.938,136.553,24.491,95.181
377.954,134.371,24.494,95.192
376.289,131.708,24.741,96.151
378.102,131.116,24.955,96.983
376.073,131.169,25.073,97.445
376.782,128.724,25.394,98.691
376.591,129.546,25.385,98.656
376.420,129.223,25.432,98.839
378.732,129.127,25.805,100.286
378.894,129.549,25.927,100.763
380.306,130.279,26.060,101.280
379.544,130.294,26.617,103.445
380.364,130.799,26.807,104.180
382.139,131.201,27.285,106.038
382.564,132.887,27.116,105.382
384.842,134.687,27.245,105.884
383.983,135.091,27.368,106.362
386.466,136.950,27.244,105.882
387.026,136.588,27.695,107.632
388.436,138.597,27.930,108.546
388.780,138.881,28.234,109.729
390.487,137.904,28.263,109.841
391.238,138.036,28.496,110.748
392.191,138.137,28.631,111.269
394.058,138.177,28.991,112.668
394.531,138.717,28.960,112.548
395.495,137.788,29.229,113.593
397.164,136.214,29.597,115.024
400.266,135.284,29.639,115.189
400.754,132.721,29.818,115.884
404.084,133.492,29.938,116.349
407.169,133.661,29.965,116.456
410.512,132.051,29.790,115.774
414.048,131.885,29.869,116.083
415.173,130.882,30.203,117.380
418.068,128.635,30.114,117.034
392.964,129.739,30.321,117.837
394.649,129.385,30.556,118.750
395.897,127.755,30.589,118.882
397.318,127.264,30.496,118.519
398.360,128.044,30.558,118.759
399.338,128.692,30.516,118.595
399.022,131.251,30.642,119.087
396.890,131.398,30.494,118.509
396.435,131.048,30.265,117.620
393.510,131.180,30.197,117.355
393.836,126.305,30.328,117.865
391.513,127.698,30.231,117.487
421.827,122.974,30.216,117.431
422.659,121.821,30.225,117.464
423.472,121.960,30.341,117.917
421.437,122.031,30.293,117.729
422.582,120.972,30.382,118.075
423.443,121.052,30.193,117.339
421.971,121.134,30.294,117.732
424.621,118.409,30.134,117.111
388.533,122.114,30.223,117.459
391.806,119.329,30.365,118.011
394.858,118.129,30.525,118.632
398.369,120.576,30.635,119.059
400.903,121.166,30.443,118.313
404.541,120.894,30.368,118.020
406.422,121.698,30.394,118.124
408.105,121.223,30.325,117.856
409.228,120.807,30.358,117.981
409.092,117.846,30.540,118.690
409.437,116.810,30.839,119.851
409.814,114.948,31.197,121.245
408.724,114.210,31.665,123.063
409.787,113.502,32.100,124.754
409.320,113.844,32.263,125.385
409.148,114.453,32.370,125.802
412.542,115.400,32.494,126.282
415.168,116.812,32.436,126.059
421.116,118.569,32.829,127.587
424.390,120.118,33.127,128.745
429.537,124.454,33.110,128.678
434.005,124.497,33.167,128.899
435.278,126.218,33.136,128.777
437.048,126.682,33.157,128.861
439.493,125.583,32.917,127.927
440.184,126.309,32.816,127.533
439.525,125.790,32.409,125.952
440.828,123.413,32.069,124.631
441.813,120.194,31.975,124.265
442.355,117.434,32.008,124.394
441.276,115.651,31.908,124.006
441.216,114.163,32.108,124.784
439.035,113.463,32.239,125.294
437.894,114.444,32.081,124.678
437.337,114.592,32.164,125.000
437.042,116.536,32.118,124.823
436.390,116.906,32.197,125.130
433.779,119.373,32.307,125.556
432.739,120.390,32.198,125.134
433.484,124.268,32.354,125.738
433.826,126.165,32.457,126.141
433.496,129.429,32.569,126.576
433.709,129.264,32.670,126.966
433.285,130.666,32.733,127.211
434.079,131.076,32.560,126.538
434.755,132.318,32.482,126.237
435.827,134.024,32.334,125.663
436.666,134.658,32.281,125.455
437.608,135.767,32.232,125.264
441.703,136.071,31.809,123.623
442.983,136.955,31.859,123.814
445.110,137.219,31.979,124.284
448.125,136.604,32.004,124.380
448.000,135.757,32.224,125.234
450.135,134.744,32.303,125.542
450.976,134.037,32.423,126.006
452.723,133.832,32.531,126.428
452.870,134.287,32.553,126.515
453.177,133.422,32.577,126.606
452.802,134.405,32.523,126.396
452.768,134.891,32.629,126.809
452.922,135.359,32.712,127.129
452.165,136.039,32.703,127.094
451.314,135.562,32.778,127.389
449.666,135.537,32.723,127.172
448.923,135.731,32.612,126.741
448.281,136.461,32.699,127.080
447.040,138.181,32.579,126.613
446.696,137.933,32.232,125.267
445.934,138.679,32.122,124.839
445.202,138.619,31.606,122.832
442.759,138.826,31.410,122.070
441.911,140.828,31.450,122.227
440.680,139.865,31.419,122.105
438.860,140.262,31.227,121.359
437.648,139.225,31.316,121.704
434.754,137.597,31.194,121.230
434.110,136.934,31.190,121.217
432.923,136.015,31.177,121.167
430.018,135.579,31.286,121.589
428.599,134.119,31.209,121.289
425.603,132.844,31.145,121.040
422.092,130.437,31.277,121.556
421.577,128.179,31.082,120.795
418.801,124.798,30.967,120.350
417.737,122.849,31.162,121.105
416.290,119.277,31.314,121.698
416.953,116.344,31.291,121.608
416.477,114.400,31.433,122.158
417.563,112.083,31.594,122.787
418.860,108.354,31.856,123.805
420.263,105.934,31.854,123.798
422.236,102.997,32.014,124.418
423.798,100.787,32.135,124.888
425.382,99.883,32.071,124.638
426.007,98.744,32.109,124.789
426.779,97.476,32.150,124.947
428.131,97.168,32.024,124.456
428.563,95.702,31.993,124.336
428.909,94.980,32.033,124.493
428.428,95.510,31.854,123.796
428.241,94.530,31.793,123.558
428.496,93.497,31.713,123.249
428.128,93.255,31.671,123.084
429.992,92.448,31.414,122.088
429.865,92.669,31.378,121.947
429.234,92.118,31.509,122.454
430.253,91.026,31.627,122.913
430.020,89.640,31.482,122.352
430.493,88.682,31.956,124.191
431.314,87.177,32.184,125.080
431.650,86.413,32.426,126.018
432.891,86.913,32.264,125.391
433.136,86.079,32.515,126.365
433.441,85.906,32.566,126.562
434.670,85.632,32.407,125.947
435.021,86.824,32.311,125.572
435.038,86.555,32.352,125.733
435.656,88.389,32.127,124.855
435.953,90.320,32.101,124.757
436.970,90.668,31.892,123.942
437.382,93.112,31.779,123.505
436.803,93.997,31.726,123.299
438.520,95.547,31.551,122.620
437.023,97.405,31.667,123.068
438.303,98.232,31.991,124.329
439.453,98.725,32.204,125.158
439.317,99.483,32.205,125.159
440.348,100.768,31.952,124.177
439.611,102.300,32.044,124.534
439.080,104.807,32.157,124.975
440.389,106.992,32.393,125.891
441.006,109.472,32.423,126.006
440.763,112.875,32.467,126.179
440.733,115.394,32.526,126.408
439.892,117.315,32.330,125.648
439.524,119.780,32.299,125.525
438.302,121.846,32.435,126.055
438.336,124.984,32.245,125.314
437.056,126.626,32.071,124.641
435.824,129.119,32.131,124.872
436.243,130.860,32.160,124.987
434.953,133.814,32.330,125.646
433.265,135.774,32.373,125.812
433.865,138.758,32.581,126.623
433.132,140.203,32.347,125.714
433.521,140.421,32.258,125.368
433.460,140.941,32.184,125.079
433.717,142.001,32.273,125.425
433.821,141.868,32.346,125.710
433.491,143.088,32.392,125.889
434.756,143.749,32.499,126.303
434.335,143.275,32.403,125.929
435.596,142.837,32.423,126.009
435.338,141.950,32.480,126.228
435.507,143.326,32.596,126.680
436.286,141.902,32.402,125.926
435.815,142.993,32.390,125.879
436.174,142.096,32.484,126.246
436.471,141.094,32.402,125.927
436.431,142.315,32.415,125.976
436.337,144.291,32.257,125.364
436.499,143.817,32.290,125.489
435.581,144.216,32.378,125.835
437.107,143.313,32.494,126.283
436.857,142.168,32.209,125.176
437.187,141.999,32.435,126.056
438.316,141.403,32.340,125.684
437.172,141.716,32.401,125.923
438.222,141.226,32.451,126.116
438.397,139.950,32.404,125.935
437.754,140.096,32.327,125.635
437.804,139.849,32.235,125.276
438.014,140.257,32.351,125.726
437.429,140.060,32.161,124.991
437.895,138.955,32.463,126.165
438.285,139.028,32.430,126.034
437.229,138.690,32.392,125.888
436.477,139.817,32.356,125.747
435.379,140.117,32.104,124.766
434.380,140.234,32.031,124.482
433.797,139.139,31.949,124.166
433.056,140.025,31.978,124.276
432.151,139.545,32.067,124.624
430.559,138.470,32.115,124.812
430.017,139.385,31.919,124.051
430.148,139.378,32.120,124.830
428.586,139.540,32.022,124.449
427.712,140.148,32.000,124.364
428.274,138.985,32.238,125.288
427.798,140.142,32.028,124.471
427.158,138.681,32.243,125.307
426.911,138.420,32.370,125.803
426.266,139.534,32.536,126.447
426.599,137.577,32.635,126.832
426.475,138.654,32.696,127.068
425.866,138.928,33.010,128.287
425.527,139.363,32.933,127.988
425.585,140.153,33.266,129.284
425.329,140.352,33.438,129.953
425.653,140.869,33.237,129.170
426.722,141.322,32.927,127.966
428.086,141.544,32.673,126.978
427.973,141.336,32.326,125.630
427.770,142.047,32.117,124.819
427.802,142.054,31.994,124.341
427.256,142.844,32.090,124.712
427.870,142.520,31.874,123.875
427.596,143.052,31.748,123.384
427.620,143.091,31.820,123.665
427.404,141.971,31.885,123.918
426.774,142.526,32.357,125.753
425.535,141.920,32.439,126.069
425.768,142.752,32.480,126.228
424.853,144.056,32.556,126.525
424.527,144.354,32.314,125.584
423.490,145.182,32.369,125.797
423.516,146.166,32.486,126.252
422.515,144.991,32.560,126.541
421.328,146.378,32.541,126.465
421.662,145.564,32.612,126.742
420.633,145.605,32.944,128.033
419.375,145.445,33.303,129.428
418.073,144.216,33.442,129.967
416.409,144.233,33.444,129.976
415.579,143.862,33.484,130.131
414.856,143.409,33.553,130.400
414.581,143.044,33.655,130.796
413.387,142.020,34.101,132.531
412.703,142.281,34.226,133.015
411.359,141.631,34.285,133.245
410.459,142.117,34.351,133.499
409.308,141.180,34.428,133.799
407.532,139.824,34.452,133.894
406.898,138.282,34.449,133.880
405.743,137.646,34.057,132.358
403.468,138.554,34.098,132.518
401.752,136.468,34.455,133.904
399.116,134.813,34.778,135.160
398.889,133.541,34.676,134.765
396.929,130.471,34.814,135.299
395.819,128.342,34.548,134.267
394.478,127.832,34.359,133.531
393.384,125.523,34.558,134.304
393.055,124.621,34.574,134.365
393.294,123.128,34.730,134.972
392.032,121.463,34.878,135.547
391.721,120.927,34.749,135.048
390.579,119.616,34.842,135.410
389.927,119.706,34.954,135.844
388.211,117.903,35.073,136.305
387.383,118.584,35.223,136.891
386.246,117.331,35.072,136.301
384.303,117.394,35.088,136.366
380.832,118.593,35.052,136.225
377.392,120.113,34.920,135.713
373.833,120.437,34.768,135.121
371.401,122.077,34.703,134.869
366.724,122.119,34.771,135.134
363.118,125.032,34.541,134.240
359.783,124.782,34.417,133.757
356.676,124.076,34.235,133.051
354.951,123.080,34.180,132.836
352.626,121.833,34.320,133.382
351.724,121.418,34.547,134.263
350.870,121.589,34.738,135.005
350.308,122.593,34.446,133.869
350.629,124.462,34.242,133.075
351.596,126.071,34.467,133.951
354.246,125.826,34.907,135.660
358.093,127.613,35.063,136.266
362.666,128.196,35.215,136.858
366.084,129.910,35.103,136.425
369.932,131.916,34.827,135.350
373.205,134.470,34.750,135.053
373.549,136.554,34.515,134.139
376.099,138.517,34.212,132.959
377.255,140.758,34.136,132.666
379.009,143.199,34.544,134.250
379.840,144.406,34.604,134.482
380.031,146.091,34.612,134.513
379.816,147.545,34.502,134.086
378.890,149.096,34.327,133.406
378.379,152.445,34.543,134.246
377.672,153.171,34.949,135.824
375.910,155.079,34.949,135.824
375.443,156.590,35.308,137.219
376.627,158.401,35.673,138.638
377.583,158.578,35.601,138.357
379.475,161.681,35.629,138.469
382.461,162.694,35.545,138.142
384.619,165.947,35.914,139.576
386.032,168.156,35.878,139.436
387.191,171.792,35.562,138.207
389.469,174.567,35.442,137.740
391.062,178.443,35.523,138.057
394.094,183.205,35.118,136.481
396.014,186.033,34.766,135.112
396.490,187.316,34.886,135.581
396.485,186.665,34.419,133.763
397.011,184.240,34.097,132.514
397.791,183.929,33.652,130.784
398.288,182.504,33.065,128.502
397.388,182.598,32.380,125.840
397.185,184.721,31.934,124.106
396.897,184.684,31.621,122.892
395.631,185.447,31.396,122.016
395.378,186.205,31.452,122.233
394.160,186.598,31.573,122.706
392.511,186.048,31.599,122.805
390.368,186.659,31.502,122.427
386.964,187.726,31.815,123.646
383.220,186.954,32.194,125.116
381.103,186.338,32.608,126.725
377.402,185.816,33.198,129.021
375.436,184.193,33.280,129.339
371.796,182.841,33.240,129.183
370.056,181.256,33.226,129.130
367.547,179.346,33.397,129.792
366.179,176.524,33.736,131.109
364.404,173.519,33.934,131.882
363.199,170.076,34.158,132.752
362.347,167.150,34.503,134.092
361.272,164.935,34.788,135.201
360.655,163.086,35.223,136.888
358.984,159.997,35.323,137.276
359.543,157.468,35.609,138.390
359.475,154.602,36.249,140.878
359.708,152.153,36.287,141.023
360.926,148.590,36.426,141.567
359.456,145.666,35.999,139.904
360.791,145.150,35.814,139.188
360.287,143.634,36.276,140.981
362.000,140.677,36.000,139.910
331.856,177.498,36.002,139.916
341.697,178.049,35.757,138.966
295.125,179.515,36.051,140.108
293.162,179.040,35.839,139.282
291.847,175.791,36.067,140.168
263.697,180.456,35.811,139.176
260.983,179.544,36.116,140.361
259.120,179.101,36.318,141.146
259.213,178.612,36.833,143.145
259.424,177.102,37.313,145.013
257.207,177.227,37.662,146.369
256.364,177.095,38.190,148.419
257.197,176.241,38.661,150.249
252.013,175.959,39.139,152.107
255.771,174.567,39.328,152.843
257.198,173.324,39.458,153.349
256.449,171.749,39.499,153.506
251.203,172.622,39.546,153.690
251.088,172.767,40.086,155.788
249.581,170.763,40.423,157.099
228.528,178.108,40.367,156.879
226.921,179.511,40.979,159.260
228.707,173.708,40.519,157.471
224.666,178.093,40.481,157.325
225.512,170.438,40.700,158.175
224.885,171.078,41.062,159.582
226.970,170.305,41.238,160.264
224.851,171.522,41.366,160.764
223.967,172.980,41.454,161.104
226.877,173.580,41.450,161.090
222.891,175.582,41.298,160.498
226.546,176.614,41.242,160.282
227.820,178.820,41.450,161.089
216.946,181.477,41.216,160.180
227.447,183.784,41.178,160.031
224.752,186.027,40.936,159.092
226.611,187.415,40.761,158.411
226.210,189.455,40.648,157.974
219.440,191.646,40.129,155.957
226.267,192.033,40.123,155.934
208.008,195.307,40.102,155.850
207.111,196.051,40.057,155.676
208.054,196.644,40.077,155.752
204.080,199.410,39.891,155.030
201.674,201.706,39.693,154.261
199.897,203.662,39.191,152.311
199.557,204.810,39.099,151.951
198.579,206.300,39.242,152.508
198.405,207.759,39.138,152.106
194.557,210.174,39.125,152.055
195.530,210.080,39.196,152.330
195.259,210.824,39.226,152.448
194.419,211.131,39.278,152.647
195.142,211.360,39.565,153.765
192.909,213.030,39.399,153.120
193.822,214.475,39.403,153.136
195.003,214.505,39.988,155.407
191.152,214.931,40.218,156.300
190.006,215.634,40.191,156.199
196.337,209.929,40.002,155.464
200.199,205.850,40.097,155.830
202.199,205.280,40.184,156.171
200.743,205.304,40.339,156.772
203.331,206.118,40.706,158.198
205.837,206.876,41.086,159.676
210.907,213.726,40.846,158.743
212.054,214.989,40.767,158.434
204.658,216.598,40.312,156.666
203.560,218.500,40.130,155.960
203.659,220.811,40.576,157.691
204.452,221.126,40.662,158.028
203.860,220.669,40.282,156.550
206.547,219.947,39.896,155.049
204.419,223.389,39.829,154.789
208.061,219.388,39.923,155.155
208.988,224.028,39.520,153.587
209.073,224.364,39.258,152.571
211.174,224.874,39.152,152.158
214.266,223.114,39.430,153.240
212.386,224.943,39.507,153.540
212.355,225.136,39.575,153.803
213.000,224.884,39.514,153.567
211.294,225.402,39.244,152.517
212.547,226.460,39.587,153.850
212.926,226.495,39.538,153.658
211.191,228.164,39.570,153.785
213.028,226.736,39.548,153.698
212.026,226.141,39.425,153.220
211.095,225.427,39.401,153.127
210.943,226.100,39.956,155.284
211.322,224.327,40.106,155.867
210.281,224.936,39.982,155.384
208.619,225.319,39.726,154.391
206.947,226.219,39.533,153.639
207.905,225.858,39.374,153.023
208.980,225.802,39.578,153.814
207.373,227.366,39.215,152.402
211.361,224.346,39.597,153.887
211.195,223.952,39.845,154.851
212.050,223.916,39.677,154.199
210.749,226.055,39.414,153.178
211.859,226.038,39.547,153.694
212.247,225.212,39.546,153.690
211.001,226.157,38.992,151.538
211.766,225.698,38.269,148.729
211.537,227.125,38.197,148.446
210.169,228.915,38.270,148.731
210.349,230.255,38.247,148.642
208.793,230.488,38.104,148.085
211.278,230.523,38.105,148.091
218.157,229.072,38.908,151.210
216.356,227.759,39.001,151.572
215.072,227.458,39.171,152.231
214.478,227.453,39.283,152.669
212.262,228.376,39.244,152.517
211.487,228.381,39.205,152.365
210.264,227.955,39.378,153.037
