167.000,69.000,24.000,127.000
167.386,69.149,23.747,125.660
168.286,69.238,23.711,125.471
170.010,69.900,23.773,125.797
170.289,69.326,23.890,126.417
171.449,69.770,23.864,126.281
172.182,70.077,23.909,126.516
172.932,70.004,23.897,126.455
173.672,69.459,24.065,127.344
174.453,69.832,23.957,126.773
175.019,69.544,23.797,125.927
175.662,70.501,23.429,123.978
176.998,71.252,23.405,123.851
177.853,71.821,23.164,122.574
178.817,73.681,22.844,120.882
179.626,75.724,22.873,121.034
179.106,77.155,23.253,123.047
178.609,77.254,23.554,124.640
174.682,78.667,23.716,125.496
174.377,82.361,23.522,124.469
176.787,80.073,23.837,126.140
176.838,80.438,23.840,126.152
178.201,81.368,23.853,126.223
180.470,82.270,23.544,124.589
181.660,82.208,23.559,124.668
178.736,83.622,23.496,124.334
182.551,83.701,23.546,124.598
184.129,79.916,23.512,124.417
187.190,76.962,23.705,125.438
187.773,72.969,23.631,125.047
188.100,72.247,23.202,122.778
188.274,70.861,22.817,120.737
188.861,71.714,22.666,119.941
190.069,71.457,22.554,119.346
190.507,72.204,22.423,118.657
190.802,72.342,22.541,119.280
191.174,71.762,22.295,117.976
193.425,73.456,22.428,118.679
189.644,77.711,22.456,118.832
184.999,73.668,22.227,117.619
185.579,72.295,22.090,116.894
185.852,73.671,21.882,115.794
185.874,74.160,21.692,114.787
185.948,73.402,21.626,114.435
185.816,73.418,21.530,113.931
186.117,73.259,21.632,114.471
187.696,73.938,21.563,114.102
189.841,75.027,21.270,112.552
190.675,75.133,21.195,112.155
191.601,75.331,21.020,111.228
192.933,74.988,21.224,112.311
195.629,75.993,21.064,111.465
195.701,78.247,21.111,111.713
196.320,75.115,21.032,111.294
198.561,76.252,21.125,111.786
198.068,76.422,21.316,112.795
197.902,76.969,21.407,113.278
197.776,76.292,21.282,112.619
197.349,76.168,21.400,113.239
196.377,77.519,21.607,114.335
195.627,78.845,21.976,116.288
193.495,80.559,21.987,116.349
192.752,81.696,22.134,117.123
192.251,82.794,22.347,118.251
191.662,82.863,22.481,118.964
188.308,72.837,22.674,119.985
188.417,75.233,22.610,119.647
188.088,76.774,22.597,119.578
186.303,75.723,22.721,120.230
185.145,76.058,22.660,119.910
185.214,76.878,22.694,120.089
183.896,76.501,22.578,119.477
183.644,78.114,22.656,119.888
183.582,79.464,22.825,120.780
182.220,79.066,22.975,121.578
181.190,79.267,22.977,121.584
181.630,80.131,22.999,121.703
181.918,79.769,22.999,121.701
181.795,80.761,23.206,122.800
181.846,79.770,23.237,122.962
182.606,80.481,23.269,123.134
183.253,80.924,23.413,123.893
184.465,80.977,23.505,124.378
185.316,82.008,23.428,123.971
186.728,80.260,23.317,123.388
186.837,79.748,23.120,122.343
186.804,77.404,22.822,120.769
187.995,78.454,22.438,118.733
188.573,77.744,22.262,117.802
188.974,77.608,22.312,118.068
189.213,75.959,22.313,118.075
190.535,76.962,22.138,117.147
191.639,77.875,21.888,115.822
193.307,79.909,21.698,114.819
193.489,68.282,21.779,115.249
194.224,70.412,21.835,115.545
195.571,70.626,21.781,115.259
196.166,70.552,21.775,115.227
196.587,69.710,21.741,115.047
196.740,70.575,21.823,115.480
197.467,71.307,21.856,115.654
196.624,69.786,21.969,116.254
196.945,73.542,22.111,117.001
194.789,70.661,22.307,118.043
194.484,70.320,22.372,118.386
193.604,79.992,22.423,118.653
193.599,72.986,22.521,119.173
193.069,77.295,22.403,118.551
193.467,79.132,22.354,118.290
191.780,79.841,22.341,118.222
191.918,76.129,22.287,117.937
192.448,79.727,22.240,117.685
191.911,75.117,22.191,117.426
191.569,72.365,22.057,116.718
192.034,70.032,22.311,118.060
191.564,75.115,22.268,117.835
191.804,71.511,22.197,117.458
191.166,71.022,22.352,118.277
191.491,71.040,22.445,118.772
192.454,71.917,22.569,119.426
191.888,70.353,22.655,119.882
191.924,71.050,22.752,120.398
191.928,72.009,22.881,121.080
192.194,82.393,22.935,121.367
192.301,78.271,22.773,120.506
191.449,72.778,22.895,121.154
191.968,71.804,22.932,121.350
191.501,71.397,22.799,120.647
191.611,71.701,22.888,121.116
192.153,71.839,22.905,121.203
192.251,72.154,23.091,122.192
192.199,74.286,23.296,123.274
192.063,73.620,23.452,124.101
192.285,72.989,23.593,124.848
191.204,73.932,23.743,125.641
191.223,73.980,23.931,126.637
192.169,75.174,24.022,127.116
192.061,76.037,24.148,127.786
193.120,74.469,23.894,126.440
194.653,75.086,23.753,125.695
195.261,76.594,23.994,126.966
196.596,75.935,24.084,127.444
199.012,76.023,24.112,127.593
201.246,75.109,24.009,127.045
202.180,74.566,23.700,125.414
204.249,73.962,23.300,123.298
206.301,68.767,23.425,123.959
204.362,74.696,23.081,122.136
206.484,71.627,23.056,122.004
205.204,74.353,22.818,120.743
207.650,70.017,22.721,120.231
207.383,69.352,22.596,119.571
205.668,71.367,22.629,119.746
207.442,69.229,22.687,120.055
206.888,69.307,22.522,119.179
208.318,69.684,22.343,118.230
206.590,69.633,22.293,117.967
196.009,70.763,22.335,118.192
195.730,70.517,22.280,117.896
195.457,71.554,22.226,117.612
213.938,71.375,22.216,117.558
213.927,71.617,22.216,117.557
215.197,72.260,22.204,117.495
215.305,74.333,22.240,117.688
216.215,74.366,22.188,117.409
211.355,72.994,22.048,116.673
191.698,71.359,21.901,115.891
193.010,70.465,21.676,114.705
192.197,71.547,21.495,113.744
191.457,71.421,21.450,113.505
195.214,71.620,21.426,113.382
203.321,71.218,21.314,112.787
205.308,71.313,21.440,113.451
204.679,70.301,21.471,113.618
215.124,80.065,21.619,114.398
218.394,80.205,21.740,115.041
217.948,79.339,21.836,115.550
221.027,79.175,21.812,115.422
221.552,79.764,21.950,116.150
221.599,79.758,22.061,116.741
220.622,80.633,22.101,116.951
221.539,78.686,22.257,117.778
222.783,79.246,22.304,118.023
222.889,77.460,22.413,118.603
223.964,76.678,22.605,119.616
223.664,74.376,22.672,119.971
223.418,75.050,22.921,121.293
223.320,73.982,22.945,121.415
221.742,75.437,22.778,120.534
221.387,76.875,22.621,119.704
220.401,80.109,22.488,119.001
219.204,82.764,22.475,118.928
218.755,85.760,22.352,118.278
215.011,87.190,22.483,118.973
216.747,88.678,22.535,119.250
223.302,84.803,22.554,119.349
227.941,88.120,22.517,119.152
225.344,85.953,22.455,118.825
223.031,85.682,22.443,118.758
224.584,85.597,22.588,119.527
222.478,85.189,22.636,119.785
223.236,84.768,22.705,120.145
221.641,81.031,22.775,120.516
220.399,82.488,22.726,120.259
219.557,80.499,22.573,119.449
217.910,80.194,22.356,118.298
215.967,78.484,22.201,117.481
215.729,79.294,21.907,115.923
213.629,78.547,21.695,114.803
212.101,78.255,21.640,114.512
211.122,78.488,21.652,114.574
209.820,79.001,21.533,113.943
207.306,77.727,21.433,113.418
205.187,80.530,21.498,113.759
204.534,77.648,21.388,113.181
203.218,79.521,21.457,113.544
201.774,79.863,21.561,114.095
201.177,78.471,21.365,113.057
200.294,79.238,21.294,112.680
199.880,79.324,21.233,112.358
200.226,79.853,21.265,112.528
199.040,79.603,21.373,113.098
198.264,79.067,21.247,112.432
197.119,79.252,21.348,112.968
196.400,78.627,21.376,113.114
195.576,78.348,21.224,112.308
194.936,79.352,21.194,112.153
194.563,79.029,21.243,112.414
194.339,79.215,21.083,111.563
193.216,79.603,20.918,110.693
192.871,78.697,20.829,110.219
193.273,78.962,21.204,112.202
193.256,78.767,21.450,113.508
193.640,78.913,21.427,113.383
193.070,79.030,21.392,113.200
193.969,79.076,21.426,113.381
194.749,78.942,21.159,111.965
194.496,78.632,21.099,111.651
195.251,79.141,20.981,111.026
196.807,78.740,20.996,111.102
198.069,78.919,21.101,111.658
197.962,78.863,21.019,111.224
201.629,79.397,21.144,111.885
200.789,79.078,21.332,112.883
201.981,77.734,21.325,112.844
201.844,77.592,21.426,113.378
202.600,77.488,21.262,112.510
202.809,77.284,21.129,111.809
203.247,76.909,20.875,110.462
203.680,77.447,20.611,109.068
202.552,78.052,20.821,110.180
203.459,78.369,20.973,110.980
205.645,76.934,21.193,112.147
208.137,77.211,20.816,110.150
210.315,78.114,20.362,107.751
210.990,78.823,20.320,107.526
210.475,77.423,20.187,106.824
212.423,78.159,20.536,108.671
211.961,77.778,20.467,108.305
210.477,78.126,20.561,108.804
210.876,77.380,20.702,109.548
208.115,76.860,20.743,109.764
207.749,76.866,20.584,108.925
205.971,77.267,21.076,111.526
206.620,76.817,21.254,112.470
207.445,77.152,21.375,113.108
207.516,76.775,21.101,111.658
209.333,76.390,20.817,110.158
209.326,77.785,20.452,108.226
210.498,77.641,20.052,106.111
208.842,78.318,20.126,106.500
208.528,77.880,20.503,108.493
207.951,77.980,20.514,108.553
206.010,78.210,20.610,109.060
206.227,77.360,20.702,109.550
204.911,77.647,20.466,108.298
204.586,78.107,20.251,107.159
204.415,78.256,19.925,105.436
205.148,78.926,20.318,107.518
203.502,78.821,20.346,107.666
204.915,78.609,20.336,107.610
206.938,78.709,20.131,106.524
207.581,78.934,19.911,105.363
207.919,79.123,20.085,106.282
207.715,79.051,20.112,106.427
207.115,79.016,20.189,106.832
206.095,78.948,20.554,108.764
205.467,78.875,20.421,108.063
205.481,78.861,20.424,108.078
204.553,77.889,20.513,108.548
203.369,78.134,20.357,107.724
205.318,78.367,20.853,110.345
206.855,79.050,21.003,111.142
207.121,78.744,21.075,111.523
206.775,77.237,21.080,111.547
208.653,77.664,20.749,109.797
208.105,77.777,20.950,110.859
209.489,77.515,21.006,111.159
211.539,78.393,20.807,110.106
212.178,79.054,20.662,109.336
213.159,78.508,20.624,109.136
214.217,78.846,20.578,108.894
214.420,79.587,20.550,108.742
214.585,78.626,20.576,108.881
214.275,79.525,20.464,108.291
213.295,79.643,20.131,106.526
213.030,80.030,20.073,106.221
213.555,80.404,19.963,105.637
213.806,80.998,20.036,106.022
214.710,81.240,19.854,105.060
214.948,81.188,19.772,104.629
215.735,81.558,19.569,103.551
216.830,81.419,19.565,103.531
217.713,81.954,19.513,103.254
217.628,82.585,19.238,101.803
215.749,82.462,18.990,100.487
218.651,83.708,19.009,100.588
221.360,83.838,19.059,100.855
223.862,84.131,19.118,101.166
224.826,83.129,19.312,102.194
226.254,82.393,19.269,101.963
227.038,81.409,19.305,102.158
227.999,80.844,19.094,101.039
229.318,80.936,18.925,100.147
229.436,82.088,18.703,98.969
229.650,81.547,18.462,97.696
228.674,82.497,18.331,97.001
229.109,82.593,18.458,97.671
229.201,82.125,18.317,96.930
230.258,82.867,18.434,97.547
229.050,82.719,18.532,98.064
229.663,82.838,18.582,98.329
229.577,84.186,18.443,97.595
229.229,83.945,18.434,97.549
229.581,82.922,18.558,98.201
233.245,83.476,18.340,97.048
238.522,84.661,18.291,96.791
241.195,85.760,18.077,95.655
243.930,86.961,18.322,96.954
244.616,88.874,18.599,98.421
245.719,89.653,18.478,97.777
237.169,87.247,18.876,99.888
241.822,87.983,18.991,100.493
249.674,90.489,19.133,101.246
240.896,92.185,19.355,102.419
242.803,93.645,19.228,101.751
244.840,94.589,19.458,102.964
239.842,94.382,19.463,102.994
238.549,95.803,19.603,103.735
237.554,95.360,19.810,104.830
237.472,95.380,20.038,106.036
237.809,96.221,20.015,105.912
240.129,96.095,20.071,106.207
241.845,96.178,20.304,107.440
243.739,96.933,20.358,107.726
247.655,98.262,20.262,107.222
249.210,96.188,20.438,108.153
247.925,94.768,20.815,110.147
246.973,92.028,21.064,111.464
245.732,90.118,21.194,112.151
245.257,88.590,20.967,110.948
245.405,88.038,20.539,108.685
244.556,86.568,20.226,107.029
243.759,85.325,20.144,106.597
241.102,82.520,20.177,106.769
238.419,82.124,20.200,106.892
235.778,81.798,20.017,105.923
233.354,80.497,20.109,106.412
228.792,79.460,20.123,106.486
225.664,78.976,20.186,106.817
223.900,78.951,20.338,107.619
221.333,78.589,20.420,108.057
219.854,79.063,20.445,108.186
217.284,78.727,20.510,108.532
214.382,77.573,20.604,109.031
212.421,77.951,20.725,109.672
210.523,77.439,20.752,109.812
208.781,77.316,20.806,110.100
207.537,78.131,20.832,110.235
205.623,78.031,20.817,110.157
203.322,78.414,20.928,110.746
202.166,77.394,21.065,111.472
201.277,79.231,21.125,111.787
199.845,78.094,21.202,112.194
199.246,78.931,21.282,112.616
196.402,78.703,21.406,113.272
195.309,78.905,21.507,113.807
192.520,78.161,21.576,114.174
191.525,79.076,21.455,113.534
191.537,80.563,21.523,113.891
189.221,80.119,21.550,114.035
187.012,80.504,21.493,113.735
184.994,80.472,21.397,113.226
184.549,81.263,21.219,112.283
183.375,80.751,21.064,111.465
179.178,83.123,21.088,111.592
177.814,83.644,21.041,111.341
178.231,88.707,21.041,111.343
175.193,82.159,20.901,110.603
171.425,80.443,20.731,109.702
170.251,80.902,20.761,109.858
166.643,80.497,20.610,109.063
166.895,81.008,20.598,108.995
166.337,81.375,20.670,109.377
165.655,80.526,20.516,108.566
166.266,81.410,20.433,108.127
167.628,81.819,20.421,108.059
169.046,82.458,20.512,108.545
169.870,81.770,20.591,108.962
171.640,82.364,20.631,109.173
173.844,82.119,20.719,109.640
174.478,81.953,20.899,110.589
175.157,82.283,20.836,110.259
177.042,82.264,20.845,110.306
179.323,82.531,20.829,110.220
180.319,82.114,20.883,110.508
180.880,81.226,20.856,110.362
182.403,81.462,20.956,110.891
183.507,80.618,21.056,111.419
184.838,81.085,21.133,111.827
185.110,80.743,21.243,112.412
185.658,80.310,21.368,113.073
185.097,79.289,21.398,113.229
186.537,79.424,21.554,114.058
185.374,78.336,21.624,114.429
187.670,78.682,21.713,114.898
186.657,77.663,21.641,114.517
187.772,77.735,21.672,114.679
188.636,77.948,21.557,114.070
188.079,77.465,21.480,113.663
187.125,77.332,21.553,114.054
187.668,77.308,21.500,113.769
188.736,77.251,21.401,113.246
189.562,77.443,21.519,113.870
189.651,76.725,21.440,113.453
190.503,76.676,21.414,113.315
191.439,76.528,21.412,113.305
193.006,76.222,21.299,112.707
193.274,76.192,21.216,112.269
193.606,75.767,21.286,112.636
192.689,75.587,21.021,111.234
192.343,76.283,21.137,111.852
192.204,76.123,21.101,111.661
191.991,76.296,21.076,111.527
192.012,76.165,21.124,111.782
191.525,76.304,21.131,111.816
191.937,76.393,20.918,110.691
191.703,76.509,20.743,109.766
192.113,77.241,20.846,110.310
192.863,77.492,20.822,110.182
193.780,77.572,20.857,110.366
194.521,77.130,20.901,110.602
194.841,77.093,20.727,109.678
195.616,76.909,20.935,110.782
196.540,77.083,20.961,110.921
197.592,76.944,20.915,110.677
198.316,77.289,20.927,110.738
199.871,77.059,20.748,109.791
200.810,77.131,20.680,109.430
201.874,76.746,20.893,110.558
202.416,76.271,21.074,111.518
203.556,75.609,21.373,113.097
204.478,75.816,21.278,112.595
204.941,76.236,21.180,112.075
206.189,76.533,21.245,112.421
206.772,77.049,21.096,111.634
206.610,76.164,21.153,111.932
207.606,76.420,21.127,111.796
208.128,76.613,21.025,111.259
208.683,77.273,21.001,111.131
209.825,77.342,21.008,111.167
210.157,77.102,21.006,111.159
210.514,77.248,21.042,111.347
211.280,77.081,21.168,112.015
211.260,77.191,21.001,111.130
212.522,76.839,21.280,112.608
212.908,77.252,21.039,111.332
213.772,77.381,21.010,111.178
214.065,77.142,21.182,112.090
214.545,76.786,21.355,113.003
214.376,77.413,20.973,110.980
215.350,77.461,20.970,110.967
215.850,77.639,21.126,111.794
215.641,77.244,21.152,111.932
215.559,77.292,21.106,111.685
216.228,77.875,21.017,111.216
216.404,77.945,21.253,112.466
216.657,78.364,21.089,111.597
216.406,77.558,20.980,111.017
217.032,78.370,20.880,110.492
216.940,78.611,20.818,110.161
217.731,78.714,20.900,110.596
217.891,78.297,20.814,110.139
219.541,78.862,20.888,110.530
218.907,78.312,20.756,109.834
220.261,78.718,20.926,110.734
220.413,79.523,20.837,110.262
221.105,80.353,20.614,109.083
220.752,80.463,20.576,108.882
220.460,80.539,20.488,108.414
220.412,80.982,20.308,107.464
220.034,81.172,20.330,107.578
219.471,80.983,20.247,107.143
219.340,81.099,20.421,108.062
219.380,81.231,20.449,108.211
219.044,81.502,20.405,107.979
218.820,81.311,20.499,108.473
218.208,81.423,20.244,107.123
218.826,81.413,20.337,107.615
217.866,81.704,20.286,107.347
217.488,82.152,19.939,105.510
217.355,82.568,19.699,104.239
217.777,83.350,19.615,103.795
217.767,84.370,19.493,103.148
217.341,84.161,19.189,101.544
217.988,84.782,19.405,102.683
218.406,84.056,19.637,103.911
218.225,84.257,19.463,102.993
218.244,83.995,19.414,102.732
218.533,84.310,19.601,103.722
219.016,84.033,19.779,104.664
219.194,84.301,19.756,104.542
219.300,84.290,19.490,103.132
218.383,83.381,19.668,104.075
218.290,82.838,19.568,103.547
218.342,82.914,19.541,103.403
219.178,82.321,19.599,103.710
218.562,79.694,19.579,103.607
220.226,80.341,19.546,103.433
220.255,80.961,19.522,103.305
220.826,79.948,19.468,103.020
218.421,81.411,19.388,102.596
220.142,81.800,19.650,103.980
219.155,80.979,19.854,105.062
219.462,80.339,19.913,105.373
220.165,81.069,19.923,105.425
218.627,80.214,19.843,105.005
220.879,81.983,19.966,105.652
219.732,81.110,19.957,105.605
220.501,80.872,19.999,105.827
220.148,79.833,19.951,105.575
220.941,80.476,20.139,106.568
219.553,78.263,20.205,106.919
221.087,79.043,20.176,106.763
221.373,78.472,20.011,105.893
218.688,78.947,20.065,106.176
219.644,78.305,20.046,106.074
218.789,78.712,19.964,105.643
219.326,79.715,20.042,106.057
218.772,80.064,20.073,106.217
218.560,79.498,20.040,106.043
218.397,80.920,19.990,105.779
218.535,81.456,19.886,105.228
216.900,80.313,19.963,105.638
217.615,80.885,19.960,105.623
217.614,80.889,20.086,106.290
216.689,79.611,20.250,107.158
216.733,80.051,20.151,106.632
217.514,80.106,20.233,107.067
217.326,80.149,20.385,107.872
217.646,79.474,20.469,108.316
217.580,79.654,20.448,108.202
218.549,80.289,20.528,108.628
218.331,79.875,20.513,108.547
218.646,80.194,20.585,108.927
218.829,80.710,20.726,109.673
218.616,80.674,20.722,109.656
219.570,80.744,20.704,109.558
218.945,80.684,20.785,109.986
219.824,81.002,20.752,109.811
219.198,80.229,20.760,109.853
219.528,79.891,20.701,109.543
219.567,79.800,20.686,109.462
219.297,79.401,20.622,109.123
218.783,79.237,20.542,108.700
217.747,79.285,20.578,108.894
217.790,81.295,20.592,108.968
217.356,80.264,20.586,108.933
217.609,80.794,20.603,109.027
217.640,80.941,20.725,109.669
217.053,80.410,20.715,109.616
217.019,80.387,20.778,109.953
216.394,81.270,20.818,110.162
216.061,81.399,20.836,110.260
215.956,80.855,21.030,111.285
215.434,79.579,21.223,112.303
215.143,78.194,21.465,113.585
214.616,77.766,21.606,114.332
214.224,77.895,21.704,114.852
213.730,77.988,21.689,114.770
213.721,78.710,21.659,114.613
214.472,78.652,21.687,114.763
214.021,78.655,21.638,114.500
214.463,78.431,21.785,115.280
214.262,77.731,21.775,115.225
214.744,77.890,21.524,113.896
215.433,78.175,21.252,112.460
216.458,78.849,21.122,111.768
216.924,78.126,20.949,110.855
217.391,78.143,20.878,110.480
217.573,78.288,20.738,109.738
217.677,78.160,20.746,109.783
217.930,78.269,20.707,109.576
218.584,78.913,20.617,109.097
220.003,79.480,20.495,108.452
219.414,79.003,20.411,108.008
220.684,79.247,20.427,108.092
220.559,78.741,20.373,107.805
220.606,78.638,20.428,108.099
221.129,78.093,20.412,108.013
221.062,77.915,20.511,108.536
220.992,77.941,20.486,108.403
220.699,78.241,20.453,108.229
220.377,78.555,20.418,108.046
220.697,77.850,20.555,108.772
219.653,78.005,20.559,108.792
219.757,78.291,20.749,109.796
218.761,77.911,20.719,109.638
217.353,78.164,20.660,109.324
217.765,78.461,20.642,109.228
217.280,79.994,20.585,108.928
216.723,80.711,20.518,108.575
215.680,80.716,20.608,109.049
214.777,82.191,20.704,109.559
212.931,80.663,20.863,110.402
210.932,80.634,20.962,110.925
208.981,80.118,20.759,109.848
213.540,82.911,21.158,111.959
211.813,80.946,21.171,112.031
203.614,80.940,21.188,112.121
203.467,81.264,21.065,111.471
200.897,79.516,21.106,111.686
200.952,78.969,21.152,111.928
200.188,79.232,21.297,112.699
200.578,78.989,21.318,112.808
200.805,79.327,21.277,112.593
200.155,79.633,21.135,111.837
199.696,79.351,21.094,111.622
200.033,79.186,21.142,111.877
199.720,79.360,21.085,111.574
199.979,79.085,21.137,111.850
199.843,78.942,21.161,111.978
199.981,77.913,21.338,112.912
201.366,78.120,21.350,112.975
200.591,78.060,21.319,112.812
200.676,78.050,21.217,112.273
203.245,79.655,21.060,111.444
202.580,79.486,20.940,110.805
202.551,79.080,20.910,110.648
204.184,79.352,20.914,110.671
205.573,80.407,20.897,110.580
207.300,80.279,20.973,110.982
210.291,81.353,21.158,111.961
211.034,80.580,21.139,111.858
212.139,81.199,20.984,111.043
213.659,80.403,21.022,111.243
214.622,80.444,20.878,110.478
215.198,80.734,20.709,109.585
215.648,80.838,20.715,109.615
215.897,80.907,20.668,109.370
215.843,80.993,20.703,109.555
215.700,81.230,20.687,109.467
215.251,81.460,20.741,109.755
214.222,81.837,20.730,109.699
213.491,81.981,20.737,109.732
212.310,82.024,20.782,109.970
211.673,82.558,20.816,110.151
210.307,82.565,21.021,111.234
208.404,82.553,20.952,110.871
205.514,82.432,20.785,109.989
203.938,82.778,20.834,110.245
201.525,82.449,20.818,110.164
198.979,82.760,20.785,109.988
196.057,82.344,20.870,110.437
192.578,82.333,20.755,109.828
189.139,82.663,20.649,109.267
187.275,84.118,20.588,108.944
184.730,84.854,20.609,109.057
180.934,86.275,20.467,108.302
178.639,87.108,20.392,107.906
176.867,88.875,20.517,108.569
174.220,89.389,20.689,109.479
172.440,89.420,20.665,109.352
172.856,88.639,20.609,109.055
174.237,88.485,20.516,108.562
176.201,87.957,20.311,107.480
179.246,87.907,20.242,107.113
180.261,85.874,19.899,105.296
181.129,88.311,20.030,105.992
182.816,87.243,19.858,105.083
183.246,85.706,19.685,104.168
184.287,86.848,19.609,103.765
185.374,87.516,19.761,104.571
185.811,87.024,19.680,104.142
185.593,86.207,19.561,103.511
186.667,86.150,19.506,103.219
186.913,85.237,19.446,102.899
186.902,84.243,19.370,102.501
187.311,83.867,19.432,102.827
187.083,82.665,19.431,102.821
186.430,83.403,19.412,102.722
186.971,83.304,19.627,103.860
187.844,83.533,19.641,103.933
188.108,83.251,19.536,103.377
189.289,82.676,19.812,104.840
190.851,81.631,19.787,104.706
192.061,80.646,19.911,105.364
192.853,80.492,19.711,104.306
194.205,79.814,19.581,103.615
195.458,80.722,19.799,104.769
197.718,80.451,19.712,104.311
198.570,80.944,19.500,103.189
200.455,80.914,19.438,102.860
201.559,81.208,19.429,102.814
201.793,81.736,19.505,103.212
203.907,80.820,19.539,103.392
204.925,81.588,19.642,103.938
205.410,80.712,19.825,104.907
206.419,81.237,19.848,105.028
206.459,80.545,20.036,106.022
207.317,81.069,20.209,106.941
207.676,81.238,20.349,107.681
207.605,81.372,20.517,108.571
207.598,81.873,20.411,108.007
208.747,81.693,20.332,107.590
208.983,80.468,20.647,109.255
210.204,80.723,20.786,109.990
211.434,81.572,20.911,110.652
208.457,72.370,21.141,111.872
209.215,78.785,20.935,110.783
209.161,81.670,21.275,112.578
206.484,74.787,21.236,112.371
208.281,76.868,21.223,112.308
208.280,77.548,21.279,112.604
208.042,78.257,21.437,113.440
208.958,79.383,21.879,115.776
208.937,80.844,22.101,116.950
209.768,81.744,22.111,117.003
209.722,81.256,22.189,117.417
210.949,81.246,22.179,117.365
211.855,80.970,22.184,117.393
212.498,81.065,22.244,117.705
213.805,81.391,22.267,117.831
214.529,81.377,22.331,118.167
213.327,81.162,22.297,117.990
214.322,82.184,22.213,117.541
214.716,82.547,22.162,117.275
214.748,81.420,22.160,117.264
215.244,82.638,21.977,116.297
215.547,81.170,21.720,114.932
215.187,81.967,21.503,113.786
213.990,82.181,21.531,113.936
213.445,82.570,21.499,113.766
213.956,82.533,21.490,113.715
212.895,83.291,21.582,114.207
214.935,83.423,21.779,115.249
212.100,83.295,21.903,115.903
213.161,82.365,22.093,116.911
212.030,82.648,22.472,118.914
212.572,81.854,22.763,120.456
211.833,81.983,22.743,120.347
211.887,82.232,22.698,120.111
212.214,82.951,22.655,119.882
212.718,83.043,22.882,121.084
211.903,82.420,22.992,121.666
212.602,82.167,22.922,121.298
212.445,82.423,22.790,120.598
