110.000,111.000,37.000,116.000
113.512,109.047,37.011,116.035
115.076,109.192,36.479,114.366
115.811,110.402,35.784,112.187
116.149,110.352,35.994,112.846
115.147,110.443,35.981,112.804
114.110,111.453,36.142,113.310
114.776,111.948,36.132,113.277
114.524,110.830,35.796,112.226
115.305,111.732,35.154,110.211
116.055,112.534,34.862,109.298
117.621,114.518,34.863,109.299
119.103,117.476,34.056,106.771
122.919,117.958,33.413,104.754
124.037,118.092,33.324,104.476
124.435,117.043,33.339,104.522
124.825,116.859,33.467,104.924
124.929,118.631,33.288,104.362
122.964,119.775,32.555,102.065
119.476,121.280,31.786,99.653
115.725,121.911,31.643,99.204
113.166,121.807,31.628,99.159
110.373,119.946,31.821,99.764
107.223,118.461,32.017,100.378
105.715,119.005,31.693,99.361
105.007,121.688,31.002,97.197
104.532,121.921,31.044,97.329
104.049,121.549,31.113,97.543
102.506,119.398,30.387,95.268
100.684,114.584,30.687,96.208
99.548,110.537,30.917,96.929
98.828,110.672,30.813,96.604
98.697,111.590,30.255,94.853
96.965,110.665,29.792,93.403
97.341,108.763,29.406,92.192
100.359,107.926,29.526,92.567
99.625,107.312,29.139,91.355
99.171,101.644,28.886,90.562
96.336,97.927,28.776,90.218
94.973,100.113,28.573,89.581
87.471,102.710,28.338,88.844
79.321,102.252,28.216,88.459
75.450,100.775,27.679,86.778
75.539,99.305,27.490,86.184
75.705,104.226,27.622,86.598
74.981,110.182,27.703,86.853
62.153,109.682,27.497,86.208
72.871,106.240,27.365,85.792
72.689,96.465,27.159,85.148
73.800,84.129,27.082,84.906
73.988,81.592,27.040,84.775
76.180,81.188,27.123,85.035
82.539,87.530,27.193,85.252
84.580,106.127,27.152,85.126
93.871,121.963,27.067,84.858
105.686,132.321,27.134,85.068
105.774,130.262,26.987,84.609
114.117,118.073,27.125,85.040
124.343,97.734,27.135,85.072
132.521,93.238,27.025,84.726
132.349,101.246,27.063,84.847
130.911,118.853,26.917,84.387
131.908,128.122,26.604,83.408
121.429,144.738,26.349,82.606
101.111,149.628,26.267,82.352
105.368,131.174,26.420,82.831
95.601,109.771,26.301,82.456
92.573,105.145,26.443,82.902
92.277,107.165,26.545,83.223
87.572,115.218,26.424,82.844
91.210,124.970,26.347,82.600
105.543,131.890,26.096,81.813
108.730,121.754,26.070,81.732
122.922,101.898,26.125,81.906
134.235,93.657,26.122,81.898
141.057,82.757,26.274,82.372
138.604,84.155,26.456,82.944
135.311,95.348,26.394,82.748
130.968,113.061,26.185,82.092
122.837,119.946,25.969,81.416
98.307,121.491,26.325,82.533
98.383,105.322,26.400,82.767
87.256,94.982,26.346,82.600
89.133,99.947,26.360,82.642
92.089,110.383,26.281,82.393
92.985,115.168,26.267,82.351
109.518,124.390,26.151,81.987
119.865,123.751,25.903,81.208
122.220,113.918,25.854,81.057
132.901,101.814,25.946,81.344
140.087,101.010,25.950,81.355
140.039,102.074,25.959,81.386
138.921,110.166,25.901,81.204
141.268,124.852,25.507,79.969
136.678,133.471,25.329,79.411
122.604,125.722,25.545,80.086
122.865,114.351,25.808,80.912
118.148,109.022,26.120,81.889
116.046,109.502,26.301,82.457
112.911,113.630,26.349,82.607
112.078,116.030,26.342,82.586
115.552,118.227,26.251,82.302
121.343,124.589,26.142,81.958
118.783,126.805,26.080,81.763
114.768,122.140,26.251,82.300
114.210,107.765,26.219,82.202
117.422,107.084,26.188,82.102
115.277,108.904,26.040,81.640
113.720,111.202,25.891,81.170
115.802,118.554,25.764,80.774
106.617,122.249,25.815,80.932
90.013,109.271,26.051,81.673
95.894,92.314,26.172,82.054
74.423,78.048,26.209,82.170
68.799,76.722,26.108,81.852
64.867,79.774,25.925,81.280
64.938,90.219,25.828,80.974
75.326,98.289,25.907,81.222
105.462,109.348,25.879,81.134
118.344,110.030,25.672,80.485
130.790,104.484,25.637,80.376
160.971,90.232,25.594,80.241
181.105,97.272,25.332,79.421
182.593,108.365,24.910,78.095
188.154,122.160,24.769,77.653
184.189,129.074,24.955,78.238
179.184,131.490,24.925,78.144
148.371,135.483,25.002,78.383
140.297,122.713,24.886,78.022
130.106,112.548,24.863,77.947
123.423,115.442,24.681,77.379
119.036,116.596,24.577,77.051
115.706,116.859,24.422,76.567
119.299,122.397,24.373,76.412
126.737,129.866,24.312,76.222
130.142,128.731,24.381,76.439
137.797,112.847,24.338,76.303
138.599,100.742,24.331,76.280
151.601,89.090,24.328,76.272
151.941,83.895,24.395,76.481
150.803,89.163,24.478,76.743
149.411,99.357,24.523,76.884
131.675,108.860,24.550,76.968
117.258,108.370,24.393,76.475
114.016,102.145,24.368,76.397
112.600,90.014,24.232,75.970
108.325,84.112,24.024,75.318
117.582,88.358,23.912,74.967
122.453,94.425,23.866,74.822
126.825,97.604,23.965,75.135
136.673,106.487,23.957,75.110
143.101,111.946,23.822,74.687
147.275,113.963,23.744,74.442
155.767,100.026,23.523,73.747
160.892,93.191,23.666,74.195
156.760,91.883,23.672,74.215
151.275,97.484,23.825,74.695
146.683,108.251,23.946,75.074
135.210,117.848,24.179,75.803
115.838,121.512,24.058,75.425
115.933,110.032,23.815,74.663
107.959,101.802,23.799,74.613
106.134,92.879,23.728,74.391
119.084,93.436,23.651,74.150
124.995,99.531,23.440,73.489
143.407,108.328,23.241,72.865
150.698,111.786,23.132,72.522
159.639,118.376,22.993,72.085
169.183,107.099,22.885,71.747
182.215,88.727,22.792,71.457
189.398,86.397,22.939,71.918
178.994,91.432,23.060,72.295
177.107,95.198,23.228,72.823
173.479,105.085,23.236,72.849
150.728,108.527,23.220,72.797
145.690,110.844,22.957,71.974
128.898,98.525,22.975,72.030
114.882,90.784,23.114,72.465
115.075,90.900,23.026,72.189
115.439,96.486,23.088,72.383
121.894,102.861,23.250,72.892
134.251,112.657,23.356,73.226
153.611,120.130,23.284,72.997
162.683,112.097,23.368,73.261
170.691,103.157,23.342,73.180
184.649,93.958,23.342,73.179
182.531,96.462,23.529,73.768
173.449,99.321,23.805,74.633
169.462,106.590,23.950,75.087
157.022,116.659,23.946,75.075
139.048,119.043,24.000,75.243
124.818,116.168,23.854,74.787
108.598,96.975,23.861,74.807
97.523,87.195,23.994,75.225
97.547,87.145,23.987,75.202
99.980,87.626,24.016,75.294
105.984,90.255,24.101,75.559
116.298,98.402,24.159,75.741
126.496,95.736,24.097,75.549
139.099,83.189,24.077,75.483
150.509,69.117,24.169,75.772
157.410,67.605,24.219,75.929
157.036,64.753,24.237,75.986
152.504,67.643,24.321,76.248
145.231,82.716,24.357,76.363
128.228,99.883,24.287,76.144
103.700,110.202,24.114,75.601
101.421,107.959,24.020,75.305
86.550,98.799,24.008,75.268
72.137,95.502,24.074,75.474
77.988,97.435,24.241,75.998
76.919,99.850,24.260,76.058
90.438,104.544,24.099,75.555
96.035,106.007,24.046,75.388
100.192,105.018,23.866,74.824
116.566,90.785,23.861,74.808
136.351,69.816,24.165,75.761
148.917,64.029,24.366,76.391
146.535,72.001,24.531,76.908
147.526,79.949,24.742,77.570
138.430,93.844,24.832,77.851
113.813,96.570,24.829,77.843
102.279,95.362,24.815,77.797
82.490,82.870,24.826,77.834
73.159,79.482,24.845,77.891
64.238,79.041,24.969,78.281
63.948,84.144,25.006,78.397
67.163,92.683,24.987,78.337
84.956,99.493,24.845,77.893
98.268,96.059,24.718,77.493
103.869,93.198,24.768,77.652
126.503,82.232,24.974,78.297
147.079,70.672,25.161,78.883
151.546,69.532,25.395,79.617
144.522,82.113,25.559,80.131
132.612,97.783,25.519,80.006
121.046,105.717,25.385,79.586
96.254,110.987,25.496,79.932
91.913,107.737,25.438,79.753
81.091,96.406,25.515,79.993
78.661,89.020,25.509,79.973
87.026,87.134,25.371,79.542
93.252,87.873,25.234,79.112
101.523,93.480,25.208,79.030
119.108,95.117,24.913,78.106
118.984,87.203,24.735,77.548
123.500,84.355,24.677,77.366
134.795,72.980,25.022,78.448
139.597,65.454,25.097,78.684
141.518,61.298,25.011,78.413
