264.000,311.000,37.000,69.000
264.813,308.823,37.076,69.142
265.998,308.352,36.571,68.201
265.798,305.219,36.632,68.313
266.863,300.502,36.666,68.378
267.982,298.518,36.181,67.472
268.234,295.902,36.562,68.183
267.915,294.302,37.302,69.562
267.660,292.327,37.506,69.943
268.336,291.723,37.679,70.266
266.338,292.496,37.450,69.839
265.066,293.205,37.474,69.885
264.305,293.224,37.270,69.503
263.777,291.703,36.770,68.570
263.949,290.796,36.884,68.784
261.787,290.716,36.594,68.243
259.680,289.816,36.287,67.670
257.567,289.255,35.990,67.116
255.465,288.120,36.003,67.141
254.381,289.156,35.932,67.008
251.561,287.990,36.050,67.229
251.176,287.858,36.234,67.571
249.992,286.784,36.548,68.156
248.628,284.575,37.016,69.030
248.515,283.408,36.708,68.455
247.010,283.898,36.708,68.456
246.172,285.282,36.831,68.685
245.400,283.699,36.399,67.878
244.131,284.198,36.218,67.542
243.694,284.347,36.001,67.137
242.397,283.446,35.556,66.307
239.165,300.403,35.083,65.425
240.092,285.157,35.628,66.442
237.295,281.485,34.788,64.874
236.550,281.079,35.060,65.381
234.525,279.619,35.314,65.855
232.944,277.819,35.194,65.632
231.103,278.232,35.268,65.770
230.095,278.759,35.323,65.873
230.065,276.500,35.446,66.102
229.867,275.944,35.645,66.472
228.062,277.431,35.418,66.049
228.395,277.627,35.464,66.136
229.607,276.166,35.619,66.425
228.837,276.223,35.278,65.789
229.097,276.918,35.103,65.463
231.198,277.045,35.128,65.509
232.159,276.449,35.070,65.401
231.854,277.873,35.094,65.445
231.755,278.626,35.187,65.618
220.474,302.869,35.383,65.984
223.958,306.471,35.814,66.789
224.131,302.680,36.110,67.341
226.280,301.235,36.110,67.340
229.813,300.276,35.904,66.956
232.190,299.312,35.814,66.789
234.150,299.512,36.161,67.436
236.240,301.137,36.576,68.209
236.735,300.712,36.595,68.244
237.799,303.218,37.085,69.159
241.077,300.517,36.838,68.698
230.264,272.128,36.453,67.980
230.423,273.071,36.440,67.956
230.838,273.897,36.379,67.841
230.857,274.319,36.483,68.036
229.623,273.839,36.420,67.918
228.534,274.357,36.313,67.719
227.453,275.935,36.128,67.375
228.423,275.305,36.091,67.304
228.224,274.434,36.037,67.204
228.418,273.509,36.040,67.210
227.413,271.369,36.083,67.290
225.793,271.846,36.095,67.313
225.693,271.580,36.086,67.296
225.471,269.064,36.021,67.175
225.068,269.883,35.980,67.098
224.303,270.886,35.916,66.978
224.895,269.776,35.839,66.834
224.303,269.800,35.857,66.868
222.671,271.454,35.782,66.729
222.433,273.463,35.800,66.762
221.327,274.430,35.603,66.395
220.652,275.153,35.344,65.912
219.872,276.221,35.183,65.612
218.750,276.773,34.786,64.872
218.874,277.781,34.718,64.744
218.406,280.832,35.227,65.694
218.616,279.962,35.379,65.978
218.638,278.430,35.557,66.309
219.799,276.090,35.418,66.050
221.308,276.233,35.349,65.920
221.391,276.492,35.378,65.975
222.287,277.238,35.513,66.226
222.491,278.238,35.485,66.174
223.939,279.902,35.577,66.347
225.315,279.830,35.425,66.063
227.788,281.906,35.775,66.716
229.187,282.896,36.058,67.243
230.979,282.325,36.264,67.627
231.937,282.540,36.152,67.419
234.084,285.123,35.960,67.060
235.008,284.390,36.098,67.317
237.281,284.920,36.143,67.402
238.062,285.509,35.868,66.889
238.697,285.437,35.499,66.201
239.741,285.723,35.380,65.979
242.044,285.813,35.425,66.063
243.428,286.069,35.294,65.819
243.812,286.097,35.239,65.716
245.808,286.068,35.069,65.398
247.257,288.086,35.171,65.589
248.941,288.149,35.039,65.343
251.403,287.248,34.876,65.040
251.728,286.845,34.898,65.080
251.080,287.784,34.836,64.964
250.867,288.405,34.952,65.181
251.990,288.457,34.303,63.971
251.888,288.967,34.936,65.150
250.049,288.309,35.352,65.926
250.011,287.982,35.736,66.642
249.798,285.741,35.822,66.804
249.541,284.838,35.617,66.421
249.162,285.951,35.341,65.907
249.907,285.973,35.404,66.024
250.499,286.351,35.640,66.463
249.922,285.317,35.546,66.288
249.887,285.086,35.329,65.884
251.104,285.913,35.486,66.177
250.606,289.140,35.663,66.506
250.621,289.585,35.950,67.042
252.245,288.801,35.907,66.961
253.100,288.859,35.434,66.079
253.432,290.506,35.409,66.033
254.169,290.972,35.250,65.736
253.852,291.208,35.298,65.826
254.253,292.566,35.153,65.556
254.964,292.651,35.016,65.300
256.466,294.272,35.088,65.435
256.727,293.754,35.249,65.735
257.069,293.548,35.218,65.676
257.521,293.141,35.084,65.427
257.962,292.833,35.099,65.456
258.083,294.842,35.041,65.346
257.796,295.914,35.063,65.387
257.598,295.220,34.949,65.174
255.781,294.225,34.805,64.906
255.431,293.645,34.634,64.588
254.942,293.749,34.470,64.282
253.227,293.422,34.361,64.078
252.317,293.889,34.362,64.080
250.428,296.256,34.643,64.604
249.988,296.093,34.943,65.164
250.338,294.685,35.127,65.507
250.542,294.827,35.170,65.588
250.136,294.526,35.305,65.840
249.752,293.277,35.536,66.270
249.842,293.406,35.658,66.497
250.504,293.166,35.653,66.488
252.100,292.742,35.443,66.097
253.425,293.019,35.369,65.958
253.928,293.990,35.336,65.898
255.080,294.119,35.384,65.987
256.483,293.670,35.304,65.837
256.220,293.463,35.185,65.615
257.377,293.221,35.249,65.734
258.526,294.645,35.139,65.529
259.014,296.815,35.165,65.579
260.218,294.475,35.045,65.354
261.959,294.077,35.031,65.328
262.502,294.367,34.986,65.245
263.181,294.568,34.956,65.187
263.157,293.064,35.002,65.274
264.024,293.861,35.008,65.286
264.794,291.466,35.091,65.440
265.972,292.195,35.022,65.311
266.048,293.790,34.911,65.105
266.376,293.796,34.832,64.956
267.024,295.651,34.529,64.391
267.565,296.089,34.430,64.207
269.014,297.744,34.353,64.063
269.943,298.632,34.257,63.884
270.210,297.999,34.145,63.676
269.801,300.592,34.124,63.637
269.550,301.114,34.287,63.941
270.884,301.442,34.358,64.073
270.536,302.251,34.417,64.184
270.672,302.373,34.586,64.498
270.431,302.180,34.539,64.411
269.653,303.075,34.365,64.086
270.165,303.744,34.248,63.868
269.835,302.454,33.892,63.204
270.458,301.933,33.960,63.331
271.366,303.188,33.952,63.315
271.112,303.347,33.911,63.240
270.524,304.114,33.911,63.240
270.510,303.633,33.853,63.131
269.732,304.651,33.946,63.304
269.588,306.730,33.971,63.351
269.980,306.283,34.078,63.552
269.348,307.041,33.941,63.295
268.405,306.647,33.798,63.029
267.870,306.356,33.586,62.634
265.981,306.827,33.631,62.718
265.504,309.074,33.649,62.751
266.105,308.065,33.701,62.847
266.795,306.990,33.899,63.217
266.798,307.155,33.832,63.091
267.809,307.817,33.934,63.283
267.531,309.740,33.945,63.303
268.685,310.144,34.070,63.536
269.703,310.616,34.165,63.712
269.431,310.955,34.158,63.700
269.552,310.124,34.140,63.666
269.362,309.739,34.076,63.547
269.630,310.381,34.244,63.860
269.115,310.227,34.281,63.929
269.468,310.529,34.351,64.060
271.046,310.447,34.366,64.088
272.082,309.488,34.435,64.217
272.761,309.455,34.590,64.505
272.907,308.922,34.727,64.762
273.570,309.996,34.695,64.702
274.176,310.425,34.590,64.505
275.340,309.573,34.488,64.315
275.991,310.829,34.313,63.990
276.215,312.162,34.430,64.206
277.698,309.702,34.666,64.647
277.717,308.956,34.661,64.638
276.615,308.662,34.602,64.527
274.816,309.066,34.630,64.580
273.479,311.356,34.609,64.542
272.547,309.919,34.680,64.674
273.612,309.280,34.723,64.753
273.064,309.326,34.611,64.545
271.325,306.773,34.267,63.903
270.308,306.435,34.180,63.741
269.542,305.142,33.831,63.090
268.938,303.630,34.057,63.512
267.035,302.761,34.228,63.831
266.497,302.644,34.351,64.059
268.710,303.805,34.351,64.060
268.631,300.853,34.318,63.999
266.989,299.201,34.186,63.752
267.242,296.742,33.954,63.319
268.642,292.021,33.755,62.949
269.042,289.599,33.723,62.888
267.287,291.804,33.508,62.488
268.496,295.842,33.457,62.393
268.675,297.277,33.300,62.100
263.819,290.959,33.359,62.210
260.038,287.197,33.343,62.180
253.490,284.754,33.189,61.893
249.239,283.517,33.032,61.599
247.820,284.904,32.865,61.288
248.570,287.271,32.960,61.465
251.169,287.094,32.832,61.227
250.911,285.471,32.868,61.294
250.478,286.293,32.960,61.466
249.780,287.045,33.344,62.182
246.274,285.716,33.250,62.007
245.856,285.869,33.247,62.002
243.712,284.516,33.493,62.460
241.287,284.361,33.416,62.317
241.561,287.467,33.452,62.383
242.231,288.614,33.662,62.775
242.836,287.873,33.763,62.963
243.262,288.819,33.727,62.897
244.437,291.810,33.609,62.676
243.804,291.873,33.629,62.714
241.909,289.512,33.790,63.015
240.854,288.314,33.581,62.624
239.249,289.033,33.570,62.604
238.109,288.643,33.612,62.681
238.831,288.486,33.716,62.876
238.552,288.393,33.698,62.843
238.725,289.963,33.703,62.851
239.246,291.633,33.472,62.420
236.273,290.167,33.465,62.408
235.237,291.945,33.480,62.436
234.703,294.705,33.407,62.299
234.969,295.425,33.356,62.204
233.176,294.535,33.124,61.771
231.289,293.847,33.135,61.792
232.208,294.498,32.975,61.494
233.669,294.581,32.643,60.874
233.056,293.621,32.426,60.470
231.944,291.181,32.476,60.563
230.980,288.166,32.688,60.958
230.936,285.096,32.751,61.077
232.254,282.154,32.607,60.808
232.761,282.328,32.463,60.539
231.692,282.023,32.476,60.563
231.353,280.749,32.600,60.795
233.782,280.088,32.511,60.628
235.028,278.391,32.437,60.491
234.955,277.603,32.375,60.375
235.816,278.680,32.311,60.255
236.999,278.930,32.326,60.283
238.690,279.827,32.283,60.204
240.200,280.330,32.062,59.792
242.367,279.350,31.946,59.575
244.748,278.912,32.246,60.134
247.788,278.369,32.278,60.193
249.743,277.107,32.340,60.311
252.590,277.709,32.356,60.339
255.980,278.098,32.381,60.386
258.134,278.049,32.474,60.559
262.240,277.566,32.460,60.534
267.050,278.108,32.269,60.177
271.945,279.122,31.947,59.576
276.697,280.936,31.773,59.252
279.401,281.420,31.419,58.593
284.246,282.356,31.394,58.546
285.617,281.983,31.434,58.620
286.918,282.035,31.545,58.828
285.766,282.450,31.959,59.599
285.201,281.112,32.198,60.045
285.754,281.577,32.008,59.691
286.253,281.028,32.209,60.065
287.104,279.325,32.013,59.700
288.579,279.118,32.107,59.876
289.936,278.711,31.814,59.329
290.850,278.627,31.813,59.326
292.842,278.702,31.778,59.261
292.650,278.571,31.869,59.432
292.167,279.232,32.230,60.105
291.178,279.497,32.117,59.895
291.073,279.019,31.629,58.984
291.295,278.988,31.611,58.950
291.272,279.678,31.849,59.395
290.065,276.665,31.924,59.534
290.347,274.836,32.396,60.414
286.898,276.211,31.864,59.422
286.125,276.389,32.067,59.801
286.219,273.286,31.929,59.542
281.779,270.082,31.784,59.273
278.526,276.360,31.467,58.682
277.155,283.865,31.295,58.362
282.314,291.055,30.975,57.764
286.678,290.768,31.364,58.490
290.540,288.974,30.942,57.702
290.470,291.461,31.103,58.002
285.959,296.035,30.688,57.229
284.656,298.567,30.232,56.379
280.848,293.546,30.130,56.188
278.824,287.166,29.748,55.477
276.383,285.515,30.050,56.039
272.382,289.216,29.791,55.556
267.896,289.846,30.022,55.987
265.324,289.040,30.503,56.883
261.919,289.495,31.055,57.913
259.325,292.574,31.215,58.213
258.819,292.948,31.592,58.914
259.360,294.349,31.578,58.888
259.801,296.217,31.466,58.680
257.661,298.036,31.359,58.480
256.461,299.836,31.430,58.612
255.883,300.997,31.495,58.733
256.146,302.003,31.555,58.845
256.915,301.853,31.721,59.155
256.957,302.471,31.709,59.132
256.137,303.750,31.262,58.299
254.103,303.905,31.369,58.500
252.524,304.572,31.058,57.919
250.374,302.876,31.315,58.398
249.233,301.532,31.431,58.614
245.938,300.826,31.612,58.952
242.691,302.980,31.691,59.099
236.294,302.156,31.969,59.617
232.274,301.362,32.114,59.889
225.926,299.967,32.078,59.820
219.776,298.832,31.972,59.623
218.180,299.912,31.977,59.634
216.125,301.742,32.112,59.885
214.174,304.382,32.284,60.206
213.642,309.762,32.463,60.538
213.126,314.158,32.258,60.157
213.484,316.756,32.286,60.209
212.394,320.321,32.395,60.413
211.882,321.061,32.384,60.391
208.830,321.214,32.368,60.362
207.078,323.300,32.569,60.737
204.282,323.842,32.586,60.769
201.209,323.344,32.513,60.632
198.040,324.693,32.490,60.589
194.276,325.451,32.367,60.361
192.318,327.511,32.219,60.084
190.688,332.745,32.054,59.777
186.561,335.831,32.055,59.778
185.843,334.869,32.028,59.728
187.479,335.140,31.940,59.563
186.281,336.788,31.863,59.420
184.320,339.114,31.523,58.786
183.026,340.625,31.546,58.829
181.707,342.832,31.626,58.979
179.780,345.524,31.741,59.192
177.630,346.751,31.798,59.299
175.458,347.916,31.792,59.288
174.339,349.796,31.775,59.256
171.140,351.862,31.725,59.163
169.401,353.132,31.719,59.152
168.840,354.231,31.652,59.028
168.736,354.961,31.757,59.223
169.128,354.178,31.602,58.933
170.459,355.469,31.712,59.139
169.254,356.508,31.518,58.776
171.380,354.809,31.423,58.600
173.366,353.796,31.218,58.218
175.276,351.223,31.570,58.874
177.126,349.537,31.766,59.240
176.232,350.539,31.779,59.264
177.528,349.653,31.777,59.259
180.695,346.521,31.779,59.264
183.606,344.711,31.769,59.245
186.388,342.618,31.640,59.005
190.801,340.447,31.493,58.731
193.395,336.966,31.480,58.705
199.928,337.105,31.288,58.349
205.246,335.105,31.320,58.407
207.963,331.648,31.405,58.566
209.374,330.694,31.434,58.621
209.830,331.396,31.310,58.389
212.519,332.165,31.241,58.261
213.765,332.985,31.256,58.287
214.231,333.875,31.254,58.284
214.304,334.372,31.156,58.101
214.297,334.718,30.866,57.562
215.271,335.661,30.982,57.777
216.447,335.919,30.816,57.468
216.768,334.354,30.733,57.313
217.544,334.836,30.692,57.237
218.010,334.640,30.562,56.993
219.632,332.865,30.575,57.018
218.557,332.283,30.632,57.125
218.372,332.468,30.783,57.407
217.938,330.701,30.744,57.334
216.637,331.281,30.816,57.468
215.036,330.930,30.665,57.185
214.162,330.848,30.703,57.257
213.841,331.302,30.606,57.076
213.688,333.016,30.565,57.000
212.833,333.901,30.455,56.795
211.137,332.170,30.465,56.814
212.499,331.434,30.469,56.821
212.858,330.721,30.673,57.201
212.953,330.080,30.748,57.340
213.176,330.201,30.903,57.629
213.571,331.157,30.985,57.783
211.720,331.673,31.130,58.054
211.630,331.556,31.206,58.195
212.952,332.580,31.093,57.983
214.019,333.271,31.076,57.953
214.372,333.512,30.891,57.607
214.924,335.025,30.843,57.518
215.240,333.021,30.815,57.466
214.885,331.959,30.655,57.168
214.803,333.481,30.562,56.994
214.897,332.227,30.572,57.012
214.143,331.140,30.707,57.264
213.452,331.558,30.434,56.756
213.002,330.772,30.605,57.073
214.160,328.892,30.626,57.113
215.758,330.369,30.739,57.324
217.076,328.727,30.561,56.992
220.869,326.429,30.439,56.764
220.649,325.644,30.516,56.909
221.081,327.152,30.509,56.896
221.424,327.041,30.536,56.946
220.919,326.607,30.637,57.135
220.594,326.900,30.678,57.211
219.546,326.717,30.731,57.309
219.871,327.018,30.552,56.975
219.821,327.898,30.733,57.313
220.017,326.120,30.504,56.886
219.889,326.431,30.457,56.799
217.976,328.432,30.355,56.608
218.074,328.855,30.095,56.123
218.218,328.078,29.689,55.367
216.581,331.008,29.251,54.548
217.613,331.753,29.447,54.914
218.258,330.092,29.798,55.569
218.997,328.946,29.840,55.648
218.341,329.604,29.965,55.880
216.346,328.772,29.987,55.922
215.110,327.091,30.038,56.017
215.191,327.939,30.080,56.094
216.339,329.090,30.143,56.212
218.073,330.147,29.835,55.639
219.721,331.533,29.790,55.553
219.887,332.303,29.676,55.342
220.549,332.916,29.527,55.064
221.172,331.239,29.833,55.635
222.394,329.307,30.028,55.998
224.150,326.951,29.893,55.746
225.477,326.142,30.065,56.067
225.637,325.259,29.998,55.943
226.057,324.239,29.973,55.895
226.099,323.278,30.024,55.991
226.986,323.517,29.862,55.688
227.984,324.253,30.023,55.988
227.693,325.308,29.927,55.810
228.117,328.307,30.132,56.192
228.432,330.164,29.743,55.468
229.145,331.375,29.875,55.712
230.618,332.523,29.971,55.893
229.988,333.575,30.028,55.999
230.682,332.038,29.923,55.803
230.447,333.296,30.152,56.230
227.379,335.810,29.796,55.566
226.772,336.327,29.665,55.321
225.419,334.732,29.650,55.293
224.052,335.205,29.670,55.330
222.608,334.810,29.754,55.488
221.010,333.242,29.643,55.280
221.276,333.600,29.567,55.138
222.097,334.550,29.372,54.774
221.941,333.856,29.304,54.649
222.352,332.662,29.484,54.984
222.265,333.088,29.989,55.925
221.543,331.652,29.919,55.795
222.363,332.190,30.236,56.386
222.447,331.980,29.979,55.906
221.593,332.361,30.062,56.062
220.039,333.989,30.175,56.273
219.429,335.636,29.968,55.886
218.956,335.228,29.718,55.421
218.454,334.397,29.674,55.337
217.774,335.098,29.377,54.785
216.708,336.440,29.372,54.775
215.471,337.481,29.173,54.403
215.240,337.820,28.965,54.017
213.222,338.575,28.785,53.681
212.203,339.386,28.988,54.059
213.581,337.641,28.880,53.857
213.276,337.998,28.865,53.829
211.796,338.324,28.929,53.948
213.493,336.451,28.855,53.810
214.110,333.532,28.759,53.632
215.543,331.520,28.889,53.873
216.068,329.553,28.791,53.691
215.637,331.020,28.806,53.719
213.761,329.646,28.710,53.540
212.739,328.082,28.592,53.321
212.967,328.361,28.641,53.411
209.845,328.458,28.520,53.186
210.442,330.439,28.650,53.428
209.021,329.494,28.691,53.504
208.869,330.895,28.751,53.617
205.631,330.967,28.857,53.814
206.176,331.022,28.883,53.862
203.941,330.244,29.043,54.160
202.718,331.370,29.012,54.104
202.126,330.089,29.128,54.320
201.721,330.527,29.249,54.546
200.123,330.540,29.465,54.949
198.761,331.214,29.621,55.240
199.217,331.452,29.772,55.520
200.083,329.770,29.762,55.501
200.269,330.356,29.799,55.571
202.051,330.930,29.816,55.603
203.164,330.014,29.907,55.773
201.804,331.197,29.866,55.696
200.251,332.357,29.921,55.799
200.219,333.377,30.002,55.949
199.535,333.420,29.896,55.753
199.044,335.262,30.073,56.082
196.250,336.326,30.060,56.058
195.111,338.119,30.181,56.283
193.983,338.983,30.362,56.621
194.093,338.478,30.453,56.790
193.873,336.428,30.472,56.826
193.395,336.975,30.375,56.645
192.815,337.292,30.329,56.559
193.659,334.624,30.251,56.414
194.882,333.464,30.351,56.601
194.538,333.786,30.406,56.704
194.506,333.165,30.531,56.935
195.465,331.923,30.428,56.743
195.758,330.072,30.396,56.685
196.773,328.277,30.415,56.720
196.947,326.861,30.521,56.917
196.648,328.042,30.758,57.359
196.082,328.049,30.874,57.575
196.514,327.433,30.782,57.405
196.570,328.329,30.712,57.273
195.950,326.736,31.208,58.199
196.357,326.420,30.934,57.689
195.621,325.889,30.937,57.693
193.715,327.023,30.989,57.789
190.745,328.041,30.898,57.621
188.195,328.376,30.751,57.347
187.548,328.870,30.591,57.047
185.737,329.893,30.539,56.952
184.223,331.809,30.408,56.707
182.299,331.203,30.366,56.629
181.546,331.442,30.242,56.397
181.761,331.531,30.201,56.321
181.156,331.156,30.246,56.405
180.443,330.815,30.311,56.527
180.198,330.309,30.234,56.382
180.836,331.944,30.199,56.317
179.722,331.783,30.243,56.398
180.051,331.563,30.238,56.389
179.682,330.855,30.359,56.615
179.486,330.194,30.230,56.375
179.909,330.779,30.366,56.629
178.251,330.389,30.085,56.104
178.161,330.909,29.985,55.919
178.144,332.511,30.103,56.138
177.922,332.069,30.159,56.243
177.928,333.614,30.173,56.269
176.875,333.951,30.185,56.291
175.878,332.855,30.244,56.401
174.241,333.389,30.298,56.503
173.514,333.568,30.292,56.491
172.511,334.613,30.360,56.617
171.010,334.903,30.492,56.863
172.781,335.783,30.618,57.098
173.775,336.465,30.715,57.279
175.187,336.720,30.906,57.635
177.297,338.300,30.813,57.462
181.635,339.580,30.842,57.516
186.535,339.144,30.821,57.477
190.400,337.262,30.935,57.690
192.504,336.371,31.099,57.996
193.643,334.491,31.162,58.114
195.826,334.047,31.393,58.544
194.279,333.565,31.286,58.344
194.258,333.593,31.344,58.452
192.414,333.209,31.399,58.555
190.031,330.850,31.423,58.599
189.037,330.042,31.353,58.469
188.516,329.133,31.303,58.376
189.482,327.575,31.303,58.376
189.587,324.280,31.265,58.306
188.021,321.063,31.405,58.566
185.054,318.760,31.360,58.482
182.514,316.695,31.230,58.240
177.500,314.538,31.276,58.325
172.286,314.899,31.308,58.385
171.609,318.018,31.239,58.257
170.313,320.766,31.269,58.313
170.525,322.637,31.262,58.299
168.810,322.841,31.291,58.354
171.226,322.547,31.134,58.061
171.130,321.386,31.253,58.282
169.515,323.598,31.298,58.367
169.629,325.573,31.168,58.124
169.464,324.804,31.265,58.304
172.291,326.854,31.270,58.314
172.466,326.917,31.423,58.601
171.961,326.465,31.503,58.749
173.105,326.840,32.032,59.736
172.414,329.241,31.733,59.178
171.862,330.245,31.836,59.370
172.441,331.684,31.485,58.715
173.054,331.905,31.261,58.297
171.998,334.128,31.256,58.289
173.987,334.616,30.844,57.520
173.900,333.322,30.415,56.721
173.913,332.747,30.101,56.133
174.075,331.548,29.807,55.587
175.925,330.636,29.280,54.604
174.790,329.290,29.513,55.037
176.058,329.487,28.567,53.273
177.943,325.968,27.918,52.063
178.088,324.592,27.464,51.216
179.335,324.818,26.964,50.283
179.333,322.284,26.633,49.667
179.878,321.026,26.295,49.037
180.869,320.546,26.217,48.891
180.039,321.431,26.288,49.023
178.631,325.514,25.592,47.726
181.023,327.321,25.122,46.849
182.390,330.789,24.559,45.799
185.779,333.057,24.241,45.206
186.839,338.994,23.810,44.402
183.681,343.291,23.507,43.837
180.234,345.049,23.217,43.296
177.788,342.355,23.196,43.258
177.459,341.519,23.036,42.960
177.439,339.374,22.408,41.787
177.369,335.253,22.134,41.277
176.122,334.166,22.186,41.374
176.243,334.127,22.158,41.322
177.056,336.642,21.937,40.910
178.693,336.398,22.045,41.110
179.606,332.500,22.135,41.279
179.940,332.577,22.582,42.112
180.913,335.614,22.691,42.316
180.970,337.918,22.945,42.789
182.238,337.873,23.286,43.426
181.684,336.228,23.622,44.052
180.136,335.358,23.983,44.725
177.882,335.379,24.456,45.608
177.110,333.705,24.920,46.472
176.243,332.931,25.408,47.382
176.069,332.450,25.293,47.168
173.889,329.162,25.904,48.308
173.852,328.598,26.351,49.141
173.470,329.589,26.212,48.882
172.156,326.420,26.869,50.108
172.293,325.521,27.549,51.376
173.931,326.425,27.913,52.053
175.266,327.771,28.290,52.758
176.005,327.383,28.805,53.717
178.452,329.274,29.124,54.313
177.061,330.109,29.702,55.391
175.637,330.118,30.008,55.961
177.250,331.935,30.702,57.255
179.055,331.792,31.078,57.956
177.008,331.167,31.710,59.134
174.456,329.880,32.269,60.178
173.867,330.881,32.408,60.437
169.960,329.678,32.864,61.286
164.005,325.264,33.578,62.618
159.713,319.924,34.110,63.611
159.868,317.029,34.502,64.342
158.259,312.987,35.028,65.323
156.544,313.449,35.626,66.437
152.496,312.367,36.133,67.383
152.652,311.606,36.793,68.614
151.961,312.922,37.294,69.548
153.119,312.275,38.121,71.091
156.013,312.022,38.506,71.808
159.212,312.300,38.912,72.566
164.388,312.722,39.347,73.377
165.914,308.996,40.000,74.595
169.908,304.201,40.647,75.802
172.822,301.804,41.255,76.936
185.464,302.479,41.929,78.192
200.151,299.517,42.246,78.784
199.778,281.442,42.896,79.995
195.912,281.710,43.904,81.876
177.683,282.142,44.725,83.407
169.271,278.081,45.237,84.360
166.206,279.779,46.157,86.076
159.206,286.566,46.759,87.200
145.913,288.822,47.693,88.942
141.361,293.230,48.405,90.269
140.610,296.171,48.835,91.070
140.681,299.090,49.040,91.454
145.026,301.176,49.258,91.859
145.261,303.654,49.164,91.685
146.389,306.119,48.938,91.262
146.574,304.583,49.039,91.451
147.376,302.503,49.290,91.920
148.685,306.405,48.964,91.311
146.864,305.699,49.209,91.768
148.367,303.272,49.152,91.662
147.095,301.187,49.303,91.944
145.508,302.725,49.240,91.827
143.907,305.007,49.074,91.516
142.754,305.278,49.262,91.867
142.287,307.736,49.136,91.632
140.492,308.926,49.397,92.118
141.380,309.569,49.277,91.895
142.393,309.305,49.265,91.873
142.521,309.106,49.287,91.913
142.127,309.161,49.132,91.624
142.583,308.742,49.369,92.067
144.278,310.548,49.400,92.124
146.276,311.296,49.350,92.030
146.927,310.082,49.286,91.912
147.871,309.976,49.302,91.941
150.744,310.398,49.325,91.984
150.608,312.100,49.379,92.086
151.296,311.427,49.404,92.131
153.248,311.129,49.495,92.302
156.392,314.632,49.402,92.129
155.838,316.105,49.381,92.088
155.575,317.237,49.339,92.011
156.604,320.890,49.391,92.107
153.806,322.751,49.403,92.130
153.977,327.225,49.444,92.206
153.891,328.923,49.423,92.168
157.079,328.357,49.386,92.099
156.634,324.606,49.350,92.031
154.616,319.078,49.236,91.819
152.368,316.286,49.344,92.019
148.953,309.349,49.252,91.848
149.716,306.945,49.201,91.753
147.014,302.811,49.374,92.076
140.441,298.201,49.315,91.967
137.786,293.537,49.503,92.316
142.655,291.087,49.505,92.320
146.281,288.451,49.515,92.339
146.524,284.634,49.530,92.366
150.078,283.422,49.571,92.443
152.255,283.175,49.473,92.260
152.481,281.244,49.498,92.307
143.789,274.446,49.387,92.100
144.430,277.160,49.337,92.007
144.077,279.941,49.230,91.806
148.235,283.310,49.443,92.205
147.415,282.909,49.515,92.338
145.234,283.906,49.401,92.126
143.341,286.447,49.376,92.080
140.548,285.998,49.417,92.156
137.794,285.395,49.398,92.121
137.346,283.711,49.282,91.903
135.868,285.651,49.333,91.999
132.301,287.344,49.244,91.833
131.050,288.846,49.262,91.867
130.162,291.733,49.140,91.640
131.219,292.139,49.218,91.785
131.592,292.739,49.129,91.618
129.678,294.223,49.425,92.172
127.636,296.376,49.212,91.774
128.274,299.604,48.981,91.344
125.604,299.627,49.495,92.302
125.043,302.535,49.470,92.255
124.227,302.709,49.476,92.266
126.808,304.580,49.518,92.345
127.927,309.443,49.300,91.938
127.925,309.820,49.438,92.196
126.917,308.456,49.395,92.115
127.067,308.627,49.417,92.156
127.849,308.736,49.427,92.174
127.422,308.366,49.393,92.112
125.784,309.365,49.296,91.931
126.534,310.316,49.289,91.917
126.351,309.210,49.342,92.017
125.643,308.764,49.369,92.067
127.455,309.782,49.399,92.123
127.519,311.924,49.367,92.062
126.137,312.483,49.223,91.794
128.079,309.999,49.299,91.935
128.903,308.455,49.410,92.143
126.576,304.831,49.458,92.233
127.437,303.378,49.460,92.237
125.486,303.257,49.462,92.241
125.195,303.130,49.359,92.047
126.522,301.774,49.370,92.068
127.040,301.415,49.387,92.101
127.872,301.736,49.448,92.214
127.290,301.784,49.585,92.470
128.329,303.413,49.536,92.377
130.932,303.401,49.473,92.260
131.814,301.891,49.586,92.471
132.810,302.844,49.748,92.773
131.422,304.541,49.643,92.577
131.513,306.643,49.664,92.616
129.608,304.078,49.551,92.407
132.703,306.108,49.622,92.539
133.076,309.743,49.858,92.978
134.393,307.997,49.849,92.962
136.991,308.270,49.837,92.939
138.454,310.396,49.793,92.856
140.122,312.509,49.785,92.842
143.356,311.699,49.706,92.695
146.309,309.566,49.801,92.872
148.915,310.748,49.669,92.625
148.633,309.899,49.592,92.483
149.558,307.871,49.604,92.504
148.004,306.652,49.470,92.256
146.062,302.956,49.555,92.413
144.831,300.718,49.724,92.728
142.051,301.460,49.651,92.592
140.523,304.776,49.621,92.537
141.792,308.802,49.731,92.742
139.190,313.822,49.616,92.528
136.275,322.005,49.420,92.161
132.508,326.741,49.333,91.999
131.336,325.013,49.366,92.061
130.691,322.078,48.701,90.821
132.151,320.870,48.889,91.172
132.009,319.078,49.110,91.583
131.816,318.799,49.095,91.556
130.455,320.963,49.295,91.928
130.842,321.537,49.472,92.259
131.066,323.517,49.615,92.526
133.681,328.163,49.651,92.592
135.323,328.731,49.611,92.517
137.821,330.278,49.594,92.486
141.980,333.979,49.167,91.691
146.171,337.739,49.029,91.433
146.297,341.691,49.103,91.571
149.337,345.746,48.975,91.332
148.482,350.147,49.371,92.070
145.159,356.614,49.018,91.413
141.817,359.742,48.968,91.319
140.010,358.428,48.840,91.081
134.350,359.304,48.876,91.148
131.525,362.092,48.795,90.996
128.138,363.243,48.789,90.984
126.177,365.346,48.598,90.629
123.907,367.202,48.733,90.881
119.085,369.747,48.734,90.882
116.510,376.107,48.718,90.853
114.200,380.070,48.739,90.891
116.419,386.679,48.529,90.500
114.463,389.615,48.743,90.899
117.539,387.632,48.744,90.901
121.767,379.520,48.472,90.394
126.119,378.661,48.532,90.507
125.132,378.873,48.757,90.926
125.884,377.316,49.123,91.609
129.490,372.065,48.835,91.070
132.692,370.644,49.016,91.408
139.373,369.244,48.927,91.241
141.180,367.907,49.608,92.512
141.290,369.876,49.750,92.777
141.503,368.294,49.458,92.232
140.089,366.319,49.496,92.303
137.940,369.304,49.738,92.754
136.936,371.101,49.961,93.171
135.171,371.235,49.992,93.228
135.782,370.151,50.048,93.333
135.592,368.127,50.346,93.888
134.746,366.248,50.167,93.554
133.873,367.697,50.186,93.590
135.200,368.776,50.062,93.359
134.796,367.163,50.287,93.778
136.472,367.974,50.719,94.583
140.072,366.245,50.219,93.652
141.436,366.037,50.189,93.597
147.044,365.703,50.510,94.194
151.217,359.758,50.209,93.633
158.086,356.323,50.016,93.274
164.530,352.215,49.949,93.149
167.392,353.129,50.335,93.867
168.330,354.057,50.466,94.111
176.635,357.315,50.016,93.273
182.813,363.107,50.095,93.420
183.734,372.702,49.955,93.159
180.798,380.561,50.102,93.433
180.438,388.111,49.986,93.218
182.940,391.642,50.326,93.852
190.829,386.198,50.279,93.764
199.613,379.167,50.411,94.010
205.958,374.881,49.975,93.197
211.912,377.196,50.077,93.387
216.973,377.965,50.171,93.562
223.168,374.773,49.973,93.193
231.450,370.754,50.085,93.401
239.040,370.296,50.227,93.667
245.772,369.936,50.143,93.510
252.934,367.498,50.132,93.489
256.574,363.971,50.114,93.456
256.170,361.172,50.144,93.512
253.444,360.438,50.031,93.302
251.748,356.051,50.066,93.367
249.688,352.989,49.963,93.174
245.353,354.797,50.023,93.287
236.510,353.774,50.158,93.537
231.586,355.828,49.950,93.150
227.264,356.945,49.705,92.693
222.612,354.046,49.900,93.057
219.110,350.938,49.846,92.956
214.225,349.564,49.761,92.797
210.860,351.606,49.683,92.652
208.733,350.302,49.843,92.950
208.142,352.150,49.744,92.766
205.861,353.237,49.741,92.759
205.952,355.031,49.711,92.705
205.643,355.865,49.857,92.976
206.050,355.037,49.801,92.873
206.716,356.557,49.944,93.139
207.256,356.426,50.014,93.269
211.164,354.193,50.063,93.360
212.326,355.976,49.913,93.081
212.237,356.103,49.949,93.148
213.873,354.778,50.026,93.292
213.638,351.642,50.162,93.544
214.407,351.219,50.009,93.261
213.192,352.724,50.256,93.720
212.302,354.673,50.235,93.682
211.432,354.125,50.228,93.668
213.319,352.448,50.226,93.665
214.337,352.311,50.086,93.403
212.657,352.702,50.461,94.103
213.905,349.638,50.635,94.428
215.395,350.381,50.469,94.119
218.337,349.448,50.391,93.972
222.791,346.947,50.509,94.193
224.900,345.300,50.759,94.659
227.365,346.300,50.679,94.509
230.946,345.183,50.510,94.194
233.136,344.127,50.570,94.306
235.479,343.451,50.674,94.500
236.018,344.220,50.566,94.300
235.584,345.211,50.551,94.271
234.281,344.514,50.547,94.264
231.585,345.990,50.653,94.461
227.012,344.234,50.447,94.076
226.087,340.459,50.785,94.707
224.669,340.749,50.747,94.636
223.949,342.240,50.770,94.679
223.376,339.497,50.894,94.910
223.104,340.074,50.771,94.680
224.432,340.821,50.802,94.739
225.139,336.720,50.709,94.566
222.783,336.977,51.025,95.154
219.206,340.919,50.955,95.024
218.734,341.955,50.692,94.534
218.350,340.243,50.998,95.105
219.284,342.124,50.834,94.799
218.298,338.922,51.002,95.111
217.928,339.512,50.922,94.963
216.413,342.725,50.756,94.653
214.485,344.225,50.751,94.644
214.198,341.408,50.956,95.026
213.987,342.879,50.770,94.679
212.602,345.728,50.848,94.825
211.891,345.489,50.730,94.605
212.772,343.504,50.819,94.770
212.328,346.212,50.678,94.508
212.575,345.481,50.643,94.443
215.735,343.349,50.642,94.441
216.572,342.471,50.706,94.560
217.686,340.590,50.694,94.538
220.689,339.384,50.710,94.567
222.704,336.351,50.724,94.593
225.149,335.311,50.709,94.566
224.991,337.369,50.727,94.598
224.850,338.603,50.696,94.542
224.695,336.981,50.745,94.632
224.923,335.099,50.697,94.543
224.555,332.947,50.662,94.478
224.611,330.600,50.815,94.764
222.813,328.703,50.768,94.676
220.936,328.074,50.715,94.577
220.156,327.804,50.607,94.375
220.270,328.380,50.703,94.553
218.901,327.752,50.688,94.527
218.894,329.550,50.655,94.464
219.091,330.503,50.680,94.511
219.375,331.252,50.741,94.625
219.101,331.458,50.798,94.731
218.744,329.022,50.725,94.595
221.204,327.036,50.666,94.486
226.752,326.233,50.612,94.384
226.750,324.283,50.352,93.899
226.504,321.226,50.457,94.095
227.175,319.366,50.537,94.245
225.000,318.476,50.703,94.553
223.668,318.526,50.818,94.769
220.624,317.020,50.671,94.495
220.303,315.303,50.650,94.455
218.111,314.673,50.537,94.245
217.450,313.273,50.392,93.975
214.062,314.358,50.502,94.180
210.185,318.948,50.702,94.552
201.878,320.791,50.614,94.388
198.186,323.360,50.660,94.474
195.791,325.924,50.546,94.262
191.483,326.366,50.490,94.158
189.918,328.670,50.620,94.400
187.007,331.451,50.517,94.208
186.052,333.196,50.545,94.260
185.676,333.637,50.602,94.365
185.382,335.262,50.507,94.189
185.360,334.243,50.578,94.322
185.872,332.915,50.591,94.344
186.884,329.578,50.626,94.410
190.137,327.135,50.641,94.438
190.102,323.199,50.681,94.514
191.397,321.740,50.588,94.339
194.940,319.644,50.649,94.454
195.808,316.366,50.546,94.262
197.783,314.701,50.559,94.286
198.193,312.133,50.581,94.328
200.591,309.402,50.541,94.252
200.487,309.653,50.626,94.411
199.669,307.822,50.687,94.525
201.320,306.867,50.699,94.547
200.971,306.891,50.564,94.295
199.180,308.382,50.631,94.419
197.931,307.310,50.745,94.632
197.330,304.545,50.845,94.820
194.109,303.077,50.864,94.855
192.622,301.842,50.600,94.362
192.518,297.994,50.613,94.387
192.059,298.357,50.582,94.329
192.135,299.598,50.577,94.319
191.586,298.022,50.530,94.232
190.268,298.125,50.606,94.374
194.537,299.011,50.575,94.316
194.590,297.053,50.555,94.278
195.357,297.953,50.527,94.227
194.656,297.815,50.619,94.398
194.306,297.592,50.774,94.687
194.515,299.321,50.800,94.736
194.096,300.141,50.769,94.677
193.194,300.393,50.680,94.511
192.620,303.442,50.457,94.095
191.903,303.849,50.467,94.113
191.073,303.968,50.628,94.414
190.466,307.172,50.735,94.613
189.283,308.904,50.631,94.420
186.935,311.069,50.669,94.490
185.115,311.804,50.620,94.399
184.590,311.265,50.711,94.569
182.139,310.420,50.788,94.713
180.660,311.160,50.691,94.532
179.495,311.469,50.616,94.391
178.522,309.919,50.534,94.239
179.043,310.775,50.632,94.421
177.805,310.209,50.511,94.196
178.507,308.893,50.636,94.430
179.310,307.426,50.604,94.369
177.901,307.048,50.444,94.071
176.087,307.225,50.436,94.056
176.746,307.199,50.302,93.807
178.634,307.117,50.346,93.889
177.191,305.865,50.480,94.139
179.202,305.115,50.378,93.948
178.502,305.678,50.450,94.083
177.137,308.060,50.256,93.721
177.377,309.177,50.370,93.933
177.481,307.189,50.394,93.978
178.177,308.298,50.334,93.866
179.432,308.476,50.441,94.066
179.349,307.539,50.064,93.362
179.800,306.529,49.569,92.440
180.232,307.088,49.707,92.698
180.348,306.333,49.578,92.456
181.993,305.400,49.374,92.075
181.508,304.121,49.317,91.969
181.396,305.935,49.276,91.893
181.608,305.456,48.996,91.372
179.809,306.117,48.905,91.201
177.471,310.766,48.931,91.250
177.269,310.973,48.791,90.988
177.116,308.403,48.729,90.873
175.424,309.614,48.535,90.512
175.868,311.270,48.537,90.514
176.517,308.749,48.528,90.498
178.674,310.211,48.500,90.447
178.296,308.638,48.372,90.208
180.434,304.324,48.191,89.870
181.715,303.554,48.027,89.564
182.018,305.001,47.981,89.477
184.027,305.440,47.655,88.870
188.025,303.190,47.628,88.820
191.355,304.490,47.593,88.754
196.510,308.921,47.422,88.436
199.913,310.890,47.488,88.559
204.033,311.716,47.562,88.698
206.524,316.742,48.007,89.526
209.467,318.332,47.448,88.484
212.841,320.653,47.443,88.474
213.523,322.110,48.568,90.573
212.554,323.271,49.421,92.163
211.923,325.802,49.837,92.940
211.159,328.641,50.119,93.465
210.323,328.845,49.305,91.947
211.252,328.341,49.424,92.168
211.730,330.515,49.264,91.871
213.003,330.691,49.087,91.541
213.375,330.425,49.070,91.508
214.450,335.115,49.236,91.818
216.886,337.843,49.419,92.160
219.678,335.493,49.272,91.885
221.169,337.795,49.151,91.659
221.117,341.569,48.937,91.261
221.937,343.356,49.421,92.164
224.469,342.173,49.236,91.819
227.827,343.277,48.637,90.702
227.745,342.837,48.316,90.103
227.957,341.301,48.349,90.164
227.529,342.667,48.254,89.988
227.321,344.711,48.481,90.411
227.442,345.187,48.883,91.160
227.255,343.862,49.055,91.481
227.196,343.687,48.713,90.842
226.117,344.928,48.773,90.954
226.990,344.616,48.901,91.193
226.054,345.509,48.661,90.747
225.595,347.702,48.220,89.925
225.450,349.014,48.522,90.488
225.134,349.101,48.570,90.577
225.528,347.833,48.640,90.707
224.898,346.241,48.302,90.077
224.060,349.854,48.049,89.606
224.883,348.344,48.198,89.883
227.293,345.859,48.710,90.838
228.409,345.184,48.592,90.617
229.631,345.192,48.852,91.103
231.739,344.192,49.231,91.810
233.402,345.637,49.372,92.072
235.232,348.835,49.092,91.551
237.576,352.255,48.843,91.085
241.057,351.543,48.789,90.984
243.700,355.794,48.569,90.575
244.952,359.646,48.959,91.302
248.822,360.197,49.076,91.519
252.828,358.799,48.972,91.327
257.434,357.284,49.052,91.476
262.374,356.092,48.658,90.742
266.661,355.536,48.558,90.555
270.046,355.124,48.748,90.909
272.840,356.281,49.162,91.681
277.442,356.175,49.704,92.691
284.021,355.345,50.235,93.681
291.627,357.772,50.715,94.577
301.924,359.112,50.189,93.595
309.064,358.121,50.398,93.985
311.856,357.026,50.582,94.329
315.918,359.383,50.573,94.312
320.860,360.075,50.395,93.980
325.206,358.610,49.901,93.059
327.599,360.800,50.264,93.736
329.264,361.391,50.225,93.662
332.328,359.241,49.904,93.064
335.438,360.566,50.126,93.477
335.394,362.350,50.175,93.569
336.204,363.007,50.086,93.404
334.944,365.730,50.303,93.807
335.992,366.295,50.311,93.824
337.671,363.709,50.683,94.518
339.798,361.888,50.754,94.650
340.966,358.153,50.953,95.020
342.367,354.888,51.050,95.201
341.502,354.308,51.335,95.733
341.453,352.732,51.419,95.889
341.776,347.651,51.735,96.479
342.285,344.872,51.789,96.580
343.309,344.997,51.764,96.533
342.655,345.382,51.381,95.818
340.494,348.063,50.693,94.536
337.717,346.740,50.528,94.227
336.549,342.583,50.483,94.144
333.868,342.647,50.576,94.318
331.252,341.650,50.408,94.005
327.834,336.621,50.410,94.007
327.227,335.492,50.248,93.706
327.635,331.571,49.584,92.467
327.368,327.462,49.656,92.603
327.016,324.623,50.171,93.561
327.283,322.687,50.494,94.164
323.725,320.280,50.662,94.477
321.232,319.504,50.684,94.518
318.219,316.312,50.768,94.676
314.927,315.382,50.294,93.791
310.340,316.475,49.587,92.473
305.775,314.587,49.748,92.773
300.684,311.235,50.010,93.262
298.567,307.860,49.907,93.070
295.655,305.800,50.075,93.382
294.410,304.953,49.434,92.187
295.127,302.045,49.563,92.428
296.493,302.360,49.695,92.675
296.858,301.513,50.045,93.328
299.703,298.584,50.486,94.150
301.098,297.328,50.925,94.969
302.225,301.113,51.285,95.640
304.046,304.503,51.600,96.227
308.790,303.858,51.618,96.261
314.052,304.629,51.649,96.319
317.893,305.838,51.468,95.981
320.815,309.765,51.247,95.568
325.402,311.780,50.911,94.942
326.819,311.467,50.773,94.684
324.860,313.546,50.604,94.370
325.752,318.077,50.582,94.329
326.605,318.039,50.665,94.483
326.142,320.801,50.669,94.492
322.005,321.705,50.617,94.395
314.325,319.394,50.357,93.908
309.243,317.118,50.261,93.730
305.728,316.991,50.182,93.582
302.367,318.515,50.115,93.458
300.397,319.588,50.535,94.241
301.326,319.213,50.773,94.685
301.558,321.383,50.864,94.855
302.222,328.887,50.532,94.236
303.846,332.806,50.169,93.559
307.281,333.717,49.940,93.132
310.504,338.210,49.938,93.128
310.297,342.141,48.555,90.548
311.069,341.315,48.015,89.542
310.711,341.231,48.085,89.673
310.380,347.143,48.288,90.050
312.551,347.197,48.991,91.362
316.069,344.341,49.608,92.511
317.327,348.426,49.172,91.700
318.331,351.935,48.965,91.313
320.224,347.925,49.999,93.241
324.977,347.233,50.302,93.807
330.391,349.451,50.111,93.450
331.803,348.816,50.600,94.363
335.666,347.791,50.545,94.260
339.134,348.495,50.496,94.168
341.387,351.347,50.266,93.739
342.932,353.674,49.644,92.579
343.904,354.014,48.964,91.310
340.807,350.451,48.948,91.282
336.760,351.791,48.948,91.281
331.000,351.686,48.640,90.707
325.290,349.013,48.471,90.391
321.111,349.356,48.463,90.377
315.643,348.807,48.360,90.186
312.161,348.937,48.488,90.423
308.057,349.518,48.698,90.815
305.553,345.345,49.020,91.416
302.058,346.013,49.562,92.427
301.921,350.041,49.452,92.221
300.516,352.027,49.547,92.399
300.911,354.134,49.223,91.794
302.796,353.086,49.219,91.786
303.740,353.133,49.399,92.123
305.181,349.855,49.693,92.670
308.092,347.054,49.458,92.233
309.508,345.861,49.697,92.679
311.558,345.001,49.292,91.923
312.933,346.049,49.718,92.717
314.863,344.694,49.770,92.814
317.641,345.475,49.556,92.415
320.319,345.678,49.583,92.466
320.214,345.671,49.602,92.501
318.593,348.435,49.697,92.679
314.401,348.966,49.991,93.227
312.686,349.219,50.408,94.005
307.466,350.499,50.251,93.711
302.872,353.150,50.360,93.915
297.257,351.233,50.142,93.508
291.462,351.427,50.316,93.833
286.418,351.045,50.083,93.397
279.419,350.958,50.056,93.348
274.902,348.231,49.916,93.086
270.402,347.199,49.665,92.618
263.497,348.464,49.651,92.592
257.731,351.447,49.954,93.158
251.763,352.391,49.684,92.653
246.710,350.575,49.527,92.361
245.268,352.544,49.671,92.630
240.660,351.620,49.849,92.962
237.688,351.980,50.155,93.532
235.620,351.937,50.200,93.615
235.585,353.817,50.420,94.027
233.405,352.614,50.680,94.511
233.570,352.782,51.089,95.274
232.103,354.939,51.046,95.195
230.102,355.354,51.673,96.364
228.936,356.204,52.071,97.105
225.387,361.343,52.048,97.062
223.577,362.271,52.450,97.812
221.652,359.913,52.230,97.403
216.803,364.953,52.376,97.673
213.540,367.886,52.275,97.486
208.685,370.761,52.227,97.396
205.519,374.041,52.120,97.197
203.764,377.128,52.320,97.569
203.349,378.766,52.470,97.850
201.585,377.221,52.730,98.334
200.228,377.837,52.911,98.672
197.526,378.835,52.775,98.418
198.442,376.611,52.448,97.809
200.407,376.242,51.932,96.847
201.881,377.826,52.135,97.225
204.210,377.687,51.997,96.967
206.301,378.788,51.586,96.200
210.777,376.824,51.806,96.611
214.611,376.697,51.423,95.898
218.081,377.097,51.054,95.209
222.266,376.249,50.662,94.479
226.783,375.256,50.447,94.076
230.890,374.999,50.313,93.827
236.507,374.977,50.304,93.811
239.976,376.393,50.818,94.768
244.208,375.820,50.751,94.644
246.839,375.493,50.774,94.687
249.861,376.035,50.325,93.850
252.957,376.110,50.778,94.694
254.594,373.993,50.710,94.567
258.711,371.168,50.584,94.332
263.130,370.728,50.961,95.036
264.728,371.975,51.374,95.805
266.229,370.489,50.897,94.916
267.064,371.402,51.218,95.514
266.073,374.040,51.689,96.394
266.008,373.022,51.423,95.896
263.801,373.497,51.265,95.603
262.273,376.519,50.909,94.939
259.378,375.588,51.296,95.659
255.922,375.225,51.534,96.105
253.829,375.672,51.389,95.833
253.778,377.028,51.672,96.362
252.026,378.012,51.875,96.740
249.547,376.306,51.838,96.672
247.316,375.983,51.187,95.457
246.834,375.249,51.086,95.268
246.617,373.547,51.099,95.293
244.070,373.408,51.139,95.368
243.016,373.495,50.915,94.949
243.845,370.949,50.908,94.936
244.041,369.260,50.744,94.631
243.321,368.106,50.443,94.070
243.918,363.978,50.391,93.972
249.737,358.394,50.356,93.908
248.442,359.931,50.496,94.168
245.004,360.520,50.970,95.052
245.087,356.309,51.476,95.995
243.837,348.103,51.306,95.680
243.495,344.925,51.621,96.266
243.776,344.158,51.665,96.349
242.860,342.815,51.794,96.588
241.165,341.074,51.293,95.654
239.901,340.049,51.245,95.566
237.336,339.296,51.138,95.366
234.611,339.133,51.024,95.152
233.251,338.693,51.365,95.788
232.097,340.939,51.642,96.305
230.604,341.625,51.813,96.623
228.724,341.637,52.101,97.161
229.234,341.996,52.060,97.084
230.242,341.329,52.181,97.310
228.858,340.070,52.291,97.515
230.411,340.905,52.036,97.040
231.290,338.334,52.797,98.459
232.680,335.441,53.001,98.840
236.758,331.376,53.223,99.253
241.271,329.302,53.681,100.108
243.471,327.269,54.034,100.765
248.267,326.808,54.132,100.948
253.045,329.476,53.989,100.682
258.149,328.283,53.808,100.345
262.671,327.921,53.581,99.920
268.606,330.238,53.215,99.239
273.916,328.904,53.139,99.097
279.118,329.798,53.115,99.052
279.840,332.339,53.370,99.528
283.365,335.066,53.341,99.474
286.623,334.132,53.255,99.313
290.494,331.792,53.035,98.903
292.545,331.035,52.950,98.745
294.113,329.718,53.157,99.130
294.465,330.628,53.680,100.106
294.491,328.697,54.243,101.156
293.964,328.500,54.187,101.052
293.119,329.681,54.199,101.075
292.217,331.735,53.981,100.667
291.478,332.705,54.102,100.893
291.136,330.795,53.994,100.691
289.306,328.549,54.109,100.906
287.964,330.168,54.093,100.877
287.521,328.733,54.208,101.090
285.987,326.021,54.461,101.563
282.386,325.097,54.673,101.958
279.361,323.661,54.913,102.404
277.529,321.600,54.954,102.481
274.997,320.869,54.932,102.441
272.978,322.548,54.933,102.442
272.665,324.486,54.995,102.558
272.130,325.220,55.170,102.885
273.370,324.113,55.206,102.951
273.121,322.661,55.434,103.377
274.746,324.465,55.672,103.821
275.183,325.469,55.483,103.468
278.178,325.989,55.822,104.101
278.023,328.067,55.934,104.309
278.313,325.226,56.116,104.648
282.015,323.143,56.215,104.833
283.654,326.585,56.350,105.084
284.070,329.973,56.288,104.970
286.041,332.490,55.538,103.571
290.410,332.156,55.590,103.668
292.607,334.839,54.997,102.562
293.925,336.894,55.203,102.947
292.977,337.796,55.744,103.955
292.573,340.384,56.226,104.853
290.878,338.542,56.620,105.588
289.803,337.386,56.991,106.281
289.048,339.811,56.765,105.859
288.378,341.635,56.297,104.987
286.043,341.028,56.086,104.593
284.147,344.078,55.861,104.172
281.002,347.542,55.928,104.298
276.072,350.634,56.088,104.596
274.791,354.732,55.606,103.697
271.450,355.726,55.526,103.549
265.838,359.389,55.499,103.499
261.258,363.880,55.438,103.384
259.101,365.735,55.521,103.540
258.855,364.846,55.224,102.986
258.072,364.200,55.520,103.538
260.287,362.423,55.877,104.204
260.528,361.668,56.166,104.741
261.012,358.490,56.638,105.622
260.732,356.809,56.739,105.810
262.871,355.308,57.100,106.484
266.781,351.174,56.899,106.109
269.911,350.693,57.122,106.525
271.842,350.936,57.114,106.510
274.800,352.157,57.107,106.497
273.752,353.836,57.075,106.436
273.563,353.089,57.417,107.075
274.922,351.825,57.414,107.070
274.384,350.821,57.641,107.492
274.931,354.271,57.676,107.559
273.472,356.105,57.769,107.731
272.191,354.654,57.698,107.599
271.556,354.629,57.851,107.884
270.836,354.248,57.889,107.955
268.067,351.813,58.120,108.387
264.323,352.593,58.430,108.963
260.540,353.414,58.755,109.571
258.524,351.237,58.958,109.948
256.329,354.092,58.812,109.676
254.358,355.176,58.444,108.991
251.962,356.060,58.870,109.785
251.086,357.702,58.565,109.216
252.005,354.329,58.849,109.745
255.198,356.223,58.915,109.869
260.625,356.219,59.389,110.753
263.154,355.872,59.814,111.546
266.498,354.249,60.273,112.402
270.988,351.758,60.501,112.826
274.899,351.998,60.973,113.706
278.768,353.762,61.324,114.361
280.392,354.512,61.531,114.748
278.303,353.326,62.342,116.260
279.139,352.394,62.940,117.374
278.998,351.715,63.600,118.606
278.094,349.282,65.051,121.311
277.683,349.693,65.656,122.439
275.022,347.721,66.407,123.839
275.011,349.163,66.191,123.438
271.145,349.978,66.488,123.991
268.126,350.450,66.464,123.946
266.710,348.954,66.181,123.418
263.154,349.860,65.984,123.052
258.488,348.519,66.158,123.376
256.692,348.455,65.892,122.879
250.945,350.228,65.682,122.488
248.805,352.638,64.998,121.212
246.003,350.486,65.835,122.774
244.781,352.330,65.278,121.735
240.003,346.504,67.198,125.314
236.080,345.728,67.919,126.660
229.821,345.890,68.593,127.916
222.996,348.496,68.953,128.587
218.457,350.263,68.669,128.059
215.145,349.246,68.932,128.549
213.166,353.129,68.756,128.221
208.953,354.548,68.347,127.459
205.523,355.489,68.509,127.759
201.049,356.025,68.657,128.035
196.202,353.380,68.983,128.644
193.356,353.277,69.076,128.817
187.774,350.824,69.633,129.856
181.711,351.824,69.893,130.340
175.423,353.447,70.189,130.892
170.046,350.746,70.776,131.989
166.422,345.615,71.765,133.832
159.152,347.052,71.862,134.013
154.846,344.111,73.572,137.201
151.948,342.922,73.077,136.279
149.337,341.829,72.957,136.056
145.791,339.782,73.902,137.817
144.743,334.499,75.594,140.973
142.079,335.015,75.881,141.509
141.172,333.314,75.808,141.372
137.143,331.574,75.966,141.667
132.632,334.000,75.847,141.445
128.823,336.278,75.301,140.426
125.929,334.641,75.944,141.625
123.120,332.515,76.833,143.283
119.931,331.766,77.202,143.972
119.402,332.877,77.234,144.031
115.571,334.976,76.969,143.537
111.896,335.075,76.533,142.724
108.011,336.721,76.698,143.031
104.873,334.769,75.981,141.694
103.295,334.276,75.851,141.452
99.937,336.317,75.522,140.838
100.527,335.646,74.234,138.436
97.995,337.100,73.782,137.593
98.195,339.068,73.433,136.943
95.251,339.766,73.159,136.432
92.909,340.616,72.994,136.125
90.804,341.748,72.898,135.945
88.770,343.668,72.876,135.905
87.187,342.879,72.761,135.689
89.420,340.992,72.973,136.084
87.327,338.922,73.128,136.374
87.532,337.749,73.100,136.321
89.117,337.735,73.413,136.905
89.885,334.141,73.513,137.091
90.899,334.730,73.704,137.448
94.346,334.918,74.055,138.103
98.703,331.255,74.040,138.075
101.843,330.320,74.541,139.009
104.918,327.870,74.503,138.939
107.444,325.381,74.272,138.508
109.509,325.850,73.827,137.677
111.770,328.864,73.584,137.225
114.011,328.598,73.355,136.797
116.117,329.964,73.399,136.880
116.757,330.588,73.875,137.767
115.979,330.187,73.749,137.531
113.368,332.422,74.002,138.003
112.800,332.699,74.033,138.061
111.035,331.344,74.067,138.125
110.866,331.595,73.919,137.848
106.887,331.360,74.335,138.626
105.167,328.985,73.928,137.865
102.275,327.399,74.141,138.264
98.343,328.569,74.257,138.480
93.529,327.546,74.498,138.930
91.792,324.072,74.702,139.309
88.222,322.029,74.749,139.397
83.472,320.227,74.937,139.748
80.141,315.636,74.585,139.091
75.142,318.116,74.895,139.669
73.057,317.452,75.086,140.026
69.928,319.906,75.766,141.293
68.632,315.542,76.087,141.892
69.317,313.096,75.915,141.572
66.927,314.758,75.898,141.540
66.254,315.777,75.732,141.230
66.099,313.190,75.954,141.643
66.860,310.518,75.698,141.167
68.925,310.624,75.951,141.638
70.631,311.588,75.694,141.159
71.057,313.475,75.198,140.234
71.122,313.685,75.177,140.194
71.852,309.527,74.577,139.076
72.536,307.428,74.309,138.577
74.704,310.739,73.905,137.823
76.506,308.958,73.749,137.533
74.940,310.817,73.816,137.657
75.412,307.097,73.585,137.226
74.449,305.475,73.655,137.357
70.850,307.867,73.618,137.288
68.310,309.080,73.574,137.205
67.515,306.427,73.718,137.473
66.836,304.767,73.963,137.930
65.036,304.270,74.302,138.563
64.288,299.743,74.220,138.409
63.806,297.655,74.278,138.518
60.929,298.495,74.602,139.122
59.830,293.789,74.270,138.504
59.456,291.019,74.247,138.461
58.283,290.943,74.165,138.308
56.981,290.865,73.739,137.514
55.035,291.022,73.922,137.854
52.229,292.543,74.243,138.453
50.383,291.151,73.932,137.873
49.625,290.043,73.049,136.226
48.101,294.990,73.204,136.515
44.049,296.545,73.008,136.150
43.877,299.918,73.327,136.745
42.564,297.683,72.809,135.778
40.542,299.689,72.948,136.038
39.081,299.980,73.136,136.388
38.708,298.197,73.373,136.832
40.685,293.635,73.555,137.169
41.526,289.650,73.374,136.833
41.799,288.526,73.833,137.689
43.457,286.487,73.781,137.592
44.254,284.342,74.724,139.351
46.338,281.202,74.633,139.180
47.600,276.341,73.855,137.729
49.189,273.581,73.539,137.141
48.993,272.355,73.354,136.795
49.942,270.670,73.054,136.237
52.177,266.424,72.348,134.919
51.003,266.122,72.004,134.277
48.706,269.046,72.123,134.500
47.655,269.429,72.012,134.293
48.627,268.193,72.206,134.655
46.404,269.487,71.307,132.978
46.452,269.954,70.990,132.386
47.400,268.656,70.835,132.099
45.924,268.880,69.857,130.274
42.068,273.958,69.318,129.270
41.042,273.114,69.666,129.917
40.988,271.716,69.876,130.309
38.321,273.443,70.249,131.005
34.026,274.481,70.801,132.035
32.395,274.876,70.396,131.279
30.072,275.649,71.130,132.648
29.696,274.911,70.443,131.366
29.369,274.355,70.544,131.555
29.929,274.784,70.877,132.176
29.643,274.896,71.214,132.805
30.472,270.850,71.001,132.408
30.702,269.928,71.759,133.821
30.800,266.248,72.099,134.454
29.193,266.648,72.119,134.492
29.340,264.705,71.052,132.503
30.665,261.827,71.430,133.206
29.561,261.153,71.342,133.044
29.900,261.459,71.612,133.547
29.623,258.665,71.654,133.624
28.487,255.137,72.169,134.585
28.803,253.638,71.597,133.520
29.676,253.130,71.594,133.514
32.087,249.408,72.269,134.772
31.291,247.886,71.506,133.349
32.015,247.687,70.771,131.979
31.559,246.027,69.403,129.427
29.546,246.054,68.753,128.216
27.485,246.256,68.191,127.167
28.163,245.261,68.274,127.321
