326.000,414.000,15.000,42.000
326.248,415.880,14.965,41.902
326.362,415.623,15.039,42.110
326.042,415.530,15.127,42.355
325.946,415.376,15.212,42.593
325.401,416.818,15.079,42.222
323.732,417.504,15.148,42.416
322.463,419.834,15.205,42.574
320.235,419.842,15.107,42.299
319.246,419.301,15.253,42.707
318.595,418.824,15.210,42.589
316.971,419.558,15.109,42.304
315.584,420.251,15.209,42.584
315.346,420.679,15.133,42.373
316.102,420.739,15.253,42.709
315.537,420.450,15.145,42.407
316.665,421.524,15.160,42.447
316.747,421.815,15.273,42.763
316.490,421.544,15.385,43.079
317.729,422.504,15.223,42.625
316.884,423.205,15.232,42.649
315.584,423.571,15.366,43.026
316.902,421.829,15.115,42.322
318.445,422.197,15.336,42.942
318.166,422.532,15.227,42.635
318.567,423.604,15.256,42.716
319.174,424.568,15.196,42.549
322.856,428.077,15.317,42.887
324.067,430.454,15.237,42.665
322.073,431.649,15.288,42.806
321.439,430.203,15.289,42.809
320.423,429.095,15.217,42.607
321.105,428.712,15.162,42.454
320.769,427.004,15.261,42.730
319.459,425.335,15.499,43.397
318.555,426.447,15.615,43.721
315.688,426.869,15.388,43.085
315.061,429.906,15.402,43.126
314.621,432.625,15.587,43.644
312.745,435.850,15.510,43.427
312.092,438.997,15.491,43.374
311.633,440.440,15.636,43.780
308.848,439.077,15.502,43.404
308.386,435.595,15.388,43.087
309.810,431.908,15.467,43.309
307.757,428.064,15.382,43.070
304.612,424.050,15.411,43.150
300.664,420.348,15.379,43.061
300.523,421.862,15.463,43.297
299.098,422.281,15.532,43.489
298.338,422.974,15.418,43.172
301.341,427.560,15.296,42.830
300.677,425.559,15.340,42.953
300.091,425.189,15.373,43.045
299.475,424.008,15.409,43.145
298.905,423.221,15.368,43.031
296.742,423.782,15.410,43.147
294.476,423.552,15.564,43.581
292.479,422.279,15.578,43.619
291.984,422.188,15.465,43.303
291.041,421.369,15.565,43.582
286.604,418.279,15.558,43.564
286.418,417.137,15.431,43.207
286.182,417.191,15.400,43.119
285.835,417.591,15.420,43.175
285.326,418.305,15.468,43.310
286.079,419.742,15.517,43.448
287.360,420.751,15.487,43.363
288.122,421.938,15.500,43.401
288.893,421.160,15.605,43.695
288.615,420.379,15.418,43.170
288.791,420.997,15.501,43.402
288.353,420.676,15.680,43.905
287.332,418.956,15.656,43.837
286.562,416.426,15.684,43.915
287.012,414.325,15.669,43.873
285.966,412.581,15.653,43.827
285.657,411.144,15.654,43.831
285.008,409.044,15.548,43.535
283.654,405.317,15.470,43.316
282.923,402.568,15.525,43.471
281.974,398.291,15.545,43.525
281.707,393.817,15.532,43.491
281.024,390.281,15.410,43.147
280.524,387.060,15.458,43.283
279.355,384.646,15.564,43.580
278.701,383.594,15.511,43.432
278.359,382.285,15.406,43.135
278.014,379.751,15.523,43.463
277.644,377.084,15.491,43.375
278.119,377.070,15.459,43.286
278.087,376.505,15.548,43.535
279.062,375.558,15.518,43.450
279.539,376.056,15.464,43.298
280.177,376.936,15.447,43.252
280.460,378.261,15.468,43.311
280.238,379.347,15.684,43.915
280.129,381.458,15.722,44.021
279.950,384.340,15.668,43.869
280.090,385.212,15.761,44.131
279.356,384.810,15.854,44.391
279.033,384.620,15.660,43.847
278.842,384.960,15.657,43.841
277.432,384.244,15.776,44.173
276.420,384.580,15.700,43.961
274.351,384.527,15.769,44.152
273.284,384.897,15.759,44.126
269.616,384.433,15.793,44.219
266.709,384.020,15.750,44.100
265.888,383.572,15.821,44.298
263.228,382.968,15.689,43.930
263.702,384.741,15.763,44.137
263.183,385.860,15.767,44.148
262.960,386.669,15.753,44.109
262.385,386.228,15.773,44.164
262.509,386.289,15.824,44.308
261.857,386.069,15.827,44.317
261.208,386.081,15.839,44.350
260.941,386.155,15.771,44.159
260.858,386.536,15.757,44.119
260.535,385.697,15.720,44.015
260.427,386.070,15.806,44.257
259.400,386.151,15.766,44.144
259.944,387.149,15.757,44.119
260.123,388.403,15.713,43.996
261.421,391.409,15.756,44.118
261.888,394.500,15.712,43.994
262.718,396.208,15.758,44.124
263.009,396.915,15.724,44.026
262.879,397.683,15.721,44.019
263.409,398.100,15.801,44.242
262.849,397.366,15.798,44.236
262.939,396.725,15.813,44.277
262.778,395.466,15.757,44.119
263.733,395.614,15.716,44.005
264.025,393.983,15.760,44.128
263.582,392.989,15.815,44.281
263.278,392.967,15.840,44.352
262.597,393.122,15.871,44.440
262.233,393.729,15.783,44.194
261.295,394.881,15.765,44.141
261.082,395.722,15.738,44.067
260.887,396.300,15.813,44.277
259.914,395.621,15.785,44.197
259.368,395.688,15.761,44.132
259.475,394.789,15.741,44.075
259.266,393.799,15.819,44.294
257.872,392.382,15.808,44.263
256.133,391.436,15.810,44.267
255.351,390.078,15.824,44.306
253.172,388.076,15.881,44.468
250.783,387.887,15.987,44.762
250.201,387.048,16.175,45.289
247.256,384.089,16.046,44.930
244.262,381.932,16.186,45.321
240.442,378.480,16.096,45.069
238.931,376.840,15.922,44.581
237.675,379.434,15.975,44.729
237.599,385.050,16.062,44.973
235.233,388.708,15.904,44.531
234.438,390.674,15.872,44.443
236.905,394.237,15.964,44.698
244.182,398.793,16.105,45.095
250.614,399.131,16.245,45.485
258.405,397.185,16.265,45.543
267.272,395.446,16.450,46.060
274.717,396.353,16.268,45.550
279.542,397.714,16.177,45.296
277.725,395.223,16.088,45.047
275.674,390.190,16.025,44.869
277.218,383.299,16.297,45.633
276.813,381.589,16.211,45.390
272.148,384.828,16.390,45.893
263.584,390.591,16.497,46.192
253.090,393.918,16.646,46.607
242.742,392.601,16.650,46.619
238.950,388.498,16.882,47.269
234.787,382.428,17.089,47.850
229.626,378.370,17.290,48.412
223.544,378.884,17.475,48.931
218.327,381.593,17.568,49.190
214.923,384.574,17.680,49.504
210.295,384.784,17.735,49.659
205.752,385.767,17.701,49.562
200.980,388.500,17.631,49.366
197.649,392.167,17.656,49.437
193.745,392.712,17.663,49.456
191.165,392.429,17.693,49.540
190.346,393.838,17.602,49.287
187.419,396.374,17.458,48.883
186.326,398.458,17.360,48.608
185.474,400.639,17.326,48.514
185.411,398.799,17.350,48.580
186.934,398.836,17.229,48.240
187.491,399.044,16.998,47.595
189.487,399.598,16.841,47.154
193.303,400.129,16.811,47.070
196.554,397.838,16.906,47.336
199.674,393.248,16.845,47.166
202.241,390.698,16.906,47.337
204.534,388.393,16.947,47.452
206.734,387.831,16.835,47.137
208.950,389.619,16.921,47.380
211.265,392.626,16.809,47.066
215.921,396.002,16.835,47.138
218.953,397.480,16.882,47.268
220.616,395.531,16.943,47.440
221.940,394.649,16.914,47.359
220.800,394.092,16.875,47.249
216.651,394.187,17.080,47.824
212.095,396.822,17.042,47.718
209.990,399.242,16.965,47.501
208.427,400.335,16.920,47.377
207.646,402.217,16.846,47.168
206.591,404.384,16.976,47.534
205.076,404.426,16.903,47.330
206.217,405.351,16.833,47.131
207.203,408.059,16.755,46.915
206.108,406.607,16.765,46.941
208.462,406.712,16.831,47.126
211.153,407.742,16.908,47.342
211.673,405.324,16.945,47.445
212.490,404.253,16.950,47.460
213.341,405.201,16.955,47.474
215.181,405.506,16.985,47.558
217.194,405.324,17.030,47.683
217.847,405.918,17.128,47.957
218.642,407.926,17.219,48.213
219.666,409.914,17.295,48.426
219.870,412.623,17.455,48.875
219.095,415.642,17.484,48.955
221.017,418.375,17.614,49.318
220.712,422.536,17.747,49.691
218.321,424.327,17.974,50.327
216.196,426.126,18.254,51.112
214.272,428.290,18.607,52.099
213.214,431.723,18.881,52.866
211.410,431.006,19.103,53.489
208.538,428.166,19.309,54.065
210.960,427.433,19.619,54.932
211.040,425.018,19.736,55.262
210.046,422.713,19.954,55.870
210.708,422.493,20.157,56.439
209.721,420.259,20.323,56.903
211.027,420.429,20.577,57.614
210.410,418.531,20.817,58.287
210.069,417.527,20.967,58.707
210.728,420.605,21.020,58.855
212.053,421.265,21.099,59.076
213.437,422.936,21.328,59.717
216.054,424.355,21.636,60.581
217.273,427.137,22.036,61.700
221.006,427.338,22.522,63.060
223.106,428.404,22.901,64.124
222.650,428.178,23.236,65.062
225.396,429.116,23.633,66.173
226.293,434.070,23.992,67.179
224.012,435.888,24.333,68.132
222.634,435.684,24.719,69.214
222.229,436.638,25.333,70.932
219.763,438.311,25.743,72.080
217.320,440.528,25.842,72.358
214.384,441.861,26.164,73.258
215.499,442.271,26.540,74.311
216.857,443.267,26.828,75.119
214.451,443.033,27.402,76.727
211.864,445.594,28.333,79.333
209.211,446.144,28.428,79.598
207.205,446.560,28.929,81.002
207.689,445.177,29.141,81.594
208.358,440.644,29.284,81.994
205.236,434.943,29.240,81.872
202.686,430.481,29.478,82.539
200.938,424.681,29.309,82.065
199.345,420.637,29.584,82.835
196.326,416.120,29.566,82.786
196.469,414.223,29.381,82.268
197.023,414.181,29.628,82.957
199.679,414.615,29.935,83.819
200.888,415.093,30.275,84.771
203.323,414.134,30.122,84.341
204.961,414.573,29.926,83.794
206.473,414.814,30.234,84.655
205.105,414.985,30.484,85.354
204.590,416.036,30.641,85.796
204.093,413.985,29.941,83.835
202.341,412.578,30.237,84.664
194.798,413.672,30.523,85.466
183.152,414.689,30.571,85.598
178.627,418.825,30.857,86.399
171.871,419.701,30.680,85.905
170.422,421.212,30.539,85.509
164.527,423.990,30.447,85.253
155.257,424.270,30.427,85.196
153.183,425.915,30.299,84.838
152.151,429.267,30.219,84.613
155.006,432.015,30.256,84.717
157.231,435.230,30.372,85.043
155.496,437.030,30.242,84.677
160.667,439.750,30.403,85.127
164.086,440.515,30.287,84.804
170.068,441.234,30.381,85.065
171.952,439.454,30.279,84.781
175.564,441.183,30.278,84.779
178.619,445.604,30.238,84.666
179.488,448.134,30.424,85.188
180.114,450.269,30.759,86.126
180.512,451.207,30.940,86.632
179.088,450.107,30.733,86.052
182.978,451.881,30.558,85.562
182.052,449.149,30.388,85.086
179.779,444.556,30.743,86.081
177.692,440.193,30.847,86.371
169.553,429.161,30.953,86.667
166.974,424.257,31.053,86.948
168.180,420.720,31.105,87.095
166.760,415.820,31.085,87.037
175.511,417.555,31.353,87.789
183.700,422.766,31.512,88.233
194.114,426.291,30.902,86.525
199.781,425.259,30.658,85.843
211.194,428.832,30.880,86.464
219.082,435.529,31.127,87.155
224.720,438.929,30.702,85.965
231.493,443.655,30.806,86.256
237.892,445.523,30.678,85.898
243.724,442.792,30.126,84.353
249.139,441.791,30.518,85.451
252.794,436.797,31.001,86.802
255.114,431.795,30.832,86.331
256.620,428.115,30.713,85.997
259.485,426.055,30.946,86.650
261.790,423.055,30.586,85.642
261.691,421.298,30.581,85.628
261.849,421.650,30.750,86.100
262.309,423.225,30.786,86.200
263.846,426.428,31.258,87.524
262.554,426.952,31.608,88.504
259.951,425.175,31.508,88.223
259.137,425.719,31.428,87.997
255.837,422.295,31.364,87.818
254.116,421.605,30.922,86.582
255.778,420.454,30.893,86.500
257.855,416.188,31.414,87.958
262.048,414.838,31.623,88.544
259.541,415.368,31.637,88.584
256.905,416.343,31.694,88.743
257.767,416.014,31.684,88.715
255.467,411.915,31.334,87.736
256.819,409.106,31.151,87.223
254.356,403.729,31.661,88.650
253.605,399.410,31.659,88.644
253.317,400.485,31.758,88.923
252.598,398.673,31.892,89.298
255.299,393.826,32.463,90.897
257.864,386.971,32.623,91.345
262.106,383.246,32.520,91.055
264.612,382.359,32.470,90.916
264.138,380.736,32.321,90.499
263.579,379.864,32.590,91.252
263.448,377.931,32.461,90.890
266.109,379.672,32.534,91.094
267.418,382.380,32.589,91.248
268.405,384.614,32.149,90.018
269.059,386.033,32.329,90.521
269.775,388.293,32.272,90.362
266.688,394.844,32.189,90.130
266.309,401.990,32.157,90.038
263.234,406.594,32.563,91.176
261.120,410.509,32.236,90.260
259.650,412.131,32.822,91.900
257.865,411.811,33.725,94.431
259.499,411.890,34.521,96.659
263.300,413.257,34.533,96.692
262.607,413.634,35.382,99.069
262.055,409.802,35.881,100.468
263.462,410.652,36.422,101.982
264.659,410.090,36.970,103.516
266.948,404.568,37.390,104.692
270.166,403.318,37.413,104.756
268.729,406.968,37.602,105.286
268.685,409.477,38.450,107.660
268.328,408.457,39.566,110.784
266.948,405.679,39.788,111.406
260.884,404.810,41.282,115.591
261.129,402.463,41.813,117.077
262.775,403.712,42.495,118.986
259.613,404.350,43.235,121.057
257.935,405.084,44.149,123.617
258.297,405.792,45.345,126.967
254.548,403.125,45.719,128.014
254.945,401.987,46.999,131.597
253.704,403.305,47.500,133.000
251.719,400.385,47.657,133.439
252.189,403.949,48.393,135.501
255.937,411.856,49.696,139.148
256.192,419.803,50.970,142.716
254.844,422.511,50.754,142.111
256.281,426.523,50.783,142.191
255.917,436.096,51.218,143.411
257.986,444.011,52.304,146.452
257.783,446.516,51.730,144.845
253.114,443.173,51.153,143.228
248.428,437.851,51.135,143.179
244.042,432.763,50.876,142.453
239.411,430.052,51.367,143.828
233.516,420.575,52.038,145.705
228.151,404.466,52.199,146.156
224.372,392.063,51.854,145.190
228.321,385.690,51.836,145.142
230.168,389.063,51.376,143.853
229.278,389.672,52.012,145.633
233.899,390.991,52.496,146.988
232.824,392.166,52.459,146.886
234.160,396.625,51.982,145.551
235.052,399.018,51.895,145.305
236.766,398.403,52.945,148.246
238.008,397.138,52.930,148.204
238.841,395.064,53.153,148.829
239.651,392.330,52.882,148.071
237.571,392.090,53.977,151.137
236.921,389.316,53.188,148.926
239.300,389.860,53.869,150.833
240.453,391.502,54.074,151.407
246.678,399.825,53.847,150.771
250.833,412.484,53.697,150.352
250.413,428.571,53.615,150.123
253.003,431.425,53.535,149.897
252.581,426.471,52.379,146.660
255.509,431.139,52.979,148.342
251.476,426.469,52.399,146.718
245.496,423.323,54.851,153.582
235.980,421.508,55.816,156.285
230.356,412.890,56.021,156.858
227.826,402.973,56.386,157.881
228.889,399.462,55.170,154.476
227.926,398.200,55.028,154.078
227.444,396.951,54.101,151.483
228.514,396.777,53.468,149.710
230.074,400.682,52.922,148.181
229.385,404.275,52.416,146.765
232.083,412.519,51.163,143.256
233.731,414.897,50.869,142.433
236.438,415.707,50.030,140.083
243.634,416.783,49.376,138.253
247.407,417.215,49.966,139.904
248.617,420.004,49.125,137.549
246.975,420.032,47.580,133.224
244.546,414.922,46.904,131.331
243.364,409.118,46.641,130.594
242.370,407.676,45.084,126.234
239.214,404.544,44.013,123.236
236.398,401.875,43.211,120.992
233.104,405.045,42.532,119.089
229.088,404.897,42.708,119.581
224.569,404.079,41.317,115.687
221.781,406.602,40.850,114.379
221.932,408.515,40.877,114.455
220.834,409.518,40.306,112.856
220.283,409.713,40.120,112.337
218.486,409.136,39.061,109.370
217.208,406.460,38.487,107.762
218.975,402.832,38.170,106.877
219.743,400.728,37.761,105.729
219.473,400.390,37.757,105.720
220.998,400.873,37.108,103.903
220.529,404.038,36.270,101.555
220.840,403.484,36.405,101.933
223.310,402.160,35.260,98.728
224.173,404.215,34.675,97.091
227.069,403.619,34.116,95.525
229.185,405.834,33.605,94.093
229.962,406.229,33.610,94.109
232.205,406.264,32.611,91.310
234.938,408.090,32.806,91.857
237.760,410.228,32.298,90.436
244.063,412.745,31.528,88.278
247.311,417.666,31.437,88.025
249.210,419.000,31.159,87.246
251.095,419.092,30.328,84.919
252.951,422.297,30.001,84.004
254.381,424.883,29.350,82.181
256.194,426.463,29.442,82.438
255.120,427.668,29.766,83.346
255.554,430.263,29.837,83.544
256.900,433.085,29.207,81.779
256.522,435.284,29.019,81.253
258.129,437.560,29.257,81.919
258.787,440.288,29.598,82.876
258.651,440.274,30.662,85.853
256.994,440.529,30.804,86.252
256.887,443.337,30.640,85.793
255.604,445.172,30.175,84.490
256.990,444.602,30.672,85.881
256.456,442.034,29.849,83.578
257.308,439.088,29.564,82.780
258.040,436.052,29.503,82.608
256.278,429.834,30.225,84.630
255.064,424.533,30.699,85.958
256.793,424.349,31.295,87.625
257.472,423.388,30.761,86.131
258.631,421.471,31.152,87.224
259.639,420.541,30.579,85.621
262.128,421.715,30.201,84.563
263.687,422.087,30.609,85.704
265.530,419.609,29.980,83.944
266.061,418.286,30.450,85.260
267.174,417.538,31.253,87.507
267.010,418.340,31.409,87.945
267.058,418.808,31.214,87.398
268.106,420.684,30.829,86.322
267.000,421.472,31.260,87.528
268.100,423.002,31.113,87.117
266.562,425.629,31.159,87.246
263.889,430.215,31.105,87.094
262.435,435.224,31.143,87.200
259.424,439.898,31.608,88.501
254.084,443.617,32.126,89.953
248.018,446.197,32.315,90.483
242.352,448.516,32.152,90.026
239.829,452.529,32.654,91.430
237.474,454.969,32.555,91.153
234.210,456.351,32.490,90.971
234.034,457.418,32.639,91.389
231.562,458.533,32.904,92.133
230.588,458.504,32.959,92.286
230.445,460.344,32.569,91.192
230.904,459.693,32.521,91.057
231.197,460.696,32.359,90.606
231.455,461.896,32.705,91.573
231.260,461.945,33.376,93.453
230.499,462.744,32.908,92.142
231.491,464.252,33.005,92.415
232.887,463.330,33.362,93.415
234.099,461.953,33.671,94.279
235.588,463.117,33.392,93.498
236.956,464.270,33.715,94.403
237.472,463.581,33.867,94.826
238.928,462.601,33.905,94.935
239.650,464.272,33.606,94.096
238.561,464.689,33.930,95.005
240.297,465.044,33.838,94.747
239.743,464.232,33.643,94.200
240.489,465.226,33.293,93.219
240.598,466.986,33.182,92.909
241.991,466.320,33.717,94.409
244.384,466.655,33.717,94.407
246.388,467.783,33.712,94.394
248.223,468.192,33.984,95.156
248.118,468.233,34.596,96.868
245.158,466.999,34.095,95.465
237.957,464.929,33.908,94.943
235.570,462.930,33.978,95.138
241.910,459.899,34.009,95.226
249.010,455.138,34.172,95.681
251.136,450.164,34.329,96.121
250.421,451.367,34.345,96.167
249.242,455.398,34.471,96.519
251.245,459.187,33.823,94.704
249.516,461.462,33.716,94.405
248.884,463.095,33.966,95.104
247.467,462.857,34.770,97.356
245.928,456.794,35.181,98.507
252.110,453.754,34.330,96.125
253.938,452.283,34.771,97.360
256.618,450.005,34.259,95.925
258.741,447.040,34.207,95.780
260.182,446.245,34.716,97.205
262.257,443.354,34.391,96.294
265.219,442.272,34.699,97.157
266.689,441.145,35.113,98.317
266.899,441.169,35.689,99.929
266.909,439.062,35.730,100.044
266.158,438.114,35.798,100.235
268.523,437.556,35.001,98.004
270.549,437.265,35.101,98.283
272.804,439.455,34.603,96.888
271.648,440.161,35.189,98.528
269.887,442.548,35.090,98.253
268.950,445.882,35.038,98.106
267.821,445.924,35.924,100.587
265.360,445.763,36.758,102.922
261.633,446.596,36.644,102.604
256.069,445.755,36.126,101.152
251.530,443.269,35.894,100.504
248.929,442.986,36.185,101.318
244.900,441.283,36.425,101.991
242.886,441.272,36.629,102.561
241.033,440.010,36.046,100.930
242.343,440.850,36.111,101.110
242.426,441.731,36.325,101.711
242.817,440.766,36.333,101.732
243.962,437.992,36.435,102.019
247.828,440.322,36.106,101.097
249.229,440.215,36.724,102.827
250.715,439.532,37.665,105.461
251.642,441.019,37.473,104.923
251.536,442.166,37.451,104.862
249.488,442.697,37.620,105.336
249.184,444.245,37.761,105.731
248.128,446.724,37.519,105.053
248.123,449.764,37.593,105.259
248.086,453.257,37.772,105.760
247.589,455.381,37.339,104.550
245.003,459.941,37.517,105.046
243.903,464.386,37.522,105.062
245.062,466.626,37.595,105.265
246.428,468.838,37.746,105.689
245.624,469.974,38.139,106.790
246.258,471.646,38.040,106.512
246.022,471.049,38.678,108.299
247.008,470.875,38.934,109.014
248.170,469.541,38.978,109.139
251.058,471.062,38.815,108.681
250.652,472.968,38.420,107.577
249.099,474.816,38.821,108.699
248.342,477.160,38.418,107.571
249.597,478.498,38.971,109.118
249.204,481.316,39.096,109.470
249.393,485.671,38.406,107.536
248.879,488.998,38.625,108.150
249.227,491.913,38.142,106.798
249.630,494.915,38.350,107.381
249.610,498.076,38.708,108.382
249.088,500.365,39.030,109.285
249.329,502.995,38.771,108.558
248.727,504.858,38.840,108.752
248.091,506.713,38.694,108.342
249.023,508.199,39.259,109.925
248.553,508.892,39.751,111.302
247.011,506.458,39.406,110.337
242.187,506.770,39.563,110.776
239.496,506.505,39.385,110.277
237.938,503.622,38.898,108.916
237.854,501.027,39.415,110.361
238.621,499.606,38.815,108.681
241.032,497.185,39.279,109.982
244.192,496.067,40.140,112.393
244.502,495.610,40.060,112.167
246.189,494.848,40.935,114.619
246.739,496.171,40.483,113.351
246.550,498.554,40.242,112.677
245.966,500.095,40.394,113.102
245.263,500.064,40.820,114.297
245.077,501.521,40.811,114.270
244.535,503.737,40.674,113.889
244.123,505.329,40.733,114.054
245.697,507.669,40.186,112.521
245.284,508.912,40.319,112.892
247.030,509.438,40.738,114.066
246.907,513.422,40.704,113.972
246.001,518.669,40.812,114.274
246.770,520.740,40.790,114.212
247.787,522.662,40.937,114.624
246.807,523.834,41.257,115.521
245.790,523.507,41.407,115.939
247.509,523.108,42.130,117.964
247.460,522.788,41.560,116.369
248.278,522.909,41.445,116.045
248.291,522.119,42.203,118.167
248.388,521.749,42.130,117.963
248.693,518.997,41.519,116.253
249.369,518.225,41.431,116.008
249.704,518.079,41.651,116.623
250.074,519.117,41.194,115.343
249.302,519.554,41.885,117.277
248.894,518.797,42.303,118.448
249.397,516.556,41.764,116.940
249.759,515.486,41.965,117.501
250.544,513.080,41.719,116.813
249.677,507.720,42.046,117.728
250.441,503.314,42.067,117.787
249.978,500.297,41.739,116.869
248.966,494.773,42.500,119.000
247.900,489.774,42.452,118.866
247.641,488.640,43.126,120.752
246.777,487.534,42.367,118.627
248.687,486.846,42.069,117.792
252.705,485.305,41.820,117.095
256.169,484.187,42.316,118.486
259.158,484.088,42.913,120.156
261.637,485.269,42.973,120.324
263.623,487.281,42.934,120.214
265.536,488.628,42.821,119.899
267.621,489.552,43.592,122.059
268.161,490.617,43.764,122.540
267.637,490.206,43.846,122.768
270.093,488.080,44.326,124.112
270.859,486.376,43.664,122.259
272.631,487.151,43.861,122.812
273.744,488.259,44.351,124.182
273.867,488.402,44.218,123.812
272.819,490.545,43.496,121.788
272.933,493.863,42.954,120.272
271.715,496.283,42.997,120.391
272.346,498.825,43.231,121.046
271.642,500.916,43.101,120.684
270.557,502.800,43.352,121.385
269.548,502.530,44.056,123.358
268.076,502.912,44.229,123.842
265.272,503.074,44.133,123.572
264.712,501.668,44.805,125.454
263.558,499.619,44.274,123.967
262.269,498.387,43.848,122.774
262.149,496.514,44.170,123.676
264.338,496.096,44.177,123.696
262.618,495.531,44.534,124.694
262.106,494.849,45.289,126.808
262.682,496.716,45.384,127.076
259.500,499.034,44.204,123.773
254.512,503.400,43.993,123.181
252.366,505.158,44.142,123.596
251.677,504.029,43.689,122.331
