122.000,51.000,51.000,61.000
121.647,50.822,50.864,60.838
122.036,51.609,50.392,60.273
122.170,52.569,50.279,60.137
122.375,53.859,50.688,60.627
122.253,54.959,50.882,60.859
121.563,55.607,51.017,61.020
121.334,56.501,51.725,61.867
121.130,57.036,51.149,61.178
121.022,57.564,52.020,62.220
120.629,57.634,52.608,62.923
120.703,58.320,51.301,61.360
120.279,58.504,51.414,61.495
119.985,58.650,51.501,61.600
120.061,58.766,52.281,62.532
119.574,58.855,52.051,62.257
119.990,59.807,51.841,62.005
119.680,59.986,51.408,61.489
119.410,60.457,51.020,61.024
119.456,60.960,51.454,61.543
119.138,60.998,51.824,61.985
118.649,60.869,51.479,61.573
118.715,61.507,51.533,61.637
118.554,61.649,51.747,61.894
117.930,61.732,51.541,61.647
118.050,62.185,52.051,62.257
117.961,62.506,51.666,61.797
117.481,62.249,51.445,61.533
117.518,62.536,51.465,61.556
117.333,62.579,51.269,61.322
116.459,61.865,51.162,61.194
116.080,62.243,50.885,60.862
113.933,60.961,51.158,61.188
112.547,60.995,51.138,61.166
110.613,60.256,51.202,61.241
108.936,59.456,50.780,60.737
107.236,58.848,50.536,60.445
105.789,57.864,50.114,59.940
105.172,57.658,50.003,59.808
105.055,57.137,49.972,59.771
104.973,57.243,49.898,59.681
106.324,57.356,49.477,59.178
106.859,57.078,49.265,58.925
106.766,55.634,49.014,58.625
108.370,55.390,48.812,58.382
109.100,53.879,48.702,58.252
110.710,53.086,48.842,58.419
111.718,52.533,48.631,58.166
112.181,52.638,48.626,58.161
113.065,53.489,48.843,58.419
112.876,54.139,48.791,58.358
113.230,55.516,48.736,58.293
113.348,56.820,49.366,59.046
113.738,59.437,49.772,59.531
113.682,61.424,50.474,60.371
113.184,63.069,51.116,61.139
113.743,65.566,51.483,61.577
113.492,67.391,51.870,62.041
113.290,69.348,51.928,62.110
113.184,71.279,51.826,61.988
112.359,72.681,52.087,62.300
112.037,74.878,51.699,61.836
111.644,76.985,52.054,62.260
111.739,79.049,52.352,62.617
111.894,80.105,52.341,62.604
112.552,81.088,52.498,62.791
113.937,81.638,52.569,62.876
114.891,81.892,52.421,62.699
116.657,83.156,52.569,62.877
117.690,83.040,52.670,62.997
119.149,83.826,52.420,62.699
121.153,84.630,52.778,63.127
122.626,84.069,53.115,63.530
123.471,83.358,53.052,63.455
123.886,82.048,53.068,63.474
123.645,80.568,53.102,63.514
123.052,79.028,53.256,63.699
122.846,77.187,53.485,63.972
122.206,74.319,53.327,63.783
122.105,72.445,53.484,63.971
121.462,69.939,52.959,63.343
121.386,68.193,52.607,62.922
121.456,66.977,52.431,62.711
121.826,66.523,52.387,62.659
121.966,66.087,52.302,62.557
121.851,65.556,52.424,62.704
121.818,65.237,52.491,62.784
121.701,64.811,52.140,62.363
121.053,63.697,51.968,62.157
120.890,63.444,51.890,62.064
120.288,62.319,51.841,62.006
118.910,60.519,51.836,62.000
117.974,58.975,51.670,61.802
116.545,57.637,51.585,61.700
115.035,57.057,51.482,61.577
113.238,56.406,51.069,61.083
111.289,56.115,50.616,60.541
109.620,56.023,49.984,59.785
107.712,55.379,49.286,58.949
106.752,55.597,49.018,58.630
105.503,55.565,48.999,58.606
104.641,55.608,48.826,58.399
103.940,55.459,48.309,57.781
103.395,55.266,48.288,57.756
103.123,55.211,47.915,57.310
102.699,54.725,47.948,57.350
102.455,54.331,48.095,57.526
102.814,54.578,48.414,57.907
103.219,54.742,48.488,57.996
103.968,54.829,48.704,58.254
104.186,54.610,49.087,58.712
104.946,54.905,49.303,58.970
106.006,55.782,49.686,59.429
106.176,55.707,50.040,59.852
106.867,56.344,50.379,60.257
107.457,57.047,50.794,60.753
108.497,58.119,51.057,61.068
109.971,59.619,51.491,61.587
110.752,60.792,51.661,61.791
110.731,61.506,51.782,61.935
110.585,62.237,52.175,62.405
110.525,62.972,52.166,62.395
110.471,63.337,52.266,62.514
110.831,63.804,52.420,62.698
111.945,65.394,52.582,62.892
112.239,65.088,52.564,62.871
112.487,65.618,52.550,62.854
112.253,65.652,52.650,62.974
112.077,65.527,52.667,62.994
112.155,65.250,52.663,62.990
112.067,64.850,52.725,63.063
112.042,64.466,52.724,63.062
112.150,64.255,52.682,63.012
112.068,64.179,52.717,63.054
112.063,64.185,52.755,63.100
112.613,64.747,52.930,63.309
112.543,64.657,53.044,63.445
111.576,64.490,52.962,63.347
111.066,64.499,53.109,63.523
110.279,64.423,52.950,63.332
109.450,64.382,53.129,63.546
108.531,63.876,53.235,63.673
107.831,64.104,53.314,63.768
105.985,63.826,53.264,63.708
103.629,63.799,53.325,63.781
101.949,63.527,53.350,63.810
100.656,63.679,53.334,63.791
100.576,63.605,53.278,63.725
100.502,63.674,53.345,63.805
100.829,63.557,53.450,63.930
100.688,63.279,53.365,63.829
101.357,63.953,53.285,63.733
102.096,64.535,52.917,63.293
102.784,65.169,52.694,63.026
102.478,64.934,52.980,63.368
103.023,65.579,52.843,63.204
104.105,66.345,53.012,63.406
104.208,66.251,52.751,63.095
104.943,66.474,52.957,63.341
104.497,65.773,53.009,63.403
104.990,65.568,52.754,63.097
105.730,65.784,52.868,63.235
106.109,65.765,52.818,63.175
106.080,65.661,53.026,63.424
105.736,65.278,52.831,63.190
106.061,65.512,53.109,63.522
105.883,65.045,52.991,63.382
106.098,64.904,52.985,63.375
105.989,65.007,52.956,63.340
105.821,64.993,52.915,63.290
105.941,65.177,53.333,63.791
105.543,64.870,53.448,63.928
104.439,64.191,53.300,63.751
104.435,64.244,53.273,63.719
104.106,64.025,53.012,63.406
103.349,63.525,52.506,62.801
103.135,63.668,52.531,62.831
102.386,63.159,52.111,62.329
102.253,62.961,51.677,61.810
102.066,62.967,51.566,61.677
102.222,63.241,51.674,61.807
101.773,63.113,51.193,61.231
101.799,63.664,50.956,60.948
101.460,63.519,50.637,60.566
102.105,64.260,50.312,60.177
102.182,64.876,50.016,59.824
101.695,64.709,49.828,59.598
102.167,65.449,49.766,59.524
102.228,65.575,49.531,59.243
102.251,65.377,48.865,58.446
102.838,65.954,48.608,58.139
103.133,65.901,48.452,57.953
103.437,66.122,48.266,57.730
103.599,65.973,47.895,57.286
104.026,66.357,47.677,57.025
104.954,67.218,47.551,56.875
105.478,67.720,47.152,56.397
106.009,68.116,47.002,56.218
105.785,68.411,46.707,55.865
106.385,69.367,46.745,55.910
106.717,69.695,46.759,55.927
106.860,70.247,46.811,55.989
107.234,70.896,46.825,56.006
107.439,71.431,46.752,55.919
107.776,71.949,46.659,55.808
107.473,71.851,46.593,55.729
107.505,72.184,46.541,55.667
107.387,72.583,46.480,55.594
107.028,72.978,46.466,55.578
107.233,74.057,46.221,55.284
106.461,73.874,46.001,55.021
106.938,74.684,45.949,54.959
106.575,74.973,45.901,54.901
106.298,75.109,45.888,54.886
106.225,74.994,45.493,54.413
106.223,74.964,45.307,54.190
105.418,74.143,45.229,54.098
105.450,74.320,44.863,53.660
105.262,74.034,44.805,53.590
105.074,73.863,44.814,53.601
104.885,73.799,44.705,53.470
105.019,74.374,44.449,53.164
104.330,73.427,44.253,52.930
104.367,74.105,43.985,52.609
103.477,73.268,43.685,52.250
103.391,74.035,43.369,51.873
103.105,73.515,43.111,51.564
102.338,72.915,43.175,51.640
101.706,72.737,43.071,51.516
101.531,72.766,42.939,51.359
101.493,73.031,42.973,51.399
101.541,72.670,42.950,51.371
101.635,73.269,42.966,51.391
102.328,73.624,42.985,51.414
102.605,74.003,43.230,51.706
102.157,73.412,43.612,52.164
102.127,74.049,43.733,52.308
102.531,75.062,43.727,52.300
102.105,75.190,43.857,52.456
101.697,75.232,44.076,52.718
101.108,74.454,44.118,52.769
101.327,75.043,44.304,52.991
101.425,74.634,44.404,53.111
101.350,73.913,44.478,53.199
101.807,73.660,44.730,53.500
102.462,74.039,44.952,53.766
102.060,73.373,45.392,54.293
102.021,73.486,45.468,54.383
102.217,74.179,45.576,54.513
101.858,74.072,45.847,54.837
101.676,73.963,45.992,55.009
101.345,73.353,46.039,55.066
101.054,72.191,46.183,55.239
100.042,70.206,46.337,55.422
100.139,69.257,46.310,55.391
99.986,67.481,46.414,55.515
99.924,65.748,46.556,55.684
99.541,63.294,46.697,55.853
100.085,62.175,46.687,55.841
99.262,59.756,46.780,55.953
99.737,58.393,46.724,55.886
99.517,56.319,46.921,56.121
99.018,53.628,47.050,56.275
99.020,51.564,47.060,56.288
98.849,49.671,47.144,56.388
98.640,48.731,47.257,56.523
98.534,47.228,47.175,56.425
98.360,45.632,47.267,56.535
98.576,44.011,47.251,56.516
98.909,42.944,47.193,56.447
99.750,42.465,47.176,56.426
99.675,42.568,47.257,56.524
99.970,42.039,47.164,56.411
100.475,42.727,47.283,56.554
100.804,42.939,47.451,56.755
101.422,43.707,47.650,56.994
102.822,45.582,47.802,57.175
103.722,46.525,48.008,57.421
105.159,48.551,48.158,57.601
106.611,49.723,48.376,57.861
107.682,50.323,48.639,58.176
108.656,50.887,48.971,58.573
110.259,52.102,49.208,58.856
110.814,52.087,49.212,58.861
111.614,52.468,49.188,58.833
112.170,52.643,49.379,59.061
112.966,53.481,49.343,59.019
113.296,53.699,49.526,59.237
113.008,53.649,49.719,59.468
113.842,55.057,49.830,59.601
114.724,55.875,49.950,59.744
115.157,56.505,50.124,59.952
115.382,57.652,50.429,60.317
116.271,59.166,50.642,60.572
117.793,61.102,50.803,60.764
118.357,62.029,50.856,60.828
118.913,63.593,50.875,60.851
119.292,64.852,50.821,60.786
119.272,66.429,50.811,60.774
119.470,67.730,50.728,60.675
119.598,70.333,50.750,60.701
119.574,72.062,50.699,60.640
119.343,73.727,50.646,60.577
119.201,74.670,50.389,60.269
117.763,74.835,50.276,60.134
117.326,76.204,50.228,60.077
116.342,76.354,50.293,60.154
115.576,76.613,50.373,60.250
114.852,76.007,50.222,60.069
114.969,76.462,50.443,60.333
114.156,75.981,50.568,60.483
113.706,76.235,50.653,60.585
113.277,76.888,51.010,61.012
112.578,76.310,51.660,61.789
111.306,75.255,52.078,62.289
110.677,74.875,52.446,62.730
109.290,74.362,52.692,63.024
107.541,73.179,52.776,63.124
106.367,73.128,53.096,63.507
104.405,71.912,53.314,63.767
103.399,72.028,53.615,64.127
101.906,71.621,53.851,64.410
99.642,70.497,54.078,64.681
98.238,70.440,54.522,65.212
96.435,69.642,54.881,65.642
94.523,68.113,55.116,65.923
93.119,67.776,55.010,65.796
91.711,67.532,55.190,66.011
90.292,66.569,55.101,65.905
88.948,66.331,55.267,66.103
87.932,66.043,55.350,66.203
87.034,66.302,55.637,66.546
85.151,65.245,55.565,66.460
83.978,65.011,55.652,66.565
82.553,64.759,55.923,66.888
81.495,64.851,56.281,67.316
79.843,65.057,56.298,67.337
78.506,65.150,56.505,67.584
76.357,65.016,56.409,67.469
74.626,65.261,56.747,67.874
73.559,65.606,57.073,68.263
71.728,65.725,57.331,68.572
70.241,65.186,57.309,68.546
69.115,65.112,57.164,68.372
68.066,65.584,57.593,68.886
66.020,65.697,57.834,69.174
64.602,65.227,57.726,69.045
62.823,65.494,57.569,68.857
61.757,65.899,57.898,69.250
59.038,65.754,58.131,69.530
58.084,65.931,58.226,69.643
56.398,65.920,58.495,69.965
55.227,66.754,58.646,70.146
52.428,66.294,58.872,70.416
52.189,66.703,59.162,70.762
49.756,66.383,59.043,70.620
49.266,65.862,59.222,70.834
48.422,65.486,59.718,71.428
47.620,64.951,59.943,71.697
46.863,64.220,59.823,71.554
46.790,64.530,60.122,71.911
46.901,64.655,60.259,72.075
47.492,64.216,60.306,72.131
48.176,62.820,60.583,72.462
49.865,61.809,60.403,72.246
52.016,59.973,59.699,71.404
54.365,59.506,59.319,70.951
56.001,58.777,59.187,70.792
56.806,57.917,58.895,70.443
58.686,57.229,58.138,69.537
59.867,55.081,57.968,69.335
61.259,53.555,57.960,69.325
62.144,51.871,57.940,69.301
63.662,50.007,57.893,69.245
64.332,48.200,57.245,68.470
66.252,46.887,56.882,68.036
67.579,44.816,56.493,67.570
69.073,43.947,56.041,67.030
70.670,42.376,55.465,66.341
72.608,42.209,55.523,66.409
74.495,40.820,55.618,66.524
76.611,39.780,55.249,66.082
78.554,38.951,54.897,65.662
81.363,39.355,54.413,65.082
83.588,38.638,54.329,64.981
85.820,38.358,54.129,64.743
87.664,39.411,54.053,64.652
89.539,39.625,54.357,65.015
91.428,40.123,54.169,64.791
93.494,41.453,54.477,65.159
95.106,42.453,54.646,65.360
96.437,43.551,54.615,65.324
98.175,44.610,54.709,65.436
98.979,45.778,54.309,64.958
100.060,47.316,54.065,64.666
101.488,49.210,53.906,64.475
101.962,50.475,53.526,64.021
102.537,52.118,53.788,64.334
102.975,54.169,54.174,64.796
103.468,56.587,53.797,64.346
103.622,58.846,53.972,64.555
103.262,60.739,53.960,64.541
103.419,63.026,53.966,64.547
103.413,65.386,53.824,64.378
103.566,67.557,53.957,64.537
103.693,69.789,53.873,64.436
104.264,72.124,53.843,64.400
104.429,73.807,54.095,64.702
105.026,76.201,54.345,65.001
104.948,78.347,53.982,64.566
105.330,80.943,54.358,65.016
105.312,83.567,54.612,65.320
105.866,86.285,55.060,65.856
106.386,88.605,55.401,66.264
106.843,90.721,55.720,66.646
106.142,92.809,55.950,66.921
105.961,95.947,56.200,67.220
106.117,98.468,55.669,66.585
105.548,100.299,55.740,66.669
105.151,102.777,55.827,66.773
105.015,105.743,56.177,67.192
104.331,107.960,56.073,67.067
103.727,110.115,55.861,66.815
103.823,112.707,56.384,67.440
103.305,115.204,56.315,67.357
103.008,117.478,56.403,67.462
102.473,119.755,56.189,67.207
102.662,122.531,55.964,66.937
101.905,124.206,56.252,67.281
101.814,127.140,56.588,67.684
101.568,128.977,56.483,67.559
101.171,130.621,56.752,67.880
100.998,133.458,56.971,68.142
100.158,134.707,57.214,68.432
99.771,137.095,57.344,68.588
98.790,139.243,57.293,68.527
98.219,140.772,57.317,68.556
97.746,142.006,57.402,68.657
97.281,143.302,57.236,68.459
96.902,145.317,57.511,68.787
96.263,146.467,57.452,68.717
95.324,146.836,57.032,68.215
94.557,148.612,56.915,68.075
94.335,149.524,56.833,67.977
93.179,151.100,56.996,68.172
91.924,152.780,56.968,68.138
91.109,153.842,56.947,68.113
89.788,154.339,57.028,68.210
89.022,154.756,56.994,68.170
87.552,155.064,57.427,68.687
87.241,154.488,57.281,68.512
85.934,155.030,57.509,68.786
85.426,156.245,57.959,69.324
84.529,156.560,58.533,70.010
83.584,156.433,58.655,70.156
82.147,155.312,58.740,70.258
81.177,153.706,59.309,70.938
80.388,151.483,60.003,71.768
79.498,147.876,60.332,72.162
78.952,144.669,60.702,72.605
78.655,141.737,61.415,73.457
78.326,138.244,62.145,74.331
77.632,133.544,62.282,74.495
78.000,129.347,63.122,75.499
78.164,124.586,63.475,75.921
77.839,120.099,63.855,76.376
78.339,116.042,63.996,76.544
78.968,113.761,63.985,76.531
79.532,110.428,64.139,76.715
79.929,107.020,64.751,77.447
80.554,102.259,64.981,77.723
81.952,100.120,64.912,77.640
82.718,97.213,65.098,77.862
83.665,95.009,64.578,77.241
85.486,94.422,64.582,77.246
86.859,93.713,64.614,77.283
88.016,91.750,63.954,76.494
90.171,90.007,63.964,76.506
91.849,88.851,63.400,75.831
93.314,87.392,62.979,75.328
95.578,86.585,62.635,74.917
98.017,86.447,62.249,74.455
100.570,87.760,62.124,74.305
102.179,88.074,61.541,73.608
104.533,88.813,61.460,73.511
106.178,88.218,61.035,73.002
108.014,87.988,60.677,72.574
109.413,87.761,60.079,71.859
110.696,87.494,59.686,71.389
112.360,87.233,59.582,71.265
113.728,86.896,59.080,70.665
115.823,86.658,58.883,70.429
118.099,86.246,58.529,70.005
120.546,85.960,58.173,69.579
122.138,85.475,57.370,68.619
124.136,85.101,57.050,68.236
126.503,85.003,57.444,68.708
128.159,84.337,56.767,67.898
130.933,84.307,57.101,68.298
133.377,83.964,56.875,68.027
135.288,83.260,56.736,67.861
138.705,83.727,57.119,68.319
140.958,83.557,57.395,68.649
143.183,83.812,57.013,68.192
146.170,84.497,56.571,67.663
148.771,85.240,56.694,67.810
151.461,86.219,56.409,67.470
152.813,86.576,56.185,67.201
155.004,88.417,56.485,67.561
156.066,89.461,56.152,67.162
157.858,91.684,56.011,66.993
158.816,94.257,55.906,66.867
159.881,97.341,55.880,66.837
160.333,100.363,55.750,66.682
160.621,103.117,55.637,66.546
160.945,105.717,55.406,66.270
162.313,108.785,55.269,66.106
163.305,109.837,55.039,65.830
165.855,111.103,55.097,65.900
167.523,110.896,54.977,65.756
169.858,109.903,54.974,65.753
171.622,108.239,55.244,66.076
171.933,104.483,55.640,66.550
173.296,101.475,55.546,66.438
174.373,97.241,55.243,66.075
175.109,92.999,54.969,65.747
176.421,89.745,55.020,65.808
176.873,86.198,54.896,65.659
177.640,83.748,54.733,65.465
178.122,80.338,54.646,65.361
177.739,78.651,54.564,65.263
178.258,76.033,54.368,65.029
177.999,73.013,54.313,64.963
177.051,71.143,54.210,64.839
176.612,69.275,54.856,65.613
175.824,65.590,54.796,65.541
175.829,62.396,54.827,65.578
175.741,58.820,54.961,65.738
177.199,56.975,54.655,65.371
177.205,53.213,54.715,65.443
176.907,50.320,54.784,65.526
176.055,49.612,54.893,65.656
176.522,48.434,54.841,65.595
175.711,46.277,54.996,65.779
175.268,47.925,54.992,65.775
175.170,44.855,55.082,65.882
174.461,45.792,55.057,65.853
172.758,47.232,55.361,66.216
171.211,48.830,55.464,66.339
169.233,50.310,55.900,66.861
167.496,51.170,56.099,67.099
165.797,52.292,55.718,66.643
163.761,54.638,55.438,66.308
162.557,56.798,55.403,66.266
160.344,58.891,55.586,66.485
157.529,59.962,55.603,66.506
154.696,61.769,55.691,66.611
152.074,63.171,55.550,66.443
149.267,63.558,55.803,66.745
146.639,63.788,56.102,67.103
143.303,63.602,56.219,67.242
141.018,64.235,56.470,67.542
137.835,63.637,56.435,67.501
135.136,63.799,56.225,67.249
131.902,65.355,55.990,66.968
127.674,66.934,55.964,66.938
124.238,68.688,55.985,66.962
121.452,70.594,55.812,66.755
119.706,71.913,55.814,66.758
119.138,72.583,55.644,66.555
119.745,71.362,55.520,66.406
123.184,70.495,55.422,66.289
126.842,69.076,55.666,66.580
130.695,67.829,55.938,66.906
135.788,67.598,56.448,67.517
139.702,66.896,56.354,67.404
143.411,67.690,56.419,67.481
146.527,67.211,56.212,67.234
149.456,67.109,56.373,67.426
151.785,67.044,56.303,67.343
153.614,66.228,56.372,67.426
154.089,64.983,56.329,67.374
152.216,63.679,56.783,67.917
149.733,63.607,57.295,68.529
146.019,63.945,57.017,68.197
143.563,65.291,56.927,68.090
141.010,67.327,56.966,68.135
138.018,70.204,57.133,68.335
135.455,73.219,57.272,68.502
131.360,74.783,57.224,68.445
128.079,77.329,57.352,68.598
123.854,78.062,57.289,68.522
120.175,79.038,57.268,68.497
116.779,80.192,57.388,68.641
113.377,80.798,57.470,68.738
110.291,82.782,57.364,68.612
107.960,85.172,57.273,68.503
105.324,87.601,57.081,68.274
104.193,90.547,57.178,68.389
104.483,90.891,57.034,68.218
102.006,96.443,57.173,68.384
103.975,99.668,57.280,68.511
104.731,100.818,57.254,68.481
105.772,104.362,57.459,68.725
106.832,107.252,57.295,68.529
108.237,110.213,57.567,68.854
108.135,113.394,57.591,68.883
109.191,111.021,57.591,68.884
108.800,112.523,57.705,69.019
107.277,112.097,57.963,69.329
107.185,112.723,57.857,69.201
105.571,112.684,57.523,68.802
105.575,115.644,57.474,68.743
104.396,114.667,57.160,68.368
103.804,114.764,57.051,68.238
103.489,114.483,56.981,68.153
102.480,113.548,56.733,67.857
102.482,112.272,56.588,67.683
100.183,112.350,56.350,67.399
101.237,118.297,56.398,67.456
99.489,117.360,56.823,67.964
99.866,115.970,57.155,68.362
99.327,113.149,57.383,68.635
98.602,109.447,57.322,68.561
98.295,106.641,57.173,68.384
97.838,105.350,57.340,68.583
97.287,102.159,57.482,68.753
98.087,100.006,57.575,68.864
97.660,97.782,58.058,69.443
97.568,95.350,58.321,69.756
97.131,92.302,58.407,69.859
97.844,90.431,58.626,70.121
97.305,87.961,58.876,70.421
97.861,86.244,58.810,70.342
97.981,84.001,58.856,70.396
97.952,81.703,58.804,70.334
97.931,79.193,58.694,70.203
97.865,76.248,58.500,69.970
98.073,74.008,58.560,70.043
97.482,70.827,58.079,69.468
98.067,69.596,57.503,68.778
98.190,67.585,57.208,68.425
98.382,65.454,57.122,68.322
97.937,63.586,56.957,68.126
97.263,61.561,56.448,67.517
96.649,60.208,55.814,66.758
95.793,59.328,55.625,66.532
93.674,57.662,55.290,66.131
91.849,56.568,55.155,65.970
89.812,56.011,54.934,65.705
87.918,56.153,54.848,65.603
85.201,55.024,54.737,65.469
83.307,55.033,54.700,65.426
82.529,54.402,54.698,65.424
81.075,53.938,54.732,65.464
80.781,53.523,54.777,65.517
79.841,53.175,54.859,65.616
79.533,53.270,54.705,65.432
79.114,54.188,54.726,65.457
79.515,55.353,54.804,65.549
78.753,57.252,54.852,65.607
78.297,56.864,55.407,66.271
77.014,62.511,55.844,66.793
75.554,64.154,55.660,66.573
73.954,64.602,55.741,66.670
72.973,65.811,55.851,66.803
72.465,67.780,56.052,67.043
70.628,68.815,56.149,67.159
69.370,70.617,56.004,66.985
68.369,71.735,56.197,67.215
68.218,73.613,56.185,67.202
67.864,73.347,56.272,67.306
65.257,78.916,56.217,67.240
65.204,78.993,56.596,67.693
71.541,72.087,56.234,67.260
71.442,72.717,55.965,66.939
71.127,72.891,55.735,66.664
71.362,75.060,55.620,66.526
75.547,83.250,55.806,66.749
73.758,71.439,55.690,66.609
73.744,70.365,55.723,66.650
79.004,80.902,56.265,67.298
76.744,76.370,56.443,67.510
76.022,73.312,57.088,68.282
77.725,71.465,57.847,69.189
79.325,68.816,58.188,69.598
81.164,66.257,58.733,70.249
83.494,64.063,58.855,70.395
86.434,62.354,59.272,70.894
89.448,59.863,59.816,71.545
92.596,57.446,60.230,72.040
94.623,55.557,60.224,72.032
96.392,53.758,60.245,72.057
97.389,52.890,60.027,71.797
97.374,52.058,59.891,71.635
97.373,51.232,60.060,71.837
98.047,51.032,60.224,72.032
98.382,50.237,59.633,71.326
98.853,49.492,59.167,70.769
98.021,48.647,58.884,70.430
97.761,48.199,58.821,70.355
97.498,47.383,58.425,69.881
96.861,46.601,57.900,69.253
96.035,44.954,57.418,68.676
96.263,43.752,56.821,67.962
96.442,43.161,56.545,67.633
95.564,42.039,56.164,67.177
94.427,41.463,56.133,67.139
93.746,41.037,55.758,66.690
93.180,41.379,55.930,66.897
91.902,41.525,55.650,66.562
89.612,41.403,55.553,66.446
87.592,41.725,55.428,66.296
86.500,42.078,55.428,66.296
84.666,41.797,55.318,66.164
83.021,41.088,55.110,65.916
80.634,40.134,54.988,65.770
79.849,39.862,55.098,65.901
78.581,38.553,55.141,65.953
76.767,36.734,55.025,65.814
75.767,35.221,55.183,66.003
73.989,33.042,55.283,66.123
73.089,31.382,55.117,65.925
71.856,29.840,55.007,65.792
71.252,28.727,54.968,65.746
69.626,27.229,55.014,65.801
68.275,26.222,55.153,65.967
66.251,25.244,54.869,65.627
65.597,25.667,54.936,65.708
65.371,25.699,55.055,65.850
66.140,26.534,54.990,65.772
66.267,27.663,54.870,65.629
66.414,28.526,54.711,65.439
66.768,30.138,54.585,65.288
68.074,32.788,54.659,65.376
68.729,34.950,54.661,65.379
70.003,37.223,54.697,65.422
70.996,39.464,54.438,65.112
72.462,41.903,54.361,65.020
73.989,43.812,54.305,64.953
74.873,45.984,54.291,64.936
75.960,47.624,54.104,64.713
77.799,49.376,53.992,64.578
78.540,49.804,53.908,64.478
80.190,50.630,53.800,64.349
82.387,51.066,54.079,64.683
84.287,50.904,54.090,64.696
86.621,50.702,53.742,64.280
88.915,49.714,53.747,64.285
91.485,48.096,54.007,64.597
93.594,46.386,53.567,64.070
96.130,45.096,53.048,63.449
98.735,43.279,53.047,63.448
101.494,41.710,52.674,63.002
104.267,40.078,52.340,62.603
107.564,39.040,52.273,62.523
109.964,36.400,52.169,62.398
112.428,35.118,51.992,62.187
115.533,34.373,51.831,61.994
117.251,32.608,51.836,62.000
119.711,31.327,51.732,61.875
121.945,30.889,51.528,61.632
124.324,30.143,52.163,62.391
125.822,29.247,51.800,61.956
127.969,28.871,51.732,61.876
130.278,28.863,51.612,61.732
133.276,29.208,51.408,61.489
134.950,28.812,51.250,61.299
137.305,28.598,51.417,61.499
139.767,28.506,51.458,61.548
142.610,28.695,51.599,61.717
144.468,28.425,51.493,61.589
146.566,28.272,51.308,61.369
147.722,28.128,51.131,61.156
149.994,28.484,50.850,60.820
150.968,28.587,50.646,60.576
153.326,29.356,50.600,60.521
155.315,30.359,50.524,60.431
156.679,31.229,50.031,59.841
158.276,32.325,49.895,59.678
159.976,34.076,50.035,59.846
160.223,34.863,50.118,59.945
161.295,36.278,50.083,59.903
162.625,37.906,50.059,59.875
163.880,39.284,50.295,60.156
165.748,41.650,50.611,60.535
167.442,43.724,50.777,60.734
168.492,45.088,51.033,61.039
168.897,46.726,51.184,61.221
169.604,48.569,51.542,61.648
170.266,50.298,51.279,61.333
170.670,51.718,51.111,61.133
171.714,54.580,51.129,61.154
172.436,55.355,51.318,61.381
172.244,55.734,51.209,61.249
172.282,57.137,51.301,61.360
171.243,57.182,51.460,61.551
170.556,58.046,51.731,61.874
168.256,57.954,51.926,62.108
167.029,58.231,52.157,62.384
164.988,57.644,52.070,62.280
164.161,57.249,52.386,62.658
162.800,55.918,52.912,63.287
161.903,54.974,53.139,63.558
160.214,53.860,53.314,63.767
159.389,54.028,53.553,64.054
157.594,53.410,53.693,64.221
155.754,53.834,53.870,64.433
152.611,54.267,53.874,64.437
149.710,55.389,53.773,64.317
147.551,56.593,54.465,65.144
144.428,57.041,55.188,66.010
140.749,56.690,55.514,66.399
136.379,57.618,55.848,66.799
131.785,58.205,56.444,67.511
127.206,58.782,56.330,67.375
123.618,60.065,56.399,67.457
118.781,61.068,56.200,67.219
115.460,63.012,56.484,67.560
111.585,63.152,56.297,67.336
108.823,64.113,56.338,67.384
105.695,64.523,56.634,67.739
103.319,65.237,56.682,67.796
100.861,66.213,56.611,67.712
98.646,67.753,56.370,67.423
96.217,69.408,56.377,67.432
93.962,71.249,56.340,67.387
91.683,72.804,56.355,67.405
89.390,74.313,56.239,67.266
87.475,75.084,56.382,67.437
85.707,75.441,56.608,67.708
84.492,75.122,56.378,67.433
84.437,75.544,56.696,67.812
84.603,76.232,56.448,67.516
84.952,77.109,56.236,67.263
86.379,79.737,56.448,67.517
87.129,82.209,56.402,67.461
87.694,86.092,56.713,67.834
89.030,90.566,57.140,68.344
89.804,94.726,57.411,68.668
89.757,98.551,57.494,68.767
90.104,102.411,57.956,69.320
90.072,105.797,58.200,69.612
89.654,108.864,58.025,69.402
89.806,112.622,58.337,69.776
89.754,115.896,58.392,69.841
90.157,118.780,58.591,70.079
89.783,120.901,58.472,69.937
90.158,124.261,58.579,70.065
89.754,125.583,58.564,70.047
89.954,126.108,58.423,69.879
90.637,125.639,58.348,69.788
90.777,123.094,58.661,70.163
90.293,119.274,58.569,70.053
89.281,114.695,58.639,70.137
88.393,109.080,58.826,70.360
87.364,103.735,58.678,70.183
85.960,97.460,58.468,69.932
86.331,92.398,58.180,69.587
85.740,86.911,57.851,69.194
85.616,82.151,57.380,68.630
85.691,78.296,56.994,68.169
85.517,74.886,56.735,67.859
86.121,72.155,56.391,67.448
86.610,69.507,56.246,67.274
87.696,67.485,56.157,67.169
89.257,65.452,55.855,66.807
92.332,64.470,56.018,67.002
94.663,63.015,55.858,66.810
98.593,62.536,56.012,66.995
101.749,61.551,56.206,67.227
106.445,62.187,56.068,67.062
110.070,61.718,55.953,66.925
113.896,62.325,55.881,66.838
117.120,62.663,55.879,66.836
119.901,63.283,55.634,66.543
121.876,63.611,55.447,66.319
124.799,64.220,55.360,66.215
126.967,64.356,55.341,66.193
128.549,64.321,55.409,66.273
129.365,64.185,55.116,65.923
129.146,63.513,55.028,65.817
127.872,63.756,55.069,65.867
126.954,63.667,55.243,66.074
124.479,63.433,55.238,66.069
122.624,63.474,55.212,66.037
120.314,63.898,55.136,65.947
117.298,63.981,55.610,66.514
114.372,64.580,55.511,66.396
111.972,65.231,55.968,66.942
108.400,64.629,56.198,67.218
105.691,65.423,56.413,67.474
102.554,65.240,56.132,67.138
99.832,66.278,55.911,66.874
97.138,67.629,56.552,67.641
93.970,68.653,56.417,67.479
91.576,70.099,56.483,67.558
88.989,71.262,56.700,67.817
87.030,72.878,57.052,68.238
84.974,74.099,57.325,68.566
83.068,74.645,57.240,68.464
82.120,76.433,57.454,68.720
80.896,77.381,57.314,68.552
80.333,79.004,57.420,68.678
80.051,81.882,57.296,68.531
80.366,84.052,57.697,69.010
81.539,87.288,57.420,68.678
82.289,90.835,57.147,68.353
84.261,94.024,57.138,68.341
86.164,96.922,56.753,67.881
86.743,100.077,56.867,68.018
86.428,104.802,57.143,68.348
87.378,93.791,57.232,68.454
87.338,111.912,57.802,69.136
83.530,114.623,57.435,68.697
85.852,115.526,57.223,68.444
90.086,115.409,57.841,69.183
88.702,116.390,57.837,69.178
89.112,117.713,57.977,69.345
91.169,119.163,58.148,69.550
94.356,118.039,58.682,70.188
95.662,117.894,59.566,71.245
103.507,112.251,60.254,72.068
87.080,115.057,59.863,71.601
109.028,105.836,60.037,71.809
110.037,99.093,60.030,71.801
110.599,95.620,59.965,71.723
110.829,92.334,59.954,71.710
110.309,88.525,60.051,71.826
110.156,85.423,59.484,71.148
108.428,83.297,59.248,70.865
107.253,81.694,59.023,70.596
104.825,79.227,58.957,70.517
103.543,77.284,59.040,70.617
101.143,75.142,58.815,70.347
99.694,74.016,58.790,70.318
98.014,72.737,58.672,70.177
95.335,71.437,58.570,70.054
93.015,70.485,58.455,69.917
91.621,70.302,58.321,69.757
89.332,68.116,57.884,69.234
88.052,67.334,57.241,68.464
87.680,66.455,56.994,68.169
87.128,64.599,56.757,67.886
87.842,63.433,56.501,67.580
88.286,61.133,56.227,67.252
89.377,60.060,56.118,67.121
90.007,58.906,55.776,66.713
90.988,59.011,55.813,66.756
92.350,58.582,55.888,66.846
93.391,59.108,55.991,66.970
94.841,58.643,55.580,66.478
96.791,58.950,55.588,66.488
98.416,58.574,55.514,66.399
100.298,58.693,56.059,67.051
100.639,57.736,56.141,67.149
101.857,56.966,55.984,66.962
103.402,57.415,55.870,66.825
105.328,57.787,56.340,67.387
107.788,57.467,56.587,67.682
110.363,56.721,56.731,67.855
113.328,56.408,57.154,68.360
114.520,56.415,57.237,68.460
116.365,56.710,57.311,68.549
117.439,56.222,57.479,68.750
119.632,56.645,57.614,68.910
121.170,56.632,57.597,68.890
122.296,56.807,57.816,69.152
123.790,56.445,57.626,68.925
125.508,56.751,58.129,69.527
126.497,55.925,58.281,69.709
127.770,55.618,58.170,69.576
128.941,55.090,58.260,69.684
129.475,54.727,58.268,69.693
129.838,54.789,57.993,69.364
130.876,54.751,58.055,69.438
131.443,55.209,58.149,69.551
132.774,54.337,58.028,69.406
133.210,54.619,58.194,69.604
133.682,53.995,57.990,69.361
134.884,54.654,58.305,69.737
134.734,54.397,58.574,70.059
135.485,55.280,58.250,69.672
135.669,56.051,57.862,69.207
136.759,57.750,57.893,69.245
136.673,60.582,57.941,69.301
138.052,64.574,58.408,69.860
136.515,68.829,58.165,69.570
134.828,72.458,58.277,69.704
133.791,75.649,58.395,69.844
133.720,78.569,58.290,69.720
133.729,80.142,58.718,70.231
134.047,81.381,59.107,70.697
134.788,82.903,59.272,70.894
134.539,84.845,59.868,71.607
134.033,87.020,60.168,71.965
133.097,89.099,60.821,72.747
131.957,90.164,61.128,73.114
132.106,92.361,61.641,73.727
131.096,92.850,62.086,74.260
130.644,92.935,62.365,74.594
130.799,92.465,62.648,74.932
130.489,90.267,62.674,74.963
130.086,88.126,62.851,75.175
129.733,85.709,63.067,75.433
128.929,82.790,62.776,75.085
128.756,80.796,62.695,74.988
128.403,78.286,62.283,74.496
128.220,74.707,62.304,74.520
127.306,71.585,62.348,74.573
127.082,68.854,62.329,74.551
126.661,66.134,62.459,74.706
125.992,62.264,62.464,74.712
125.185,58.923,62.412,74.650
123.931,57.147,62.516,74.774
122.075,54.263,62.355,74.581
120.626,53.170,62.805,75.120
118.692,52.410,62.432,74.674
115.876,51.993,62.209,74.407
113.740,51.492,62.085,74.258
111.190,50.546,62.252,74.458
109.052,50.556,62.378,74.609
105.854,49.171,62.477,74.728
102.494,48.098,62.121,74.301
99.329,46.875,62.180,74.372
95.945,46.234,62.508,74.765
92.614,45.734,62.530,74.791
89.464,45.186,62.632,74.912
86.630,45.080,62.676,74.965
83.707,45.635,62.833,75.154
80.645,45.761,62.974,75.322
77.508,46.237,62.880,75.209
74.829,46.863,62.789,75.100
72.145,48.220,62.758,75.064
69.914,48.710,62.893,75.225
67.838,48.772,62.616,74.894
67.063,48.519,62.550,74.815
66.506,48.434,62.461,74.709
65.392,48.986,62.330,74.552
64.930,49.455,62.450,74.695
63.802,49.754,62.220,74.420
63.919,50.505,62.148,74.334
64.450,50.717,62.229,74.431
67.448,50.887,62.209,74.406
70.135,50.887,62.123,74.304
73.862,51.779,61.815,73.935
77.999,53.269,61.861,73.990
81.840,54.894,61.801,73.919
85.742,55.585,62.534,74.795
89.045,56.139,62.611,74.888
93.292,57.634,62.600,74.875
97.012,58.895,62.729,75.029
101.382,59.985,62.740,75.042
105.248,60.963,62.874,75.202
108.913,60.955,62.783,75.094
113.340,62.045,62.743,75.046
117.385,62.184,62.817,75.134
121.886,61.638,63.087,75.457
126.473,61.002,63.385,75.814
130.295,60.231,63.220,75.616
134.848,60.339,63.309,75.723
137.793,60.157,63.221,75.617
142.252,60.937,62.857,75.182
146.244,60.890,62.642,74.925
149.162,60.406,62.150,74.337
152.012,61.173,61.581,73.655
155.963,61.962,61.327,73.351
158.835,63.742,61.343,73.372
161.306,66.336,61.247,73.256
163.117,68.539,61.096,73.075
165.162,72.687,61.111,73.093
167.357,75.859,61.481,73.537
167.684,79.152,61.557,73.627
168.110,82.200,61.795,73.911
169.118,85.803,62.037,74.201
168.383,88.747,61.977,74.129
169.768,92.289,62.458,74.705
168.985,96.290,62.705,75.000
169.202,100.570,62.951,75.295
167.589,104.731,62.912,75.248
166.976,108.417,62.877,75.205
168.352,113.204,63.175,75.562
169.028,117.503,63.456,75.898
168.352,122.226,63.869,76.392
169.590,127.354,64.153,76.732
169.598,131.987,64.571,77.232
169.970,134.051,64.643,77.318
161.797,126.166,64.537,77.191
168.796,132.615,64.339,76.955
168.561,130.340,64.324,76.937
166.442,143.110,64.635,77.308
168.064,131.032,64.832,77.544
169.150,137.419,65.127,77.897
168.270,134.480,65.124,77.894
167.014,132.015,65.248,78.041
167.408,132.017,65.185,77.966
167.222,130.195,65.549,78.401
168.023,132.532,65.770,78.666
167.678,128.487,65.771,78.668
168.071,127.017,66.097,79.058
165.519,119.829,66.143,79.112
162.831,112.833,66.621,79.684
162.525,108.158,66.593,79.651
160.974,103.763,67.034,80.178
158.679,97.920,67.296,80.491
155.641,92.916,67.676,80.945
153.962,90.109,67.417,80.636
152.933,87.584,67.312,80.510
151.669,83.779,67.175,80.346
150.090,81.912,66.883,79.997
147.783,79.319,66.797,79.894
145.648,77.354,66.844,79.951
143.729,76.059,66.788,79.883
140.806,75.772,67.189,80.363
138.562,75.190,67.179,80.351
136.487,74.976,67.454,80.680
135.106,75.411,67.590,80.843
131.510,75.952,67.506,80.742
130.229,75.816,67.817,81.114
127.173,75.516,67.604,80.860
125.602,75.852,67.856,81.161
121.619,77.423,67.540,80.783
116.251,77.178,67.139,80.303
116.392,76.802,67.216,80.395
104.484,79.127,67.243,80.428
99.075,79.852,67.289,80.482
94.644,80.121,66.982,80.116
106.494,92.116,67.400,80.616
106.109,94.605,67.988,81.319
73.432,88.663,67.321,80.522
89.837,84.402,66.992,80.128
72.465,91.119,66.794,79.891
72.956,93.622,66.386,79.402
90.482,88.079,66.171,79.145
89.857,90.113,66.104,79.066
90.141,91.979,65.665,78.541
88.794,93.708,65.476,78.315
86.802,78.606,64.624,77.295
90.788,92.621,64.618,77.289
93.735,92.461,64.672,77.353
93.005,91.962,64.455,77.093
93.607,91.591,64.512,77.161
87.188,98.160,64.632,77.305
86.229,98.680,64.087,76.653
85.038,99.760,64.197,76.784
84.994,97.160,63.975,76.519
83.608,98.785,63.802,76.312
82.740,97.323,63.613,76.086
82.909,96.288,63.556,76.018
81.841,95.687,63.605,76.076
80.974,94.832,63.484,75.931
79.989,93.107,63.535,75.992
80.198,92.002,63.314,75.729
81.194,89.860,63.581,76.048
82.061,90.556,63.814,76.327
81.877,92.987,64.236,76.832
80.941,91.813,64.793,77.497
80.488,89.115,65.088,77.851
80.203,87.697,65.311,78.117
80.254,87.037,65.664,78.539
80.307,85.388,65.845,78.756
80.431,81.618,65.807,78.710
80.827,80.584,65.618,78.484
72.542,86.438,65.990,78.929
73.916,86.462,66.788,79.884
73.768,80.408,66.464,79.497
77.097,86.814,66.816,79.918
99.144,64.566,66.684,79.760
102.257,63.036,66.936,80.061
104.045,58.695,67.365,80.574
92.784,58.699,66.963,80.093
93.642,56.315,66.856,79.965
94.236,54.030,66.331,79.337
96.153,52.879,65.683,78.562
97.702,51.623,65.173,77.952
97.560,48.909,64.684,77.367
98.006,47.560,64.213,76.803
98.091,45.776,63.792,76.300
98.517,43.709,63.518,75.973
99.551,43.137,63.110,75.484
100.258,42.275,62.884,75.214
100.882,40.879,62.772,75.080
102.010,40.804,62.648,74.932
102.500,40.141,62.554,74.819
103.794,39.216,62.535,74.796
104.768,39.213,62.405,74.641
106.895,39.358,62.501,74.756
108.286,38.496,62.222,74.422
110.291,38.720,62.154,74.341
111.244,38.638,61.979,74.132
113.530,38.685,61.839,73.965
115.543,38.104,61.605,73.685
116.814,36.868,61.619,73.701
119.192,36.267,61.686,73.781
121.695,35.903,61.556,73.626
124.003,36.430,61.486,73.542
125.974,37.103,61.344,73.372
127.897,37.741,61.015,72.979
131.271,39.427,60.735,72.644
133.006,40.114,60.470,72.327
135.251,40.367,60.164,71.961
136.608,40.597,59.806,71.533
136.343,40.510,59.603,71.290
134.282,40.717,59.347,70.984
132.734,40.968,59.514,71.183
130.198,41.523,59.661,71.359
128.397,42.938,59.872,71.611
125.295,43.623,59.842,71.576
123.309,44.934,59.777,71.498
121.628,45.569,59.750,71.465
118.986,46.419,59.482,71.145
116.078,46.511,59.587,71.271
113.226,46.640,59.802,71.528
111.077,47.482,59.917,71.665
107.721,48.582,59.952,71.707
104.159,50.232,60.089,71.872
100.690,52.382,60.211,72.017
96.823,54.289,59.993,71.756
93.553,55.760,59.952,71.707
91.221,57.513,60.209,72.014
90.247,59.227,60.458,72.312
88.336,59.913,60.504,72.367
87.646,61.500,60.779,72.697
85.772,62.290,60.746,72.656
84.731,63.221,60.955,72.907
84.334,65.034,61.211,73.213
82.450,66.467,61.516,73.578
81.916,68.277,61.698,73.795
80.766,69.858,61.693,73.789
81.743,70.579,61.810,73.930
82.330,71.763,61.922,74.063
81.728,73.887,61.982,74.136
83.628,75.296,62.349,74.575
83.405,77.099,62.206,74.403
84.243,77.168,62.313,74.532
85.295,78.323,62.283,74.495
85.877,79.372,62.108,74.286
87.458,78.869,61.831,73.955
89.032,80.063,61.570,73.643
90.148,80.162,61.312,73.334
90.669,80.209,61.029,72.995
91.836,80.509,60.892,72.832
92.250,79.766,60.612,72.496
93.705,79.956,60.614,72.499
94.409,79.803,60.319,72.147
94.527,79.116,60.278,72.097
95.311,78.492,60.192,71.995
95.675,78.367,60.020,71.788
96.672,77.150,59.738,71.452
97.337,76.223,60.192,71.994
97.272,74.292,59.961,71.718
97.484,72.280,59.772,71.492
97.943,70.789,59.574,71.255
97.661,68.051,59.692,71.396
98.180,66.998,59.606,71.294
97.879,64.617,59.784,71.507
99.546,64.332,59.559,71.238
100.369,64.019,59.158,70.757
102.995,64.530,58.980,70.545
106.024,65.725,59.221,70.833
107.984,66.643,59.413,71.062
109.697,67.605,59.373,71.015
111.971,69.040,59.402,71.049
113.030,69.634,59.564,71.243
113.866,69.640,59.498,71.164
114.726,69.964,59.437,71.091
115.270,70.544,59.409,71.058
116.828,70.500,59.708,71.416
116.944,70.656,59.756,71.473
117.283,70.372,59.707,71.414
117.471,70.425,59.677,71.379
118.358,71.354,59.295,70.921
119.422,73.371,59.577,71.258
121.931,75.218,59.633,71.326
125.323,78.766,59.972,71.731
131.017,81.161,60.191,71.993
138.469,84.518,61.075,73.051
145.419,86.683,61.686,73.782
151.883,87.292,62.368,74.597
160.840,89.968,62.883,75.213
166.009,89.684,63.681,76.167
171.998,90.769,64.419,77.050
178.240,91.263,65.210,77.996
181.851,91.522,65.825,78.731
185.911,92.961,66.750,79.839
189.065,92.705,67.890,81.201
173.501,85.654,67.481,80.712
148.622,90.690,67.045,80.191
150.545,92.873,67.092,80.247
150.513,92.752,67.329,80.531
150.814,91.380,67.345,80.550
188.814,104.211,68.166,81.532
187.462,104.210,68.688,82.156
187.038,105.161,69.034,82.570
185.713,104.016,69.775,83.456
194.425,92.201,70.692,84.553
191.355,92.731,71.297,85.277
191.028,93.068,71.735,85.801
188.663,93.708,72.091,86.227
188.555,92.342,72.270,86.441
188.028,93.514,72.552,86.778
187.811,92.554,72.841,87.123
186.679,93.361,72.652,86.897
187.978,93.566,72.874,87.162
186.292,94.374,73.102,87.436
188.601,93.953,72.993,87.305
187.808,93.995,72.760,87.027
189.585,93.794,72.912,87.208
188.769,93.854,73.030,87.350
190.204,94.695,73.025,87.344
189.883,94.749,73.099,87.432
189.983,95.050,73.134,87.475
189.709,94.855,73.026,87.345
189.261,95.161,73.513,87.928
189.072,95.232,73.048,87.371
188.218,95.774,72.981,87.290
188.312,95.102,72.837,87.119
188.242,95.172,72.727,86.987
188.244,95.648,72.959,87.265
187.786,95.645,72.894,87.186
188.543,95.284,72.657,86.903
189.156,95.875,72.834,87.115
188.517,95.811,72.655,86.901
189.601,96.363,72.883,87.174
188.664,95.539,72.866,87.153
189.030,95.684,72.696,86.951
189.857,95.946,72.751,87.015
189.547,96.624,72.498,86.714
189.225,95.778,72.176,86.328
190.054,96.361,72.321,86.502
189.776,96.665,72.453,86.659
189.130,95.818,72.078,86.211
189.288,95.927,72.396,86.591
189.302,95.696,72.188,86.342
189.641,96.550,72.523,86.743
188.656,96.400,72.407,86.605
189.086,95.885,72.626,86.867
189.150,96.308,73.171,87.518
188.952,96.344,73.271,87.638
188.841,96.571,72.219,86.380
189.422,96.319,73.063,87.389
189.276,96.229,73.221,87.578
189.071,96.671,72.351,86.538
189.170,96.455,72.235,86.398
189.801,96.749,72.794,87.068
