232.000,88.000,76.000,84.000
240.590,90.369,75.765,83.740
251.315,96.754,74.873,82.755
259.247,103.218,73.936,81.719
266.531,106.050,73.501,81.238
275.847,107.702,72.910,80.584
285.683,110.253,72.517,80.150
294.450,113.435,71.891,79.459
299.112,115.695,71.213,78.709
304.481,119.143,71.239,78.738
309.334,120.084,70.927,78.393
312.170,118.612,70.701,78.143
312.942,116.252,69.607,76.934
306.460,110.061,69.655,76.987
296.193,104.608,69.284,76.577
285.071,99.851,68.975,76.235
269.499,95.233,68.945,76.203
250.148,90.798,69.101,76.374
235.975,88.995,68.957,76.216
234.692,91.055,70.000,77.369
230.992,95.296,70.615,78.048
238.570,92.355,69.860,77.213
235.050,94.154,68.984,76.246
233.839,95.567,67.578,74.692
236.667,96.068,67.289,74.372
220.306,102.950,67.747,74.878
234.064,107.502,68.355,75.551
249.322,112.009,68.798,76.040
261.899,114.340,69.229,76.516
275.591,107.158,68.201,75.380
298.145,128.628,67.233,74.310
306.187,126.336,67.488,74.592
312.877,127.478,68.160,75.335
300.883,104.715,67.949,75.102
294.936,115.464,68.598,75.819
288.839,117.715,69.128,76.405
284.099,117.688,68.820,76.064
271.578,117.363,69.821,77.170
259.194,114.969,70.522,77.945
244.372,110.809,71.358,78.869
240.677,104.917,72.435,80.060
227.891,94.205,73.445,81.176
229.587,91.125,73.362,81.084
235.634,89.773,74.151,81.957
232.605,73.710,73.080,80.773
259.629,74.515,72.864,80.534
291.563,76.064,72.440,80.065
320.141,77.333,71.678,79.223
339.831,77.983,71.476,78.999
350.234,80.658,70.920,78.385
351.582,85.468,69.785,77.131
344.149,91.890,69.642,76.972
328.872,97.520,69.473,76.786
309.722,104.798,68.622,75.845
284.754,110.244,68.212,75.392
254.696,113.329,67.798,74.934
226.734,114.498,68.011,75.170
236.052,94.634,67.270,74.352
226.865,95.293,67.098,74.161
238.158,95.375,66.408,73.398
233.359,95.644,66.203,73.171
233.996,95.627,65.744,72.664
238.201,95.716,65.016,71.860
178.588,89.273,64.998,71.840
200.008,72.165,65.307,72.181
228.952,53.977,66.242,73.215
244.007,53.773,66.059,73.012
269.176,49.919,66.003,72.951
291.221,54.314,66.096,73.053
296.734,61.467,66.081,73.037
293.200,57.547,67.463,74.565
282.175,73.754,67.751,74.883
288.342,77.538,68.838,76.084
300.643,86.053,69.435,76.744
324.040,83.080,70.647,78.083
346.746,80.429,72.096,79.685
364.831,74.400,73.453,81.185
378.633,63.478,75.164,83.076
374.726,54.649,76.701,84.775
354.283,51.546,76.766,84.847
335.317,55.703,76.247,84.273
311.620,63.386,75.917,83.908
288.285,66.063,76.132,84.146
261.010,71.634,75.915,83.906
244.623,66.115,75.016,82.913
225.595,72.887,74.955,82.845
215.690,73.617,74.227,82.040
203.630,74.702,74.342,82.168
183.244,82.196,74.088,81.887
170.993,77.041,73.446,81.177
159.846,72.344,72.264,79.871
143.372,66.864,71.883,79.450
150.186,59.496,72.157,79.752
134.834,53.719,72.314,79.926
110.358,66.027,72.629,80.274
108.740,67.119,73.115,80.811
111.022,73.962,73.145,80.845
116.926,79.190,73.666,81.420
125.030,82.556,74.249,82.065
136.925,88.463,74.420,82.254
154.271,88.595,74.857,82.737
153.002,93.458,74.789,82.661
163.613,99.553,74.251,82.067
168.295,104.611,73.967,81.753
175.876,116.215,73.660,81.414
230.682,91.378,72.156,79.751
232.970,90.206,71.692,79.238
235.715,88.902,71.415,78.933
234.050,91.364,70.738,78.184
233.224,95.396,69.552,76.873
232.228,93.717,68.967,76.227
221.499,106.376,68.654,75.880
242.700,106.904,67.905,75.053
267.470,107.222,67.251,74.330
288.846,106.572,66.603,73.614
310.950,105.152,65.835,72.765
333.233,100.986,65.585,72.489
348.721,96.374,66.251,73.225
360.656,95.784,66.326,73.307
371.739,92.177,66.646,73.661
373.490,93.499,66.963,74.012
369.461,96.069,67.463,74.565
364.284,102.796,67.483,74.586
362.014,106.354,67.443,74.542
360.409,106.883,68.016,75.176
360.681,103.044,68.805,76.048
362.440,95.913,69.465,76.778
360.145,86.084,69.691,77.027
346.796,77.179,70.134,77.516
330.840,71.971,70.092,77.471
313.474,70.329,69.571,76.894
293.709,73.800,69.510,76.826
265.247,77.412,69.690,77.025
246.789,77.965,70.133,77.515
223.465,78.381,69.882,77.238
202.440,84.146,69.265,76.557
191.206,91.999,69.194,76.478
177.501,98.030,68.294,75.483
163.306,99.083,68.248,75.432
150.012,100.411,68.155,75.330
138.422,99.918,67.938,75.089
124.939,99.885,68.538,75.753
113.137,99.685,68.918,76.172
103.773,99.387,69.461,76.773
100.391,96.328,70.066,77.442
102.739,93.817,70.712,78.155
111.096,92.579,71.720,79.269
123.968,90.978,72.749,80.407
140.172,90.241,73.532,81.272
156.314,91.280,73.944,81.728
175.676,94.460,73.427,81.156
197.836,93.250,73.536,81.277
223.314,88.848,74.186,81.995
239.180,84.324,74.419,82.253
258.791,74.524,74.496,82.338
280.734,63.844,74.443,82.279
302.035,55.172,74.996,82.890
316.519,47.655,75.269,83.192
319.676,43.022,75.198,83.114
315.920,44.545,75.119,83.026
305.195,50.886,74.802,82.676
296.127,54.191,74.881,82.763
284.170,44.091,74.147,81.952
275.788,30.380,73.844,81.617
261.417,34.361,74.201,82.011
247.147,48.757,74.423,82.257
230.286,80.517,74.098,81.898
211.230,88.538,74.067,81.864
197.201,91.456,73.899,81.678
184.241,89.768,73.994,81.783
167.468,86.344,73.758,81.522
149.688,84.470,73.659,81.412
136.913,80.428,73.031,80.719
141.428,80.878,72.769,80.429
146.052,81.339,72.772,80.432
151.320,80.934,73.431,81.161
159.824,83.760,73.822,81.593
175.174,85.758,73.457,81.190
201.931,85.593,73.880,81.656
230.031,80.817,74.196,82.006
246.676,71.356,74.213,82.025
247.069,65.576,73.818,81.589
232.035,66.825,73.342,81.062
215.301,68.599,72.700,80.353
201.914,67.849,71.969,79.545
202.016,61.595,71.447,78.968
218.182,49.980,71.743,79.295
238.391,44.666,72.045,79.628
244.929,51.405,71.237,78.736
246.135,68.503,70.646,78.082
248.621,91.603,70.236,77.629
247.807,105.348,69.814,77.163
252.286,108.142,69.527,76.846
264.265,102.649,69.451,76.761
278.152,97.162,69.239,76.527
289.908,91.061,68.906,76.159
293.274,85.170,69.035,76.302
272.740,79.086,68.812,76.055
254.426,77.762,68.699,75.931
252.719,68.421,68.827,76.072
254.245,57.818,68.729,75.964
236.494,48.941,68.396,75.595
218.241,56.207,68.200,75.379
206.387,72.528,68.204,75.383
204.576,87.405,68.018,75.178
218.501,91.492,68.301,75.491
237.031,81.361,68.719,75.953
244.603,71.298,69.299,76.594
242.516,64.257,69.317,76.613
236.853,58.903,69.349,76.649
219.234,61.034,69.223,76.509
192.588,75.977,68.643,75.868
176.540,95.035,68.033,75.195
188.461,112.729,68.093,75.261
237.846,118.441,68.297,75.486
223.565,122.294,68.230,75.412
252.250,106.053,68.530,75.743
273.813,86.743,69.819,77.168
291.090,69.222,71.156,78.646
307.683,57.090,71.979,79.556
321.097,52.050,72.513,80.145
330.804,54.847,74.196,82.006
313.414,69.419,74.487,82.328
282.534,88.743,74.284,82.103
254.859,105.075,74.123,81.926
231.109,103.158,73.768,81.533
219.722,94.343,73.579,81.324
229.301,84.093,72.939,80.617
245.794,75.415,72.637,80.283
258.757,78.363,72.331,79.945
252.001,87.834,71.943,79.516
244.212,97.218,71.566,79.099
226.426,98.087,70.750,78.198
199.510,97.448,70.561,77.988
178.548,101.611,69.462,76.774
157.138,106.238,69.019,76.284
156.213,107.745,68.638,75.863
173.755,103.248,67.908,75.056
201.838,95.572,67.826,74.966
234.722,86.309,67.877,75.022
258.898,81.302,68.253,75.437
274.765,84.871,68.542,75.757
292.549,92.375,68.477,75.686
305.892,96.587,68.657,75.885
302.235,99.408,68.646,75.872
283.307,107.042,68.412,75.613
259.401,116.478,67.994,75.151
234.534,123.653,68.034,75.196
223.119,126.600,68.264,75.449
217.508,123.495,67.962,75.116
212.849,114.863,67.649,74.770
206.371,105.236,67.378,74.470
210.832,100.508,67.194,74.267
233.573,94.967,66.882,73.922
263.164,84.040,67.160,74.230
288.512,71.702,67.597,74.712
301.155,61.774,67.860,75.003
294.723,58.760,68.126,75.298
286.056,62.097,68.349,75.544
287.777,68.326,68.449,75.654
296.756,74.470,68.766,76.005
308.468,76.680,69.768,77.112
320.541,71.725,69.984,77.351
326.426,58.806,70.352,77.758
327.729,44.497,70.169,77.555
329.040,40.612,69.706,77.043
327.605,46.277,69.779,77.124
330.675,52.959,70.431,77.845
332.476,59.246,70.957,78.426
327.790,65.692,70.673,78.112
319.742,69.887,70.263,77.659
317.662,69.658,69.894,77.252
316.706,64.734,69.443,76.753
319.004,55.216,69.397,76.701
323.668,40.929,69.343,76.643
326.843,26.371,69.284,76.577
326.068,12.268,69.761,77.104
316.938,2.507,69.808,77.157
307.723,-1.475,70.889,78.351
296.785,2.825,71.563,79.096
292.124,15.414,72.116,79.707
288.753,20.605,72.503,80.135
287.419,23.810,72.458,80.085
286.495,38.246,72.506,80.138
279.964,61.678,71.909,79.478
273.673,84.381,72.013,79.594
264.294,92.947,71.666,79.210
249.793,99.309,71.068,78.549
232.982,100.422,70.762,78.211
212.504,99.906,70.837,78.294
190.624,97.407,70.286,77.684
174.377,87.799,69.381,76.684
180.207,80.372,69.328,76.626
190.506,69.747,69.411,76.718
200.380,65.605,69.329,76.627
212.066,64.707,69.583,76.907
218.042,65.766,69.334,76.633
215.817,68.651,69.377,76.680
205.565,72.118,69.669,77.002
198.684,79.079,69.858,77.211
196.727,81.273,69.677,77.012
206.956,67.601,70.223,77.615
225.867,50.398,71.102,78.587
231.279,35.640,71.478,79.002
218.995,24.845,71.510,79.037
207.392,22.744,71.621,79.160
177.479,41.305,71.703,79.251
146.569,67.075,71.068,78.549
130.258,83.599,71.284,78.787
156.363,94.124,71.555,79.087
173.339,100.166,70.658,78.096
202.986,108.683,71.106,78.591
222.904,105.939,70.966,78.436
259.553,105.591,70.556,77.983
283.168,104.514,69.923,77.283
275.173,109.074,69.648,76.980
260.388,118.323,69.527,76.846
245.964,131.435,69.546,76.866
232.599,147.135,68.924,76.179
229.626,150.230,68.423,75.625
237.596,138.735,68.419,75.621
257.245,112.342,68.917,76.172
277.668,83.282,69.372,76.674
297.313,54.349,69.851,77.203
296.128,35.769,70.468,77.886
275.060,33.034,70.485,77.905
256.903,46.630,70.819,78.274
237.129,55.986,70.994,78.467
222.707,51.851,70.798,78.250
231.153,45.216,70.355,77.760
238.859,49.882,70.537,77.962
231.749,70.834,70.849,78.307
220.210,96.870,70.792,78.244
219.812,109.780,70.697,78.139
231.414,109.702,70.288,77.687
249.706,100.428,70.440,77.854
266.241,88.336,70.475,77.893
274.167,80.565,70.834,78.290
263.488,70.177,71.550,79.082
223.103,73.585,72.097,79.686
179.684,83.015,71.665,79.208
151.947,99.644,71.238,78.736
137.337,116.259,70.473,77.891
148.759,127.963,69.913,77.272
160.126,134.486,69.908,77.267
171.025,133.830,69.230,76.518
193.882,138.596,68.520,75.732
210.213,133.766,68.405,75.606
212.273,126.941,68.679,75.909
199.018,117.826,68.676,75.905
182.261,109.001,68.253,75.438
174.397,95.152,68.647,75.873
166.403,80.971,69.269,76.561
149.422,65.993,68.941,76.198
