130.000,132.000,31.000,115.000
129.861,133.097,30.029,111.398
129.634,132.452,30.198,112.025
129.563,132.168,30.260,112.253
129.641,132.152,29.946,111.092
129.839,131.400,29.798,110.542
129.870,130.033,29.588,109.762
129.493,128.102,29.745,110.346
129.619,126.925,29.969,111.176
129.369,127.079,29.980,111.217
128.914,126.915,29.943,111.077
128.453,127.501,29.798,110.541
127.867,128.275,29.489,109.393
127.578,128.526,29.363,108.928
126.925,127.581,29.568,109.688
126.047,127.122,29.397,109.055
125.574,126.095,28.912,107.252
124.997,124.766,28.868,107.090
124.768,123.649,28.714,106.520
124.206,122.544,28.927,107.308
123.986,122.053,29.162,108.182
124.145,122.630,28.968,107.461
124.774,124.003,28.474,105.631
124.514,123.483,28.893,107.185
123.828,123.121,28.679,106.391
124.152,122.993,28.431,105.468
123.959,121.108,28.597,106.085
124.332,121.275,28.406,105.379
124.262,118.416,28.925,107.302
124.210,116.933,29.390,109.027
124.323,116.761,29.309,108.727
124.217,117.152,29.309,108.727
124.318,117.588,28.738,106.609
124.116,118.012,28.774,106.744
123.468,117.715,28.796,106.823
123.305,118.059,28.677,106.384
122.130,117.762,28.336,105.118
122.580,117.156,28.235,104.743
122.510,116.703,28.146,104.411
122.206,115.785,27.780,103.055
122.332,115.060,27.870,103.389
121.826,114.501,27.573,102.287
122.162,115.419,27.249,101.085
122.289,115.340,27.308,101.305
122.367,115.064,27.642,102.543
122.119,115.608,27.151,100.722
122.464,115.796,26.892,99.759
122.946,115.378,26.743,99.207
122.526,114.321,26.623,98.763
122.787,113.387,26.701,99.053
122.546,111.356,26.769,99.306
123.263,110.786,26.902,99.798
122.876,110.064,26.618,98.746
122.910,110.189,26.896,99.777
122.358,110.421,26.593,98.653
122.493,110.694,26.658,98.894
122.055,111.360,26.134,96.949
121.816,111.071,26.397,97.925
121.275,110.437,26.376,97.848
120.738,109.770,26.567,98.556
120.770,109.685,26.464,98.172
120.498,108.398,26.349,97.746
120.626,107.881,26.266,97.440
120.401,107.301,26.483,98.244
120.253,107.719,25.934,96.208
119.945,107.164,26.406,97.959
119.964,107.896,26.288,97.519
120.402,107.810,26.570,98.566
120.974,107.972,26.364,97.803
121.305,107.485,26.156,97.030
120.911,105.677,26.102,96.831
121.240,105.161,26.130,96.933
121.449,104.181,26.045,96.620
121.242,103.238,26.330,97.677
121.193,103.046,26.211,97.234
120.920,102.809,26.097,96.812
120.994,103.834,25.836,95.845
121.043,103.614,25.893,96.056
120.562,103.877,25.983,96.388
119.963,104.052,25.596,94.954
119.907,103.194,25.783,95.648
119.584,102.883,25.776,95.622
119.589,102.257,25.701,95.344
119.071,101.054,25.593,94.941
119.425,100.378,25.803,95.722
119.187,100.636,25.492,94.568
118.960,100.665,25.177,93.397
119.102,100.860,25.140,93.260
119.420,101.094,25.405,94.244
119.404,100.954,25.549,94.780
119.583,100.885,25.490,94.558
119.286,100.263,25.201,93.489
119.717,100.167,24.702,91.637
119.563,99.210,24.554,91.088
120.145,98.145,24.783,91.937
119.873,96.960,24.831,92.116
120.552,97.526,24.790,91.964
119.906,96.904,24.890,92.334
120.392,98.000,24.685,91.572
119.677,98.102,24.478,90.806
119.504,98.222,24.301,90.147
119.324,97.512,24.537,91.024
119.424,97.881,24.154,89.602
119.313,96.730,24.568,91.140
119.238,96.061,24.557,91.100
119.418,95.354,24.484,90.826
118.699,94.442,24.254,89.973
118.429,94.431,24.316,90.204
118.392,93.926,24.876,92.281
118.683,94.822,24.599,91.256
118.617,95.055,24.499,90.884
118.738,95.736,23.826,88.385
119.107,95.199,24.129,89.512
119.110,94.180,24.205,89.792
118.605,93.770,23.924,88.752
119.186,92.642,23.995,89.013
119.075,92.209,23.468,87.058
119.008,91.531,23.553,87.376
118.667,91.236,23.605,87.567
118.735,92.045,23.616,87.609
118.435,91.594,23.987,88.982
117.893,91.868,23.895,88.643
117.941,92.040,23.887,88.612
117.411,91.744,24.007,89.059
116.775,91.451,23.391,86.774
116.892,90.890,23.532,87.297
115.994,89.963,23.465,87.048
115.942,89.109,23.387,86.757
115.817,89.184,23.386,86.754
115.828,89.088,23.361,86.660
115.796,89.835,23.218,86.131
115.347,89.675,23.057,85.533
115.389,89.821,22.989,85.280
115.156,89.925,22.907,84.979
115.755,89.651,23.038,85.462
114.929,88.564,23.060,85.546
115.063,87.989,22.857,84.792
115.428,87.262,22.857,84.792
115.128,86.469,22.780,84.505
114.636,86.519,22.348,82.905
114.716,86.258,22.718,84.278
114.231,86.990,22.108,82.013
113.930,87.203,22.336,82.858
113.219,87.203,22.190,82.319
113.412,87.952,22.084,81.923
112.034,86.515,22.382,83.030
111.973,86.121,22.612,83.883
111.708,86.050,22.417,83.160
111.394,85.625,22.296,82.709
110.896,84.632,22.079,81.906
110.590,84.284,21.830,80.982
110.503,84.707,21.588,80.085
110.202,84.515,21.832,80.989
110.076,84.837,21.734,80.626
110.503,85.575,21.755,80.704
110.071,85.224,21.640,80.277
110.602,85.282,21.669,80.384
110.562,84.533,21.542,79.913
110.141,83.483,21.483,79.696
110.538,83.226,21.432,79.504
110.055,81.663,21.858,81.087
109.799,81.641,21.901,81.246
109.615,82.043,21.512,79.804
109.004,81.992,21.251,78.834
108.888,82.756,20.986,77.850
109.026,82.911,20.994,77.882
108.546,82.651,21.414,79.439
108.093,81.796,21.749,80.684
107.215,81.247,21.704,80.515
107.205,80.675,21.832,80.989
106.818,80.017,21.484,79.700
106.785,79.308,21.628,80.232
106.727,79.257,21.675,80.409
106.356,78.939,21.709,80.533
106.197,79.448,21.532,79.877
106.455,80.238,20.806,77.185
106.203,80.643,20.411,75.717
106.922,81.191,20.224,75.024
106.431,80.207,20.690,76.754
106.261,78.936,21.130,78.387
106.238,78.294,21.137,78.411
106.045,77.575,21.207,78.670
106.182,77.208,20.817,77.223
105.908,76.852,20.513,76.095
105.643,76.596,20.781,77.091
105.653,77.434,20.619,76.491
105.685,77.778,20.460,75.901
105.970,78.066,20.680,76.715
105.129,78.170,20.737,76.928
105.065,77.783,20.692,76.762
105.031,77.416,20.647,76.594
104.508,76.363,20.895,77.513
104.332,75.320,21.042,78.059
103.795,74.708,20.743,76.950
104.185,75.548,20.626,76.517
103.777,75.176,20.307,75.332
103.773,75.230,20.249,75.117
103.873,75.280,20.455,75.883
103.650,75.689,20.432,75.794
103.510,75.838,20.659,76.639
103.487,75.968,20.485,75.992
103.459,75.227,20.617,76.481
102.985,74.420,20.571,76.312
103.190,73.971,20.462,75.909
103.106,72.432,20.826,77.256
102.649,72.298,20.558,76.262
102.835,72.248,20.064,74.432
102.609,72.520,19.766,73.324
102.270,72.982,19.981,74.123
101.781,73.393,19.961,74.048
101.761,73.318,20.001,74.197
101.624,73.631,19.568,72.590
100.893,72.876,19.405,71.986
100.954,71.859,19.299,71.594
100.804,71.382,19.437,72.106
100.820,71.238,19.952,74.016
100.764,70.454,19.939,73.966
100.648,70.731,19.865,73.693
100.396,70.403,19.770,73.340
100.782,71.773,19.426,72.064
100.895,72.226,19.197,71.215
101.016,72.024,19.229,71.335
101.212,71.682,19.307,71.625
100.655,70.999,19.181,71.157
100.613,69.981,19.543,72.496
100.097,68.951,19.479,72.260
100.210,68.484,19.752,73.272
100.427,68.712,19.449,72.151
100.471,69.051,19.341,71.750
99.941,68.647,19.356,71.803
99.930,68.606,19.378,71.885
99.411,69.150,19.387,71.918
99.460,69.759,18.934,70.238
99.570,69.739,18.917,70.178
99.054,69.186,18.708,69.400
99.193,68.850,19.084,70.795
98.651,67.574,19.032,70.603
98.737,67.592,19.049,70.665
98.487,66.830,19.091,70.820
98.390,66.755,19.164,71.092
98.860,67.314,19.166,71.099
98.976,67.490,19.377,71.883
98.840,67.123,19.395,71.949
98.862,66.826,19.568,72.591
99.132,66.975,19.289,71.555
99.107,66.820,19.291,71.562
99.199,65.313,19.396,71.953
99.425,65.064,19.211,71.267
99.714,64.321,19.367,71.844
99.496,64.603,19.048,70.662
99.541,64.586,18.933,70.234
99.875,64.880,19.139,71.000
99.454,64.717,19.068,70.736
99.492,65.002,18.917,70.176
99.305,64.970,18.891,70.080
99.314,65.002,18.874,70.017
99.508,64.744,18.670,69.261
99.425,64.010,18.866,69.986
99.380,63.270,18.880,70.040
99.479,63.130,18.911,70.153
99.465,63.080,18.938,70.254
100.070,63.117,18.993,70.458
100.297,62.995,18.966,70.359
100.620,63.552,18.868,69.992
100.435,62.858,18.957,70.323
101.149,63.826,18.907,70.139
101.295,63.325,18.560,68.850
101.441,62.769,18.691,69.338
101.860,62.188,19.038,70.624
101.921,61.455,18.856,69.951
101.428,60.874,18.944,70.278
102.087,60.815,18.707,69.397
102.059,61.272,18.556,68.838
101.631,61.216,18.350,68.074
101.832,61.814,18.136,67.279
101.841,61.803,18.125,67.237
101.574,61.983,18.015,66.829
101.690,62.414,17.909,66.435
101.415,62.114,17.603,65.302
101.049,61.070,17.782,65.967
101.419,61.431,17.812,66.075
101.330,60.579,17.883,66.339
101.037,59.930,17.869,66.286
101.274,60.529,17.497,64.909
101.462,60.785,17.533,65.041
101.449,60.737,17.559,65.138
101.964,61.298,17.394,64.525
101.631,60.982,17.435,64.677
101.541,61.072,17.184,63.748
101.839,60.669,16.960,62.917
101.968,60.091,17.283,64.113
102.012,59.248,17.423,64.635
101.731,58.506,17.349,64.359
101.466,57.882,17.392,64.517
101.392,58.303,17.387,64.499
101.223,58.374,17.299,64.172
101.440,58.460,17.613,65.337
101.097,58.314,17.622,65.372
100.920,58.399,17.639,65.435
100.913,58.371,17.654,65.491
100.897,58.133,17.421,64.625
101.119,58.166,17.113,63.483
100.857,57.677,16.991,63.032
101.150,57.440,17.228,63.910
101.166,56.648,17.452,64.741
101.086,56.477,17.585,65.234
100.999,56.849,17.367,64.424
100.748,57.012,17.287,64.130
101.448,58.101,17.068,63.316
101.568,58.261,16.947,62.866
101.275,58.019,16.610,61.617
101.176,57.031,16.914,62.746
101.240,56.655,16.673,61.851
101.126,56.147,16.574,61.484
101.409,55.560,16.701,61.957
100.899,54.877,16.907,62.718
100.829,54.726,16.974,62.967
101.349,55.792,16.737,62.090
101.044,56.361,16.485,61.154
100.814,55.671,16.900,62.693
100.276,56.114,16.581,61.509
100.563,55.732,16.917,62.756
99.947,55.046,16.802,62.330
99.924,54.692,16.961,62.920
99.888,54.552,16.864,62.561
99.665,54.296,16.540,61.358
100.033,54.283,16.653,61.779
99.590,53.596,16.474,61.113
99.990,54.699,16.319,60.538
99.833,54.579,16.499,61.205
100.081,54.518,16.598,61.572
99.753,54.428,16.457,61.052
99.958,55.040,16.144,59.887
99.839,54.393,16.101,59.730
100.125,53.622,16.397,60.827
99.916,53.092,16.316,60.529
100.142,52.437,16.504,61.225
100.052,52.110,16.701,61.954
99.679,52.033,16.255,60.301
100.120,52.992,16.169,59.984
99.507,52.543,16.170,59.984
99.607,53.226,15.924,59.073
99.660,53.469,15.816,58.673
99.929,53.603,15.989,59.316
99.602,53.409,15.844,58.775
99.146,52.941,15.987,59.307
99.114,52.315,16.170,59.987
98.480,51.292,16.127,59.825
98.635,51.367,15.908,59.013
98.554,51.298,16.050,59.540
99.120,51.410,16.163,59.960
98.875,51.651,15.790,58.575
99.523,52.371,15.645,58.038
98.848,52.110,15.709,58.277
99.286,52.471,15.378,57.048
99.186,52.256,15.456,57.335
99.179,52.232,15.468,57.381
99.055,50.729,15.539,57.643
99.488,50.118,15.790,58.574
99.433,49.462,15.969,59.239
99.159,49.358,15.743,58.401
99.703,50.136,15.516,57.559
99.351,50.200,15.712,58.287
99.134,50.885,15.109,56.050
99.142,50.715,15.297,56.747
99.184,50.572,15.429,57.238
98.774,50.108,15.262,56.618
99.088,50.334,15.271,56.650
98.858,49.976,15.537,57.638
98.663,49.097,15.796,58.600
98.477,48.516,15.957,59.194
98.146,48.513,15.754,58.442
98.505,48.610,15.888,58.938
98.295,48.955,15.556,57.709
98.886,49.350,15.423,57.213
98.668,49.327,15.180,56.314
98.735,49.695,14.910,55.310
98.827,49.166,15.159,56.233
99.255,49.173,14.960,55.495
98.980,47.815,15.249,56.568
99.364,47.687,15.539,57.646
99.503,47.187,15.466,57.373
99.000,46.640,15.502,57.508
99.425,47.199,15.433,57.252
99.006,47.097,15.369,57.014
99.017,47.579,15.189,56.347
98.971,47.695,15.047,55.821
99.012,48.229,15.238,56.530
98.689,47.896,15.080,55.942
98.681,47.784,15.084,55.957
98.596,47.479,15.272,56.655
98.612,46.844,15.384,57.068
98.152,45.821,15.366,57.002
98.707,46.649,15.252,56.582
98.658,46.894,15.140,56.163
98.348,46.344,15.064,55.881
98.758,46.880,15.079,55.938
98.585,47.066,15.308,56.786
98.843,47.290,15.231,56.503
98.711,47.355,14.809,54.938
98.886,46.617,14.974,55.549
98.463,46.414,14.850,55.089
98.525,45.213,15.290,56.719
98.520,44.509,15.476,57.410
97.837,44.325,15.304,56.771
98.001,44.596,15.465,57.371
97.712,44.533,15.217,56.451
97.194,44.739,15.270,56.648
97.626,45.740,15.127,56.117
96.809,45.131,15.068,55.896
97.091,45.060,15.281,56.689
96.863,45.308,15.246,56.556
96.545,44.906,15.273,56.659
96.459,44.408,15.202,56.395
95.960,43.464,15.125,56.110
95.947,43.594,15.151,56.206
95.847,43.715,14.948,55.454
95.644,44.052,14.998,55.638
95.390,43.608,15.327,56.859
95.917,44.484,15.164,56.255
95.330,44.006,15.206,56.411
95.234,44.029,15.244,56.550
95.058,43.157,15.253,56.583
95.237,43.023,15.455,57.332
94.784,41.495,15.382,57.062
94.530,41.524,15.362,56.989
95.075,41.996,15.360,56.980
94.794,42.309,15.283,56.695
94.552,42.419,15.244,56.549
93.918,42.372,14.957,55.487
93.488,42.303,15.020,55.721
94.118,42.728,15.035,55.774
93.437,42.439,15.119,56.086
93.241,41.950,15.313,56.805
92.923,41.711,15.321,56.834
92.882,41.241,15.156,56.224
92.560,41.564,14.761,54.760
92.841,41.519,14.623,54.245
92.983,42.064,14.423,53.504
92.431,42.056,14.432,53.536
92.268,42.610,14.223,52.761
92.198,42.846,14.053,52.132
92.650,42.530,14.325,53.141
92.621,41.891,14.507,53.816
92.213,41.511,14.232,52.798
92.365,41.417,13.787,51.147
92.689,41.232,14.093,52.281
92.709,40.973,13.914,51.616
92.146,40.032,14.124,52.397
92.588,41.013,13.913,51.613
92.179,40.969,13.838,51.336
92.210,40.766,14.195,52.658
91.530,40.744,14.171,52.570
91.531,41.021,13.904,51.578
91.340,40.949,13.819,51.263
91.732,40.785,13.929,51.673
91.230,40.040,14.028,52.041
91.589,39.906,14.145,52.473
91.278,39.806,13.867,51.441
91.672,40.196,13.880,51.490
91.759,39.777,14.183,52.615
91.302,40.213,13.854,51.395
91.924,40.300,14.056,52.145
91.947,40.739,13.908,51.593
91.574,40.301,13.732,50.941
91.680,40.138,13.705,50.840
91.757,39.398,13.817,51.255
92.171,39.178,13.878,51.483
92.232,38.363,14.083,52.245
92.464,38.306,14.022,52.018
92.466,38.073,14.072,52.204
92.486,38.052,14.106,52.327
92.359,38.740,14.072,52.202
92.204,39.142,14.084,52.247
92.328,38.953,14.119,52.379
92.189,38.874,14.161,52.534
91.868,39.072,13.827,51.293
92.264,38.799,13.928,51.669
91.772,38.108,14.009,51.970
92.051,37.633,13.797,51.183
92.250,37.202,14.098,52.300
92.284,37.120,14.078,52.223
92.546,37.538,13.939,51.710
92.334,37.351,14.027,52.034
92.878,38.299,14.017,51.997
92.501,38.232,13.714,50.876
92.424,38.213,13.723,50.907
92.931,37.403,13.838,51.336
93.485,37.205,13.929,51.672
93.274,36.563,13.888,51.519
93.667,36.068,14.022,52.017
93.800,36.383,13.909,51.596
93.578,35.753,13.884,51.507
94.010,35.846,14.105,52.325
93.974,36.444,13.887,51.515
93.981,35.930,14.145,52.473
93.726,36.232,13.759,51.040
93.551,36.475,13.835,51.322
94.010,36.840,13.880,51.490
93.988,36.210,14.059,52.156
