213.000,121.000,21.000,95.000
211.889,119.606,20.657,93.450
210.905,118.464,20.692,93.609
208.111,117.167,20.745,93.847
206.949,116.008,20.568,93.044
206.584,115.263,20.386,92.223
207.192,114.066,20.546,92.945
207.947,113.388,20.138,91.100
208.666,111.061,20.616,93.261
208.540,110.191,21.055,95.248
209.287,107.061,21.344,96.556
214.743,108.770,21.019,95.086
217.165,108.257,20.882,94.468
219.088,109.850,20.809,94.136
217.965,109.670,20.977,94.895
216.662,110.564,20.685,93.576
216.450,110.156,20.874,94.428
216.068,109.213,20.888,94.493
213.819,107.928,20.929,94.678
213.237,106.817,21.052,95.234
213.744,105.550,20.941,94.733
215.224,104.115,21.359,96.622
214.019,102.318,21.626,97.834
213.993,101.681,21.563,97.546
216.642,102.235,21.489,97.213
217.714,102.449,21.218,95.984
217.812,101.977,21.231,96.047
217.361,101.242,21.258,96.166
217.751,101.429,20.909,94.589
218.318,100.690,20.461,92.562
218.480,98.052,20.814,94.157
217.764,96.782,21.016,95.072
218.345,96.352,21.149,95.676
222.190,98.628,21.321,96.452
222.336,98.573,21.313,96.416
222.138,98.294,21.190,95.860
222.193,98.383,21.162,95.733
222.980,98.827,21.014,95.065
223.235,98.859,20.743,93.838
223.099,97.788,20.957,94.804
223.139,99.083,20.713,93.703
223.069,101.741,20.999,94.995
222.744,103.825,20.949,94.770
223.378,106.285,21.037,95.166
224.183,108.885,21.157,95.712
223.308,109.605,21.322,96.457
222.112,110.758,21.314,96.421
222.920,111.698,21.441,96.995
221.704,112.141,21.396,96.793
218.852,112.788,21.410,96.853
214.953,112.993,21.205,95.925
211.879,111.907,21.087,95.394
208.130,109.798,21.121,95.547
203.560,107.703,21.109,95.493
199.453,105.921,21.033,95.148
200.253,103.823,20.828,94.223
198.036,102.717,20.831,94.237
196.587,102.620,20.799,94.090
198.195,105.410,20.743,93.838
199.505,107.248,20.602,93.197
200.708,108.075,20.442,92.476
202.781,110.861,20.547,92.949
203.559,112.532,20.674,93.525
205.224,113.275,20.655,93.440
205.993,112.738,20.793,94.062
203.393,111.596,20.932,94.691
201.061,109.649,21.075,95.341
202.430,109.544,21.225,96.017
204.265,108.495,21.249,96.126
209.225,107.466,21.194,95.876
212.411,106.653,21.053,95.240
220.034,105.811,20.959,94.816
224.277,102.929,20.913,94.607
224.765,101.382,20.885,94.481
221.838,100.464,20.879,94.452
216.489,99.248,20.777,93.989
208.831,99.313,20.558,93.001
200.339,101.350,20.480,92.647
201.362,99.440,20.644,93.388
197.861,96.450,20.863,94.382
195.252,91.482,20.775,93.981
196.430,84.074,20.690,93.598
199.952,77.661,20.979,94.907
202.358,72.960,20.696,93.625
203.454,71.942,20.866,94.392
204.248,69.092,20.553,92.979
205.322,69.115,20.573,93.067
206.652,68.503,20.374,92.169
206.269,71.766,20.574,93.071
205.370,76.373,20.511,92.789
203.478,83.779,20.608,93.227
203.674,91.139,20.652,93.424
207.668,92.157,20.691,93.602
199.738,100.110,20.751,93.875
203.186,99.998,20.854,94.341
207.121,102.683,20.954,94.794
209.234,106.100,20.873,94.424
210.190,110.967,20.599,93.187
208.801,117.108,20.231,91.521
208.389,121.831,19.873,89.900
206.023,123.776,20.013,90.534
205.498,126.980,20.145,91.132
203.407,128.861,20.230,91.517
207.359,129.677,20.322,91.934
206.591,129.399,20.637,93.359
205.291,128.864,20.873,94.427
204.912,129.187,20.671,93.514
204.790,127.830,20.605,93.213
205.500,126.191,20.413,92.344
206.900,124.188,20.420,92.376
207.268,121.853,20.449,92.506
206.943,119.689,20.576,93.080
206.520,117.541,20.456,92.537
207.029,115.687,20.406,92.311
207.551,114.317,20.409,92.327
207.993,112.658,20.571,93.059
208.149,112.780,20.301,91.838
207.592,113.169,20.275,91.722
208.718,114.042,20.068,90.782
209.799,115.867,19.884,89.950
210.311,117.132,19.919,90.110
210.544,118.138,19.763,89.406
211.534,119.616,19.673,88.995
211.464,120.317,19.365,87.605
213.584,121.030,19.254,87.102
214.700,120.513,19.088,86.348
215.952,122.018,19.152,86.639
216.545,121.989,19.125,86.518
220.602,121.771,19.068,86.261
222.753,122.551,19.101,86.411
224.369,123.598,19.210,86.904
224.527,124.912,18.884,85.429
226.727,126.516,18.942,85.690
226.770,127.627,18.800,85.049
228.122,128.235,18.730,84.731
228.922,128.776,18.655,84.391
230.036,128.672,19.023,86.058
229.874,127.814,19.320,87.399
232.432,126.276,19.564,88.504
234.914,124.818,19.531,88.355
234.401,123.865,19.509,88.254
233.923,123.411,19.455,88.009
234.648,122.061,19.324,87.417
235.472,121.069,19.396,87.744
234.955,120.286,19.430,87.898
235.212,120.031,19.240,87.037
234.603,119.497,19.088,86.350
234.497,118.974,19.162,86.685
233.801,117.606,19.012,86.006
233.585,116.848,18.967,85.805
232.644,115.790,19.021,86.047
232.087,113.646,18.949,85.722
234.577,112.388,19.128,86.533
235.233,111.582,19.420,87.853
234.269,110.293,19.397,87.748
234.476,110.195,19.274,87.192
234.773,110.230,19.445,87.966
234.692,109.463,19.366,87.607
234.860,109.319,19.519,88.301
235.026,108.314,19.804,89.589
235.618,107.826,19.927,90.147
236.836,106.233,19.965,90.316
237.859,104.986,20.453,92.527
239.526,104.230,20.226,91.497
238.984,103.284,20.242,91.570
238.215,104.333,20.117,91.008
238.514,104.147,19.888,89.971
238.890,104.962,19.999,90.470
238.554,105.303,20.249,91.601
237.973,105.907,19.880,89.934
236.763,105.776,19.564,88.504
235.390,106.078,19.545,88.416
233.486,105.935,19.406,87.790
230.039,104.974,19.303,87.324
228.975,104.978,19.312,87.365
228.475,104.033,19.628,88.794
226.097,103.562,19.512,88.269
224.280,103.568,19.546,88.424
222.983,103.069,19.880,89.935
222.164,102.960,19.755,89.369
221.909,102.516,19.784,89.499
220.559,102.599,19.793,89.539
219.786,102.710,19.799,89.569
219.205,101.657,20.117,91.003
218.644,101.041,20.074,90.812
218.553,101.494,20.018,90.560
219.707,100.987,20.117,91.007
219.457,101.255,20.089,90.879
218.281,102.100,19.986,90.415
218.284,102.720,20.494,92.712
218.375,104.448,20.480,92.648
218.241,105.702,20.547,92.952
217.710,107.205,20.334,91.988
217.062,108.137,20.107,90.961
217.037,108.101,19.890,89.979
217.019,107.579,19.764,89.411
217.426,107.131,19.882,89.943
216.714,106.226,19.887,89.966
218.216,105.576,20.055,90.725
218.455,104.853,20.312,91.889
217.393,104.654,20.541,92.922
216.458,105.677,20.365,92.128
214.768,106.289,20.301,91.839
213.667,107.791,20.173,91.260
211.924,109.184,20.284,91.763
210.044,109.232,20.235,91.538
209.294,109.603,20.246,91.588
208.915,108.952,20.307,91.863
208.349,108.616,20.289,91.783
208.141,108.861,20.507,92.769
208.378,110.355,20.673,93.522
209.184,112.674,21.040,95.179
208.838,116.461,20.963,94.832
209.315,120.586,20.852,94.330
209.978,124.845,20.948,94.763
209.380,128.260,20.811,94.144
209.039,131.749,20.621,93.287
208.614,135.058,20.594,93.163
209.088,135.073,20.283,91.758
209.411,135.308,20.255,91.630
209.079,136.081,20.443,92.480
209.358,135.756,20.293,91.800
209.241,136.365,20.169,91.240
209.989,136.188,20.332,91.980
209.191,135.796,20.442,92.478
209.728,136.636,20.418,92.367
210.208,136.168,20.406,92.312
210.093,136.490,20.448,92.501
209.720,136.358,20.386,92.220
208.439,136.267,20.230,91.517
207.792,136.881,20.269,91.695
206.559,136.084,20.527,92.859
204.921,135.531,20.449,92.509
203.887,134.424,20.516,92.813
201.572,133.469,20.316,91.906
200.586,132.704,20.163,91.212
198.531,134.183,20.178,91.284
196.256,134.700,20.482,92.659
194.752,135.540,20.662,93.470
194.070,136.107,20.919,94.631
194.980,136.187,20.652,93.427
196.432,134.620,20.530,92.873
197.753,134.268,19.990,90.429
199.464,134.611,19.883,89.948
200.686,133.929,19.930,90.159
202.847,134.543,20.159,91.194
206.051,133.952,20.085,90.861
208.654,134.605,19.951,90.255
211.945,135.122,19.804,89.589
214.098,135.040,19.701,89.122
214.689,134.247,19.787,89.513
215.025,134.225,19.871,89.891
215.351,132.946,19.755,89.368
215.866,131.041,19.817,89.650
216.003,128.422,20.195,91.361
215.568,125.621,20.646,93.400
216.582,123.168,20.607,93.222
216.727,120.954,20.329,91.963
217.206,118.672,20.213,91.438
217.721,118.252,20.036,90.639
216.943,118.605,19.743,89.313
214.512,119.947,20.078,90.830
213.551,119.917,19.825,89.686
212.805,120.644,20.076,90.818
210.938,120.811,19.684,89.046
210.151,120.928,19.560,88.484
209.924,121.265,19.840,89.754
208.846,121.835,19.995,90.455
208.475,121.816,20.227,91.505
207.952,121.963,20.230,91.517
207.085,121.721,20.230,91.515
206.786,121.801,19.927,90.145
206.291,122.236,19.280,87.219
205.609,122.675,19.307,87.343
203.645,122.988,19.296,87.291
200.692,123.407,19.200,86.858
198.071,122.849,18.882,85.418
196.347,121.991,19.049,86.176
194.310,121.059,19.160,86.675
191.576,119.345,19.336,87.472
190.044,118.323,19.513,88.273
189.204,116.755,19.857,89.827
188.440,115.717,19.411,87.813
186.237,114.832,19.191,86.818
183.976,113.632,18.937,85.668
182.220,111.295,18.882,85.418
182.142,110.376,18.815,85.116
180.663,108.093,18.712,84.651
178.927,107.239,18.499,83.688
176.017,107.145,18.297,82.772
172.822,105.980,18.218,82.413
173.124,104.703,18.161,82.155
174.313,101.654,18.251,82.565
175.029,97.932,18.487,83.630
173.323,95.483,18.500,83.692
172.790,94.255,18.604,84.162
172.668,93.701,18.747,84.807
171.030,93.597,18.498,83.682
168.935,93.712,18.126,81.999
166.973,93.379,18.092,81.843
165.120,92.936,17.997,81.413
163.487,92.545,18.232,82.480
161.010,90.693,18.747,84.807
159.521,89.408,18.962,85.779
159.133,87.834,19.126,86.524
159.084,87.647,19.039,86.127
157.664,86.865,18.887,85.439
156.355,87.671,18.909,85.539
155.196,88.797,18.600,84.144
153.988,90.928,18.570,84.008
152.004,92.417,18.447,83.450
149.971,93.980,18.634,84.296
148.420,95.276,18.374,83.120
147.180,95.022,18.026,81.545
146.976,94.351,18.007,81.458
147.298,93.112,18.015,81.498
147.999,92.196,17.989,81.379
146.822,91.177,18.136,82.044
145.052,90.832,18.300,82.788
144.012,90.872,18.387,83.181
143.211,91.193,18.644,84.340
142.449,91.473,18.753,84.836
140.958,91.139,18.801,85.053
139.700,90.820,19.150,86.629
139.089,90.666,19.316,87.381
138.541,89.730,19.672,88.994
137.634,89.015,19.750,89.347
138.112,88.961,20.123,91.035
137.546,88.584,20.145,91.131
138.856,88.822,19.854,89.814
139.427,88.882,20.014,90.538
140.193,91.542,20.006,90.503
140.995,94.948,19.788,89.517
141.646,98.137,20.014,90.538
142.353,101.727,20.249,91.603
143.048,105.248,20.462,92.565
145.170,105.530,20.635,93.347
148.043,106.180,20.536,92.903
152.955,105.203,20.183,91.302
163.744,103.144,20.301,91.836
171.287,102.043,20.525,92.849
172.259,101.246,20.476,92.628
172.072,101.352,20.622,93.288
171.818,100.591,21.096,95.436
171.104,100.531,21.283,96.280
168.963,100.616,21.545,97.468
165.531,101.207,21.850,98.845
161.277,101.128,21.833,98.769
158.298,100.781,22.218,100.510
154.699,100.479,22.300,100.879
150.560,99.735,22.121,100.072
149.586,99.413,22.111,100.027
148.656,98.204,22.141,100.160
147.919,97.792,21.925,99.184
146.966,97.822,22.063,99.808
146.751,97.623,22.075,99.865
146.852,97.951,21.918,99.153
145.593,98.849,22.033,99.673
145.621,99.330,22.236,100.592
144.809,99.753,22.110,100.021
142.182,98.893,21.904,99.089
141.372,96.667,21.770,98.482
142.270,93.467,22.102,99.985
143.361,89.535,22.185,100.362
143.142,88.081,22.519,101.873
142.221,88.823,22.178,100.328
145.192,88.634,22.314,100.943
152.225,89.304,22.262,100.708
157.734,91.191,22.328,101.006
158.986,93.788,22.161,100.254
161.507,97.652,21.854,98.865
163.187,102.435,21.597,97.701
163.547,107.219,21.485,97.196
163.766,110.145,21.637,97.883
163.378,112.131,21.821,98.714
163.941,114.117,22.196,100.410
164.285,115.348,22.406,101.362
165.553,115.402,22.331,101.023
165.197,116.111,22.240,100.611
164.469,117.836,22.312,100.934
162.058,118.106,22.218,100.510
160.573,120.724,22.106,100.004
157.570,121.920,22.052,99.759
155.089,121.978,22.129,100.108
153.937,120.547,21.827,98.742
156.184,118.200,21.561,97.538
156.377,113.892,21.640,97.895
155.897,107.583,21.508,97.297
156.116,103.308,21.659,97.979
156.757,98.992,21.667,98.019
159.150,94.133,21.441,96.997
162.326,89.635,21.315,96.425
166.513,87.179,21.139,95.629
169.311,85.525,21.147,95.665
171.413,84.951,21.000,94.998
171.594,85.841,20.904,94.565
172.730,87.251,21.027,95.122
171.797,87.837,21.202,95.913
170.213,89.709,21.317,96.433
168.111,93.234,21.351,96.588
164.538,97.269,21.608,97.753
161.301,100.577,21.389,96.760
158.328,103.846,21.169,95.767
154.049,107.549,20.956,94.803
149.357,111.650,20.916,94.619
145.729,116.323,20.959,94.812
142.080,119.224,20.939,94.724
140.766,120.226,21.014,95.063
139.943,120.524,20.910,94.591
142.130,120.542,21.040,95.181
143.552,119.261,21.088,95.400
146.814,117.012,21.179,95.808
148.858,114.696,21.202,95.915
149.115,113.266,21.358,96.620
149.667,110.868,21.752,98.403
151.094,108.420,22.097,99.964
153.604,104.514,21.981,99.439
156.032,102.376,21.988,99.470
157.418,102.153,21.926,99.190
158.300,100.157,21.883,98.997
159.032,97.658,21.687,98.107
158.770,95.262,21.766,98.466
160.028,92.604,22.285,100.813
160.734,90.303,22.283,100.804
161.494,88.153,22.594,102.211
160.792,86.972,22.264,100.717
160.928,87.811,22.038,99.696
160.081,87.862,21.713,98.227
157.988,88.757,21.492,97.225
156.398,88.515,21.581,97.626
155.347,89.671,21.799,98.617
152.832,89.760,21.823,98.722
150.465,89.250,21.829,98.751
148.234,89.108,21.523,97.365
146.529,87.661,21.617,97.792
143.595,86.861,21.453,97.048
141.928,86.745,21.111,95.501
142.042,86.196,21.390,96.764
142.087,85.357,21.616,97.786
142.411,83.236,21.737,98.335
143.214,80.842,21.882,98.989
144.171,78.069,21.754,98.409
145.705,76.750,21.643,97.911
145.649,75.322,21.645,97.919
146.310,74.324,21.626,97.831
147.371,74.357,21.478,97.164
149.544,73.283,21.332,96.504
152.108,73.202,21.484,97.189
155.325,72.501,21.567,97.566
161.588,73.566,21.613,97.775
164.554,76.151,21.698,98.156
164.235,82.453,21.518,97.345
165.232,87.563,21.593,97.684
165.538,91.514,21.614,97.778
165.432,95.988,21.571,97.581
165.236,97.892,21.646,97.923
165.704,98.023,21.373,96.690
166.832,98.809,21.470,97.124
166.309,99.123,21.141,95.639
166.071,100.092,21.300,96.358
165.381,101.395,21.231,96.046
165.218,101.928,21.068,95.310
164.407,104.332,20.975,94.886
161.422,108.045,20.693,93.610
160.186,110.792,20.697,93.631
159.385,112.642,20.672,93.518
157.709,114.557,20.647,93.402
155.754,115.863,20.934,94.701
154.930,116.474,21.089,95.404
153.610,117.292,21.340,96.540
153.434,118.000,21.115,95.520
152.851,117.848,21.063,95.286
152.829,117.975,20.759,93.908
153.226,117.074,20.551,92.970
154.294,117.015,20.384,92.212
154.839,117.991,20.093,90.899
155.236,118.449,20.011,90.524
156.655,118.124,20.052,90.711
155.508,118.611,19.879,89.930
155.071,118.473,19.649,88.890
155.244,115.768,19.726,89.235
155.611,113.369,19.937,90.190
154.676,111.484,19.952,90.259
154.821,109.946,20.118,91.010
154.544,106.758,19.943,90.216
154.709,104.928,20.029,90.609
154.257,104.016,19.855,89.820
154.839,101.716,19.775,89.459
159.027,99.114,20.044,90.676
162.434,96.077,20.168,91.235
163.599,93.925,20.450,92.512
164.674,91.625,20.527,92.859
164.780,90.221,20.443,92.482
165.291,89.233,20.701,93.648
165.429,87.739,20.990,94.954
164.960,86.959,20.950,94.776
165.214,86.357,20.754,93.888
164.622,86.270,20.494,92.711
166.069,87.079,20.276,91.727
166.229,86.563,20.224,91.488
167.082,87.451,20.359,92.102
167.440,87.292,20.123,91.033
168.155,87.092,19.988,90.420
168.942,87.088,20.117,91.005
169.080,86.265,19.744,89.317
169.243,85.845,19.892,89.987
169.203,84.073,20.029,90.609
169.284,82.795,20.333,91.984
167.645,82.113,20.258,91.644
166.362,82.267,20.149,91.149
164.543,82.166,20.061,90.753
161.070,83.433,20.035,90.634
158.941,84.228,20.137,91.095
157.049,84.380,20.021,90.573
155.301,84.345,20.369,92.146
152.297,84.839,20.513,92.797
148.394,85.632,20.330,91.968
145.028,84.481,20.362,92.116
143.809,83.512,20.104,90.948
141.059,82.794,19.859,89.839
139.157,81.150,20.061,90.751
138.661,80.514,20.012,90.532
138.427,80.528,19.970,90.339
138.003,79.750,20.089,90.879
136.195,80.164,19.964,90.315
135.333,81.087,20.078,90.829
133.976,81.371,19.489,88.164
133.407,82.237,19.101,86.407
133.431,82.446,19.077,86.300
133.221,81.787,19.208,86.893
132.635,81.376,19.306,87.339
132.655,82.529,19.394,87.737
132.071,85.240,19.072,86.278
133.764,89.884,19.235,87.015
135.938,95.096,19.250,87.083
138.876,101.127,18.948,85.716
141.819,106.345,18.922,85.599
147.560,111.588,19.019,86.038
153.544,114.861,18.764,84.883
156.326,117.111,18.481,83.606
156.363,117.631,18.801,85.054
156.003,116.593,18.733,84.744
155.298,113.024,19.039,86.130
152.625,107.669,19.194,86.828
152.430,103.885,19.285,87.241
153.228,99.791,19.560,88.485
152.937,94.944,19.684,89.046
152.990,89.993,19.527,88.337
152.921,89.015,19.536,88.377
151.805,86.928,19.533,88.365
150.667,85.425,19.436,87.926
150.168,83.709,19.231,86.999
149.918,83.008,19.136,86.566
147.178,82.441,19.129,86.536
138.929,81.073,19.330,87.445
132.796,77.988,19.519,88.299
127.917,75.410,19.567,88.519
120.230,71.806,19.649,88.891
115.396,67.737,19.600,88.668
112.999,62.979,19.798,89.563
129.163,52.543,20.119,91.016
149.616,48.193,20.297,91.818
174.851,42.309,20.329,91.964
212.810,39.042,20.541,92.923
238.350,38.236,20.649,93.414
231.916,37.820,20.930,94.684
225.229,38.332,20.993,94.969
238.866,40.594,20.948,94.766
256.510,36.315,20.791,94.055
255.494,36.738,20.911,94.599
251.495,40.528,21.020,95.091
247.722,42.478,21.044,95.199
240.809,48.797,21.244,96.102
242.815,64.668,21.341,96.544
248.904,69.620,21.479,97.166
247.202,74.182,21.564,97.551
238.215,87.566,21.983,99.448
226.688,100.879,22.379,101.240
211.437,109.464,22.617,102.316
201.081,113.250,22.599,102.235
193.821,114.060,22.350,101.109
188.423,115.153,22.598,102.230
182.813,115.716,22.535,101.944
178.352,113.706,22.429,101.466
176.592,112.441,22.347,101.093
181.678,108.779,22.238,100.602
181.982,104.956,22.237,100.598
186.460,101.012,21.717,98.243
192.747,100.049,21.350,96.584
196.033,101.584,21.086,95.389
196.317,96.722,21.885,99.003
196.559,96.795,21.699,98.163
196.439,100.025,21.481,97.174
191.172,104.492,21.385,96.740
188.995,106.451,21.426,96.927
188.740,108.816,21.463,97.094
184.290,111.921,21.448,97.026
