0.26368213
0.02865982
0.02830362
0.02859545
0.02849627
0.02849579
0.02859521
0.02864337
0.02869654
0.02864981
0.01576972
0.01580095
0.01579285
0.01574683
0.01569772
0.02887177
0.01599169
0.01580548
0.01688623
0.01579571
0.01576805
0.02948093
0.01577592
0.01574349
0.01576924
0.01583838
0.01577163
0.02867103
0.01585913
0.01585460
0.01814413
0.01817942
0.01726770
0.03090858
0.01886225
0.01833057
0.01719546
0.01812387
0.01851773
0.03095794
0.01817250
0.01817989
0.01812744
0.01809573
0.01723719
0.02994418
0.01723003
0.01811767
0.01810431
0.01718307
0.01715207
0.03084731
0.01711392
0.01808381
0.01806641
0.01803565
0.01714516
0.03097272
0.01723742
0.01817346
0.01811671
0.01720476
0.01811552
0.03096890
0.01819777
0.01722574
0.01815701
0.01817250
0.01721334
0.03152466
0.01816273
0.01721644
0.01837873
0.01632476
0.01814771
0.02926373
0.01822066
0.01627421
0.01814079
0.01814055
0.01628017
0.03099799
0.01639724
0.01646423
0.01725245
0.01625800
0.01815033
0.03925371
0.01853681
0.01651001
0.01827455
0.01736116
0.01830530
0.03109741
0.01776433
0.01639318
0.01730633
0.01652837
0.01823568
0.03114581
0.01836586
0.01646423
0.01825356
0.01825690
0.01826119
0.02927804
0.01640582
0.01824260
0.01645255
0.01823187
0.01642990
0.03099537
0.01820087
0.01731110
0.01824760
0.01822281
0.01825047
0.03021622
0.01819348
0.01814127
0.01809812
0.01814771
0.01720977
0.03015089
0.01627564
0.01823974
0.01721859
0.01810861
0.01714993
0.03006864
0.01823044
0.01813960
0.01816058
0.01625061
0.01642513
0.03101230
0.01821566
0.01723289
0.01827741
0.01723194
0.01816487
0.03089690
0.01816487
0.01804733
0.01803279
0.01722646
0.01716304
0.02918386
0.01733279
0.01812553
0.01787114
0.01903152
0.01715922
0.02988768
0.01718688
0.01632929
0.01625729
0.01808262
0.01813221
0.02909756
0.01815772
0.01627398
0.01804566
0.01623750
0.01809144
0.03100038
0.01716328
0.01715851
0.01620054
0.01620960
0.01803327
0.02914143
0.01806879
0.01803303
0.01958084
0.01619649
0.01618814
0.03101444
0.01638818
0.01810598
0.01621675
0.01803517
0.01813626
0.03101158
0.01718950
0.01626706
0.01625872
0.01812983
0.01804948
0.03082967
0.01627874
0.01626563
0.01804757
0.01804733
0.01635933
0.03082824
0.01804018
0.01805353
0.01808190
0.01812744
0.01960230
0.03082323
0.01803827
0.01811337
0.01626658
0.01805997
0.01804543
0.03088307
0.01627851
0.01720071
0.01805186
0.01718020
0.01719403
0.03085804
0.01805210
0.01809859
0.01622581
0.01807070
0.01808095
0.03098130
0.01804614
0.01805711
0.01810431
0.01620722
0.01802707
0.03009295
0.01802492
0.01804256
0.01630974
0.01812029
0.01836395
0.03090310
0.01799607
0.01810837
0.01631260
0.01622057
0.01804018
0.02904177
0.01713252
0.01795769
0.01803064
0.01812029
0.01812363
0.03001165
0.01716948
0.01623893
0.01617241
0.01624799
0.01802325
0.03083634
0.01805186
0.01801729
0.01801491
0.01806092
0.01802421
0.03081512
0.01802468
0.01806831
0.01803446
0.01806664
0.01808453
0.03090620
0.01804137
0.01802182
0.01808524
0.01804137
0.01806021
0.03082561
0.01613998
0.01807499
0.01809168
0.01803374
0.01806259
0.03019595
0.01808023
0.01812530
0.01806760
0.01894331
0.01978660
0.03118873
0.01822495
0.01817322
0.01811719
0.01807284
0.01804543
0.03087974
0.01808429
0.01723361
0.01723456
0.01813555
0.01814365
0.03096700
0.01803946
