0.26517057
0.02621293
0.02681518
0.02682137
0.02675438
0.02661371
0.02669239
0.02671599
0.02679229
0.02762628
0.01403165
0.01393104
0.01392603
0.01396585
0.01378751
0.02672315
0.01399899
0.01393199
0.01389241
0.01397371
0.01390815
0.02683210
0.01401711
0.01403499
0.01392198
0.01390696
0.01397872
0.02683353
0.01395488
0.01392150
0.01627302
0.01625824
0.01625633
0.02899718
0.01540494
0.01532006
0.01622438
0.01627278
0.01541543
0.02916121
0.01552057
0.01535416
0.01625586
0.01625919
0.01633906
0.02823114
0.01629353
0.01536441
0.01630807
0.01628876
0.01628375
0.02923584
0.01547003
0.01541662
0.01546741
0.01633120
0.01544476
0.02907324
0.01537561
0.01529837
0.01623797
0.01531720
0.01530719
0.02729678
0.01627564
0.01439977
0.01630211
0.01441908
0.01622629
0.02904820
0.01626825
0.01620746
0.01439619
0.01623774
0.01623464
0.02819729
0.01452184
0.01449895
0.01638985
0.01634741
0.01540732
0.02720881
0.01627517
0.01451373
0.01466417
0.01626921
0.01444173
0.02733636
0.01632762
0.01460719
0.01447749
0.01625967
0.01451898
0.02825093
0.01450682
0.01446295
0.01630116
0.01449442
0.01445293
0.02826309
0.01546144
0.01634669
0.01642585
0.01540327
0.01536870
0.02907467
0.01627135
0.01539207
0.01626205
0.01628804
0.01641679
0.02907205
0.01640487
0.01630855
0.01645350
0.01635218
0.01632619
0.02921319
0.01638746
0.01537657
0.01462126
0.01451850
0.01635718
0.02743554
0.01546502
0.01643682
0.01637292
0.01626348
0.01539516
0.02934384
0.01637101
0.01629806
0.01544881
0.01639199
0.01637650
0.02921033
0.01638079
0.01639032
0.01644111
0.01632714
0.01631165
0.02917552
0.01451588
0.01626658
0.01640153
0.01633430
0.01771402
0.02818823
0.01628327
0.01634717
0.01541615
0.01448154
0.01633334
0.02727079
0.01539373
0.01449919
0.01636195
0.01535296
0.01446152
0.02908230
0.01634574
0.01442909
0.01540279
0.01537085
0.01443934
0.02912092
0.01631021
0.01537776
0.01630521
0.01438475
0.01537585
0.02904844
0.01546121
0.01545238
0.01544046
0.01533198
0.01625466
0.02916050
0.01456738
0.01622415
0.01633930
0.01623607
0.01625299
0.02910805
0.01442981
0.01629281
0.01453972
0.01626587
0.01623416
0.02816391
0.01535630
0.01620603
0.01537585
0.01530981
0.01453900
0.02904701
0.01628995
0.01538277
0.01542544
0.01621413
0.01618242
0.02821422
0.01630664
0.01624656
0.01448369
0.01446986
0.01621246
0.02768517
0.01445389
0.01621389
0.01629281
0.01620746
0.01622796
0.02719998
0.01626253
0.01447082
0.01604700
0.01627541
0.01628733
0.02939391
0.01452518
0.01628208
0.01633835
0.01629591
0.01630068
0.02913785
0.01632857
0.01629090
0.01442742
0.01624823
0.01453042
0.02736068
0.01635480
0.01631546
0.01635289
0.01635695
0.01630402
0.02901697
0.01633906
0.01625824
0.01632071
0.01544023
0.01446843
0.02913213
0.01632142
0.01548123
0.01642919
0.01635075
0.01574326
0.02834010
0.01635885
0.01626563
0.01535106
0.01534152
0.01640320
0.02823162
0.01540017
0.01539826
0.01538324
0.01528597
0.01537085
0.02806592
0.01626682
0.01553297
0.01531100
0.01530004
0.01629472
0.02823830
0.01544523
0.01538563
0.01536965
0.01534748
0.01540136
0.02812886
0.01626563
0.01542163
0.01534367
0.01530886
0.01533031
0.02716780
0.01477814
0.01443577
0.01440167
0.02749085
0.01639342
0.02903008
0.01448035
0.01438832
0.01618195
0.01621819
0.01534367
0.02811527
0.01632333
0.01444077
0.01536679
0.01537347
0.01630616
0.02812743
0.01450777
0.01536441
0.01444077
0.01459551
0.01539516
0.02766418
0.01451874
0.01443028
0.01622748
0.01567030
0.01458168
0.02808523
0.01451254
0.01626372
0.01636720
0.01444769
0.01450849
0.02905869
0.01634097
0.01540446
0.01537347
0.01580787
0.01629567
0.02806592
0.01536131
0.01532555
0.01543117
0.01627827
0.01542950
0.02820086
0.01544428
0.01535416
0.01537156
0.01624393
0.01538587
0.02813172
0.01539063
0.01533127
0.01535773
0.01543188
0.01626658
0.02820873
0.01542807
0.01539087
0.01536298
0.01529813
0.01529670
0.02816033
0.01534843
0.01621938
0.01531363
0.01526594
