0.25360060
0.02453661
0.02514434
0.02499962
0.02504039
0.02495289
0.02513504
0.02502894
0.02500749
0.02500749
0.01250815
0.01234818
0.01245642
0.01249719
0.01246524
0.02502680
0.01244998
0.01233959
0.01247287
0.01241803
0.01253414
0.02527046
0.01254821
0.01250410
0.01265883
0.01253629
0.01261473
0.02517462
0.01263642
0.01253819
0.01485658
0.01482034
0.01498818
0.02753258
0.01487279
0.01510978
0.01480985
0.01477075
0.01486564
0.02747035
0.01493406
0.01481915
0.01493692
0.01489663
0.01488662
0.02750802
0.01492143
0.01480532
0.01477408
0.01497269
0.01488042
0.02738833
0.01487374
0.01482773
0.01481366
0.01474071
0.01489544
0.02746630
0.01482010
0.01474690
0.01482844
0.01389337
0.01482964
0.02655625
0.01489472
0.01482248
0.01476073
0.01387548
0.01484990
0.02749705
0.01487660
0.01482415
0.01500297
0.01512480
0.01497412
0.02759147
0.01513219
0.01497436
0.01490998
0.01496887
0.01494217
0.02751040
0.01489115
0.01494002
0.01507497
0.01498461
0.01501870
0.02756786
0.01511383
0.01494384
0.01525116
0.01494861
0.01493096
0.02746630
0.01487255
0.01484966
0.01484656
0.01491165
0.01497841
0.02746153
0.01414633
0.01393843
0.01402378
0.01486683
0.01405263
0.02745724
0.01402712
0.01390648
0.01393700
0.01483965
0.01393938
0.02659035
0.01410675
0.01399302
0.01484776
0.01387906
0.01478529
0.02671432
0.01407313
0.01387286
0.01393795
0.01383543
0.01392269
0.02648687
0.01399565
0.01392841
0.01397562
0.01392245
0.01391745
0.02646041
0.01402926
0.01398182
0.01394320
0.01404500
0.01483297
0.02649951
0.01391125
0.01391149
0.01309156
0.01405692
0.01313233
0.02655029
0.01309180
0.01306963
0.01484847
0.01330709
0.01326251
0.02744913
0.01314306
0.01486325
0.01314878
0.01298118
0.01488853
0.02577448
0.01489782
0.01480317
0.01298928
0.01471376
0.01306486
0.02749276
0.01492500
0.01400089
0.01394105
0.01298046
0.01484323
0.02577567
0.01490808
0.01299119
0.01315022
0.01402402
0.01393843
0.02740049
0.01390338
0.01394296
0.01403522
0.01387835
0.01484227
0.02746964
0.01497650
0.01487517
0.01496649
0.01484013
0.01401615
0.02655125
0.01403403
0.01391125
0.01396680
0.01401520
0.01403618
0.02666092
0.01405501
0.01488805
0.01492715
0.01398969
0.01399279
0.02754521
0.01496959
0.01476789
0.01488566
0.01482606
0.01387668
0.02655864
0.01415706
0.01401472
0.01391101
0.01390910
0.01394415
0.02662039
0.01504850
0.01388144
0.01399422
0.01391053
0.01392555
0.02645898
0.01400399
0.01392579
0.01310468
0.01315546
0.01301718
0.02557254
0.01308823
0.01487708
0.01321387
0.01304984
0.01310825
0.02570963
0.01499724
0.01399755
0.01328206
0.01402164
0.01397419
0.02673912
0.01498175
0.01395345
0.01396585
0.01396394
0.01487160
0.02672148
0.01408076
0.01401186
0.01488423
0.01302671
0.01410818
0.02656603
0.01401782
0.01303148
0.01407480
0.01390934
0.01304364
0.02655220
0.01401734
0.01384282
0.01398277
0.01395249
0.01395631
0.02666450
0.01393700
0.01483321
0.01308751
0.01489592
0.01400304
0.02694488
0.01401877
0.01413941
0.01407433
0.01300597
0.01308584
0.02656436
0.01406741
0.01393628
0.01395535
0.01396656
0.01482844
0.02649283
0.01397896
0.01408029
0.01390839
0.01391435
0.01386023
0.02748084
0.01484227
0.01483727
0.01395750
0.01392150
0.01485181
0.02654028
0.01390338
0.01298642
0.01394272
0.01391578
0.01309705
0.02565932
0.01316166
0.01487756
0.01486874
0.01393867
0.01394868
0.02643132
0.01385307
0.01385522
0.01410985
0.01487565
0.01443195
0.02756333
0.01454020
0.01414680
0.01417851
0.01324916
0.01420784
0.02693915
0.01337123
0.01330400
0.01512051
0.01503968
0.01415563
0.02687669
0.01428103
0.01429844
0.01447344
0.01519918
0.01515126
0.02699280
0.01431608
0.01425147
0.01419926
0.01420903
0.01427054
0.02698541
0.01431394
0.01534414
0.01512194
0.01409626
0.01406455
0.02666402
0.01491666
0.01392293
0.01391578
0.01483536
0.01322031
0.02660608
0.01393628
0.01390743
0.01399183
0.01392102
0.01301193
0.02652407
0.01392865
0.01403046
0.01384020
0.01387763
0.01304436
0.02652645
0.01395822
0.01390028
0.01384830
0.01385784
0.01389503
0.02645898
0.01386929
0.01486325
0.01425171
0.01398230
0.01398468
0.02658916
0.01400495
0.01477814
0.01387310
0.01385570
0.01393032
0.02654433
0.01403713
0.01390791
0.01394701
0.01390433
0.01396823
0.02570319
0.01322961
0.01302314
0.01482868
0.01391959
0.01396298
0.02644587
0.01396871
0.01487446
0.01496053
0.01395988
0.01398468
0.02677035
0.01406813
0.01396298
0.01409864
0.01495528
0.01407695
0.02651119
0.01317024
0.01404619
0.01491833
0.01401901
0.01401114
0.02744055
0.01392865
0.01386929
0.01481628
0.01309824
0.01478982
0.02659512
0.01494908
0.01390624
0.01388001
0.01482248
0.01401138
0.02656865
0.01398063
0.01397705
0.01390576
0.01482916
0.01488686
0.02559257
0.01488948
0.01315665
0.01483059
0.01475191
0.01385522
0.02737403
0.01393318
0.01468110
0.01392603
0.01295686
0.01392126
0.02645111
0.01479554
0.01403451
0.01296616
0.01387739
0.01390338
0.02645850
0.01396084
0.01390266
0.01489544
0.01382613
0.01480961
0.02737784
0.01484752
0.01479983
0.01390934
0.01396847
0.01389050
0.02648544
0.01391649
0.01387572
0.01385331
0.01387143
0.01391888
0.02661967
0.01403022
0.01391506
0.01475716
0.01385641
0.01393580
0.02575445
0.01492047
0.01414227
0.01393127
0.01322198
0.01397467
0.02660227
0.01393533
0.01390529
0.01295829
0.01387501
0.01389933
0.02653742
