0.26100779
0.02652287
0.02706933
0.02710366
0.02714777
0.02731919
0.02708530
0.02717686
0.02708817
0.02705097
0.01427245
0.01439118
0.01434040
0.01433516
0.01428080
0.02699685
0.01434517
0.01426387
0.01432157
0.01422238
0.01423740
0.02697420
0.01427841
0.01441717
0.01437283
0.01431656
0.01456857
0.02720499
0.01441765
0.01433372
0.01669979
0.01662850
0.01667237
0.02919269
0.01665831
0.01595736
0.01569200
0.01660395
0.01662898
0.02932715
0.01575208
0.01667905
0.01677203
0.01674223
0.01660919
0.02842021
0.01660514
0.01663256
0.01575947
0.01577187
0.01664424
0.02840781
0.01591444
0.01580858
0.01572824
0.01571584
0.01583433
0.02848864
0.01661921
0.01567769
0.01582432
0.01567030
0.01474786
0.02838230
0.01676536
0.01574540
0.01679897
0.01594901
0.01670790
0.02849936
0.01672959
0.01578856
0.01577973
0.01667190
0.01667762
0.02851129
0.01496172
0.01584744
0.01670909
0.01703787
0.01590896
0.02939606
0.01670456
0.01581550
0.01586103
0.01576376
0.01675177
0.02852082
0.01588345
0.01587367
0.01678085
0.01510906
0.01491618
0.02850890
0.01584244
0.01580715
0.01673293
0.01585221
0.01661253
0.02848172
0.01578856
0.01672292
0.01576591
0.01576853
0.01592755
0.02934957
0.01483226
0.01577783
0.01580667
0.01577377
0.01664305
0.02841306
0.01579213
0.01582074
0.01672244
0.01580811
0.01666379
0.02856278
0.01677942
0.01678801
0.01668453
0.01673889
0.01669836
0.02843499
0.01582432
0.01590228
0.01672196
0.01582956
0.01582360
0.02875924
0.01687980
0.01598811
0.01575565
0.01579285
0.01676059
0.02848458
0.01588011
0.01585197
0.01669216
0.01595092
0.01588869
0.02755070
0.01667070
0.01577449
0.01587129
0.01480269
0.01671910
0.02855778
0.01591325
0.01686001
0.01581669
0.01586294
0.01584148
0.02859926
0.01668644
0.01578951
0.01584792
0.01685214
0.01669741
0.02848268
0.01592898
0.01617384
0.01677084
0.01605082
0.01592207
0.02860260
0.01682734
0.01579189
0.01591229
0.01591706
0.01681614
0.02878618
0.01679564
0.01580286
0.01682615
0.01589918
0.01590753
0.02851582
0.01594496
0.01588202
0.01584315
0.01586866
0.01502132
0.02772355
0.01607275
0.01506329
0.01701474
0.01586914
0.01682258
0.02851081
0.01684117
0.01590276
0.01593232
0.01580858
0.01672506
0.02849364
0.01580858
0.01682925
0.01670575
0.01583576
0.01581073
0.02846169
0.01679921
0.01575732
0.01666546
0.01581788
0.01670957
0.02933812
0.01672220
0.01672602
0.01681304
0.01588798
0.01679301
0.02850318
0.01681614
0.01581693
0.01584673
0.01583910
0.01670265
0.02842736
0.01593590
0.01685095
0.01498318
0.01599216
0.01591349
