0.26091743
0.02831721
0.02870512
0.02874374
0.02861261
0.02868652
0.02878308
0.02892518
0.02867675
0.02864957
0.01653886
0.01626611
0.01631355
0.01627421
0.01626444
0.02850318
0.01629400
0.01633453
0.01641631
0.01633525
0.01627326
0.02853370
0.01629424
0.01631689
0.01634860
0.01626492
0.01625609
0.02860165
0.01631808
0.01631522
0.01850891
0.01901603
0.01858282
0.03085923
0.01851273
0.01853275
0.01871681
0.01853895
0.01840782
0.03073740
0.01847720
0.01852918
0.01861501
0.01846862
0.01844931
0.03075123
0.01841640
0.01852822
0.01853704
0.01848292
0.01844406
0.03086877
0.01852322
0.01863384
0.01867080
0.01842356
0.01849532
0.03093362
0.01777911
0.01862288
0.01766157
0.01768279
0.01846480
0.03001595
0.01760173
0.01775718
0.01766086
0.01855993
0.01752329
0.02979898
0.01852012
0.01759934
0.01849341
0.01851535
0.01847792
0.03072047
0.01846170
0.01880383
0.01834536
0.01841164
0.01853466
0.03077292
0.01849961
0.01836681
0.01836443
0.01837015
0.01841974
0.03075004
0.01865053
0.01764750
0.01752639
0.01749921
0.01755095
0.02973986
0.01745677
0.01747513
0.01740623
0.01828361
0.01842189
0.02983546
0.01899958
0.01898217
0.01841474
0.01771164
0.01748896
0.02976608
0.01755095
0.01766133
0.01840210
0.01841068
0.01661921
0.02976346
0.01689672
0.01762938
0.01846218
0.01755714
0.01838231
0.03065228
0.01673484
0.01838160
0.01841474
0.01756811
0.01753569
0.03080130
0.01790762
0.01837945
0.01849627
0.01840782
0.01843023
0.02997947
0.01768422
0.01843143
0.01842070
0.01845646
0.01840329
0.02996111
0.01754308
0.01749849
0.01762152
0.01761651
0.01759601
0.03088784
0.01777625
0.01671791
0.01845098
0.01773858
0.01754165
0.02914381
0.01691794
0.01765323
0.01673627
0.01853871
0.01675940
0.02899170
0.01865244
0.01855731
0.01763630
0.01950502
0.01880670
0.03120518
0.01873684
0.01782513
0.01764584
0.01846528
0.01687837
0.03075600
0.01852107
0.01692820
0.01756358
0.01675129
0.01849651
0.03125501
0.01776600
0.01772404
0.01862693
0.01863647
0.01680326
0.03001952
0.01770067
0.01866364
0.01844454
0.01845860
0.01841688
0.02986717
0.01682591
0.01850271
0.01847506
0.01672697
0.01763201
0.03078079
0.01773667
0.01778746
0.01851869
0.01679993
0.01859474
0.02919412
0.01758885
0.01761460
0.01756096
0.01660728
0.01745701
0.02907014
0.01776409
0.01671886
0.01671600
0.01834750
0.01837087
0.03068709
0.01844358
0.01752162
0.01840043
0.01757360
0.01840782
0.03072119
0.01852036
