0.25642037
0.02743101
0.02765179
0.02771902
0.02763700
0.02762008
0.02776361
0.02782321
0.02789474
0.02773261
0.01503253
0.01497483
0.01497221
0.01491237
0.01496768
0.02773833
0.01494598
0.01500130
0.01511025
0.01634216
0.01506805
0.02761149
0.01495838
0.01487255
0.01494575
0.01501703
0.01544261
0.02767920
0.01503468
0.01498985
0.01643157
0.01633024
0.01648736
0.03019881
0.01734924
0.01732659
0.01730490
0.01728535
0.01734662
0.02996516
0.01729608
0.02644920
0.01770186
0.01740050
0.01661992
0.03085876
0.01894689
0.01732254
0.01745415
0.01904321
0.01735783
0.03008723
0.01804042
0.01648903
0.01643300
0.01824236
0.01667213
0.03138018
0.01798058
0.01646638
0.01728392
0.01916242
0.01551270
0.02997279
0.01705480
0.01728249
0.01551795
0.01571035
0.01895761
0.02821708
0.01556301
0.01789999
0.01556253
0.01728916
0.01730323
0.02836013
0.01731110
0.01712465
0.01549268
0.01760268
0.01708508
0.02829909
0.01725674
0.01558232
0.01734567
0.01543450
0.01548219
0.03160667
0.01570511
0.01545548
0.01884365
0.01905560
0.01734304
0.03169751
0.01736045
0.01741886
0.01708508
0.01728034
0.01752663
0.02976251
0.01735663
0.01728940
0.01902151
0.01746511
0.01888347
0.03147626
0.01562309
0.01729202
0.01886272
0.01730728
0.01734257
0.03186727
0.02205896
0.01737833
0.03684831
0.01567245
0.01910281
0.03019977
0.01732373
0.01742482
0.01736546
0.01728320
0.01732898
0.03175092
0.01754665
0.01968145
0.01733947
0.01728988
0.01737761
0.03182054
0.01729369
0.01728964
0.01915455
0.01725292
0.01901817
0.03174829
0.01732469
0.01906514
0.01774049
0.01724577
0.01879239
0.02994442
0.01724887
0.01876211
0.01732492
0.01713753
0.01883411
0.03123999
0.01719308
0.01718807
0.01744151
0.01718783
0.01713181
0.02979946
0.01715589
0.01711082
0.01714158
0.01712847
0.01727796
0.02974677
0.01651359
0.01677060
0.01632786
0.01634812
0.01636410
0.03068995
0.01649070
0.01629806
0.01809192
0.01637197
0.01663256
0.03114104
0.01634932
0.01623631
0.01822114
0.01627350
0.01535845
0.03113246
0.01718044
0.01717758
0.01825404
0.01643920
0.01903963
0.03114700
0.01631856
0.01642585
0.01628399
0.01825023
0.01634908
0.02899122
0.01635122
0.01636004
0.01644182
0.01863623
0.01630950
0.03048301
0.01830626
0.01723909
0.01538968
0.01924992
0.01540685
0.02802467
0.01914978
0.01539707
0.01539707
0.01742387
0.01742411
0.02987862
0.01561689
0.01543713
0.01724291
0.01543164
0.01542807
0.02993751
0.01547933
0.01738548
0.01743364
0.01741958
0.01916313
0.02996421
0.01635051
0.01630950
0.01632261
0.01628709
0.01644945
0.03099585
0.01653028
0.01721025
0.01731610
0.01868510
0.01730657
0.02985430
0.01689196
0.01632428
0.01627707
0.01625228
0.01624346
0.02901053
0.01636767
0.01631618
0.01629663
0.01628947
0.01773477
0.02915287
0.01786947
0.01629400
0.01630878
0.01793909
0.01638532
0.02927947
0.01788235
0.01637053
0.01639032
0.01640296
0.01630712
0.02892828
0.01981735
0.01636624
0.01632261
0.01647902
0.01656413
0.03019571
0.01730919
0.01640320
0.01635933
0.01630783
0.01634026
0.02902675
0.01645875
0.01700044
0.01548243
0.01553154
0.01556659
0.03000450
0.01904082
0.01555538
0.01739264
0.01555920
0.01564050
0.03009677
0.01558542
0.01735187
0.01743364
0.01740170
0.01737094
0.03013873
0.01759911
0.01876473
0.01916695
0.01741076
0.01757288
0.03188300
0.01741624
0.01740932
0.01915789
0.01737189
0.01739836
0.03027511
0.01752305
0.01560926
0.01739645
0.01765394
0.01749992
0.03034639
0.01778936
0.01754665
0.01931739
0.01739120
0.01740098
0.03200889
0.01738334
0.01641703
0.01828408
0.01746750
0.01900768
0.03206587
0.01742887
0.01761746
0.01916194
0.01735282
0.01731634
0.02984309
0.01736355
0.01739740
0.01737905
0.01934719
0.01736832
0.03006053
0.01745534
0.01728034
0.01742125
0.01737690
0.01748013
0.02997947
0.01884222
0.01730800
0.01732564
0.01913166
0.01731849
0.03009677
0.02370667
0.01805162
0.01791668
0.01795244
0.01795816
0.03068852
0.01809335
0.01712990
0.01663256
0.01550412
0.01605248
0.02893043
0.01808667
0.01590991
0.01738787
0.01564479
0.01888800
0.03006601
0.01860952
0.01774645
0.01781750
0.01977515
0.02100921
0.03051090
0.01733828
0.01727343
0.01735163
0.01738238
0.01740193
0.02821064
0.01732087
0.01748633
0.01883960
0.01645756
0.01814723
0.02899766
0.01830268
0.01635051
0.01640582
0.01723456
0.01829696
0.02894187
0.01748705
0.01826358
0.01646733
0.01637530
0.01831460
0.02908540
0.01642585
0.01821303
0.01638436
0.01633716
0.01831532
0.02916026
0.01658726
0.01830769
0.01672649
0.01646757
0.01651597
0.03079724
0.01645541
0.01645613
0.01648331
0.01642942
0.01642346
0.03101063
0.01816273
0.01641989
0.01825905
0.01603127
0.01546288
0.03127503
0.01565361
0.01549053
0.01910949
0.01728702
0.01733208
0.03159451
0.01726627
0.01779509
0.01915312
0.01736474
0.01730514
0.03181887
0.01732492
0.01718545
0.01903391
0.01719570
0.01541710
0.03022218
0.01549506
0.01717234
0.01739860
0.01569986
0.01642275
0.02808404
0.01552153
0.01543760
0.01722884
0.01545835
0.01641607
0.02927995
0.01642799
0.01634836
0.01641774
0.01725459
0.01746821
0.02902985
0.01730657
0.01547360
0.01721644
0.01726127
0.01873422
0.03162479
0.01876736
0.01728487
0.01748824
0.01727271
0.01877332
0.02904034
0.01725197
0.01730299
0.01738381
0.01720762
0.01726127
0.03007913
0.01871610
0.01726961
0.01737928
0.01726532
0.01727986
0.02998757
0.01729918
0.01730990
0.01551056
0.01723933
0.01724267
0.03003192
0.01745558
0.01898551
0.01791024
0.01734900
0.01730061
0.03145194
0.01727462
0.01902175
0.01729774
0.01633644
0.01903486
0.02998495
0.01733160
0.01915193
0.01737976
0.01732779
0.01753831
0.03179336
0.01733637
0.01909971
0.01549077
0.01731205
0.01881552
0.03167105
0.01756549
0.01727438
0.01914191
0.01730204
0.01728463
0.03185320
0.01736927
0.01728487
0.01752162
0.01732373
0.01874256
0.03179574
0.01731801
0.01923013
0.01727533
0.01725554
0.01727867
0.03174043
0.01734233
0.01722956
0.01912022
0.01720858
0.01726246
0.03219318
0.01733780
0.01727986
0.01918316
0.01728702
0.01729870
0.03173375
0.01732731
0.01908278
0.01736832
0.01737046
0.01740837
0.03187346
0.01733518
0.01762819
0.01745057
0.01742339
0.01756763
0.03124619
0.01748276
0.01767755
0.01941061
0.01745248
0.01746225
0.03197789
0.01743245
0.01752043
0.01926708
0.01747036
0.01750398
0.03160000
0.01758265
0.01750374
0.01898599
0.01746106
0.01752496
0.03167629
0.01759052
0.01748443
0.01903558
0.01759028
0.01763010
0.03434610
0.01771450
0.01754880
0.02012157
0.01765823
0.01757407
0.03004336
0.01770329
0.01764321
0.01844835
0.01676226
0.01765776
0.03124881
0.01672220
0.01754570
0.01870847
0.01662540
0.01661110
0.03124523
0.01655436
0.01748633
0.02011943
0.01653361
0.01649022
0.03084803
0.01654649
0.01645660
0.01896024
0.01641774
0.01645231
0.02900672
0.01643682
0.01641488
0.01635695
0.01923490
0.01636839
0.02912331
0.01646733
0.01641536
0.01641917
0.01805258
0.01640844
0.02897906
0.01804829
0.01641035
0.01638889
0.01892471
0.01747465
0.02917624
0.01808381
0.01643157
0.01641250
0.01635408
0.01638031
0.02892900
0.01851249
0.01636839
0.01635361
0.01637816
0.01705861
0.02900219
0.01643372
0.01812220
0.01635981
0.01553679
0.01726699
0.03001618
0.01729202
0.02037859
0.01545858
0.01639891
0.01729965
0.03049541
0.01631117
0.01920509
0.01629853
0.01635528
0.01721692
0.03132319
0.01661372
0.01773167
0.01745558
0.01641583
0.01543832
0.03074121
0.01634121
0.01634169
0.01823020
0.01723456
0.01631546
0.03084993
0.01666927
0.01725459
0.01802135
0.01652431
0.01636553
0.03164887
0.01641035
0.01636863
0.01552939
0.01812100
0.01639843
0.03062320
0.01750922
0.01635766
0.01639175
0.01813173
0.01730871
0.02920628
0.01810193
0.01640868
0.01642132
0.01805353
0.01641607
0.02931809
0.01922965
0.01645970
0.01680779
0.01652622
0.01840758
0.02914524
0.01931858
0.01646733
0.01644039
0.01647043
0.01941323
0.02936602
0.01565742
0.02004814
0.01739311
0.01652908
0.01850343
0.03013015
0.01661372
0.01822925
0.01743317
0.01645875
0.01646709
0.03028965
0.01650620
0.01817989
0.01596451
0.01662636
0.01658130
0.03001881
0.01658177
0.01568604
0.01819873
0.01659513
0.01563811
0.03125834
0.01656413
0.01565742
0.01835465
0.01662135
0.01672721
0.03187203
0.01678228
0.01656461
0.01913428
0.01653743
0.01762223
0.03248525
0.01736832
0.01658750
0.01662207
0.01905727
0.01660442
0.03089595
0.01655674
0.01650071
0.01665044
0.01829147
0.01656985
0.02929401
0.01968002
0.01663446
0.01658750
0.01729941
0.01659536
0.03002810
0.01737475
0.01655078
0.01651239
0.01740432
0.01740241
0.02929592
0.01655006
0.01687360
0.01658583
0.01657510
0.01655602
0.02926874
0.01659393
0.01806235
0.01657057
0.01654363
0.01657295
0.02914500
0.01652288
0.01656508
0.01655579
0.01670504
0.01746559
0.03072333
0.01677322
0.01654196
0.01805186
0.01651359
0.01681590
0.02918339
0.01655269
0.01558280
0.01649475
0.01647139
0.01556969
0.02907157
0.01734281
0.01649356
0.01744151
0.01788735
0.01652718
0.03019500
0.01825857
0.01646042
0.01647496
0.01643419
0.01646423
0.02915859
0.01651883
0.01663613
0.01650882
0.01640630
0.01930881
0.02908039
0.01643395
0.01796699
0.01640248
0.01640296
0.01878881
0.02917218
0.01646662
0.01812172
0.01648545
0.01647115
0.01651144
0.02918673
0.01556396
0.01839638
0.01652455
0.01640081
0.01640654
0.03081775
0.01643229
0.01799703
0.01837373
0.01664114
0.01658607
0.03102922
0.01646638
0.01640511
0.01817250
0.01642489
0.01645279
0.03123593
0.01652312
0.01645637
0.01978564
0.01652884
0.01653314
0.03113723
0.01650119
0.01645923
0.01645780
0.01649594
0.01639771
0.03086519
0.01662374
0.01645970
0.01920867
0.01748276
0.01556873
0.03003669
0.01738834
0.01552224
0.01556706
0.01807952
0.01740956
0.03008366
0.01657963
0.01647854
0.01656246
0.01651955
0.01652169
0.02925730
0.01824093
0.01653719
0.01735282
0.01650906
0.01645660
0.02924871
0.01957178
0.01564693
0.01765299
0.01911879
0.01569533
0.03077602
0.01902986
0.01648021
0.01658893
0.01663637
0.01921344
0.02933264
0.01671553
0.01802588
0.01755357
0.01660323
0.01664495
0.02938247
0.01673293
0.01751447
0.01659775
0.01750064
0.01663303
0.02855253
0.01756501
0.01772213
0.01764536
0.01664019
0.01914954
0.02854013
0.01679420
0.01578903
0.01667190
0.01669931
0.01675391
0.02952480
0.01677012
0.01769018
0.01601648
0.01682353
0.01784825
0.02860022
0.01790595
0.01849198
0.01699352
0.01776838
0.01692510
0.03393459
0.01601410
0.01961899
0.01703930
0.01695299
0.01867604
0.02970529
0.01795125
0.01789165
0.01713037
0.01799655
0.01712656
0.03299332
0.01721525
0.01896167
0.01711416
0.01791549
0.01705408
0.03151941
0.01704240
0.01699424
0.01790166
0.01695967
0.01706338
0.03235936
0.01802897
0.01865029
0.01794386
0.01789784
0.01790619
0.03036118
0.01788688
0.01950908
0.01776886
0.01689410
0.01861429
0.02952743
0.01685476
0.01959753
0.01682615
0.01676488
0.01855278
0.02861047
0.01687288
0.01877451
0.01700735
0.01856518
0.01697111
0.03079271
0.01707244
0.01706982
0.01706719
0.01797915
0.01711035
0.02973676
0.01802230
0.01702714
0.01708817
0.01925635
0.01860666
0.02969503
0.01696181
0.01692963
0.01683784
0.01684213
0.01684999
0.02941942
0.01684856
0.01687431
0.01682925
0.01676774
0.01697659
0.02950907
0.01780033
0.01686096
0.01687717
0.01678181
0.01682663
0.03106260
0.01677227
0.01667285
0.01666975
0.01660156
0.01672459
0.02923417
0.01663232
0.01657391
0.01580572
0.01671648
0.01654029
0.03074789
0.01651216
0.01568723
0.01665664
0.01643872
0.01651359
0.02817559
0.01733994
0.01726532
0.01730919
0.01643348
0.01728153
0.03151989
0.01788235
0.01727462
0.01736426
0.01726222
0.01637030
0.03072309
0.01667070
0.01645589
0.01806736
0.01636577
0.01641917
0.03082705
0.01656747
0.01738429
0.01814580
0.01639414
0.01633716
0.03070378
0.01635337
0.01632905
0.01813507
0.01635695
0.01633525
0.03087044
0.01637769
0.01638794
0.01631665
0.01806951
0.01632953
0.03072643
0.01639867
0.01630235
0.01791048
0.01803493
0.01638556
0.03047490
0.01829672
0.01636577
0.01636839
0.01807833
0.01637340
0.02910161
0.01815248
0.01643109
0.01635718
0.01633501
0.01818371
0.03051925
0.01859164
0.01639676
0.01636767
0.01650715
0.01808453
0.02902436
0.01643896
0.01634145
0.01761603
0.01638913
0.01814342
0.02943540
0.01653457
0.01640606
0.01647687
0.01635623
0.01634312
0.02966690
0.01637149
0.01725316
0.01546955
0.01729703
0.01645255
0.03138757
0.01661682
0.01633477
0.01640964
0.01638627
0.01636958
0.02901769
0.01639557
0.01635933
0.01743293
0.01631737
0.01551247
0.03042507
0.01741076
0.01727605
0.01735473
0.01724935
0.01726556
0.03004503
0.01727700
0.01733494
0.01724434
0.01634049
0.01727581
0.03114414
0.01651239
0.01726437
0.01639032
0.01718020
0.01638460
0.02901602
0.01732159
0.01644707
0.01644993
0.01647615
0.01589322
0.02936602
0.01712322
0.01649356
0.01560998
0.01643777
0.01817799
0.02921247
0.01729465
0.01649332
0.01649761
0.01739931
0.01739836
0.02931476
0.01747084
0.01939917
0.01681519
0.01656532
0.01661730
0.02925706
0.01750803
