0.26382279
0.02920127
0.03108573
0.02955508
0.02966046
0.02963853
0.02956939
0.02957082
0.02973890
0.02964544
0.01694036
0.01700020
0.01709962
0.01701331
0.01701379
0.02983832
0.01713061
0.01705790
0.01704645
0.01839972
0.01704836
0.02960205
0.01690722
0.01697016
0.01688600
0.01691413
0.01854038
0.02987170
0.01987362
0.01702547
0.01933217
0.01925302
0.02072787
0.03180051
0.02073550
0.01920223
0.01928782
0.02068353
0.01924276
0.03201818
0.02103329
0.01926827
0.01920629
0.02092457
0.01921105
0.03194833
0.02073145
0.01919293
0.01921988
0.02099776
0.01918435
0.03457427
0.02667689
0.03796959
0.02144313
0.01937079
0.02081966
0.03212595
0.02096272
0.01928282
0.01947784
0.01922750
0.01918459
0.03191686
0.01927614
0.02085972
0.01924682
0.01930428
0.01831675
0.03355765
0.02100372
0.01840997
0.01829147
0.01835060
0.01833630
0.03095579
0.01830482
0.01826692
0.01828384
0.01742482
0.01918602
0.03022194
0.02070308
0.01748514
0.01740909
0.01920962
0.01739693
0.02997947
0.01913691
0.01737213
0.01920295
0.01924515
0.01923680
0.03195715
0.02074933
0.01743627
0.01744914
0.01833797
0.01739383
0.03015351
0.01923800
0.01923466
0.01921248
0.01922464
0.01943183
0.03112841
0.01857686
0.01922822
0.01922393
0.01926279
0.01923704
0.03186893
0.01936126
0.01916981
0.01827002
0.02083230
0.02081227
0.03111219
0.01922584
0.01987243
0.01833773
0.01925492
0.02069902
0.03184319
0.01919246
0.01983809
0.01945305
0.01887059
0.01907158
0.03183866
0.01892304
0.01923561
0.01752162
0.01743817
0.02075839
0.03216243
0.02103782
0.01940703
0.02087045
0.01930881
0.01950550
0.03346515
0.01924920
0.01921225
0.01922655
0.01922798
0.01925683
0.03352880
0.01927161
0.01832271
0.01890993
0.01743197
0.01918483
0.03169107
0.01741719
0.01741862
0.01944494
0.01743078
0.01740980
0.03505850
0.01745200
0.01744318
0.01949906
0.01839828
0.01924443
0.03197122
0.01955914
0.01928067
0.02089834
0.01935148
0.02072501
0.03197479
0.01920748
0.01931953
0.01916981
0.01922297
0.01837635
0.03108954
0.01839590
0.01836658
0.01857424
0.01948166
0.01860547
0.03108549
0.01844668
0.01834559
0.01984882
0.01830935
0.01838207
0.03269029
0.01832438
0.01834488
0.01835465
0.01842904
0.01845670
0.03104639
0.01834345
0.01828718
0.01846766
0.01825309
0.01846957
0.03107977
0.01860476
0.02005744
0.01754260
0.01747465
0.01835632
0.03020620
0.01926184
0.01890969
0.01741529
0.01926947
0.01743269
0.03040695
0.01946616
0.01890683
0.01756740
0.01922321
0.01738358
0.03358698
0.01749206
0.01748371
0.02071667
0.01924753
0.01925254
0.03371477
0.01955104
0.02076769
0.01917934
0.01938939
0.01921296
0.03345156
0.01919866
0.02257752
0.01928353
0.01757741
0.02099729
0.03023982
0.01936150
0.01756644
0.02075481
0.01937294
0.01741576
0.03167796
0.01832390
0.01742792
0.01918125
0.01835179
0.01927948
0.03341246
0.01928997
0.01930141
0.02248645
0.01922369
0.01917934
0.03345060
0.01925325
0.01831412
0.02079868
0.01922822
0.01922870
0.03228712
0.01998639
0.02074575
0.01927948
0.01931286
0.01933932
0.03205109
0.01916695
0.01754642
0.02086973
0.01921749
0.01923227
0.03265047
0.01842713
0.01836586
0.01992154
0.01852179
0.01834273
0.03258467
0.01834989
0.01852775
0.01837254
0.01849127
0.01998401
0.03287220
0.01830673
0.01827359
0.01980782
0.01740885
0.01914763
0.03254199
0.01849890
0.01742196
0.02081466
0.01761818
0.01742291
0.03484631
0.01767874
0.02075958
0.01741624
0.01746368
0.01829219
0.03171873
0.01738524
0.01744938
0.01900458
0.01943970
0.01928639
0.03155112
0.01749229
0.01914763
0.01917219
0.01743340
0.01786900
0.03180242
0.01925921
0.01923037
0.02093840
0.01931310
0.01928449
0.03380489
0.01923132
0.01919651
0.02097154
0.01743674
0.01935315
0.03350520
0.01927805
0.02285290
0.01943922
0.01832294
0.01824570
0.03249002
0.01826692
0.01980162
0.01827645
0.01837921
0.01832628
0.03187418
0.01940417
0.02226782
0.01747870
0.01742196
0.02077889
0.03213286
0.01927137
0.02077746
0.01919961
0.01920462
0.01920915
0.03395271
0.01935625
0.02098608
0.01922488
0.01837230
0.02083635
0.03090358
0.01832867
0.02012634
0.01831579
0.01837897
0.02003479
0.03186440
0.01825070
0.01831722
0.01844263
0.01832557
0.01834774
0.03108740
0.01867986
0.01834941
0.01834083
0.01858521
0.01991653
0.03111887
0.01849151
0.01839828
0.01835036
0.01835895
0.01979566
0.03112721
0.01833487
0.01744294
0.01738691
0.01936936
0.01890373
0.03383160
0.01746726
0.01743388
0.01921797
0.01750088
0.01886940
0.03221869
0.01751184
0.01933908
0.01944423
0.01761508
0.01927590
0.03188801
0.01927233
0.01921511
0.01943326
0.01941681
0.01919007
0.03184128
0.01917505
0.01942348
0.01939201
0.01936436
0.01917362
0.03175640
0.01924324
0.01742721
0.01742673
0.01923013
0.01918888
0.03023958
0.01968241
0.02094245
0.01933932
0.01735806
0.01738429
0.03364968
0.01756620
0.02006269
0.01830626
0.01920700
0.01918411
0.03179812
0.01942396
0.02246070
0.01927495
0.01919389
0.02113008
0.03188968
0.01927161
0.02094030
0.01923013
0.01948714
0.02099395
0.03524804
0.02104211
0.01919270
0.01926327
0.02086973
0.01836681
0.03094649
0.02135897
0.01834273
0.01840353
0.02005696
0.01832557
0.03108501
0.02035189
0.01838374
0.02015352
0.01838446
0.01851249
0.03280282
0.01842952
0.02192569
0.01863027
0.01831770
0.01836944
0.03268456
0.01840115
0.01836562
0.01829863
0.01846004
0.01737022
0.03180575
0.01945305
0.01741719
0.01752257
0.01921916
0.01923227
0.03180599
0.01755047
0.01902437
0.01921630
0.01743984
0.01747131
0.03367305
0.01970029
0.02084374
0.01930809
0.01923251
0.02096987
0.03099704
0.01936388
0.02096248
0.01934886
0.01929665
0.02107215
0.03032041
0.01838803
0.02078629
0.01829052
0.01745009
0.02091408
0.03008080
0.01936841
0.01990247
0.01931548
0.01925492
0.02075720
0.03198862
0.01742935
0.02016711
0.01739883
0.01744890
0.02082324
0.03014040
0.01748347
0.02095890
0.01740909
0.01758194
0.02086067
0.03193760
0.02093077
0.01928496
0.01924872
0.02076793
0.01939511
0.03189588
0.02081728
0.01970983
0.01927805
0.01927400
0.01943183
0.03372240
0.01926517
0.01920915
0.02094245
0.01928830
0.01914883
0.03337431
0.01852965
0.01944804
0.02090931
0.01920891
0.01919150
0.03255939
0.01832676
0.01932335
0.02005649
0.01924062
0.01830506
0.03512669
0.01926398
0.01917386
0.02075481
0.01828885
0.02067661
0.03192925
0.01926708
0.01979208
0.01832867
0.01833105
0.01851082
0.03528166
0.01837349
0.01988935
0.01887512
0.01922131
0.02008390
0.03010154
0.01924562
0.01836061
0.01831174
0.01958156
0.02078509
0.03198433
0.01933646
0.01923132
0.01950216
0.01924586
0.01924562
0.03357172
0.01744580
0.02168417
0.01742959
0.01747894
0.01920342
0.03167248
0.01736093
0.01920581
0.01890612
0.01745582
0.01761317
0.03216505
0.01746655
0.02269840
0.01754165
0.01748967
0.01914072
0.03409529
0.01742005
0.02078652
0.01916194
0.01921487
0.01920247
0.03100920
0.01828027
0.01916480
0.02071071
0.01940894
0.01924276
0.03010201
0.01923800
0.01916432
0.01913619
0.01924491
0.01925516
0.03217030
0.01925588
0.01842165
0.01920104
0.01927614
0.01986861
0.03092384
0.01845145
0.02039886
0.01829767
0.01830482
0.02045727
0.03098154
0.01839566
0.02026510
0.01830578
0.01828504
0.01826262
0.03296995
0.01841831
0.02027965
0.01827836
0.01830983
0.02171254
0.03119373
0.01824975
0.02023721
0.01825023
0.01828527
0.02024126
0.03105974
0.01836801
0.02032590
0.01831889
0.01742315
0.01918316
0.03157949
0.01920581
0.01931715
0.01758671
0.01743436
0.01930642
0.02997446
0.01735377
0.01943755
0.01741982
0.01761651
0.01934195
0.03200865
0.01748443
0.02129340
0.01926637
0.01923823
0.01921654
0.03381658
0.01939845
0.02124906
0.01920438
0.01936436
0.02076936
0.03198528
0.01921463
0.02140260
0.01760483
0.01929283
0.01765680
0.03383517
0.01935029
0.01747537
0.01928544
0.01736426
0.01739860
0.03174233
0.01913643
0.01915741
0.01734328
0.01920962
0.01919317
0.03495717
0.01920867
0.01925611
0.02068067
0.01923609
0.01926708
0.03276157
0.01924825
0.01836038
0.01830268
0.01851106
0.01746964
0.03204417
0.01835942
0.01836681
0.01832819
0.01925969
0.01845026
0.03098583
0.01824498
0.01834941
0.01835322
0.01858282
0.01846743
0.03255892
0.01831937
0.01843357
0.01828694
0.01828051
0.01832366
0.03264832
0.01745391
0.01924133
0.02035046
0.02071762
0.01826477
0.03378868
0.01836634
0.02113962
0.01915431
0.01925135
0.01917720
0.03366089
0.01834488
0.01921272
0.02251816
0.01744771
0.01926661
0.03190947
0.01845503
0.01925159
0.01743340
0.01740170
0.01833367
0.03304005
0.02160883
0.02142048
0.01951361
0.01932430
0.01750636
0.03214788
0.01743364
0.02114558
0.01741791
0.01743722
0.01933455
0.03397250
0.01742816
0.02113152
0.01742744
0.01742029
0.01914477
0.03022623
0.01737070
0.02096963
0.01737928
0.01739502
0.01943207
0.03342652
0.01743436
0.01922750
0.01924896
0.01940703
0.01922512
0.03335834
0.01742172
0.01914668
0.02071667
0.01966000
0.01926112
0.03184128
0.01837373
0.01921654
0.01831007
0.01828408
0.01837087
0.03105688
0.01832628
0.01848698
0.01839542
0.01829529
0.01841116
0.03104305
0.01833725
0.01860380
0.01985216
0.01830268
0.01928139
0.03239632
0.01824880
0.01832962
0.02138543
0.01929212
0.01924729
0.03118372
0.01832938
0.01919198
0.01914859
0.01920104
0.01917481
0.03198147
0.01921082
0.01919007
0.02222228
0.01935649
0.01917696
0.03368306
0.01913762
0.02005529
0.01856303
0.01828337
0.01828885
0.03290009
0.01826787
0.02024126
0.01842999
0.01914215
0.02006459
0.03083229
0.01829052
0.02052975
0.01738834
0.01932192
0.01989889
0.03197074
0.01946020
0.02101707
0.01925349
0.01737738
0.01744962
0.03194094
0.01780415
0.01923919
0.01928711
0.01921701
0.02070332
0.03349638
0.01918125
0.02103353
0.01915646
0.01759410
0.02095556
0.03180218
0.02094936
0.01917338
0.01916814
0.01934719
0.02112961
0.03195715
0.02103424
0.01919961
0.01921797
0.02107358
0.01920581
0.03106308
0.01951075
0.01924419
0.01924729
0.02114296
0.01921105
0.03201032
0.01935506
0.01921892
0.01920295
0.01779437
0.01745057
0.03199911
0.01753306
0.01745629
0.01932168
0.01749682
0.01748395
0.03205109
0.01740885
0.02089262
0.01742482
0.01766038
0.01919889
0.03425193
