0.25795245
0.02740192
0.02802515
0.02802467
0.02805996
0.02787590
0.02794385
0.02788687
0.02805638
0.02798033
0.01518798
0.01514626
0.01512551
0.01506686
0.01519728
0.02800775
0.01515961
0.01506352
0.01513124
0.01510358
0.01511717
0.02975416
0.01511574
0.01515532
0.01509953
0.01509881
0.01507139
0.02975631
0.01501608
0.01500344
0.01734924
0.01886272
0.01747155
0.03008151
0.01883745
0.01728606
0.01725483
0.01874161
0.01726151
0.03001428
0.01876140
0.01713848
0.01728249
0.01888514
0.01642156
0.03008866
0.01901054
0.01725888
0.01632786
0.01789641
0.01732326
0.02923059
0.01887703
0.01723909
0.01729226
0.01901960
0.01726508
0.03008676
0.01804376
0.01636505
0.01725602
0.01724172
0.01882291
0.03011346
0.01708436
0.01730561
0.01549649
0.01730490
0.01708174
0.02829790
0.01641464
0.01698613
0.01571107
0.01717949
0.01717782
0.03018618
0.01554251
0.01702142
0.01733994
0.01558042
0.01556778
0.03172064
0.01555300
0.01550102
0.01729560
0.01719451
0.01730633
0.03172278
0.01732063
0.01722646
0.01886749
0.01733088
0.01735187
0.03160357
0.01742840
0.01728606
0.01741195
0.01883364
0.01728344
0.03000736
0.01560640
0.01734781
0.01735950
0.01904511
0.01731849
0.03006840
0.01889110
0.01731896
0.01732206
0.01707220
0.01556182
0.03026009
0.01900768
0.01751351
0.01747060
0.01891470
0.01659465
0.02835917
0.01892900
0.01749420
0.01748037
0.01912260
0.01743412
0.03044009
0.01663661
0.01642966
0.01654291
0.01800442
0.01648903
0.02931166
0.01746416
0.01737905
0.01744533
0.01741552
0.01923800
0.03030825
0.02004743
0.01570201
0.01566267
0.01744127
0.01914215
0.03025317
0.01656461
0.01891375
0.01740527
0.01737547
0.01923585
0.03044105
0.01749706
0.01762891
0.01748538
0.01743054
0.01895428
0.03033018
0.01898289
0.01738691
0.01746416
0.01743054
0.01897240
0.02861404
0.01582909
0.01741505
0.01574945
0.01741695
0.01744390
0.03018165
0.01735187
0.01555109
0.01737094
0.01736140
0.01734209
0.03025341
0.01552486
0.01547360
0.01727724
0.01547980
0.01737857
0.03165960
0.01730204
0.01634765
0.01820207
0.01726842
0.01723123
0.03262997
0.01734066
0.01728249
0.01925373
0.01730323
0.01726699
0.03034544
0.01730299
0.01722479
0.01932311
0.01729727
0.01744151
0.03233600
0.01722360
0.01715541
0.01911020
0.01714420
0.01722169
0.03190637
0.01723456
0.01714087
0.01914406
0.01726294
0.01716685
0.03202152
0.01728201
0.01721334
0.01922059
0.01725292
0.01630998
0.03106165
0.01653337
0.01628327
0.01821399
0.01634765
0.01644826
0.03128457
0.01536703
0.01626706
0.01718998
0.01917672
0.01627707
0.03089333
0.01635551
0.01628041
0.01634884
0.01824570
0.01654291
0.03009510
0.01696301
0.01723719
0.01727843
0.01836443
0.01726723
0.03014803
0.01732397
0.01732302
0.01734614
0.01742554
0.01734304
0.03005123
0.01736069
0.01728415
0.01646543
0.01638794
0.01734900
0.03017044
0.01734757
0.01736522
0.01733303
0.01570559
0.01560569
0.03027773
0.01554561
0.01801729
0.01650405
0.01550436
0.01645899
0.03005552
0.01556802
0.01743388
0.01649094
0.01759458
0.01744175
0.03028798
0.01742721
0.01738024
0.01748586
0.01745439
0.01568818
0.03041291
0.01751804
0.01753068
0.01768875
0.01756501
0.01755714
0.03043938
0.01758456
0.01664639
0.01750708
0.01661801
0.01829934
0.02951956
0.01757956
0.01837349
0.01683450
0.01654220
0.01658010
0.03130221
0.01664042
0.01849008
0.01654911
0.01660204
0.01654100
0.03114057
0.01761293
0.01679635
0.01841640
0.01671600
0.01664972
0.03046346
0.01664186
0.01658082
0.01853251
0.01665616
0.01700330
0.03150439
0.01775146
0.01679420
0.01677990
0.01858854
0.01681828
0.03071499
0.01875758
0.01687217
0.01686954
0.01876163
0.01616836
0.03065515
0.01871085
0.01685739
0.01687407
0.01961970
0.01686502
0.03055263
0.01974583
0.01779413
0.01781178
0.01958179
0.01605773
0.03054905
0.01965594
0.01773596
0.01591802
0.01777434
0.01782990
0.02887464
0.01959324
0.01790285
0.01780486
0.01710582
0.01775932
0.03063846
0.01682019
0.01771474
0.01689577
0.01677203
0.01911426
0.02996111
0.01675320
0.01830888
0.01763558
0.01665902
0.01672935
0.03037047
0.01658869
0.01749682
0.01655984
0.01752901
0.01663399
0.03040886
0.01671004
0.01662540
0.01756024
0.01657844
0.01660633
0.02944541
0.01661658
0.01756406
0.01814079
0.01654649
0.01661015
0.03088975
0.01664519
0.01646733
0.01897526
0.01649451
0.01653075
0.02929974
0.01647496
0.01733661
0.01645327
0.01636529
0.01646686
0.02922678
0.01651883
0.01641011
0.01649880
0.01793003
0.01649833
0.03196526
0.01644802
0.01637483
0.01646352
0.01817107
0.01652193
0.02924943
0.01833010
0.01632047
0.01553345
0.01817584
0.01738191
0.02915788
0.01918030
0.01633453
0.01634216
0.01637554
0.01818800
0.02923417
0.01917076
0.01553035
0.01731873
0.01550269
0.01829267
0.02836847
0.01740742
0.01817107
0.01550198
0.01637387
0.01959801
0.02923441
0.01548076
0.01840615
0.01651263
0.01643729
0.01642537
0.03190970
0.01643801
0.01819277
0.01639867
0.01633787
0.01635194
0.03111029
0.01637340
0.01642847
0.01823044
0.01642656
0.01639986
0.03109956
0.01641655
0.01632190
0.01817012
0.01649117
0.01541233
0.02919865
0.01638174
0.01633835
0.01816654
0.01632833
0.01638174
0.02917528
0.01644516
0.01639819
0.01640320
0.01643682
0.01641941
0.02930856
0.01643276
0.01646852
0.01645756
0.01641965
0.01642537
0.02926779
0.01649809
0.01640177
0.01646590
0.01796055
0.01649690
0.02937174
0.01792574
0.01648021
0.01642799
0.01641846
0.01798844
0.02916527
0.01648045
0.01548290
0.01643395
0.01740122
0.01647115
0.02940083
0.01648808
0.01742172
0.01650858
0.01744437
0.01563883
0.02930045
0.01645613
0.01736951
0.01733685
0.01752043
0.01832056
0.02968097
0.01697946
0.01696205
0.01702332
0.01699090
0.01695967
0.03085637
0.01766610
0.01597428
0.01959372
0.01770449
0.01607919
0.03261638
0.01762366
0.01655960
0.01944804
0.01763749
0.01764226
0.03243470
0.01758575
0.01730275
0.01962566
0.01657629
0.01752758
0.03222585
0.01649308
0.01734567
0.01919913
0.01640534
0.01644754
0.03109407
0.01737881
0.01644111
0.01822519
0.01548100
0.01735973
0.03199005
0.01735449
0.01744294
0.01744628
0.01732230
0.01748157
0.03206992
0.01761436
0.01554561
0.01913929
0.01744938
0.01745248
0.03209352
0.01741624
0.01920104
0.01739359
0.01550484
0.01920891
0.03020310
0.01734853
0.01743150
0.01746702
0.01731420
0.01735830
0.03019619
0.01551747
0.01908159
0.01734638
0.01747465
0.01755238
0.03006816
0.01743007
0.01884389
0.01558280
0.01732111
0.01734185
0.03217244
0.01735997
0.01940966
0.01733232
0.01548862
0.01726818
0.03174829
0.01735044
0.01892138
0.01737761
0.01548696
0.01731205
0.03013086
0.01732135
0.01728487
0.01736307
0.01749182
0.01731873
0.03181148
0.01729417
0.01701856
0.01732278
0.01727962
0.01730204
0.03166008
0.01730323
0.01726604
0.01883507
0.01738501
0.01732898
0.03192377
0.01740694
0.01732206
0.01885033
0.01726222
0.01730514
0.03214073
0.01734638
0.01937532
0.01751399
0.01547551
0.01738906
0.03211498
0.01553607
0.01722121
0.01891518
0.01732850
0.01733994
0.03170609
0.01731634
0.01729274
0.01887679
0.01738596
0.01729584
0.03012323
0.01765156
0.01568460
0.01903439
0.01733112
0.01554966
0.03183842
0.01668072
0.01744103
0.01653075
0.01750612
0.01733518
0.03175545
0.01742530
0.01555991
0.01742816
0.01652789
0.01742649
0.03140187
0.01649785
0.01739478
0.01942110
0.01662159
0.01656747
0.03186417
0.01666355
0.01660776
0.01664257
0.01747894
0.01657987
0.02936792
0.01573348
0.01670909
0.01673651
0.01837945
0.01674867
0.03029990
0.01814103
0.01657963
0.01664233
0.01957393
0.01670814
0.02949452
0.01908851
0.01674056
0.01763630
0.01873779
0.01576018
0.02954388
0.01942611
0.01696682
0.01673722
0.01863098
0.01679921
0.02982235
0.01860738
0.01685500
0.01676941
0.01749706
0.01680064
0.02876639
0.01838851
0.01674700
0.01674843
0.01666546
0.01935840
0.02978158
0.01847792
0.01671576
0.01677728
0.01671600
0.01836824
0.02951407
0.01672530
0.01839018
0.01669025
0.01580524
0.01867962
0.02877450
0.01679540
0.01946902
0.01681733
0.01662350
0.01671982
0.03226042
0.01666093
