0.24865031
0.02613568
0.02644038
0.02646112
0.02649403
0.02643752
0.02642751
0.02636886
0.02659631
0.02646041
0.01390481
0.01372480
0.01403666
0.01375484
0.01387858
0.02665830
0.01397443
0.01408243
0.01388550
0.01383972
0.01403093
0.02662659
0.01386380
0.01397133
0.01390171
0.01378918
0.01382565
0.02648926
0.01383400
0.01372266
0.01603580
0.01603270
0.01606512
0.02862597
0.01548409
0.01617098
0.01623130
0.01528192
0.01515746
0.02763391
0.01602578
0.01517105
0.01509380
0.01597548
0.01533246
0.02772450
0.01607704
0.01504397
0.01518369
0.01613522
0.01606607
0.02772164
0.01619101
0.01517320
0.01612782
0.01536012
0.01605487
0.02770257
0.01518846
0.01521802
0.01604652
0.01597333
0.01505542
0.02803373
0.01606560
0.01503301
0.01415277
0.01515770
0.01415610
0.02772284
0.01515603
0.01514101
0.01513577
0.01512289
0.01517701
0.02868319
0.01524258
0.01505280
0.01429296
0.01610589
0.01511312
0.02778864
0.01616859
0.01603222
0.01510644
0.01595950
0.01423740
0.02763104
0.01420927
0.01517487
0.01509023
0.01513195
0.01514316
0.02676082
0.01510239
0.01408219
0.01503158
0.01502061
0.01504517
0.02775550
0.01505542
0.01586103
0.01593447
0.01498699
0.01589108
0.02868629
0.01599288
0.01585579
0.01593232
0.01497364
0.01610756
0.02851558
0.01599121
0.01598525
0.01500916
0.01418114
0.01594663
0.02852416
0.01608372
0.01522136
0.01605988
0.01503015
0.01501274
0.02765155
0.01507473
0.01503563
0.01505470
0.01509309
0.01509833
0.02768850
0.01510644
0.01506567
0.01509166
0.01521301
0.01505113
0.02774715
0.01512265
0.01600122
0.01510906
0.01503873
0.01503110
0.02787018
0.01424646
0.01592374
0.01507974
0.01513147
0.01517344
0.02778697
0.01516628
0.01514649
0.01512194
0.01407480
0.01512337
0.02769947
0.01600552
0.01509237
0.01518369
0.01531816
0.01510978
0.02769113
0.01511908
0.01621723
0.01515818
0.01513577
0.01509404
0.02778530
0.01511335
0.01505065
0.01421785
0.01502037
0.01597595
0.02863693
0.01517677
0.01507831
0.01423478
0.01422668
0.01527047
0.02677631
0.01593375
0.01598048
0.01415110
0.01501536
0.01406097
0.02669263
0.01602650
0.01595950
0.01594090
0.01594687
0.01603603
0.02860212
0.01513863
0.01556683
0.01577854
0.01508474
0.01509428
0.02855849
0.01601553
0.01589179
0.01420951
0.01589751
0.01590657
0.02761841
0.01505089
0.01511097
0.01591039
0.01594949
0.01506877
0.02858377
0.01589632
0.01596236
0.01502442
0.01591873
0.01595998
0.02774525
0.01504922
0.01506138
0.01592827
0.01602793
0.01512194
0.02851748
0.01519895
0.01506948
0.01509404
0.01506782
0.01595092
0.02753544
0.01596260
0.01510429
0.01597762
0.01499963
0.01596856
0.02774501
0.01604223
0.01591706
0.01412129
0.01594448
0.01502895
0.02850294
0.01598167
0.01592350
0.01600409
0.01586509
0.01503348
0.02853894
0.01604176
0.01596022
0.01504850
0.01506972
0.01511335
0.02857924
0.01607347
0.01593518
0.01595521
0.01595449
0.01512790
0.02768517
0.01513648
0.01530266
0.01605606
0.01429725
0.01424789
0.02712536
0.01615858
0.01607823
0.01599360
0.01586986
0.01594925
0.02774692
0.01506710
0.01510501
0.01500511
0.01500249
0.01418781
0.02863240
0.01611805
0.01604486
0.01522827
0.01541257
0.01466084
0.02880096
0.01607132
0.01413321
0.01521349
0.01597667
0.01602578
0.02865481
0.01530743
0.01528668
0.01505327
0.01593518
0.01505733
0.02853751
0.01510620
0.01510143
0.01513338
0.01598310
0.01510572
0.02857804
0.01603127
0.01592064
0.01521993
0.01513696
0.01421499
0.02872419
0.01418900
0.01419640
0.01598358
0.01410294
0.01601052
0.02881408
0.01426816
0.01595545
0.01418400
0.01598001
0.01593161
0.02865672
0.01607943
0.01419973
0.01611924
0.01412749
0.01612663
0.02678299
0.01415610
0.01603127
0.01596642
0.01411819
0.01510835
0.02779484
0.01517487
0.01503253
0.01513481
0.01506758
0.01597857
0.02851439
0.01445937
0.01514816
0.01508212
0.01501226
0.01509929
0.02764225
0.01505089
0.01503587
0.01517081
0.01525450
0.01599956
0.02787209
0.01508617
0.01546240
0.01617360
0.01601100
0.01605344
0.02775908
0.01513433
0.01510239
0.01603007
0.01505566
0.01512671
0.02779984
0.01517677
0.01512289
0.01518178
0.01614404
0.01515269
0.02873492
0.01512957
0.01512146
0.01512861
0.01413846
0.01508594
0.02773428
0.01514363
0.01601410
0.01516151
0.01420045
0.01524544
0.02775860
0.01529694
0.01597476
0.01425481
0.01601219
0.01515889
0.02859569
0.01430941
0.01598024
0.01600146
0.01431012
0.01619220
0.02695537
0.01601481
0.01414323
0.01610136
0.01525617
0.01509452
0.02786517
0.01429605
0.01503825
0.01510596
0.01508212
0.01511836
0.02684426
0.01421928
0.01507831
0.01515079
0.01506114
0.01510286
0.02804089
0.01515388
0.01513267
0.01512146
0.01504254
0.01518846
0.02775860
0.01511979
0.01516747
0.01513696
0.01419210
0.01519823
0.02692962
0.01604795
0.01613569
0.01604629
0.01595235
0.01507926
0.02770662
0.01511669
0.01507711
0.01499963
0.01598597
0.01514792
0.02855325
0.01513243
0.01599026
0.01597142
0.01601338
0.01596761
0.02848935
0.01601696
0.01502490
0.01601577
0.01509809
0.01598215
0.02671766
0.01519680
0.01503301
0.01503968
0.01500583
0.01504302
0.02792788
0.01513529
0.01500988
0.01511741
0.01413703
0.01600552
0.02675605
0.01431131
0.01416278
0.01421094
0.01588798
0.01598525
0.02857399
0.01600003
0.01609755
0.01501322
0.01604986
0.01512337
0.02767825
0.01611185
0.01593113
0.01423669
0.01601529
0.01418686
0.02778172
0.01520777
0.01511264
0.01513672
0.01518631
0.01511741
0.02772784
0.01516390
0.01416945
0.01618481
0.01511049
0.01513267
0.02779222
0.01424646
0.01604867
0.01602149
0.01514030
0.01509595
0.02776837
0.01605844
0.01508594
0.01598477
0.01507139
0.01605082
0.02877307
0.01616144
0.01509643
0.01605201
0.01614642
