0.25806713
0.02630901
0.02666783
0.02659726
0.02668357
0.02653885
0.02665973
0.02648687
0.02658796
0.02659583
0.01395774
0.01393962
0.01404762
0.01392102
0.01398301
0.02657843
0.01395297
0.01389766
0.01397634
0.01395798
0.01393485
0.02654219
0.01399112
0.01389432
0.01388955
0.01383948
0.01390290
0.02656317
0.01393390
0.01392102
0.01631403
0.01621127
0.01625204
0.02890086
0.01533985
0.01557040
0.01630354
0.01525760
0.01541901
0.02798533
0.01629448
0.01536846
0.01545858
0.01624846
0.01540852
0.02789211
0.01626563
0.01753211
0.01548958
0.01530027
0.01542115
0.02878809
0.01540732
0.01531243
0.01540279
0.01524901
0.01622009
0.02788448
0.01535964
0.01617384
0.01545715
0.01534629
0.01534915
0.02883148
0.01632094
0.01621580
0.01443601
0.01717091
0.01632929
0.02870226
0.01538515
0.01530600
0.01530600
0.01719809
0.01531672
0.02691174
0.01626539
0.01446486
0.01443720
0.01613331
0.01447749
0.02701974
0.01629615
0.01440239
0.01531672
0.01523995
0.01629114
0.02878523
0.01533055
0.01537585
0.01445580
0.01434803
0.01624036
0.02701950
0.01686907
0.01620507
0.01630354
0.01621604
0.01626706
0.02896142
0.01638031
0.01764774
0.01625538
0.01615143
0.01532221
0.02792907
0.01530266
0.01528072
0.01542640
0.01625323
0.01623535
0.02875853
0.01631045
0.01435113
0.01627111
0.01616907
0.01632428
0.02888250
0.01637363
0.01528597
0.01537299
0.01531124
0.01538777
0.02892327
0.01545572
0.01621056
0.01626825
0.01532531
0.01541471
0.02805114
0.01542783
0.01526427
0.01540852
0.01622248
0.01539350
0.02793694
0.01541829
0.01534319
0.01536942
0.01527548
0.01535583
0.02790356
0.01632547
0.01534653
0.01538062
0.01535416
0.01539612
0.02897358
0.01621985
0.01612115
0.01621699
0.01438379
0.01628876
0.02886534
0.01447272
0.01628375
0.01626110
0.01614594
0.01615739
0.02878618
0.01532650
0.01534319
0.01536846
0.01534867
0.01537085
0.02787614
0.01630688
0.01622963
0.01448298
0.01620889
0.01631141
0.02900410
0.01629233
0.01791167
0.01630974
0.01516795
0.01445675
0.03053212
0.01445484
0.01437092
0.01801658
0.01443219
0.01629305
0.02880549
0.01632524
0.01528454
0.01802993
0.01689172
0.01666498
0.04647350
0.01750827
0.02258539
0.02115560
0.01653457
0.01550889
0.03063226
0.01546574
0.01452684
0.01552272
0.01728821
0.01551199
0.02905440
0.01560330
0.01547956
0.01651621
0.01720953
0.01494098
0.02820134
0.01651025
0.01546216
0.01553845
0.01726604
0.01649499
0.02835608
0.01637459
0.01551127
0.01467991
0.01455021
0.01565695
0.02909184
0.01652098
0.01653838
0.01564193
0.01636267
0.01563048
0.02917528
0.01562238
0.01575923
0.01564980
0.01663232
0.01729465
0.02821493
0.01565886
0.01808190
0.01563334
0.01555157
0.01563621
0.02912617
0.01568103
0.01643372
0.01581693
0.01475739
0.01480389
0.03246617
0.01583219
0.01565361
0.01586199
0.01565623
0.01574969
0.02990270
0.01684046
0.01571870
0.01780868
0.01567483
0.01567602
0.02980566
0.01664233
0.01562667
0.01735187
0.01484656
0.01659918
0.03079772
0.01707053
0.01569939
0.01738930
0.01569057
0.01576376
0.02987242
0.01577973
0.01564240
0.01733279
0.01660800
0.01664948
0.03110743
0.01581168
0.01593781
0.01589561
0.01571894
0.01601315
0.03075099
0.01489472
0.01662135
0.01675248
0.01573682
0.01485300
0.03115082
0.01666617
0.01657176
0.01673198
0.01959538
0.01581526
0.02989388
0.01578522
0.01665235
0.01594067
0.01822186
0.01575565
0.02865314
0.01585698
0.01564646
0.01658940
0.01723480
0.01574969
0.02828097
0.01738477
0.01660395
0.01579642
0.01725674
0.01597285
0.02841187
0.01753879
0.01566100
0.01657867
0.01734328
0.01580548
0.02837348
0.01748753
0.01658797
0.01582813
0.01725864
0.01670694
0.02850628
0.01761651
0.01568818
0.01663828
0.01570272
0.01593423
0.02935910
0.01744223
0.01572585
0.01666522
0.01572442
0.01668239
0.02742314
0.01662898
0.01890826
0.01581645
0.01710963
0.01832795
0.02849269
0.01743603
0.01661444
0.01594424
0.01572514
0.01775312
0.02935696
0.01732612
0.01570702
0.01571131
0.01654649
0.01770210
0.02844405
0.01671553
0.01633239
0.01662445
0.01652312
0.01725483
0.02820826
0.01680374
0.01804471
0.01662993
0.01560211
0.01576734
0.02824569
0.01582575
0.01478696
0.01582170
0.01586771
0.01586628
0.02925825
0.01582766
0.01571465
0.01670241
0.01582313
0.01628947
0.03003621
0.01647067
0.01630926
0.01648164
0.01630259
0.01638007
0.03224254
0.01650453
0.01838517
0.01730704
0.01604176
0.01585984
0.03040123
0.01673913
0.01773953
0.01610756
0.01578903
0.01580429
0.03035760
0.01611185
0.01581907
0.01595044
0.01571202
0.01579094
0.03029919
0.01598811
0.01571870
0.01581836
0.01576567
0.01788068
0.03129554
0.01509762
0.01562715
0.01780963
0.01660085
0.01577330
0.03033853
0.01593113
0.01689625
0.01768732
0.01564956
0.01592827
0.03108239
0.01577926
0.01571512
0.01858854
0.01476240
0.01507187
0.03041434
0.01670480
0.01567006
0.01779723
0.01579523
0.01584005
0.02915359
0.01729608
0.01663208
0.01773834
0.01598668
0.01489830
0.02845478
0.01575422
0.01563644
0.01568723
0.01563811
0.01577473
0.02823091
0.01662779
0.01560760
0.01572132
0.01555610
0.01595354
0.02833128
0.01665664
0.01567173
0.01570201
0.01562858
0.01746345
0.02923322
0.01729798
0.01572251
0.01600671
0.01577473
0.01742887
0.02840018
0.01669979
0.01571727
0.01592493
0.01487756
0.01576924
0.02831674
0.01576614
0.01582170
0.01603937
0.01573300
0.01669860
0.02968788
0.01576066
0.01569796
0.01489687
0.01571822
0.01723957
0.02837420
0.01594639
0.01571631
0.01601768
0.01576400
0.01742554
0.02932668
0.01581764
0.01755428
0.01591492
0.01576209
0.01584530
0.03023291
0.01588321
0.01575756
0.01681280
0.01573992
0.01569939
0.03049684
0.01491618
0.01569867
0.01762295
0.01567984
0.01579094
0.03020883
0.01665187
0.01570988
0.01801252
0.01569724
0.01576090
0.02925801
0.01574850
0.01579857
0.01753807
0.01577640
0.01568651
0.03014469
0.01659751
0.01555061
0.01740313
0.01719213
0.01566672
0.02997899
0.01566601
0.01571703
0.01754665
0.01565623
0.01657271
0.03004551
0.01588011
0.01589727
0.01755166
0.01567316
0.01571631
0.03019047
0.01678896
0.01584768
0.01763225
0.01568818
0.01658392
0.02829051
0.01574826
0.01470804
0.01565123
0.01745749
0.01663303
0.02878356
0.01530647
0.01608348
0.01626348
0.01612115
0.01622748
0.05400610
0.01637006
0.01616335
0.01770425
0.01685786
0.01604748
0.02849531
0.01578760
0.01570892
0.01579428
0.01483035
0.01712465
0.02757192
0.01723433
0.01586962
0.01575804
0.01592040
0.01485062
0.02837920
0.01577806
0.01571989
0.01585817
0.01481915
0.01722360
0.02830029
0.01722860
0.01564717
0.01567483
0.01558995
0.01722407
0.02840972
0.01481557
0.01560259
0.01579666
0.01580977
0.01477242
0.02824306
0.01557016
0.01553512
0.01562619
0.01568818
0.01660538
0.02894497
0.01664996
0.01835275
0.01592994
0.01668453
0.02008319
0.02967024
0.01561546
0.01828837
0.01659393
0.01651120
0.01880264
0.02897024
0.01703691
0.01832223
0.01634765
0.01622057
0.01880479
0.03029394
0.01597953
0.01771855
0.01594639
0.01489711
0.01514578
0.02852201
0.01615310
0.01870036
0.01592541
0.01580811
0.01839614
0.02831006
0.01566982
0.01739025
0.01569748
0.01551652
0.01558900
0.03087783
0.01569414
0.01733494
0.01567245
0.01555037
0.01560473
0.03081012
0.01562715
0.01551008
0.01740026
0.01553726
0.01563740
0.03019762
0.01584888
0.01556277
0.01764631
0.01556778
0.01653147
0.02820921
0.01560330
0.01556730
0.01735878
0.01551580
0.01644111
0.02843165
0.01567745
0.01554751
0.01561093
0.01690936
0.01565981
0.02824759
0.01565480
0.01554990
0.01567173
0.01559925
0.01633310
0.02821255
0.01650953
0.01703668
0.01556206
0.01552820
0.01711273
0.02729416
0.01562786
0.01700068
0.01589060
0.01569843
0.01575160
0.02824688
0.01584220
0.01565957
0.01663065
0.01567197
0.01578236
0.02830195
0.01671791
0.01572061
0.01593757
0.01583552
0.01582074
0.02857304
0.01487136
0.01563191
0.01662993
0.01560616
0.01576877
0.02989221
0.01561928
0.01553106
0.01492143
0.01620221
0.01651049
0.02810526
0.01715541
0.01472139
0.01568818
0.01741719
0.01567459
0.02828097
0.01655555
0.01555085
0.01566172
0.01759744
0.01566839
0.02820230
0.01661682
0.01555824
0.01568389
0.01760483
0.01474214
0.02809978
0.01833820
0.01575351
0.01469898
0.01738477
0.01564550
0.02819014
0.01747537
0.01574993
0.01567388
0.01556420
0.01831079
0.02849579
0.01773214
0.01560974
0.01585674
0.01626897
0.01752043
0.02907848
0.01747084
0.01562405
0.01565337
0.01553798
0.01744366
0.02828240
0.01581144
0.01742935
0.01561642
0.01646042
0.01743293
0.02971506
0.01565075
0.01736188
0.01572561
0.01563430
0.01563454
0.02813387
0.01581430
0.01579857
0.01750112
0.01560974
0.01580477
0.02819943
0.01646972
0.01550460
0.01719046
0.01560092
0.01558971
0.03009057
0.01568604
0.01553988
0.01763964
0.01551485
0.01470351
0.02888775
0.01655960
0.01564384
0.01587820
0.01806545
0.01566267
0.03010345
0.01589274
0.01558590
0.01593709
0.01563406
0.01562929
0.02962995
0.01567221
0.02029467
0.01569629
0.01560354
0.01570678
0.02831626
0.01580048
0.01550722
