0.26557302
0.02884817
0.02959657
0.02932358
0.03092670
0.02933240
0.02923751
0.02923679
0.02921247
0.02921820
0.01674128
0.01659298
0.01665163
0.01661325
0.01656914
0.03091812
0.01807618
0.01677060
0.01679635
0.01660132
0.01663256
0.02948141
0.01675749
0.01664662
0.01685882
0.01667285
0.01672101
0.02935648
0.01657772
0.01656365
0.01896620
0.01885843
0.01927161
0.03167701
0.01896548
0.01892161
0.01827168
0.01914310
0.01895452
0.03162813
0.01800013
0.01893139
0.01800132
0.01910520
0.01891565
0.03163552
0.01961207
0.01917577
0.01891565
0.01885867
0.01810265
0.03068519
0.01812220
0.01912045
0.01892304
0.01888204
0.01886010
0.03156757
0.01911211
0.01820850
0.01798916
0.01887703
0.01802564
0.03118634
0.01823044
0.01892114
0.01798058
0.01889920
0.01802754
0.03186989
0.01818466
0.01799750
0.01708913
0.01803327
0.01715589
0.03096104
0.01893544
0.01820683
0.01894331
0.01895809
0.01806140
0.03096008
0.01809478
0.01817679
0.01904511
0.01815176
0.01942253
0.03082418
0.01808453
0.01949883
0.01811981
0.01812673
0.01833653
0.03089046
0.01803374
0.01895571
0.01818681
0.01806617
0.02218151
0.03294945
0.01808739
0.01876402
0.01893997
0.01807356
0.01898050
0.03108144
0.01799488
0.01911783
0.01821065
0.01951671
0.01824522
0.02988243
0.01809072
0.01955771
0.01896477
0.01806664
0.01829219
0.03180361
0.01712322
0.01711273
0.01800609
0.01710081
0.01804376
0.02997088
0.01807809
0.01896501
0.01958537
0.01816678
0.01912808
0.03065801
0.01809072
0.01806808
0.01894927
0.01903081
0.01806855
0.03153634
0.01806259
0.01904011
0.01809502
0.01824450
0.01919150
0.03162265
0.01726103
0.01902938
0.01821399
0.01816130
0.01900721
0.03095174
0.01813126
0.01815867
0.01893735
0.01828051
0.01806831
0.03077483
0.01898766
0.01947403
0.01847959
0.01810193
0.01902008
0.03073812
0.02020645
0.01804256
0.01826906
0.01890278
0.01810455
0.03099823
0.01810408
0.01909208
0.01808453
0.01811695
0.01903248
0.03164244
0.01826024
0.01718926
0.01918769
0.01806617
0.01900697
0.03170443
0.01809621
0.01822114
0.01901436
0.01806211
0.01826215
0.03173518
0.01894999
0.01919413
0.01810598
0.01803017
0.01757550
0.03084254
0.01915216
0.01726818
0.01897454
0.01901340
0.01909709
0.03064728
0.01918197
0.01814842
0.01820230
0.01896262
0.01818180
0.03304076
0.01921606
0.01816106
0.01737905
0.01901531
0.01835251
0.03078580
0.01837134
0.02021956
0.01813960
0.01726484
0.01725030
0.03171492
0.01740146
0.02016497
0.01718879
0.01814580
0.01900554
0.03175688
0.01739550
0.01904917
0.01810694
0.01717257
0.01806355
0.03093076
0.01908803
0.01812625
0.01907897
0.01821327
0.01733208
0.03096128
0.01816559
0.01899672
0.01733088
0.01901436
0.01901245
0.03008080
0.01904202
0.01717067
0.01904726
0.01900125
0.01719379
0.03096867
0.01808810
0.01828170
0.01725197
0.01826835
0.02053094
0.03096223
0.01811266
0.01900315
0.01818204
0.01836085
0.01817417
0.03193808
0.01720738
0.01900721
0.01853490
0.01900673
0.01828337
0.03186870
0.01741982
0.01903129
0.01902771
0.01906371
0.01917624
0.03173828
0.01723886
0.01738644
0.01901317
0.01826239
0.01723599
0.03178596
0.01907015
0.01899767
0.01808095
0.01895714
0.01831841
0.03193045
0.01820588
0.01898670
0.01904082
0.01911402
0.01904869
0.03195643
0.01813984
0.01808619
0.01898479
0.01854515
0.01811171
0.03163409
0.01814914
0.02043152
0.01729131
0.01919222
0.01897860
0.03072453
0.01821280
0.01809788
0.01905060
0.01817966
0.01895475
0.03074646
0.01905179
0.01717067
0.01906896
