0.26397300
0.02883053
0.02912879
0.02913594
0.02924085
0.02922034
0.02925563
0.02907228
0.02917719
0.02931046
0.01656628
0.01651525
0.01649094
0.01646900
0.01657176
0.02912116
0.01654506
0.01655149
0.01654220
0.01620793
0.01648974
0.02921391
0.01654744
0.01659608
0.01644278
0.01637912
0.01641536
0.02906132
0.01647234
0.01643157
0.01872516
0.01785374
0.01781631
0.03042698
0.01871514
0.01876760
0.01785445
0.01779795
0.01879239
0.03136349
0.01891899
0.01783681
0.01931953
0.01870370
0.01795292
0.03128505
0.01797366
0.01885200
0.01884747
0.01796031
0.01884961
0.03059387
0.01881170
0.01876283
0.01885176
0.01790571
0.01880002
0.03145885
0.01910543
0.01793933
0.01881766
0.01789427
0.01882029
0.03059578
0.01876283
0.01873851
0.01699615
0.01874495
0.01800632
0.03159165
0.01788974
0.01793504
0.01716542
0.01792431
0.01702285
0.03143978
0.01794362
0.01884294
0.01881480
0.01853633
0.01873875
0.03040481
0.01882720
0.01878238
0.01792574
0.01878476
0.01786423
0.03133059
0.01906276
0.01885724
0.01799774
0.01790118
0.01886082
0.03050232
0.01814556
0.01929855
0.01794887
0.01793051
0.01797438
0.03064895
0.01886129
0.01793671
0.01799488
0.01791644
0.01817751
0.03052855
0.01798081
0.01878858
0.01796007
0.01794887
0.01794434
0.03307772
0.01795006
0.01810169
0.01884508
0.01702523
0.01798773
0.02972269
0.01888251
0.01886153
0.01843095
0.01705599
0.01796532
0.03149366
0.01900029
0.01798105
0.01798177
0.01897359
0.01880383
0.03068876
0.01803446
0.01881289
0.01793432
0.01786232
0.01878238
0.03061533
0.01825690
0.01887441
0.01807499
0.01807380
0.01795769
0.02967095
0.01796985
0.01722527
0.01902771
0.01893377
0.01886296
0.03166413
0.01804209
0.01707649
0.01927876
0.01882887
0.01702881
0.02985239
0.01704073
0.01786947
0.01792121
0.01887298
0.01934052
0.03204656
0.01881862
0.01884174
0.01802230
0.01881719
0.01807475
0.03066802
0.01807785
0.01881981
0.01792169
0.01810551
0.01888537
0.03162050
0.01801729
0.01879621
0.01791573
0.01869607
0.01880360
0.03140402
0.01885343
0.01791883
0.01879835
0.01702857
0.01889443
0.03048062
0.01709247
0.01892519
0.01893044
0.01892042
0.01802468
0.03152013
0.01810646
0.01894498
0.01793599
0.01711011
0.01890111
0.03143907
0.01795387
0.01702547
0.01795745
0.01801538
0.01901507
0.03094578
0.01972079
0.01952624
0.01888847
0.01822209
0.01705766
0.03070545
0.01707745
0.01795006
0.01799989
0.01709962
0.01897573
0.03157759
0.01711607
0.01888013
0.01812983
0.01902914
0.01799297
0.02961683
0.01803088
0.01892209
0.01893044
0.01910019
0.01890254
0.03061986
0.01808000
0.01899195
0.01809692
0.01710033
0.01941419
0.03148389
0.01801419
0.02212524
0.01875210
0.01777959
0.01895285
0.03183341
0.01968884
0.01995015
0.01978612
0.01899028
0.01859736
0.03228903
0.01888752
0.01747441
0.01900268
0.01826811
0.02081108
0.03319097
0.01818991
0.01907229
0.01776385
0.01780438
0.02141786
0.03194857
0.01913047
0.01895642
0.01801682
0.01879954
0.01798463
0.03166699
0.01805544
0.01802301
0.01904249
0.01708221
0.01889992
0.03162336
0.01886201
0.01705503
0.01727033
0.01897883
0.01890802
0.03155637
0.01878142
0.01891756
0.01712084
0.01889110
0.01930046
0.02980423
0.01901007
0.01720452
0.01707935
0.01880336
0.01891303
0.03155279
0.01907897
0.01882362
0.01894832
0.01886725
0.01706076
0.03066683
0.01714587
0.01891685
0.01947308
0.01904559
0.01848745
0.03164315
0.01805854
0.01918602
0.01819468
0.01891136
0.01892662
0.03354406
0.01805472
0.01807642
0.02094936
