0.24361420
0.02468824
0.02524233
0.02519035
0.02514601
0.02509999
0.02530050
0.02516270
0.02521110
0.02508092
0.01248693
0.01236510
0.01235461
0.01240087
0.01402378
0.02509618
0.01242399
0.01238275
0.01241374
0.01408768
0.01243043
0.02509570
0.01410484
0.01237249
0.01239824
0.01236272
0.01237059
0.02712250
0.01247549
0.01238513
0.01475716
0.01634932
0.01471210
0.02727342
0.01629853
0.01467633
0.01469636
0.01468801
0.01670694
0.02747917
0.01479268
0.01469803
0.01672029
0.01469517
0.01470566
0.02932835
0.01476383
0.01462269
0.01465034
0.01564860
0.01469254
0.02734876
0.01476479
0.01682115
0.01488948
0.01472878
0.01670671
0.02745414
0.01475573
0.01469779
0.01555657
0.01525164
0.01474833
0.02898717
0.01479983
0.01471472
0.01472211
0.01638794
0.01474905
0.02736950
0.01472688
0.01549768
0.01472116
0.01472378
0.01470065
0.02902722
0.01295590
0.01474380
0.01636124
0.01467967
0.01468468
0.02634358
0.01641250
0.01470065
0.01468825
0.01464820
0.01645041
0.02651834
0.01470590
0.01636362
0.01467872
0.01377749
0.01293063
0.02906442
0.01500201
0.01482201
0.01380682
0.01471138
0.01291513
0.02913022
0.01507854
0.01410103
0.01556325
0.01470041
0.01314425
0.02898097
0.01478291
0.01627636
0.01474595
0.01483464
0.01378441
0.02728772
0.01539350
0.01379800
0.01465058
0.01463652
0.01377368
0.02752352
0.01379824
0.01469111
0.01474094
0.01543951
0.01381373
0.02729249
0.01472497
0.01464343
0.01470423
0.01466370
0.01295424
0.02600670
0.01473117
0.01471257
0.01491332
0.01380682
0.01385188
0.02888370
0.01476336
0.01286387
0.01377606
0.01282072
0.01285958
0.02652431
0.01283813
0.01458740
0.01466942
0.01287246
0.01295400
0.02759099
0.01473093
0.01483417
0.01292205
0.01376891
0.01467490
0.02555585
0.01474428
0.01379275
0.01381183
0.01374769
0.01490164
0.02892828
0.01383305
0.01303458
0.01485705
0.01280546
0.01384258
0.02696609
0.01469827
0.01629424
0.01472783
0.01466656
0.01420712
0.02808833
0.01471543
0.01465964
0.01474810
0.01495337
0.01294804
0.02738285
0.01712799
0.01378441
0.01383591
0.01478076
0.01463723
0.02738690
0.01380754
0.01283765
0.01654625
0.01374793
0.01376343
0.02769232
0.01476979
0.01375604
0.01463866
0.01653337
0.01386499
0.02561235
0.01289344
0.01657772
0.01378036
0.01284814
0.01284337
0.02915215
0.01382899
0.01382113
0.01490903
0.01644373
0.01471734
0.02739692
0.01692367
0.01399040
0.01382113
0.01469755
0.01379514
0.02925825
0.01315856
0.01465058
0.01675129
0.01379561
0.01313400
0.02813697
0.01475573
0.01548958
0.01377296
0.01374412
0.01561046
0.02737856
0.01383710
0.01568198
0.01383114
0.01395965
0.01286221
0.02828526
0.01313353
0.01380634
0.01292539
0.01285052
0.01471901
0.02731419
0.01482201
0.01553130
0.01467061
0.01481247
0.01470160
0.02589321
0.01471329
0.01292229
0.01289797
0.01583481
0.01294351
0.02761698
0.01294470
0.01467538
0.01467967
0.01464915
0.01622486
0.02746367
0.01476383
0.01462483
0.01544452
0.01375484
0.01469183
0.02943206
0.01388502
0.01470327
0.01472092
0.01382899
0.01301813
0.02649379
0.01377678
0.01631045
0.01293659
0.01492596
0.01472688
0.02641726
0.01287556
0.01488233
0.01401472
0.01381350
0.01377201
0.02739191
0.01467347
0.01394510
0.01465368
0.01467252
0.01474094
0.02557039
0.01473141
0.01282573
0.01626730
0.01507354
0.01383162
0.02732420
0.01386905
0.01470923
0.01468825
0.01383018
0.01296115
0.02644801
0.01383352
0.01470065
0.01480508
0.01484370
0.01470590
0.02755284
0.01296139
0.01291203
0.01469088
0.01528335
0.01469445
0.02756476
0.01673698
0.01294589
0.01469064
