0.25682330
0.02610159
0.02638268
0.02655554
0.02626038
0.02758098
0.02628469
0.02627921
0.02643991
0.02619386
0.01357341
0.01355505
0.01364422
0.01359844
0.01385021
0.02626586
0.01377249
0.01363373
0.01367688
0.01362062
0.01383781
0.02634120
0.01361322
0.01358628
0.01369333
0.01381660
0.01371121
0.02635622
0.01408625
0.01364231
0.01600075
0.01592183
0.01595592
0.02857661
0.01602268
0.01618505
0.01596570
0.01585388
0.01599312
0.02867007
0.01624203
0.01583385
0.01589131
0.01581907
0.01582074
0.02865052
0.01590371
0.01580667
0.01492167
0.01489854
0.01495886
0.04039383
0.01575661
0.01531291
0.01628256
0.01527500
0.01760745
0.02910018
0.01651454
0.01635146
0.01618886
0.01534820
0.01540780
0.02852774
0.01579857
0.01573420
0.01538348
0.01527739
0.01627517
0.02918959
0.01641560
0.01549673
0.01540446
0.01543617
0.01556611
0.03177810
0.01551914
0.01536298
0.01428628
0.01496696
0.01410675
0.02856374
0.01406693
0.01578355
