0.25373816
0.02628160
0.02679443
0.02678871
0.02699018
0.02674317
0.02676225
0.02702379
0.02685165
0.02682686
0.01418686
0.01421404
0.01426220
0.01421785
0.01421332
0.02692723
0.01426768
0.01418710
0.01422477
0.01421809
0.01423216
0.02686596
0.01419854
0.01434445
0.01429749
0.01414609
0.01415515
0.02673435
0.01442599
0.01429224
0.01667762
0.01653314
0.01653337
0.02895856
0.01645708
0.01660395
0.01649714
0.01646328
0.01647496
0.02915072
0.01652122
0.01654625
0.01576352
0.01586437
0.01653266
0.02932549
0.01661325
0.01663375
0.01659846
0.01678658
0.01670003
0.02922106
0.01673818
0.01656532
0.01655030
0.01667261
0.01655626
0.02915597
0.01655531
0.01667356
0.01654983
0.01647830
0.01475549
0.02919602
0.01481533
0.01665330
0.01663733
0.01662302
0.01655984
0.02909636
0.01654673
0.01646352
0.01658225
0.01482058
0.01476884
0.02897048
0.01481676
0.01471615
0.01654053
0.01484847
0.01669049
0.02737236
0.01475072
0.01661229
0.01477814
0.01473713
0.01647997
0.02731776
0.01480460
0.01653123
0.01650095
0.01566243
0.01560068
0.02911663
0.01662469
0.01651502
0.01645160
0.01475716
0.01654577
0.02741170
0.01664972
0.01660275
0.01473379
0.01653147
0.01654482
0.02926040
0.01658201
0.01653385
0.01660204
0.01569653
0.01572537
0.02909684
0.01652455
0.01655817
0.01651049
0.01662683
0.01479030
0.02722859
0.01656008
0.01657534
0.01653075
0.01652193
0.01648188
0.02901173
0.01649022
0.01666188
0.01656556
0.01656151
0.01650977
0.02910399
0.01656723
0.01669717
0.01657176
0.01656461
0.01654840
0.02902699
0.01657462
0.01653075
0.01651669
0.01661420
0.01655364
0.02818036
0.01649570
0.01652503
0.01667285
0.01650310
0.01654100
0.02903628
0.01650286
0.01650310
0.01655555
0.01653385
0.01657176
0.02907634
0.01649523
0.01657534
0.01662612
0.01669669
0.01655626
0.02906775
0.01656532
0.01647568
0.01682401
0.01657462
0.01652479
0.02912426
0.01657176
0.01652288
0.01651549
0.01653433
0.01662254
0.02931476
0.01663613
0.01658058
0.01656556
0.01560521
0.01649570
0.02905989
0.01652884
0.01647305
0.01644492
0.01649451
0.01649523
0.02925348
0.01650643
0.01653790
0.01643538
0.01659942
0.01655221
0.02900672
0.01660705
0.01659083
0.01473546
0.01644444
0.01471210
0.02907324
0.01489663
0.01476336
0.01662016
0.01648617
0.01651144
0.02913094
0.01655006
0.01654959
0.01651168
0.01663065
0.01654482
0.02904224
0.01666355
0.01487565
0.01495457
0.01655865
0.01665974
0.02894688
0.01485157
0.01662660
0.01574802
0.01565194
0.01658654
0.02741265
0.01658201
0.01656175
0.01658893
0.01680183
0.01655602
0.02902675
0.01676393
0.01656723
0.01650310
0.01569724
0.01671481
0.02731562
0.01656222
0.01491404
0.01659131
0.01650000
0.01656771
0.02929044
0.01648951
0.01661968
0.01658392
0.01657724
0.01654696
0.02913046
0.01661706
0.01656914
0.01658010
0.01663232
0.01571393
0.02835870
0.01576233
0.01655507
0.01569176
0.01566744
0.01576376
0.02828789
0.01577687
0.01477742
0.01568604
0.01654625
0.01656127
0.02917075
0.01661634
0.01671076
0.01570749
0.01658893
0.01562476
0.02823377
0.01567125
0.01568913
0.01654983
0.01656175
0.01657534
0.02822304
0.01647091
0.01662803
0.01576018
0.01565790
0.01658630
0.02907276
0.01654959
0.01565242
0.01570678
0.01570535
0.01562929
0.02813768
0.01657701
0.01565957
0.01562810
0.01568675
0.01580572
0.02899647
0.01562452
0.01564646
0.01561141
0.01467752
0.01475716
0.02726531
0.01656675
0.01477647
0.01467800
0.01650620
0.01479626
0.02920079
0.01661539
0.01470280
0.01468992
0.01649332
0.01659346
0.02904487
0.01465201
0.01662469
0.01654625
0.01650858
0.01690197
0.02922821
0.01654243
0.01655650
0.01665497
0.01664758
0.01648283
0.02903795
0.01659608
0.01655865
0.01646829
0.01673055
0.01647329
0.02903080
0.01571298
0.01657033
0.01650500
0.01653361
0.01574206
0.02803850
0.01567245
0.01570225
0.01554942
0.01674223
0.01565647
0.02818084
0.01562119
0.01563191
0.01558900
0.01565981
0.01558590
0.02835703
0.01570916
0.01559734
0.01560211
0.01559639
0.01567173
0.02806830
0.01566911
0.01657605
0.01652455
0.01556969
0.01559544
0.02904677
0.01666117
0.01654959
0.01650381
0.01673436
0.01648593
0.02907014
0.01652217
0.01646280
0.01645327
0.01568842
0.01652598
0.02905750
0.01651573
0.01681423
0.01496315
0.01577306
0.01647735
0.02904296
0.01478481
0.01646709
0.01656318
0.01663947
0.01560831
0.02899265
0.01661158
0.01475835
0.01650977
0.01657653
0.01656723
0.02720428
0.01488209
0.01659894
0.01474285
0.01645660
0.01648450
0.02916765
0.01659179
0.01650238
0.01655698
0.01651645
0.01660752
0.02916646
0.01713228
0.01718855
0.01694322
0.01693940
0.01687813
0.02961063
0.01687431
0.01690483
0.01690078
0.01684642
0.01591039
0.02879047
0.01599669
0.01602745
0.01701498
0.01708961
0.01683283
0.02864051
0.01595592
0.01682663
0.01591587
0.01607871
0.01631021
0.02887297
0.01646519
0.01609898
0.01503658
0.01668906
0.01661777
0.02835989
0.01662135
0.01568866
0.01577091
0.01574063
0.01480460
0.02747798
0.01672602
0.01481342
0.01659608
0.01666832
0.01479340
0.02890396
0.01655960
0.01584005
0.01659489
0.01658988
0.01657534
0.02915692
0.01571441
0.01677608
0.01577663
0.01580048
0.01592016
0.02932692
0.01661968
0.01654434
0.01677465
0.01664424
0.01651549
0.02817798
0.01672530
0.01667094
0.01673937
0.01577759
0.01576090
0.02817011
0.01578760
0.01580048
0.01577568
0.01569366
0.01564121
0.02813697
0.01476359
0.01655579
0.01480865
0.01489067
0.01662731
0.02754164
0.01674318
0.01657438
0.01655006
0.01659107
0.01676965
0.02905822
0.01663089
0.01661539
0.01653838
0.01656175
0.01662779
0.02923512
0.01655722
0.01656151
0.01647973
0.01652098
0.01647735
0.02900529
0.01657462
0.01652813
0.01647091
0.01648927
0.01649189
0.02821231
0.01474786
0.01651716
0.01643300
0.01563120
0.01556015
0.02905464
0.01562786
0.01557493
0.01561284
0.01648068
0.01555181
0.02918911
0.01569271
0.01572037
0.01560664
0.01568794
0.01641464
0.02822614
0.01559687
0.01563787
0.01554132
0.01556897
0.01566076
0.02894783
0.01562262
0.01565838
0.01574302
0.01557803
0.01556754
0.02811766
0.01571465
0.01561165
0.01559615
0.01568317
0.01574516
0.02813911
0.01562119
0.01567864
0.01569963
0.01656032
0.01485705
0.02895236
0.01648211
0.01662278
0.01558709
0.01559925
0.01557112
0.02808261
0.01559711
0.01566482
0.01476169
0.01576161
0.01566577
0.02830195
0.01565003
0.01562881
0.01482487
0.01565003
0.01660299
0.02808452
0.01564312
0.01559949
0.01557088
0.01657796
0.01558089
0.02808547
0.01558495
0.01567650
0.01553392
0.01566005
0.01473022
0.02904320
0.01655602
0.01659012
0.01650691
0.01567483
0.01559615
0.02894688
0.01654339
0.01673293
0.01666307
0.01569915
0.01567173
0.02812266
0.01657605
0.01649714
0.01567316
0.01576591
0.01474023
0.02899194
0.01658535
0.01650000
0.01654124
0.01573396
0.01581550
0.02718639
0.01662755
0.01652861
0.01558542
0.01557374
0.01566362
0.02904201
0.01575208
0.01652932
0.01658964
0.01569390
0.01653481
0.02911782
0.01660037
0.01655006
0.01645446
0.01677895
0.01572204
0.02816081
0.01564097
0.01486540
0.01653242
0.01651359
0.01561379
0.02822232
0.01675177
0.01653862
0.01662278
0.01567602
0.01474500
0.02831435
0.01651621
0.01562142
0.01470447
0.01645589
0.01653361
0.02900720
0.01566339
0.01568007
0.01488972
0.01651621
0.01655507
0.02724528
0.01652646
0.01658702
0.01650405
0.01580667
0.01567841
0.02812147
0.01576519
0.01561618
0.01573110
0.01581430
0.01571083
0.02809525
0.01493263
0.01659226
0.01657820
0.01654792
0.01654434
0.02897716
0.01657534
0.01662040
0.01562667
0.01570845
0.01571012
0.02730298
0.01473308
0.01656222
0.01647568
0.01650643
0.01655316
0.02728081
0.01675415
0.01666689
0.01561379
0.01565242
0.01566887
0.02899718
0.01577783
0.01577187
0.01565933
0.01649404
0.01471949
0.02909064
0.01566887
0.01582718
0.01573157
0.01575232
0.01684499
0.02840805
0.01587081
0.01581287
0.01475334
0.01484823
0.01665044
0.02833223
0.01657343
0.01656437
0.01485753
0.01654863
0.01649904
0.02909589
0.01670408
0.01651549
0.01654387
0.01659155
0.01653934
0.02901483
0.01667762
0.01658726
0.01664472
0.01654124
0.01668358
0.02918339
0.01574588
0.01584435
0.01568151
0.01567173
0.01569486
0.02821207
0.01571608
0.01559854
0.01565433
0.01573610
0.01650524
0.02907634
0.01575541
0.01574302
0.01587367
0.01574254
0.01569009
0.02813339
0.01565313
0.01574302
0.01557207
0.01653314
0.01472616
0.02899551
0.01663542
0.01661015
0.01656795
0.01654506
0.01662445
0.02907252
0.01655507
0.01662707
0.01647854
0.01655555
0.01651311
0.02908897
0.01654053
0.01656914
0.01650047
0.01651025
0.01649928
0.02920985
0.01675630
0.01477647
0.01557183
0.01560521
0.01555133
0.02830505
0.01568723
0.01569080
0.01561737
0.01568294
0.01555228
0.02818918
0.01573420
0.01568031
0.01653051
0.01562214
0.01571560
0.02833223
0.01569676
0.01656723
0.01565289
0.01654363
0.01553702
0.02904415
0.01652813
0.01565003
0.01661015
0.01562214
0.01559830
0.02899766
0.01584768
0.01565599
0.01473713
0.01645350
0.01570845
0.02813578
0.01561093
0.01579595
0.01568174
0.01570106
0.01565909
0.02817249
0.01564789
0.01562810
0.01562953
0.01562810
0.01564884
0.02820420
0.01562047
0.01563740
0.01555157
0.01472688
0.01475739
0.02734447
0.01646233
0.01651907
0.01470900
0.01561499
0.01472664
0.02738714
0.01466918
0.01645827
0.01648712
0.01656270
0.01644349
0.02895975
0.01667523
0.01645732
0.01646876
0.01648784
0.01553726
0.02896118
0.01652956
0.01653337
0.01654553
0.01652336
0.01649022
0.02732301
0.01565814
0.01559281
0.01573038
0.01654291
0.01643014
0.02808762
0.01668763
0.01647806
0.01560020
0.01567411
0.01561666
0.02810884
0.01471281
0.01566815
0.01648569
0.01663685
0.01647520
0.02894235
0.01561689
0.01648426
0.01662874
0.01652026
0.01480675
0.02900648
0.01566052
0.01470089
0.01653314
0.01651430
0.01652193
0.02912784
0.01649165
0.01650500
0.01652265
0.01646996
0.01646948
0.02903891
0.01657176
0.01644683
0.01658106
0.01648927
0.01571441
0.02834702
0.01659775
0.01650381
0.01646948
0.01567578
0.01558447
0.02811313
0.01571012
0.01562858
0.01561213
0.01569033
0.01667452
0.02815199
0.01570129
0.01577616
0.01571155
0.01569128
0.01477003
0.02912450
0.01481295
0.01655936
0.01651216
0.01473927
0.01654649
0.02914572
0.01663637
0.01657510
0.01672268
0.01665211
0.01664233
0.02733231
0.01566792
0.01666284
0.01653409
0.01671505
0.01661158
0.02825809
0.01561689
0.01579165
0.01567435
0.01575971
0.01666212
0.02816558
0.01581407
0.01582384
0.01578283
0.01571512
0.01584053
0.02826810
0.01492381
0.01668024
0.01583910
0.01578927
0.01579452
0.02894640
0.01606250
0.01532006
0.01694131
0.01697636
0.01708722
0.02934432
0.01681399
0.01673102
0.01681924
0.01583529
0.01666021
0.02733064
0.01720762
0.01511788
0.01666975
0.01596260
0.01608086
0.02908278
0.01577330
0.01587033
0.01574087
0.01592302
0.01571679
0.02838230
0.01580834
0.01663923
0.01590180
0.01666641
0.01587534
0.02836704
0.01589108
0.01668167
0.01580524
0.01588559
0.01591516
0.02822995
0.01590276
0.01665735
0.01586151
0.01578403
0.01572680
0.02823949
0.01585507
0.01489758
0.01663470
0.01485419
0.01654387
0.02938080
0.01657939
0.01483560
0.01647687
0.01666117
0.01655364
0.02906537
0.01655769
0.01664066
0.01647568
0.01652503
0.01660132
0.02917933
0.01672888
0.01666951
0.01562786
0.01564407
0.01474762
0.02933407
0.01563168
0.01562262
0.01563311
0.01561880
0.01558471
0.02811146
0.01483178
0.01570344
0.01587558
0.01565337
0.01474142
0.02898574
0.01480293
0.01655841
0.01655412
0.01663852
0.01651978
0.02726340
0.01656866
0.01656461
0.01651978
0.01486731
0.01658344
0.02914524
0.01649880
0.01647949
0.01655030
0.01654291
0.01657176
0.02908134
0.01568151
0.01568723
0.01564503
0.01568747
0.01649046
0.02913070
0.01566696
0.01563311
0.01562643
0.01563787
0.01559353
0.02798295
0.01569200
0.01650476
0.01551676
0.01562452
0.01565504
0.02807760
0.01573467
0.01562953
0.01649189
0.01563597
0.01557684
0.02837968
0.01574135
0.01566386
0.01561046
0.01570177
0.01564741
0.02733636
0.01657796
0.01473451
0.01662230
0.01647902
0.01656771
0.02902865
0.01660705
0.01657796
0.01649356
0.01667404
0.01655126
0.02904606
0.01658130
0.01658225
0.01656222
0.01663971
0.01645589
0.02912569
0.01656890
0.01659513
0.01561618
0.01571059
0.01565480
0.02815604
0.01567459
0.01484942
0.01659608
0.01665211
0.01583862
0.02733898
0.01653099
0.01677132
0.01485157
0.01654148
0.01652813
0.02910042
0.01656294
0.01658702
0.01486540
0.01663971
0.01482844
0.02928400
0.01668310
0.01661777
0.01655769
0.01653528
0.01681852
0.02819967
0.01576591
0.01669812
0.01654458
0.01656842
0.01657343
0.02824473
0.01593208
0.01572990
0.01661181
0.01568055
0.01567078
0.02816439
0.01566052
0.01595378
0.01673627
0.01572967
0.01564503
0.02823496
0.01572275
0.01567602
0.01581550
0.01576328
0.01579118
0.02725506
0.01572299
0.01479435
0.01660347
0.01574564
0.01581573
0.02820706
0.01488090
0.01665282
0.01572275
0.01577878
0.01586032
0.02912045
0.01665759
0.01574898
0.01483727
0.01662755
0.01573110
0.02915192
0.01581097
0.01661468
0.01583290
0.01580215
0.01659679
0.02835822
0.01578665
0.01575184
0.01580453
0.01693416
0.01580262
0.02831888
0.01585412
0.01572180
0.01674628
0.01591182
0.01586366
0.02827835
0.01591945
0.01584625
0.01572871
0.01566458
0.01660442
0.02819681
0.01575732
0.01587915
0.01486254
0.01667356
0.01573825
0.02829695
0.01497555
0.01653767
0.01669478
0.01569510
0.01658416
0.02820063
0.01571345
0.01579809
0.01565671
0.01571655
0.01572704
0.02734017
0.01585054
0.01658654
0.01665807
0.01674056
0.01721430
0.03002930
0.01595807
0.01601624
0.01685309
0.01607275
0.01666546
0.02960277
0.01599360
0.01601315
0.01691771
0.01592469
0.01591301
0.02941680
0.01598191
0.01584601
0.01592088
0.01584768
0.01678038
0.02830458
0.01611710
0.01601386
0.01598454
0.01639581
0.01598525
0.02859735
0.01586318
0.01591039
0.01586056
0.01585388
0.01672149
0.02804351
0.01561356
0.01560974
0.01565504
0.01650262
0.01559043
0.02825665
0.01650262
0.01647282
0.01643991
0.01655388
0.01649499
0.02813029
0.01573944
0.01565003
0.01559043
0.01563358
0.01562095
0.02805829
0.01589727
0.01569676
0.01555490
0.01567364
0.01559305
0.02811289
0.01559782
0.01553869
0.01557708
0.01562357
0.01555347
0.02819633
0.01564980
0.01572776
0.01554203
0.01561475
0.01563644
0.02815175
0.01572275
0.01556420
0.01556253
0.01555729
0.01559043
0.02890110
0.01567531
0.01560545
0.01556587
0.01706290
0.01568747
0.02800298
0.01557803
0.01646900
0.01556945
0.01557040
0.01560020
0.02829862
0.01571679
0.01555371
0.01558518
0.01644254
0.01556730
0.02813482
0.01560831
0.01556897
0.01557803
0.01475430
0.01555467
0.02807879
0.01574612
0.01560378
0.01554275
0.01571679
0.01663995
0.02814174
0.01569128
0.01574492
0.01561332
0.01559377
0.01647496
0.02814937
0.01569700
0.01573515
0.01571965
0.01570463
0.01556778
0.02891588
0.01578379
0.01564169
0.01569605
0.01563597
0.01569629
0.02808714
0.01575494
0.01579642
0.01646519
0.01562405
0.01564813
0.02814984
0.01567006
0.01567125
0.01599097
0.01671195
0.01567173
0.02813864
0.01575303
0.01477432
0.01566744
0.01567459
0.01590157
0.02849793
0.01569557
0.01577353
0.01576424
0.01653457
0.01564050
0.02827311
0.01567459
0.01568294
0.01573896
0.01575541
0.01571918
0.02827072
0.01585174
0.01570415
0.01483893
0.01585197
0.01582003
0.02822351
0.01593971
0.01583362
0.01570368
0.01664782
0.01661468
0.02819276
0.01575184
0.01669884
0.01582718
0.01574707
0.01656747
0.02829218
0.01571393
0.01485014
0.01498556
0.01661420
0.01574111
0.02823544
0.01678824
0.01574326
0.01568818
0.01580906
0.01576900
0.02907991
0.01493740
0.01576114
0.01661205
0.01586628
0.01573205
0.02825379
0.01578355
0.01563668
0.01573658
0.01566482
0.01574063
0.02829409
0.01576829
0.01579666
0.01574659
0.01484585
0.01562762
0.02837491
0.01571584
0.01572371
0.01565242
0.01567578
0.01564431
0.02817440
0.01572657
0.01572871
0.01556945
0.01569510
0.01569343
0.02814031
0.01580334
0.01651049
0.01562572
0.01575923
0.01571584
0.02811956
0.01559067
0.01566124
0.01562142
0.01563025
0.01559782
0.02812266
0.01560926
0.01567721
0.01570535
0.01557827
0.01559520
0.02815533
0.01573539
0.01559806
0.01570725
0.01559567
0.01563668
0.02812076
0.01569605
0.01654863
0.01566243
0.01566386
0.01576161
0.02807736
0.01652598
0.01566529
0.01559830
0.01555324
0.01555872
0.02909636
0.01561642
0.01560640
0.01573467
0.01569748
0.01562858
0.02907538
0.01564789
0.01562476
0.01523757
0.01585507
0.01592898
0.02841544
0.01578903
0.01569104
0.01568747
0.01572967
0.01590443
0.02829742
0.01477289
0.01565933
0.01564145
0.01570368
0.01569390
0.02729869
0.01566339
0.01566625
0.01471972
0.01657987
0.01573062
0.02831221
0.01477432
0.01563883
0.01562142
0.01581001
0.01583433
0.02907610
0.01564264
0.01566529
0.01566029
0.01573420
0.01596022
0.02817202
0.01664019
0.01571441
0.01566625
0.01565075
0.01555395
0.02819061
0.01660991
0.01575637
0.01555705
0.01573157
