0.25865412
0.02891350
0.02932096
0.02921367
0.02929306
0.02945518
0.03077197
0.02928519
0.03128648
0.02932382
0.01664114
0.01658964
0.01666784
0.01662326
0.01895833
0.02922106
0.01829743
0.01657724
0.01674628
0.01670456
0.01657152
0.02931404
0.01835561
0.01661301
0.01661110
0.01857424
0.01677179
0.03128648
0.01663327
0.01665711
0.02067018
0.01890659
0.01888394
0.03350830
0.01885533
0.02074671
0.01892185
0.01889324
0.02092147
0.03159308
0.02062607
0.01894999
0.01891327
0.02077532
0.01891351
0.03370309
0.01899290
0.01892090
0.01967621
0.01796675
0.01794219
0.03329754
0.01893258
0.02062917
0.01796269
0.01882911
0.01885319
0.03154683
0.01887035
0.01898432
0.01891184
0.01890087
0.01889682
0.03312349
0.01914358
0.01807928
0.02047014
0.01893735
0.01900411
0.03321886
0.01893640
0.02064276
0.01711893
0.01890731
0.01866651
0.03156281
0.01717496
0.01717067
0.01892710
0.01714730
0.01711369
0.03153682
0.01807094
0.01896024
0.01898050
0.01898885
0.01893258
0.03312564
0.01815653
0.01810193
0.01809192
0.01804042
0.01803422
0.03163195
0.01900554
0.01811790
0.01895928
0.01907682
0.01900911
0.03169847
0.01956391
0.01713467
0.01892424
0.02096152
0.01925373
0.03340745
0.01723003
0.01717567
0.02074885
0.01718330
0.01731920
0.03333902
0.01712012
0.01901031
0.01910281
0.01899886
0.02072167
0.03166509
0.02072692
0.01905704
0.01900864
0.02072048
0.01904750
0.03361797
0.01912999
0.01807141
0.01990247
0.01902032
0.01894855
0.03153872
0.01814628
0.01889586
0.01723409
0.01898813
0.01895666
0.03170347
0.02064824
0.01903629
0.01893640
0.01885843
0.01892114
0.02980113
0.01716733
0.01916313
0.02066946
0.01718950
0.01716113
0.03159142
0.01891136
0.01891518
0.02088594
0.01891160
0.01894331
0.03154063
0.01892424
0.01717854
0.01902699
0.01906443
0.01895761
0.03150725
0.01898527
0.01903343
0.01904678
0.01891446
0.01906395
0.03158736
0.01897955
0.01896095
0.01897764
0.01901364
0.02046537
0.03157210
0.01891088
0.01892805
0.01896381
0.01907206
0.01894021
0.03167009
0.01897216
0.01891756
0.01711512
0.01897359
0.01915646
0.03184915
0.02074242
0.02204156
0.02144122
0.04725170
0.06440210
0.04382944
0.01820064
0.01806927
0.01986575
0.01919293
0.01915455
0.03180242
0.01896214
0.02095032
0.02035594
0.01902294
0.01891971
0.03176236
0.02041054
0.01897812
0.01912045
0.01901579
0.01894498
0.03255606
0.01807666
0.01931930
0.02053237
0.01897550
0.01894617
0.03159618
0.01827073
0.01832032
0.01921630
0.01899624
0.01888442
0.03145432
0.01911330
0.01889658
0.01892495
0.01714396
0.01910448
0.03163624
0.01905155
0.01897287
0.02049494
0.01912689
0.01898265
0.03167105
0.01799083
0.01804543
0.01915860
0.01714563
0.01928306
0.03313637
0.01809788
0.01953459
0.01810360
0.01807690
0.01808548
0.03206325
0.01810741
0.01807189
0.01815772
0.01812267
0.01725030
0.03465772
0.01812434
0.01815581
0.01958418
0.01833725
0.01969814
0.03210974
0.01889253
0.01854324
0.01831937
0.01978016
0.01851225
0.03191352
0.01820254
0.01840258
0.01959872
0.01914263
0.01889372
0.03352022
0.01819324
0.02055597
0.01827765
0.01815248
0.01979733
0.03152537
0.01975584
0.02012515
0.01976609
0.01976657
0.01904011
0.03393126
0.01815176
0.01817894
0.02101350
0.01823115
0.01808810
0.03238082
0.01816273
0.01972294
0.01901650
0.01816082
0.01963735
0.03079653
0.01893306
0.01902485
0.01940513
0.02086020
0.01803756
0.03157425
0.01720643
0.01894975
0.02045655
0.01901126
0.01845407
0.03231812
0.01823902
0.01962399
0.01920962
0.01810670
0.02006078
0.03085065
0.01986980
0.01925850
0.01813173
0.01971769
0.02003837
0.03499579
0.01814699
0.01804996
0.01968098
0.01898885
0.01904082
0.03260493
0.01812887
0.01971459
0.01834941
0.01900959
0.01907611
0.03076053
0.01810813
0.01995587
0.01892424
0.01831579
0.01902580
0.03107047
0.02058864
0.01805043
0.01811528
0.01811624
0.01832509
0.03157187
0.01802826
0.01812363
0.01808071
0.01812172
0.01808167
0.03060913
0.01808524
0.01897383
0.01809025
0.01815128
0.01823425
0.03073454
0.01820588
0.01819706
0.01805544
0.02099109
0.01901770
0.03075719
0.01807570
0.01805711
0.01807451
0.01807284
0.01804686
0.03079367
0.02465320
0.01821423
0.01816320
0.01804805
0.01807427
0.03074551
0.01806831
0.01804399
0.01823211
0.01819348
0.01967621
0.03165078
0.01958060
0.01805329
0.01830959
0.01956630
0.01711869
0.03321052
0.01900911
0.01831198
0.01954627
0.01805997
0.01809573
0.03232884
0.01811147
0.01952386
0.01801515
0.01901865
0.01952004
0.03067946
0.01953173
0.01803374
0.01813984
0.01958656
0.01821709
0.03298950
0.01810622
0.01813269
0.01962686
0.01806974
0.01891637
0.03338313
0.01804209
0.01895404
0.01832008
0.01901937
0.01983166
0.03091812
0.01899910
0.01974893
0.01815677
0.01905799
0.01807022
0.03162408
0.02082705
0.01920295
0.01902914
0.01812863
0.01805067
0.03167367
0.01720285
0.01818228
0.01814723
0.01826286
0.01834536
0.03082657
0.01845527
0.01904321
0.01962185
0.01827621
0.01963425
0.03079772
0.01970840
0.01817179
0.01831698
0.01804543
0.01816821
0.03068948
0.01816726
0.01825666
0.01817989
0.01815486
0.01814270
0.03092337
0.01834607
0.01817155
0.01845241
0.01718879
0.01807141
0.03075027
0.01809502
0.01963568
0.01807261
0.01812720
0.01820946
0.03069687
0.01809859
0.01828074
0.01805234
0.01967192
0.01809430
0.03186822
0.01809382
0.01807714
0.01827717
0.01953650
0.01843691
0.03236389
0.01819205
0.01817417
0.01819277
0.01822186
0.01813006
0.03245544
0.01845384
0.02060270
0.01733446
0.01732445
0.01906657
0.02991700
0.02052212
0.01902676
0.01815057
0.01869512
0.01922822
0.05492806
0.01806307
0.01880407
0.01834774
0.01926565
0.01884413
0.02935910
0.01881647
0.01791716
0.01785183
0.01785660
0.01881051
0.03028440
0.01794839
0.01790738
0.01785684
0.01789904
0.01788974
0.03124595
0.01791167
0.01794052
0.01801968
0.01797462
0.01791263
0.03030705
0.01886702
0.01800418
0.01795387
0.01800299
0.01798844
0.03032827
0.01796103
0.01801777
0.01799035
0.01797247
0.01792908
0.03033948
0.01800203
0.01791954
0.01791096
0.01796341
0.01793027
0.03039551
0.01797700
0.01793885
0.01795912
0.01793242
0.01800108
0.03037286
0.01796174
0.01794887
0.01798272
0.01792097
0.01789737
0.03033400
0.01797557
0.01799631
0.01794600
0.01791787
0.01796246
0.03123021
0.01795840
0.01792264
0.01799345
0.01789999
0.01785612
0.02937055
0.01794600
0.01789808
0.01701832
0.01798844
0.01789951
0.03030872
0.01790524
0.01894045
0.01795459
0.01796889
0.01874471
0.03186202
0.01702189
0.01873732
0.01883960
0.01798272
0.01802635
0.03041553
0.01805019
0.02056575
0.01713514
0.01795435
0.02045465
0.03032589
0.01951814
0.01792741
0.01789474
0.01859188
0.01820350
0.03209949
0.01800036
0.01715159
0.02041888
0.01881599
0.01792669
0.03232479
0.01890039
0.01948285
0.01796126
0.01804543
0.01792979
0.03811407
0.02069759
0.01969862
0.01791024
0.01784539
0.01792169
0.03039742
0.01816344
0.01789784
0.01792932
0.01702905
0.01790357
0.03200841
0.01788640
0.01786041
0.01693392
0.01876044
0.01786804
0.03190827
0.01692963
0.01871562
0.01873446
0.01787782
0.01869011
0.03111291
0.01876426
0.01810479
0.01807284
0.01789641
0.01784348
0.02946663
0.01789880
0.01791430
0.01783466
0.01781130
0.01783967
0.03107548
0.01787639
0.01785636
0.01787210
0.01699924
0.01795816
0.03037667
0.01783276
0.01783514
0.01929808
0.01879382
0.01995683
0.02930641
0.01693821
0.02051806
0.01874375
0.02042174
0.01787448
0.03041983
0.01866293
0.01872993
0.01693678
0.01959014
0.01786804
0.03187633
0.01870990
0.01782751
0.01951742
0.01780057
0.01786804
0.03199840
0.01807022
0.02084517
0.01787400
0.01786232
0.01957035
0.03026128
0.01783371
0.01960683
0.01796913
0.01957202
0.01792693
0.03034806
0.01957250
0.01868439
0.01792765
0.01973343
0.01784205
0.03284407
0.01788807
0.01792383
0.01976156
0.01875377
0.01786232
0.03208971
0.01876521
0.01785755
0.02183914
0.01794338
0.01966381
0.03034878
0.01786494
0.01791024
0.01783442
0.01969481
0.01787734
0.03037500
0.01941848
0.01789927
0.01701021
0.01943278
0.01823831
0.03195167
0.01799774
0.01905680
0.01938891
0.01784444
0.01782680
0.03196430
0.01784253
0.01960039
0.01790524
0.01783919
0.01838017
0.03033376
0.01796031
0.01949096
0.01785302
0.01951408
0.01787281
0.03031135
0.01978421
0.01789331
0.01782560
0.01956964
0.01874232
0.03188515
0.01791763
0.01792145
0.01950169
0.01785731
0.01783919
0.03199387
0.01698637
0.01953316
0.01786113
0.01794529
0.01855135
0.03109002
0.01867938
0.02036142
0.01879501
0.02032781
0.01785922
0.03038263
0.01966667
0.01803946
0.01788568
0.01945806
0.01786494
0.03182650
0.01697922
0.01790714
0.01944780
0.01789951
0.01825571
0.03182459
0.02193093
0.02035952
0.01787925
0.01813412
0.01965690
0.03025484
0.01791048
0.01883721
0.01703763
0.02034068
0.01902556
0.03031707
0.01796222
0.01800036
0.01852512
0.01951456
0.01875424
0.03049970
0.01794100
0.01789498
0.01792693
0.02078819
0.01790786
0.03299260
0.01799202
0.01788044
0.01794267
0.01929164
0.01810312
0.03179431
0.01794386
0.01811600
0.01914668
0.01724386
0.01877475
0.03283787
0.01797414
0.01945448
0.01793027
0.01789498
0.01853848
0.03048110
0.01783562
0.01788497
0.01781273
0.01784539
0.01878023
0.03046179
0.01789761
0.01792955
0.01711106
0.01821518
0.01802969
0.03041458
0.01797938
0.01804566
0.01796985
0.01794004
0.01788378
0.03215361
0.01795316
0.02062821
0.01792049
0.01799703
0.02076912
0.03034401
0.01846218
0.01993251
0.01794291
0.01795292
0.01793838
0.03059030
0.02016735
0.01815033
0.01961851
0.01821375
0.01805186
0.03244615
0.01799059
0.01809812
0.01822424
0.01800656
0.02005625
0.03047037
0.01996136
0.01712584
0.01796222
0.02101374
0.01996732
0.03522110
0.02074504
0.01817608
0.01801944
0.01901197
0.01790643
0.03219652
0.01800513
0.01794624
0.02019238
0.01807332
0.01727843
0.03184533
0.01790857
0.02146649
0.01798272
0.01880050
0.01795125
0.03051233
0.01803112
0.01805305
0.01830983
0.01892853
0.01798582
0.03043246
0.01799750
0.01794887
0.01797485
0.01795435
0.01727271
0.03043866
0.01953959
0.01807618
0.01942158
0.01786113
0.01781297
0.03187490
0.01873398
0.01782560
0.01813865
0.01891232
0.01868892
0.03132391
0.01790357
0.01788640
0.01789141
0.01785994
0.01788211
0.03033447
0.01901126
0.01798034
0.01791620
0.01936126
0.01817274
0.03176093
0.01700950
0.01788235
0.01938343
0.01703644
0.01814342
0.03249812
0.01796722
0.01792645
0.01968288
0.01789618
0.01965928
0.03042722
0.01798201
0.01696157
0.01776791
0.01781774
0.01966262
0.03042960
0.01958728
0.01777387
0.01777101
0.01961207
0.01699233
0.03107119
0.01785445
0.01817083
0.01975179
0.01781940
0.01787066
0.03203845
0.01785684
0.01804185
0.01787472
0.01787066
0.02056623
0.03041053
0.01786160
0.01785707
0.01778531
0.01921964
0.01980853
0.03025532
0.01962924
0.01789188
0.01788568
0.02016711
0.01843882
0.03215456
0.01785469
0.01873064
0.01695800
0.01878476
0.01699758
0.03229952
0.01789951
0.01800871
0.01790357
0.01784635
0.01788235
0.03135109
0.01793170
0.01937795
0.01788759
0.01789522
0.01949048
0.03042293
0.01699686
0.01698256
0.01884985
0.01874661
0.01880550
0.03120542
0.01882291
0.01802063
0.01871085
0.01871443
0.01880026
0.03114915
0.01792359
0.01940751
0.01941156
0.01787663
0.01935196
0.03032398
0.01798749
0.02056336
0.01701570
0.01890635
0.01878858
0.03034258
0.01791358
0.01795912
0.01784968
0.01789999
0.01792026
0.03128052
0.01946855
0.01791477
0.02070546
0.01789451
0.01791573
0.03263807
0.01797581
0.01788712
0.01968503
0.01733017
0.01787019
0.03037310
0.01803613
0.01975346
0.01787233
0.01783442
0.01967454
0.03030992
0.01882172
0.01816320
0.01792383
0.01970673
0.01790285
0.03085947
0.01798081
0.01787996
0.01965547
0.01784372
0.01788163
0.03232765
0.01700735
0.01963091
0.01793313
0.01804805
0.02058339
0.03022099
0.01961875
0.01785135
0.01785970
0.01792073
0.01791978
0.03196859
0.01786447
0.01792479
0.01781821
0.01699138
0.01798010
0.03138018
0.01981950
0.01699662
0.01795888
0.01791000
0.01787710
0.03023958
0.01782608
0.01783228
0.01787543
0.01782966
0.01875734
0.02937961
0.01871610
0.01781821
0.01930690
0.01790237
0.01784396
0.03183079
0.01790452
0.01964951
0.01791167
0.01869798
0.01928163
0.03025746
0.01781964
0.01785564
0.01797271
0.01782250
0.01786566
0.03018785
0.01790380
0.01878595
0.01790524
0.01786232
0.01785970
0.03039837
0.01885915
0.01695919
0.01790690
0.01878691
0.01836872
0.03181148
0.01792097
0.01800108
0.01896310
0.01792121
0.01795554
0.03038406
0.01795983
0.01981044
0.01803160
0.01796627
0.01798964
0.03034186
0.02043080
0.01797152
0.01704979
0.01972866
0.01882815
0.03237939
0.01811123
0.01800060
0.02013993
0.01800346
0.01797223
0.03225780
0.01801467
0.01976728
0.01813269
0.01796174
0.01980782
0.03125596
0.01977015
0.01801538
0.01794434
0.01976991
0.01828265
0.03044844
0.01979828
0.01819158
0.01980090
0.01796126
0.01726627
0.03238034
0.01792192
0.01794791
0.01978326
0.01710343
0.01968408
0.02959371
0.01912737
0.01799250
0.01795173
0.01884055
0.02120376
0.03059816
0.01788855
0.01787233
0.01787496
0.01867390
0.01804256
0.03029585
0.02072001
0.01790571
0.01999474
0.01796842
0.01898432
0.03192091
0.01790071
0.01782942
0.02031207
0.01797247
0.01780176
0.03208447
0.01808572
0.01939464
0.01786327
0.01787710
0.01944852
0.03023863
0.01873231
0.01780677
0.01785541
0.01954436
0.01795888
0.02937078
0.01934195
0.01796818
0.01772213
0.02123308
0.01785302
0.03221178
0.01795292
0.01811171
0.02065086
0.01776671
0.01779771
0.03092623
0.01783180
0.01940989
0.01689959
0.01888371
0.02028418
0.03132749
0.02023125
0.01858664
0.01879764
0.02023792
0.01861787
0.03170323
0.01873994
0.01772165
0.02017665
0.01793385
0.01867986
0.03273249
0.01851559
0.02044511
0.01860404
0.01768541
0.01986551
0.03109479
0.01967764
0.01711607
0.01870084
0.02011609
0.01861119
0.02917051
0.02200317
0.01861739
0.02040434
0.01860166
0.01856756
0.03327608
0.01863027
0.01770139
0.01924300
0.01864529
0.02060866
0.03095937
0.01867151
0.02090621
0.01789784
0.01774383
0.01977539
0.02922916
0.02042150
0.01880980
0.01859832
0.01863480
0.01788211
0.03183556
0.01793933
0.01826715
0.01941681
0.01773024
0.01873398
0.03269839
0.01774216
0.01775694
0.01781726
0.01801014
0.01952863
0.03028274
0.01779532
0.01780343
0.01771927
0.01777959
0.02090812
0.03038406
0.01868033
0.01771617
0.01793575
0.01790953
0.01786041
0.03233981
0.01777720
0.01783180
0.01972008
0.01780891
0.01780033
0.03211665
0.01800513
0.02012920
0.01783967
0.01793838
0.01887178
0.03024316
0.01954079
0.01802969
0.01773047
0.01775479
0.01776624
0.03044915
0.01867080
0.01777005
0.01951027
0.01787853
0.01691794
0.03191495
0.01778626
0.01778793
0.01964188
0.01803899
0.01779866
0.03027725
0.01784134
0.01949859
0.01933718
0.01782441
0.01940155
0.03037095
0.01994658
0.01787758
0.01779914
0.01946735
0.01784229
0.03202486
0.01789355
0.01776457
0.01944637
0.01783276
0.01799226
0.03182292
0.01781273
0.01798487
0.01784563
0.01776123
0.01858306
0.03034782
0.01777601
0.01789737
0.01796222
0.01790500
0.01855421
0.03025198
0.01794934
0.01781631
0.01870036
0.01691389
0.01783371
0.03014445
0.01806307
0.01696944
0.01788831
0.01814723
0.01792574
0.03025723
0.01932478
0.01701665
0.01942635
0.01793027
0.01795173
0.03074837
0.01801562
0.01792431
0.01795220
0.01886082
0.01797199
0.03045106
0.01795459
0.01802063
0.01801109
0.01817584
0.01808834
0.03068471
0.01804066
0.01845431
0.01969004
0.01798296
0.01799583
0.03208303
0.01801968
0.01883292
0.01800489
0.01788664
0.01966667
0.03059006
0.01958036
0.01789165
0.01789188
0.01811862
0.01931643
0.03021741
0.01883698
0.01789927
0.01692486
0.01793456
0.01781821
0.03223395
0.01689601
0.01785469
0.01860905
0.01778316
0.01775670
0.03318119
0.01894689
0.01978874
0.01778817
0.01786399
0.01971340
0.03114247
0.01968479
0.01814651
0.01694155
0.02049446
0.01787782
0.03159332
0.01787066
0.01794934
0.01959562
0.01792097
0.01788545
0.03203726
0.01873422
0.01791525
0.01720405
0.01698709
0.01791906
0.03021955
0.01879692
0.02056265
0.02023530
0.01813340
0.01703310
0.02936459
0.01973820
0.01796746
0.02902937
0.02105808
0.01914167
0.03315401
0.01859975
0.01890802
0.01813126
0.01798701
0.01966453
0.03154612
0.01829815
0.01798701
0.01883292
0.01799560
0.01803470
0.03040957
0.01827073
0.01833820
0.02282214
0.01812148
0.01810813
0.03194642
0.01809072
0.01787567
0.01789069
0.01794314
0.01794267
0.03047299
0.01802325
0.01792693
0.01800513
0.01792741
0.01789045
0.03171492
0.01795530
0.01795936
0.01820755
0.01786947
0.01945972
0.03099751
0.01966429
0.01700711
0.01889277
0.02058339
0.01878834
0.03302193
0.01880789
0.01897788
0.01884532
0.01879215
0.01912355
0.03293586
0.01697445
0.01960611
0.01702881
0.01871109
0.02040672
0.03114390
0.02085614
0.01692772
0.01863098
0.02048969
0.01868367
0.02926564
0.01951957
0.01780295
0.01953864
0.01779771
0.01785302
0.03194976
0.01782846
0.01789260
0.01969695
0.02018619
0.02045250
0.03024435
0.01781225
0.01974607
0.01796269
0.01689458
0.01966286
0.03032565
0.01784849
0.01784134
0.01872897
0.01951838
0.01797724
0.03019261
0.01795697
0.01787376
0.01934338
0.01780987
0.01784062
0.03026175
0.01892233
0.01697898
0.01877117
0.01878309
0.01878142
0.03111124
0.01801825
0.01790428
0.01774645
0.01781034
0.01773691
0.03009439
0.01932693
0.01799464
0.01787782
0.01781583
0.01783729
0.03027177
0.01800704
0.01927996
0.01798582
0.01780558
0.01781988
0.03057575
0.01797795
0.01842284
0.01872897
0.01790094
0.01789665
0.03028297
0.01783729
0.01779413
0.01785159
0.01786280
0.01822114
0.03208256
0.01701450
0.02054524
0.01784492
0.01874423
0.01962543
0.03036976
0.01956224
0.01974297
0.01793790
0.01789522
0.01969576
0.03045630
0.01974893
0.01883078
0.01794124
0.02056527
0.01891136
0.03282452
0.01874566
0.01875997
0.02044749
0.01928186
0.01790237
0.03205276
0.01814389
0.01996112
0.01810265
0.01792502
0.01869750
0.03118968
0.01868939
0.01703358
0.01878667
0.02046990
0.01881385
0.03133798
0.01887703
0.01876664
0.02121735
0.01704860
0.01877403
0.03283668
0.01877546
0.01880169
0.01871634
0.01919580
0.02058458
0.03108907
0.01868939
0.01889062
0.01874900
0.01868820
0.02041578
0.03116131
0.01881218
0.01896834
0.01875830
0.02034235
0.01881933
0.03281331
0.02023315
0.01877236
0.01878786
0.01876378
0.01874280
0.03166795
0.01795602
0.01698637
0.01701045
0.01807857
0.01790404
0.03034735
0.01791310
0.01794362
0.01790857
0.01807308
0.01798511
0.03035831
0.01790953
0.01791024
0.01786637
0.01791811
0.01802397
0.03019905
0.01785207
0.01942372
0.01789069
0.01786971
0.01785088
0.03189611
0.01788878
0.01791906
0.01800036
0.01799512
0.01991343
0.03055120
0.01799774
0.01885319
0.01797009
0.01790690
0.01801014
0.03175497
0.01948404
0.01712370
0.01883364
0.01927304
0.01908684
0.03117704
0.01888800
0.01744032
0.01711082
0.01903200
0.02040410
0.03123713
0.02030277
0.01900887
0.01878071
0.01936769
0.01796174
0.03203869
0.01804948
0.01700068
0.01956797
0.01701474
0.01695418
0.03274941
0.01703572
0.01697159
0.01879430
0.01729727
0.01853681
0.03113866
0.01701856
0.02024555
0.01846504
0.01882172
0.02023339
0.03102899
0.02067161
0.01892114
0.01877046
0.02033043
0.01870823
0.03288937
0.01889396
0.01873422
0.01878643
0.01876688
0.01916122
0.03118467
0.01880789
0.02028084
0.01874352
0.01874900
0.01708174
0.03114843
0.02042842
0.01908970
0.01904392
0.02025414
0.01872659
0.03277445
0.01884913
0.01879001
0.02035880
0.01878166
0.01883960
0.03280616
0.01707435
0.02027178
0.01723695
0.01880884
0.01706839
0.03270483
0.02052402
0.01894188
0.01876616
0.01891899
0.01734233
0.03267908
0.01700830
0.01703572
0.01881957
0.01704884
0.01719165
0.02949524
0.01704574
0.01880026
0.01727414
0.01872611
0.01740146
0.03115797
0.01877332
0.01882577
0.01896667
0.01878810
0.01881981
0.03130484
0.01927328
0.01883960
0.02031398
0.01881790
0.01895070
0.03137207
0.01877165
0.01698136
0.01877689
0.01876521
0.01906347
0.03110099
0.01880097
0.01701236
0.01902390
0.02030182
0.01882267
0.03117943
0.01879954
0.01917720
0.01911068
0.02033067
0.01883030
0.03131008
0.01884890
0.01879025
0.02020812
0.01878309
0.01720071
0.03290606
0.01873350
0.01786542
0.01788402
0.01808357
0.01942110
0.03032732
0.01785660
0.02027559
0.01783538
0.01806998
0.01797318
0.03025866
0.02027416
0.01802850
0.01782012
0.01936436
0.01869869
0.03184390
0.01784539
0.01804399
0.02030206
0.01699519
0.01695728
0.03089190
0.01693058
0.01844001
0.01861930
0.01693106
0.02049756
0.03139806
0.01891160
0.02034783
0.01869321
0.01865935
0.02042413
0.03104496
0.01867867
0.01869369
0.01867294
0.02026987
0.01883316
0.03107810
0.01864696
0.01864004
0.01864004
0.01896596
0.01863837
0.03011513
0.01779127
0.01780796
0.01776624
0.01778126
0.01772618
0.03030038
0.01689720
0.01786232
0.01869297
0.01780605
0.02036548
0.02951813
0.01697421
0.01776218
0.01696181
0.01867771
0.01873136
0.03162193
0.01781368
0.01862335
0.01882482
0.01889777
0.01884270
0.03115582
0.01783156
0.01795626
0.01778865
0.01942897
0.01931858
0.03115106
0.01788640
0.01787591
0.01786566
0.01780772
0.02036262
0.03039122
0.01932478
0.01803041
0.01785111
0.01958728
0.01788878
0.03173566
0.01785994
0.01794124
0.02021956
0.01875663
0.01778054
0.03173447
0.01692653
0.01950598
0.01783180
0.01801682
0.02018881
0.03012991
0.01785135
0.02079892
0.01782680
0.01784348
0.01695824
0.03096914
0.01852012
0.01866078
0.01690984
0.01847339
0.01864791
0.03200054
0.01788735
0.01786709
0.01951480
0.01783586
0.01788688
0.03184366
0.01781797
0.02027130
0.01784492
0.01785493
0.02020216
0.03030777
0.01794624
0.01738787
0.01786423
0.01777148
0.01931453
0.03032804
0.01781511
0.01781821
0.01777744
0.01780176
0.01789474
0.03043127
0.01786828
0.01875377
0.01781917
0.01876020
0.01777411
0.03330493
0.01785445
0.01694274
0.01940417
0.01787519
0.01795459
0.03227782
0.01872873
0.01943469
0.01790047
0.01789856
0.02028108
0.03041172
0.01785445
0.01815152
0.01787019
0.01937103
0.01794147
0.03025055
0.01794577
0.01828146
0.01800656
0.01804352
0.01805615
0.03244138
0.01801848
0.01823831
0.01805091
0.01806903
0.01901937
0.03046513
0.01900077
0.01956391
0.01802540
0.01804566
0.01958632
0.03127408
0.01802349
0.01811910
0.01803470
0.01961088
0.01805615
0.02955484
0.01827312
0.01813960
0.01807094
0.01958871
0.01799178
0.03219247
0.01889300
0.01713777
0.01964402
0.01805568
0.01805091
0.03225684
0.01803136
0.01961207
0.01808143
0.01803088
0.01958251
0.03057289
0.01963496
0.01804376
0.01815391
0.01882434
0.01810837
0.03223038
0.01838040
0.01824760
0.01958752
0.01803970
0.01799607
0.03225684
0.01810145
0.01958990
0.01802349
0.01811218
0.01901770
0.03052902
0.01947331
