0.25387955
0.02844453
0.02881885
0.02890110
0.02907777
0.02892947
0.02882671
0.02892613
0.02884579
0.02876377
0.01642251
0.01643610
0.01650143
0.01640630
0.01634455
0.02883673
0.01655054
0.01642632
0.01665974
0.01640081
0.01643872
0.02890944
0.01639295
0.01639175
0.01644015
0.01644516
0.01640439
0.02882552
0.01658368
0.01644278
0.02014399
0.01875591
0.01871967
0.03122735
0.01897979
0.01881790
0.01780415
0.01870584
0.01781225
0.03021526
0.01874113
0.01865816
0.01783323
0.01878166
0.01874471
0.03027201
0.01791191
0.01870179
0.02039242
0.01880264
0.01866221
0.03281808
0.01891327
0.01861572
0.02041602
0.01864791
0.02040768
0.03127193
0.01869726
0.02038479
0.01866007
0.01888418
0.01949549
0.03108191
0.01867270
0.01867986
0.01886249
0.01886415
0.01970315
0.03171682
0.01986432
0.01786017
0.01706076
0.01980162
0.01788831
0.03045392
0.01889324
0.01876593
0.01793408
0.02062750
0.01798344
0.03042555
0.01783013
0.01790810
0.01786375
0.01992345
0.01880646
0.03030276
0.01779699
0.01792002
0.01799059
0.01812029
0.01783133
0.03171062
0.01880550
0.01796889
0.01958656
0.01799822
0.01795030
0.03180671
0.01817203
0.01793671
0.01939821
0.01789665
0.01787424
0.03205442
0.01818848
0.01962280
0.01790953
0.01800275
0.01793694
0.03197980
0.01795483
0.02004886
0.01788330
0.01716256
0.01939559
0.03052330
0.01714087
0.01968098
0.01888800
0.01803589
0.01866007
0.03129601
0.01700091
0.01952505
0.01879883
0.01791239
0.01953554
0.02941656
0.01724935
0.02040792
0.01701665
0.01703668
0.02043891
0.03134799
0.02073193
0.01888895
0.01796174
0.01812053
0.01793075
0.03120565
0.01949167
0.01795864
0.01890302
0.01993012
0.01794171
0.03120875
0.01953006
0.01789737
0.01710486
0.01958466
0.01697445
0.03107786
0.01785970
0.01692152
0.02024698
0.01943326
0.01685405
0.03289700
0.01892161
0.01878190
0.01941633
0.01780200
0.01782465
0.03265595
0.01880908
0.01775742
0.01937389
0.01777935
0.01862383
0.03185105
0.01775718
0.01772928
0.01933002
0.01776338
0.01780033
0.03186345
0.01782584
0.01692438
0.01780558
0.01822019
0.01777387
0.03029251
0.01782465
0.01934099
0.01866007
0.01795387
0.01777792
0.03021431
0.01779127
0.01888704
0.01950645
0.01875210
0.02114677
0.03020859
0.01808262
0.01949000
0.01871514
0.02023697
0.01852798
0.03021049
0.01955009
0.01797843
0.01702142
0.01887321
0.02053285
0.03122115
0.02026939
0.01696157
0.01686597
0.02044463
0.01696086
0.03022528
0.01860666
0.01779675
0.01774478
0.01775837
0.01865697
0.03108883
0.01899695
0.01787233
0.01861262
0.01779246
0.01872444
0.03131676
0.01886201
0.01866937
0.01793456
0.01865625
0.01872778
0.03185916
0.01872492
0.01780868
0.01962304
0.01789427
0.01798534
0.03241038
0.01785326
0.01784754
0.01978517
0.01786637
0.01938105
0.03304124
0.01869082
0.01996279
0.05587339
0.04880500
0.05037928
0.05421162
0.01801801
0.01795983
0.01780462
0.01978660
0.01790214
0.03230524
0.01798844
0.01803923
0.01798916
0.01986933
0.01784515
0.03025889
0.01980615
0.01707006
0.01806974
0.01888442
0.01788664
0.03175640
0.01776791
0.01788640
0.01926947
0.01726890
0.01783776
0.03137112
0.01914811
0.01804161
0.01692843
0.01865578
0.01785207
0.03039742
0.01885605
0.01779962
0.01778316
0.01782298
0.01793385
0.03059101
0.01800776
0.01785827
0.01836371
0.01785088
0.01775718
0.03188539
0.01784134
0.01873946
0.02019572
0.01896739
0.01904440
0.03135395
0.01863956
0.01864648
0.01862288
0.02015400
0.01877832
0.02929211
0.01871133
0.01865149
0.01867056
0.01894188
0.01774001
0.03027987
0.01785088
0.01949477
0.01864934
0.02014232
0.01886153
0.03112912
0.02037144
0.01876259
0.01896381
0.02061772
0.01874685
0.03110456
0.01876855
0.01870942
0.01775622
0.01956964
0.01798415
0.03191566
0.01815820
0.01783681
0.01781607
0.01957059
0.01794219
0.03195262
0.01706362
0.01780796
0.01962733
0.01692486
0.01890993
0.03317046
0.01873231
0.01799560
0.02051878
0.01869583
0.02008057
0.03220057
0.01799273
0.01784229
0.01962399
0.01790261
0.01801229
0.03018403
0.01777363
0.01957393
0.01870179
0.01880980
0.02030945
0.03033924
0.01872134
0.01977134
0.01791596
0.01812792
0.01896358
0.02931070
0.01861024
