0.26075459
0.02905416
0.02930999
0.02935028
0.02957845
0.02942157
0.02920699
0.02931118
0.03072500
0.02930856
0.01690459
0.01686311
0.01678395
0.01713085
0.01680660
0.02916431
0.01674509
0.01682639
0.01679850
0.01684499
0.01680326
0.02936411
0.01673365
0.01685214
0.01695991
0.01675797
0.01676106
0.02923489
0.01848960
0.01711631
0.01903772
0.02049208
0.01910639
0.03184366
0.02057958
0.01946568
0.01912045
0.01827288
0.02434564
0.03340125
0.01903725
0.01911497
0.02053118
0.01819801
0.01931119
0.03252387
0.01818585
0.01816535
0.01983690
0.01897120
0.01810193
0.03402472
0.01816559
0.02003288
0.01806045
0.01821923
0.02121687
0.03145862
0.01928949
0.02000332
0.01811552
0.01812434
0.01977754
0.03048849
0.01815891
0.01822829
0.01809835
0.01830840
0.01988554
0.03053594
0.02102137
0.01822495
0.01714969
0.02067542
0.01713061
0.03072691
0.01900458
0.01911354
0.01889372
0.01937461
0.01909685
0.03083515
0.01995111
0.01722932
0.01712990
0.01983118
0.01708484
0.03320169
0.01739359
0.01714468
0.01885414
0.01716042
0.01709509
0.03214407
0.01854205
0.01897025
0.04809141
0.01812220
0.01836038
0.03077316
0.01969481
0.01892829
0.01710105
0.01979041
0.01708746
0.03042507
0.02059102
0.01900268
0.01904488
0.01892734
0.01714706
0.03066587
0.01807451
0.01818752
0.01808691
0.01837516
0.01811814
0.03061295
0.01837015
0.01811695
0.01831055
0.01812792
0.01812720
0.03254652
0.01827049
0.01826835
0.01811171
0.01814771
0.01911354
0.02983117
0.01900244
0.01921034
0.01807618
0.01919055
0.01897097
0.03052115
0.01815724
0.02205491
0.01908135
0.01844096
0.01821256
0.03280926
0.01814151
0.01991749
0.01821208
0.01820660
0.01991630
0.03063917
0.01838326
0.02004910
0.01903796
0.01734352
0.02094865
0.03145385
0.02086568
0.01724243
0.01726985
0.01989102
0.01819062
0.02975464
0.02069807
0.01907492
0.01723433
0.02099919
0.01815724
0.02972746
0.01815677
0.01815605
0.01810861
0.01909184
0.01900077
0.03308129
0.01902056
0.01824236
0.02066636
0.01904345
0.01720333
0.03317738
0.01896620
0.02226472
0.01900482
0.01839972
0.01805091
0.03161335
0.01895666
0.02096105
0.02163458
0.02162981
0.02189612
0.03112435
0.01904249
0.01827788
0.01899266
0.01829004
0.01813722
0.03159857
0.01825142
0.01764488
0.01819062
0.01831722
0.01815343
0.03067017
0.02446365
0.01911926
0.01729417
0.01836300
0.01812673
0.03070879
0.01816916
0.01825094
0.01819396
0.01968074
0.01833558
0.03079128
0.01823807
0.01820588
0.01852775
0.01818728
0.01829052
0.03141737
0.01813674
0.01823759
0.01730251
0.01819992
0.01823211
0.03064823
0.01821756
0.01938462
0.02440143
0.01915622
0.01815724
0.03246546
0.01914215
0.01916957
0.02004051
0.01807976
0.01812887
0.03161621
0.01811194
0.01809239
0.01978326
0.01818848
0.01735616
0.03142309
0.01813054
0.01897836
0.01913857
0.01828790
0.02106476
0.03092623
0.01726103
0.01903129
0.01896453
0.02391529
0.01838303
0.03378987
0.01817417
0.01839137
0.01992559
0.01904631
0.01805902
0.03241158
0.01807952
0.01895165
0.02062416
0.01808953
0.01821852
0.03314948
0.01817441
0.01939559
0.01919818
0.01898479
0.02083230
0.03143144
0.01899290
0.01928306
0.01895332
0.01973677
0.01817870
0.03223801
0.02069259
0.01904154
0.01898742
0.01977491
0.01826382
0.03058028
0.01950073
0.01805782
0.01805377
0.01868415
0.01889467
0.03076482
0.01814127
0.01721978
0.01805520
0.01720643
0.01889133
0.03426504
0.01896977
0.01726937
0.01886392
0.01804018
0.01798248
0.03070474
0.01807857
0.01710510
0.01945019
0.01816201
0.01887488
0.03071451
0.01833606
0.01803756
0.01834393
0.01893568
0.01894689
0.03059244
0.01716208
0.01806593
0.01861262
0.01802850
0.01805091
0.03140140
0.01887798
0.02054071
0.01909685
0.01805854
0.01800442
0.03297877
0.01806998
0.02164817
0.01731730
0.01799726
0.01883006
0.03193140
0.01914144
0.01962852
0.01708674
0.01806521
0.01960588
0.02976942
0.01801491
0.01869440
0.01715088
0.01894116
0.01864147
0.03153443
0.01969361
0.01894259
0.01890588
0.01897693
0.01954341
0.02959752
0.01983833
0.01802349
0.01907492
0.01955771
0.01893377
0.03058624
0.02032757
0.01898050
0.01821876
0.02042842
0.01801491
0.03429055
0.01807880
0.01893163
