0.27076554
0.02962542
0.02998281
0.03054357
0.03120852
0.03163695
0.03104258
0.03062963
0.03064799
0.03062081
0.01749325
0.01758742
0.01786923
0.01790428
0.02012920
0.03059530
0.01723337
0.01702094
0.01709008
0.01713252
0.01713252
0.02992940
0.01715398
0.01711202
0.01708174
0.01724577
0.01729822
0.03006339
0.01721835
0.01714921
0.01946616
0.01861954
0.01952028
0.03229666
0.01949906
0.01972771
0.01996541
0.01975918
0.02757621
0.03249669
0.01949692
0.01948500
0.01962543
0.01857162
0.01941299
0.03236985
0.01855612
0.01950383
0.01954651
0.01940703
0.01944613
0.03241682
0.01963353
0.01961517
0.02042246
0.02044702
0.01961088
0.03418875
0.01946926
0.01951718
0.01950812
0.01955533
0.01758957
0.03383088
0.01949859
0.01851869
0.01858616
0.01760674
0.01943564
0.03401566
0.01939940
0.01952839
0.01761293
0.01969028
0.02117157
0.03248978
0.02020788
0.01846886
0.01847720
0.02087545
0.01932359
0.03403115
0.01998854
0.01933098
0.02002549
0.01858258
0.01943421
0.03389788
0.01938033
0.02088881
0.01950192
0.01848722
0.01980686
0.03137875
0.01930428
0.01936412
0.01944089
0.01928806
0.01927567
0.03204918
0.01841283
0.01766253
0.01855993
0.01930642
0.01931095
0.03215766
0.02099419
0.01871777
0.01925898
0.03262115
0.01954722
0.03423667
0.01951790
0.01929975
0.02122021
0.01979971
0.01993132
0.03223133
0.01944923
0.01938677
0.01933932
0.01945543
0.01993442
0.03037786
0.02150774
0.01757503
0.01933527
0.02130795
0.01839161
0.03254104
0.02129388
0.01927853
0.01968336
0.02041698
0.01750946
0.03433847
0.01921415
0.01835442
0.02034163
0.01836324
0.01842880
0.03412390
0.01862550
0.02121735
0.01838565
0.01923585
0.02027607
0.03130627
0.01928973
0.02045989
0.01833558
0.01829743
0.02033734
0.03085566
0.01990747
0.01843166
0.01863027
0.01938796
0.01872087
0.03195500
0.01936460
0.01752281
0.01850200
0.01773715
0.01939464
0.03226948
0.01936555
0.01763654
0.01929927
0.01928353
0.01740122
0.03122878
0.01745534
0.01951218
0.01854682
0.02075791
0.01732969
0.03198147
0.01920819
0.01841545
0.01982880
0.01736283
0.01935983
0.03127813
0.01853013
0.01834679
0.01743364
0.01737285
0.01938629
0.03218603
0.01838589
0.01762247
0.01935410
0.01744676
0.01749277
0.03062224
0.01760221
0.02104449
0.01770735
0.01749229
0.01932693
0.03367901
0.02008033
0.01766276
0.01938128
0.01751781
0.01956201
0.03221297
0.02117944
0.01942110
0.01925087
0.02111411
0.01942945
0.03397703
0.01946259
0.01962972
0.02156234
0.01796818
0.01939464
0.03432131
0.01760173
0.01942515
0.01940393
0.01749206
0.02119994
0.03144169
0.02058554
0.01952791
0.01765680
0.01857853
0.02030540
0.03256726
0.02138138
0.01770163
0.01956511
0.02135491
0.01873684
0.03315592
0.01937628
0.01809335
0.01736665
0.01924515
0.01924157
0.03216863
0.01732898
0.01738191
0.01923847
0.01829791
0.01731181
0.03100443
0.01919651
0.01725864
0.01738310
0.01913142
0.01817441
0.03085518
0.01730061
0.01914692
0.01750135
0.01912093
0.01912832
0.03093672
0.01913857
0.01813412
0.01817608
0.01915908
0.01909995
0.03185081
0.01916385
0.01911330
0.01910400
0.01828122
0.01831555
0.03087258
0.01909208
0.01908970
0.01736474
0.01917148
0.01820850
0.03184795
0.01728010
0.01920438
0.01745749
0.01747799
0.02071142
0.02996755
0.01737714
0.01926684
0.01726604
0.01919889
0.01717830
0.03070879
0.01722407
0.01815128
0.01750684
0.02091599
0.01738262
0.03202820
0.01903486
0.01900268
0.01830387
0.01909161
0.01818419
0.03340554
0.01911354
0.01939297
0.02102256
0.01725554
0.01908278
0.03205633
0.01821208
0.01811290
0.01997495
0.01729250
0.02085876
0.03202415
0.01828623
0.02088356
0.01752663
0.01820207
0.01990223
0.03096199
0.01816821
0.01938939
0.01816511
0.01908851
0.01920366
0.03157163
0.01995587
0.01812840
0.01725125
0.02008510
0.01900244
0.03154540
0.01898742
0.01897454
0.01896858
0.02082753
0.01718020
0.03170681
0.01899672
0.01727962
0.02081966
0.01732087
0.01893616
0.03066015
0.01811695
0.01986814
0.01811337
0.01804543
0.01903582
0.03165579
0.01927090
0.01721573
0.01725698
0.01809645
0.01802468
0.02999067
0.01729655
0.01809335
0.01741242
0.01719236
0.01899648
0.02997112
0.02104330
0.01814103
0.01894784
0.01892662
0.02078128
0.03156900
0.02056408
0.01813459
0.01812768
0.01828027
0.01902246
0.02979779
0.01713610
0.01902223
0.01912999
0.01947713
0.01908898
0.03087687
0.01918769
0.01810861
0.01911640
0.01906347
0.01899219
0.03128600
0.01935887
0.01917672
0.02052760
0.01901484
