0.25839162
0.02633238
0.02648258
0.02649188
0.02654290
0.02646327
0.02652669
0.02661610
0.02665281
0.02642441
0.01382971
0.01378179
0.01384258
0.01388073
0.01380014
0.02632999
0.01384854
0.01377940
0.01380014
0.01382136
0.01385021
0.02655411
0.01384950
0.01379895
0.01391244
0.01389766
0.01381540
0.02667451
0.01384282
0.01372313
0.01611710
0.01610088
0.01616859
0.02868319
0.01641393
0.01611543
0.01609588
0.01609230
0.01614189
0.02874112
0.01629901
0.01621795
0.01621819
0.01608968
0.01617813
0.02893949
0.01637268
0.01617336
0.01619291
0.01619601
0.01620173
0.02880788
0.01629710
0.01611519
0.01628685
0.01616740
0.01530766
0.03992820
0.01552200
0.01620007
0.01540303
0.01535773
0.01532149
0.02814221
0.01627135
0.01526809
0.01527214
0.01523566
0.01623535
0.02787209
0.01528621
0.01717281
0.01549196
0.01643610
0.01552701
0.02949381
0.01535773
0.01618719
0.01686025
0.01538396
0.01613522
0.02937651
0.01537657
0.01620698
0.01535106
0.01675606
0.01617503
0.02788711
0.01696348
0.01620293
0.01549053
0.01529694
0.01702833
0.02896690
0.01524758
0.01718664
0.01625037
0.01522851
0.01754928
0.02711058
0.01541829
0.01536417
0.01726127
0.01549172
0.01617312
0.02944613
0.01544642
0.01433682
0.01681566
0.01446414
0.01454210
0.02790380
0.01688361
0.01616693
0.01528430
0.01523638
0.01709223
0.02795434
0.01691055
0.01615930
0.01526141
0.01525664
0.01694155
0.02787066
0.01527834
0.01771164
0.01531243
0.01537204
0.01520324
0.02959085
0.01524615
0.01523733
0.01793575
0.01526976
0.01538539
0.02986693
0.01527095
0.01525736
0.02004385
0.01625824
0.01527143
0.02805781
0.01683640
0.01548076
0.01524854
0.01531506
0.01795983
0.02796531
0.01724267
0.01524091
0.01523852
0.01550198
0.01706505
0.02894330
0.01528406
0.01665783
0.01526237
0.01521993
0.01523781
0.02980685
0.01521778
0.01617789
0.01771569
0.01524830
0.01534629
0.02974415
0.01528549
0.01615357
0.01521683
0.01746845
0.01521373
0.02776194
0.01809788
0.01430106
0.01617670
