0.25278115
0.02625084
0.02657509
0.02668715
0.02679443
0.02677584
0.02693295
0.02667928
0.02664971
0.02658725
0.01410866
0.01407504
0.01408195
0.01398611
0.01399541
0.02652144
0.01401496
0.01399660
0.01412416
0.01411033
0.01410055
0.02686024
0.01402855
0.01398444
0.01418257
0.01403356
0.01411295
0.02674770
0.01414204
0.01416802
0.01639485
0.01653361
0.01644802
0.02904177
0.01646399
0.01665521
0.01648021
0.01557350
0.01556349
0.02903390
0.01558495
0.01653504
0.01648808
0.01652122
0.01647353
0.02893257
0.01646590
0.01653504
0.01658583
0.01651335
0.01640344
0.02892280
0.01653552
0.01648569
0.01638937
0.01642442
0.01634407
0.02878523
0.01637125
0.01639843
0.01627755
0.01630569
0.01446223
0.02865338
0.01627493
0.01642752
0.01549721
0.01635432
0.01631594
0.02783370
0.01541829
0.01631284
0.01549649
0.01556373
0.01633000
0.02779055
0.01542187
0.01633477
0.01541376
0.01636004
0.01542139
0.02799225
0.01548433
0.01626968
0.01444387
0.01620483
0.01455355
0.02782345
0.01537728
0.01538849
0.01448584
0.01540709
0.01454854
0.02690172
0.01538849
0.01474190
0.01630545
0.01453543
0.01454377
0.02870131
0.01645255
0.01637793
0.01562142
0.01640201
0.01630449
0.02783990
0.01635575
0.01634502
0.01633453
0.01635599
0.01639843
0.02700925
0.01641417
0.01647019
0.01635933
0.01643419
0.01640487
0.02896953
0.01642776
0.01649880
0.01646852
0.01645422
0.01552033
0.02898026
0.01476741
0.01552415
0.01649666
0.01573396
0.01649690
0.02808547
0.01655006
0.01649690
0.01633930
0.01652694
0.01651669
0.02916098
0.01654696
0.01649928
0.01644087
0.01644659
0.01659036
0.02888322
0.01642847
0.01551175
0.01639557
0.01550865
0.01643372
0.02808881
0.01644921
0.01553106
0.01558542
0.01645207
0.01554012
0.02893996
0.01546621
0.01642466
0.01640701
0.01636744
0.01546335
0.02901196
0.01646376
0.01645470
0.01560616
0.01643991
0.01550889
0.02821112
0.01658106
0.01565528
0.01650715
0.01561809
0.01550674
0.02884746
0.01561451
0.01548314
0.01628208
0.01546240
0.01628852
0.02805281
0.01537132
0.01550674
0.01642704
0.01537848
0.01538348
0.02779841
0.01535392
0.01625109
0.01532531
0.01542282
0.01539588
0.02875328
0.01543760
0.01542711
0.01625204
0.01550055
0.01539922
0.02873707
0.01537395
0.01532793
0.01537633
0.01626754
0.01559353
0.02789354
0.01628232
0.01542568
0.01537848
0.01630592
0.01531410
0.02872634
0.01542497
0.01643252
0.01542783
0.01534605
0.01622581
0.02801037
0.01535797
0.01623845
0.01540565
0.01538253
0.01536798
0.02874207
0.01551771
0.01542282
0.01535439
0.01628494
0.01534748
0.02782464
0.01562762
0.01547265
0.01627731
0.01538086
0.01558733
0.02878165
0.01541615
0.01543045
0.01557374
0.01629663
0.01547599
0.02795553
0.01545429
0.01548409
0.01633954
0.01551700
0.01555753
0.02803278
0.01569390
0.01538157
0.01540756
0.01549625
0.01546669
0.02787495
0.01540160
0.01540256
0.01539779
0.01552510
0.01547551
0.02785921
0.01633835
0.01543546
0.01546884
0.01547170
0.01540399
0.02906179
0.01552701
0.01545835
0.01551652
0.01638842
0.01542330
0.02791834
0.01547647
0.01544166
0.01542640
0.01541352
0.01637220
0.02791476
0.01553011
0.01552248
0.01554155
0.01548243
0.01539898
0.02798319
0.01558423
0.01538920
0.01632881
0.01540542
0.01543498
0.02784038
0.01539588
0.01562667
0.01547027
0.01551533
0.01637697
0.02789140
0.01550794
0.01550221
0.01550198
0.01548815
0.01548100
0.02932096
0.01550412
0.01542354
0.01448655
0.01551557
0.01546383
0.02782774
0.01633167
0.01551938
0.01545072
0.01546288
0.01543927
0.02794623
0.01544476
0.01539373
0.01548123
0.01541209
0.01537943
0.02774668
0.01552820
0.01549053
0.01539516
0.01544571
0.01628208
0.02779722
0.01541090
0.01541591
0.01538420
0.01535916
0.01539993
0.02790785
0.01553655
0.01542187
0.01543832
0.01537275
0.01537204
0.02783823
0.01540375
0.01554084
0.01635742
0.01548314
0.01546526
0.02785468
0.01539874
0.01556587
0.01639533
0.01543403
0.01453900
0.02893114
0.01563787
0.01478338
0.01560211
0.01660419
0.01564288
0.02828884
0.01466990
0.01470661
0.01552844
0.01476955
0.01566648
0.02812195
0.01556206
0.01578259
0.01549435
0.01555252
0.01558876
0.02803111
0.01466084
0.01576519
0.01553535
0.01555634
0.01554894
0.02910995
0.01565456
0.01554108
0.01543593
0.01467943
0.01646781
0.02803850
0.01640344
0.01551437
0.01455808
0.01634741
0.01643300
0.02709985
0.01649952
0.01644015
0.01638222
0.01633310
0.01635766
0.02884936
0.01643324
0.01458740
0.01560283
0.01553512
0.01455784
0.02784920
0.01548219
0.01542377
0.01462889
0.01630282
0.01456261
0.02970219
0.01531005
0.01694465
0.01509476
0.01691222
0.01697397
0.02792597
0.01687360
0.01682830
0.01677966
0.01680136
0.01498246
0.02956533
0.01686502
0.01682687
0.01683068
0.01494575
0.01686096
0.02957654
0.01680326
0.01494575
0.01671720
0.01682520
0.01682377
0.02811289
0.01507568
0.01534271
0.01672387
0.01668620
0.01667953
0.02948928
0.01671958
0.01648545
0.01647401
0.01655006
0.01657939
0.02743459
0.01654673
0.01650596
0.01658988
0.01658225
0.01655889
0.02925181
0.01666093
0.01686740
0.01663256
0.01478958
0.01653600
0.02931762
0.01675916
0.01665211
0.01658130
0.01659584
0.01580787
0.02824306
0.01660967
0.01647782
0.01490140
0.01576042
0.01478291
0.02741528
0.01561785
0.01667571
0.01653504
0.01561117
0.01556802
0.02828145
0.01657796
0.01567936
0.01655960
0.01563907
0.01560974
0.02914166
0.01667547
0.01656961
0.01655412
0.01592541
0.01572728
0.02876687
0.01584959
0.01580977
0.01659083
0.01487517
0.01562381
0.02823758
0.01564240
0.01561213
0.01570630
0.01567912
0.01559782
0.02748036
0.01569915
0.01650977
0.01650667
0.01654696
0.01662946
0.02950144
0.01676941
0.01483154
0.01482987
0.01665521
0.01471829
0.02917457
0.01657987
0.01470995
0.01647711
0.01646900
0.01651263
0.02903295
0.01474762
0.01652503
0.01658082
0.01658058
0.01651073
0.02897310
0.01651359
0.01652980
0.01649284
0.01639485
0.01645565
0.02877736
0.01629305
0.01643991
0.01541066
0.01625896
0.01535010
0.02782035
0.01633310
0.01546240
0.01563716
0.01548624
0.01635933
0.02782321
0.01639843
0.01548505
0.01628208
0.01631379
0.01637197
0.02864361
0.01542521
0.01638985
0.01634169
0.01621437
0.01635075
0.02866149
0.01549673
0.01622963
0.01456499
0.01631212
0.01635265
0.02862787
0.01635194
0.01626325
0.01627946
0.01639366
0.01629448
0.02888584
0.01640153
0.01641703
0.01558518
0.01548243
0.01640606
0.02811170
0.01552510
0.01566815
0.01463914
0.01637411
0.01456881
0.02702904
0.01638627
0.01552653
0.01542473
0.01549482
0.01542091
0.02787447
0.01463270
0.01550412
0.01541567
0.01543689
0.01452136
0.02781820
0.01547861
0.01547670
0.01471424
0.01636600
0.01450968
0.02871895
0.01538682
0.01542521
0.01550126
0.01535773
0.01540041
0.02777195
0.01534176
0.01631093
0.01534534
0.01623726
0.01637363
0.02875304
0.01629066
0.01626301
0.01629400
0.01635695
0.01477027
0.02886057
0.01635575
0.01639938
0.01631737
0.01628661
0.01628470
0.02720332
0.01633716
0.01638460
0.01456141
0.01458120
0.01554585
0.02713442
0.01451921
0.01561499
0.01547933
0.01551294
0.01446605
0.02878809
0.01465178
0.01452446
0.01626635
0.01634216
0.01633787
0.02706289
0.01646638
0.01645923
0.01633024
0.01542258
0.01632881
0.02884007
0.01624489
0.01638484
0.01478076
0.01635027
0.01541328
0.02881551
0.01637030
0.01633692
0.01627064
0.01456499
0.01634073
0.02871919
0.01636195
0.01639748
0.01630640
0.01649976
0.01641154
0.02870941
0.01636577
0.01638913
0.01626492
0.01644421
0.01642752
0.02881002
0.01639342
0.01638603
0.01638508
0.01639318
0.01639414
0.02791548
0.01636076
0.01537943
0.01631165
0.01558900
0.01541305
0.02682686
0.01556730
0.01631021
0.01450682
0.01631021
0.01453829
0.02897525
0.01455927
0.01449323
0.01646113
0.01457906
0.01469517
0.02698731
0.01633334
0.01635933
0.01631236
0.01627874
0.01638961
0.02890205
0.01543784
0.01556420
0.01546192
0.01547813
0.01562834
0.02793622
0.01548624
0.01551795
0.01545644
0.01547790
0.01451373
0.02787161
0.01551461
0.01545930
0.01539063
0.01555800
0.01460290
0.02877736
0.01631141
0.01630998
0.01548028
0.01455402
0.01643705
0.02892661
0.01641798
0.01553011
0.01550174
0.01549149
0.01636672
0.02896285
0.01562142
0.01554155
0.01632524
0.01459002
0.01641536
0.02890730
0.01546764
0.01652145
0.01551533
0.01637149
0.01634359
0.02788377
0.01645803
0.01554847
0.01641703
0.01644039
0.01636457
0.02809095
0.01549292
0.01545811
0.01544452
0.01551056
0.01461983
0.02698350
0.01638675
0.01466298
0.01476145
0.01462555
0.01469874
0.02712846
0.01460028
0.01460862
0.01642609
0.01547241
0.01550031
0.02705002
0.01639128
0.01472592
0.01462936
0.01649523
0.01656032
0.02899122
0.01553273
0.01638746
0.01644373
0.01646996
0.01650739
0.02885246
0.01454926
0.01636338
0.01638150
0.01645994
0.01643634
0.02917671
0.01642752
0.01635647
0.01639056
0.01635003
0.01634884
0.02884698
0.01639962
0.01469827
0.01643944
0.01640224
0.01632142
0.02896047
0.01652408
0.01643443
0.01635170
0.01648235
0.01548624
0.02801347
0.01558781
0.01563263
0.01549363
0.01467228
0.01559019
0.02799129
0.01558232
0.01555276
0.01575947
0.01555634
0.01545620
0.02791476
0.01558948
0.01465917
0.01556110
0.01558375
0.01631093
0.02793002
0.01639366
0.01642036
0.01633883
0.01456952
0.01647282
0.02698541
0.01546001
0.01637125
0.01455069
0.01633644
0.01642394
0.02887654
0.01636124
0.01632833
0.01555467
0.01553082
0.01631641
0.02805185
0.01643753
0.01460862
0.01628494
0.01550937
0.01551795
0.02699089
0.01544595
0.01650929
0.01543784
0.01452923
0.01626921
0.02879524
0.01641250
0.01460099
0.01465416
0.01647449
0.01456809
0.02711129
0.01645494
0.01463246
0.01634002
0.01452446
0.01463962
0.02708006
0.01642323
0.01459098
0.01477742
0.01640201
0.01447773
0.02699685
0.01634264
0.01458478
0.01628566
0.01452684
0.01452136
0.02868557
0.01634002
0.01636314
0.01543140
0.01632833
0.01638532
0.02780366
0.01547217
0.01637483
0.01625419
0.01632428
0.01632929
0.02886796
0.01639032
0.01649880
0.01643920
0.01652455
0.01644754
0.02793598
0.01460290
0.01650167
0.01542902
0.01670551
0.01566029
0.02904606
0.01566935
0.01651931
0.01487899
0.01668549
0.01663613
0.02886677
0.01459861
0.01551962
0.01456523
0.01626396
0.01644444
0.02779317
0.01548767
0.01641250
0.01542902
0.01682734
0.01642919
0.02874827
0.01632833
0.01549077
0.01642013
0.01640582
0.01637840
0.02885985
0.01551151
0.01630020
0.01545358
0.01548743
0.01632547
0.02786326
0.01643038
0.01553774
0.01631594
0.01458931
0.01463914
0.02728891
0.01548457
0.01553059
0.01465845
0.01636362
0.01455903
0.02885699
0.01663828
0.01552534
0.01552367
0.01556182
0.01642919
0.02893758
0.01647210
0.01641631
0.01652551
0.01644564
0.01636457
0.02892423
0.01461959
0.01474571
0.01641107
0.01461220
0.01463628
