0.24920988
0.02637839
0.02669358
0.02680206
0.02672219
0.02678490
0.02678347
0.02680874
0.02668691
0.02675009
0.01417899
0.01415443
0.01425576
0.01422405
0.01420665
0.02673721
0.01419735
0.01414371
0.01416731
0.01437259
0.01443005
0.02656126
0.01412559
0.01413274
0.01415801
0.01417518
0.01409602
0.02687883
0.01524234
0.01434207
0.01644516
0.01651287
0.01649070
0.02902818
0.01665783
0.01663256
0.01659751
0.01664639
0.01674104
0.02898502
0.01639080
0.01640725
0.01638842
0.01641417
0.01632714
0.02895236
0.01661944
0.01645780
0.01652122
0.01642203
0.01642942
0.02889800
0.01642752
0.01641703
0.01641560
0.01649117
0.01640701
0.02885962
0.01646447
0.01651955
0.01641202
0.01637197
0.01637268
0.02878594
0.01638699
0.01469326
0.01659536
0.01633859
0.01637340
0.02884912
0.01547909
0.01639533
0.01647568
0.01563573
0.01553059
0.02800107
0.01650572
0.01565814
0.01644349
0.01646900
0.01648664
0.02808189
0.01547980
0.01559544
0.01550221
0.01550651
0.01564288
0.02829504
0.01556921
0.01560760
0.01657033
0.01565862
0.01556206
0.02726245
0.01650000
0.01466489
0.01477504
0.01559353
0.01644921
0.02906489
0.01556897
0.01552701
0.01553607
0.01556444
0.01568961
0.02804017
0.01551747
0.01470566
0.01475620
0.01637793
0.01464224
0.02885985
0.01570463
0.01552796
0.01554561
0.01641297
0.01558924
0.02889276
0.01640701
0.01476049
0.01462626
0.01549792
0.01463580
0.02883244
0.01646972
0.01643133
0.01574349
0.01471400
0.01642442
0.02892041
0.01647449
0.01553035
0.01555705
0.01561618
0.01644039
0.02895665
0.01566482
0.01641560
0.01485538
0.01638579
0.01652408
0.02880001
0.01649404
0.01647925
0.01643062
0.01645303
0.01469851
0.02715230
0.01644063
0.01555228
0.01643014
0.01644301
0.01637626
0.02921176
0.01657009
0.01639128
0.01634765
0.01644635
0.01565766
0.02802920
0.01551723
0.01467037
0.01644826
0.01640463
0.01649618
0.02801514
0.01488304
0.01643658
0.01672697
0.01556921
0.01555371
0.02798796
0.01653242
0.01668382
0.01647902
0.01655984
0.01656079
0.02898908
0.01657343
0.01655436
0.01644087
0.01648521
0.01475644
0.02900124
0.01649308
0.01467299
0.01640177
0.01657081
0.01640010
0.02891421
0.01647615
0.01642656
0.01651049
0.01652741
0.01647139
0.02901816
0.01651049
0.01637435
0.01643682
0.01645088
0.01469541
0.02893758
0.01650095
0.01646090
0.01641369
0.01654577
0.01468778
0.02800274
0.01469398
0.01461840
0.01472449
0.01644182
0.01460838
0.02896833
0.01461554
0.01640224
0.01650476
0.01648998
0.01642418
0.02816820
0.01647377
0.01644802
0.01636553
0.01647949
0.01641035
0.02903795
0.01649547
0.01643038
0.01636553
0.01468182
0.01636410
0.02897549
0.01699519
0.01711440
0.01680946
0.01679516
0.01505971
0.02966714
0.01664877
0.01671839
0.01667976
0.01666927
0.01663399
0.02931499
0.01666069
0.01666903
0.01667714
0.01485944
0.01659346
0.02746391
0.01660705
0.01661563
0.01659870
0.01659298
0.01661992
0.02932119
0.01682925
0.01707125
0.01674819
0.01661181
0.01667118
0.02928877
0.01664567
0.01663256
0.01651239
0.01638699
0.01545858
0.02872658
0.01642561
0.01642609
0.01561666
0.01552272
0.01551342
0.02795911
0.01646328
0.01632619
0.01653504
0.01641679
0.01659322
0.02799749
0.01650071
0.01555228
0.01553988
0.01664639
0.01566148
0.02823138
0.01568627
0.01559472
0.01561332
0.01555991
0.01557970
0.02895832
0.01578736
0.01565623
0.01647758
0.01557755
0.01461005
0.02814841
0.01554275
0.01558232
0.01464486
0.01571393
0.01560974
0.02807450
0.01562524
0.01475120
0.01461220
0.01554370
0.01556277
0.02815652
0.01558113
0.01589036
0.01563621
0.01555181
0.01458931
0.02816820
0.01560450
0.01555109
0.01547980
0.01650620
0.01555204
0.02806783
0.01565123
0.01554346
0.01564550
0.01648092
0.01565433
0.02815700
0.01565790
0.01554942
0.01568913
0.01577926
0.01559114
0.02904773
0.01563025
0.01469183
0.01652503
0.01646399
0.01572514
0.02802992
0.01554346
0.01564360
0.01467943
0.01560378
0.01463628
0.02896476
0.01568675
0.01555824
0.01555109
0.01554227
0.01548362
0.02908993
0.01559734
0.01550412
0.01555705
0.01559830
0.01557946
0.02807760
0.01563835
0.01558065
0.01557875
0.01550865
0.01574659
0.02821040
0.01565671
0.01666403
0.01560616
0.01560450
0.01558757
0.02803922
0.01653934
0.01556134
0.01559687
0.01653337
0.01554966
0.02811766
0.01566076
0.01554537
0.01646948
0.01567793
0.01560426
0.02801800
0.01558352
0.01645088
0.01565313
0.01569390
0.01547098
0.02792978
0.01646423
0.01546574
0.01550651
0.01570559
0.01561999
0.02907777
0.01563883
0.01562762
0.01560593
0.01563621
0.01568747
0.02898288
0.01562071
0.01553774
0.01561475
0.01557159
0.01638889
0.02802658
0.01556230
0.01558542
0.01553988
0.01642919
0.01573277
0.02825284
0.01648688
0.01556873
0.01554322
0.01552486
0.01651263
0.02819037
0.01567078
0.01578689
0.01563382
0.01642966
0.01465034
0.02895880
0.01563954
0.01558208
0.01553655
0.01560283
0.01641345
0.02807188
0.01561642
0.01558161
0.01553130
0.01560807
0.01563740
0.02896905
0.01552248
0.01563907
0.01556659
0.01564693
0.01556253
0.02810359
0.01561046
0.01569843
0.01569605
0.01661706
0.01565099
0.02806640
0.01573348
0.01566911
0.01561809
0.01475048
0.01565051
0.02820611
0.01571226
0.01567388
0.01563406
0.01652408
0.01568151
0.02822471
0.01564503
0.01468968
0.01563644
0.01566410
0.01658440
0.02815866
0.01569223
0.01568604
0.01560569
0.01648712
0.01561451
0.02815247
0.01489973
0.01573348
0.01555705
0.01568198
0.01564479
0.02818656
0.01560116
0.01562023
0.01563144
0.01657653
0.01559138
0.02814603
0.01566482
0.01562190
0.01575398
0.01564503
0.01585054
0.02817750
0.01570225
0.01566815
0.01664281
0.01573133
0.01555681
0.02818823
0.01561046
0.01555681
0.01562238
0.01644874
0.01569033
0.02801704
0.01564574
0.01555181
0.01556110
0.01655984
0.01555347
0.02807736
0.01569152
0.01561356
0.01554918
0.01555467
0.01645684
0.02824378
0.01556802
0.01550126
0.01562977
0.01559806
0.01555705
0.02802992
0.01648235
0.01559186
0.01554728
0.01554537
0.01648831
0.02806830
0.01590633
0.01562285
0.01557350
0.01560235
0.01556945
0.02803874
0.01558518
0.01553774
0.01557565
0.01652694
0.01557183
0.02806234
0.01559019
0.01557446
0.01568842
0.01563954
0.01559138
0.02813363
0.01572514
0.01558924
0.01567411
0.01557708
0.01562977
0.02797890
0.01647997
0.01565623
0.01564884
0.01567793
0.01555920
0.02890587
0.01558423
0.01567125
0.01563525
0.01648784
0.01560831
0.02801514
0.01559091
0.01560163
0.01648283
0.01559758
0.01567149
0.02811098
0.01565456
0.01569629
0.01568913
0.01549959
0.01566648
0.02900648
0.01558781
0.01558471
0.01640821
0.01576662
0.01566005
0.02818584
0.01557112
0.01554966
0.01552391
0.01566052
0.01558924
0.02812743
0.01648450
0.01555490
0.01555920
0.01643777
0.01558495
0.02806520
0.01557088
0.01660490
0.01560044
0.01555657
0.01557946
0.02810311
0.01675844
0.01579523
0.01649618
0.01557994
0.01549649
0.02799964
0.01640224
0.01561427
0.01569653
0.01560307
0.01553869
0.02712512
0.01551962
0.01549983
0.01558852
0.01545811
0.01474357
0.02807426
0.01558495
0.01641035
0.01555991
0.01649690
0.01572752
0.02809429
0.01558328
0.01643753
0.01566267
0.01560473
0.01561761
0.02811313
0.01471210
0.01570225
0.01557255
0.01560378
0.01566100
0.02821469
0.01655436
0.01566029
0.01570201
0.01572657
0.01566005
0.02894449
0.01565409
0.01563621
0.01557970
0.01566219
0.01559949
0.02815127
0.01557803
0.01478267
0.01559305
0.01559114
0.01561213
0.02810740
0.01652288
0.01578403
0.01554275
0.01556110
0.01474452
0.02803779
0.01558352
0.01581669
0.01916456
0.01638937
0.01754045
0.02867174
0.01650453
0.01596165
0.01476860
0.01563764
0.01563501
0.02819586
0.01581740
0.01562977
0.01647353
0.01568508
0.01663041
0.02803755
0.01561332
0.01565266
0.01649475
0.01649237
0.01567650
0.02814341
0.01649690
0.01561499
0.01559567
0.01564670
0.01565576
0.02920556
0.01564384
0.01567030
0.01564360
0.01569486
0.01560283
0.02807403
0.01563764
0.01562858
0.01556754
0.01551723
0.01563716
0.02798128
0.01472902
0.01567030
0.01556683
0.01557612
0.01473927
0.02805495
0.01562548
0.01569438
0.01473689
0.01564860
0.01554894
0.02804518
0.01465058
0.01583195
0.02270794
0.01678801
0.02396917
0.02987361
0.01606154
0.01587462
0.01506186
0.01690125
0.01590848
0.02950001
0.01572943
0.01581693
0.01578474
0.01571083
0.01585770
0.02869391
0.01582932
0.01584840
0.01575255
0.01577902
0.01656294
0.02838278
0.01569891
0.01575041
0.01660252
0.01581836
0.01567745
0.02842164
0.01581860
0.01575899
0.01484251
0.01482010
0.01582694
0.02850986
0.01670194
0.01571035
0.01576209
0.01573825
0.01676607
0.02846599
0.01572752
0.01670623
0.01573563
0.01574016
0.01573849
0.02939796
0.01572633
0.01571560
0.01573586
0.01576066
0.01571321
0.02853775
0.01490402
0.01578069
0.01577735
0.01579404
0.01482534
0.02843404
0.01578522
0.01578736
0.01590991
0.01573849
0.01577711
0.02845979
0.01675892
0.01592612
0.01484370
0.01662827
0.01573014
0.02837110
0.01662159
0.01579261
0.01571870
0.01576924
0.01565742
0.02838540
0.01577139
0.01580429
0.01589322
0.01571560
0.01570177
0.02750373
0.01597714
0.01566172
0.01565027
0.01564693
0.01565814
0.02909923
0.01563907
0.01481056
0.01652980
0.01567698
0.01572847
0.02829313
0.01650524
0.01568651
0.01580811
0.01668191
0.01579356
0.02940488
0.01575089
0.01661181
0.01567769
0.01577759
0.01484919
0.02760267
0.01664400
0.01580954
0.01570964
0.01576281
0.01577353
0.02928424
0.01482725
0.01575112
0.01678824
0.01578355
0.01478910
0.02930307
0.01678205
0.01574540
0.01663136
0.01668310
0.01488233
0.02931404
0.01678634
0.01670647
0.01577497
0.01570106
0.01662016
0.02840710
0.01575708
0.01659894
0.01589417
0.01576066
0.01567888
0.02841473
0.01568246
0.01574445
0.01567101
0.01567626
0.01657724
0.02837181
0.01657438
0.01653886
0.01571250
0.01585078
0.01576281
0.02930331
0.01579070
0.01573396
0.01574254
0.01570106
0.01583314
0.02925777
0.01574850
0.01576853
0.01479626
0.01576066
0.01661634
0.02839518
0.01566887
0.01577616
0.01586223
0.01576710
0.01494932
0.02845645
0.01576376
0.01582336
0.01568174
0.01568627
0.01571393
0.02832270
0.01579118
0.01568556
0.01667261
0.01575708
0.01574039
0.02836418
0.01654148
0.01580024
0.01573849
0.01658988
0.01576400
0.02843642
0.01676631
0.01586223
0.01575470
0.01573896
0.01480770
0.02845740
0.01662326
0.01566815
0.01569247
0.01665092
0.01566148
0.02833247
0.01667547
0.01673555
0.01660895
0.01670408
0.01667452
0.02839684
0.01599908
0.01586604
0.01594043
0.01581669
0.01663423
0.02838349
0.01670051
0.01684713
0.01670766
0.01671696
0.01577902
0.02844691
0.01584697
0.01669717
0.01586723
0.01573300
0.01582336
0.02943063
0.01576066
0.01576066
0.01569343
0.01578116
0.01585531
0.02931786
0.01605439
0.01594758
0.01580262
0.01665759
0.01480746
0.02955580
0.01579928
0.01585150
0.01581526
0.01494288
0.01582670
0.02861142
0.01669574
0.01576614
0.01576138
0.01579833
0.01579595
0.02746248
0.01574397
0.01572776
0.01664782
0.01575661
0.01578069
0.02841139
0.01573467
0.01584435
0.01574016
0.01667428
0.01582456
0.02840662
0.01577544
0.01583099
0.01581860
0.01577520
0.01476097
0.02838540
0.01495624
0.01486468
0.01664734
0.01670885
0.01677942
0.02935481
0.01486230
0.01661921
0.01676965
0.01661611
0.01676106
0.02935910
0.01495743
0.01489663
0.01584244
0.01495242
0.01578212
0.02851772
0.01576757
0.01667881
0.01574683
0.01596403
0.01576948
0.02838159
0.01587296
0.01483655
0.01676035
0.01664233
0.01580262
0.02927232
0.01578522
0.01573205
0.01663756
0.01574945
0.01579547
0.02853060
0.01664138
0.01579094
0.01580262
0.01584411
0.01677370
0.02857566
0.01582742
0.01577258
0.01666880
0.01592994
0.01492739
0.02847862
0.01589417
0.01590466
0.01668692
0.01593018
0.01585865
0.02846909
0.01587248
0.01669288
0.01592207
0.01575351
0.01567078
0.02839708
0.01577759
0.01585960
0.01579714
0.01581264
0.01585531
0.02846646
0.01586986
0.01574087
0.01576829
0.01574826
0.01670003
0.02857804
0.01586962
0.01662564
0.01589513
0.01583409
0.01578951
0.02942920
0.01587009
0.01582050
0.01576686
0.01586533
0.01583219
0.02853990
0.01678157
0.01489520
0.01582909
0.01668978
0.01595259
0.02848053
0.01492119
0.01576614
0.01589036
0.01583028
0.01593947
0.02962589
0.01582336
0.01586056
0.01590943
0.01593709
0.01587963
0.02951241
0.01590872
0.01583290
0.01580215
0.01668906
0.01589608
0.02936220
0.01596117
0.01602626
0.01586986
0.01676178
0.01584697
0.02851796
0.01698637
0.01592612
0.01597285
0.01593208
0.01586914
0.02869272
0.01492190
0.01669669
0.01490808
0.01586652
0.01679873
0.02929044
0.01568794
0.01567698
0.01662254
0.01558590
0.01572752
0.02726102
0.01560736
0.01563954
0.01569653
0.01562905
0.01561761
0.02805376
0.01660466
0.01563931
0.01578689
0.01586652
0.01566291
0.02801418
0.01568437
0.01655436
0.01563215
0.01570821
0.01665330
0.02804446
0.01650381
0.01652384
0.01484990
0.01648712
0.01646757
0.02827573
0.01556849
0.01566052
0.01564240
0.01573658
0.01572132
0.02902365
0.01563883
0.01571918
0.01569605
0.01561284
0.01650691
0.02819896
0.01597500
0.01562023
0.01570916
0.01468849
0.01552892
0.02809477
0.01571083
0.01482272
0.01562166
0.01472735
0.01568317
0.02894616
0.01570153
0.01471829
0.01568532
0.01560807
0.01559162
0.02895713
0.01571488
0.01642919
0.01566315
0.01483870
0.01656365
0.02895761
0.01657009
0.01472211
0.01648521
0.01621366
0.01583648
0.02822256
0.01576877
0.01565766
0.01569128
0.01716518
0.01584363
0.02814150
0.01577067
0.01568317
0.01572537
0.01570678
0.01564407
0.02829742
0.01572347
0.01580477
0.01569843
0.01568556
0.01471853
0.02812171
0.01564026
0.01569867
0.01564431
0.01561999
0.01558328
0.02816129
0.01664686
0.01561046
0.01562190
0.01567316
0.01555157
0.02729630
0.01654649
0.01559591
0.01645994
0.01558542
0.01593518
0.02725577
0.01568317
0.01571417
0.01573324
0.01563048
0.01644778
0.02822757
0.01560259
0.01644039
0.01567602
0.01557064
0.01552820
0.02797437
0.01567912
0.01646256
0.01558518
0.01571345
0.01567411
0.02715611
0.01555395
0.01563168
0.01571226
0.01478457
0.01564384
0.02809453
0.01557565
0.01554942
0.01563048
0.01557398
0.01539040
0.02899814
0.01593423
0.01618719
0.01614666
0.01601171
0.01595187
0.02851892
0.01601768
0.01585102
0.01583958
0.01591897
0.01683807
0.02885580
0.01591516
0.01590800
0.01590204
0.01584983
0.01587772
0.02841830
0.01670074
0.01590633
0.01596308
0.01596117
0.01592898
0.02897549
0.01579523
0.01587176
0.01586175
0.01585793
0.01581073
0.02837896
0.01563215
0.01567435
0.01657152
0.01475763
0.01652718
0.02903295
0.01648617
0.01652288
0.01665854
0.01656413
0.01661730
0.02823734
0.01655149
0.01563883
0.01576591
0.01663613
0.01655841
0.02901268
0.01563096
0.01564622
0.01578689
0.01666164
0.01653314
0.02816010
0.01482439
0.01652789
0.01564693
0.01478601
0.01569080
0.02813697
0.01568651
0.01563430
0.01559258
0.01564789
0.01478910
0.02907276
0.01589823
0.01475024
0.01556492
0.01659989
0.01649690
0.02808857
0.01652646
0.01473212
0.01676941
0.01658249
0.01479030
0.02854037
0.01663852
0.01657581
0.01482010
0.01490331
0.01655793
0.02902889
0.01664615
0.01565599
0.01474929
0.01560974
0.01570129
0.02888250
0.01565385
0.01569152
0.01659417
0.01563478
0.01655006
0.02895379
0.01654840
0.01654673
0.01494169
0.01663923
0.01655936
0.02819729
0.01573110
0.01701641
0.01688576
