0.26014805
0.02909684
0.02946734
0.02934361
0.02970767
0.02938414
0.02940416
0.03096342
0.03085279
0.02929258
0.01665521
0.01822495
0.01665306
0.01662087
0.01665854
0.02939963
0.01674795
0.01830482
0.01675272
0.01670241
0.01670885
0.02925682
0.01676059
0.01675940
0.01673913
0.01670837
0.01854324
0.02947974
0.01680350
0.01828003
0.01913881
0.02069473
0.01906300
0.03333855
0.01904178
0.01898956
0.01982903
0.01892638
0.01900530
0.03322315
0.01902246
0.02059126
0.01907587
0.01905417
0.02070737
0.03405619
0.01908374
0.02057028
0.01902008
0.01972389
0.01815438
0.03159237
0.02069640
0.01898837
0.01903820
0.02057695
0.01899099
0.03319454
0.01922107
0.01905870
0.01816821
0.01841211
0.01811123
0.03141761
0.01903296
0.02058029
0.01890779
0.01891112
0.01808834
0.03181410
0.01902938
0.02061629
0.01903772
0.02062726
0.01918554
0.03154874
0.02057815
0.01898479
0.01816988
0.02068663
0.01902151
0.03329825
0.01816273
0.01816916
0.02078032
0.01830339
0.01818371
0.03154039
0.01911831
0.01817012
0.01814556
0.01813412
0.01725364
0.03311515
0.01916599
0.01984096
0.01731133
0.01813197
0.02003479
0.03112817
0.01912093
0.01819205
0.01820588
0.01960516
0.01908302
0.03156567
0.01971745
0.01812553
0.01722193
0.01902819
0.01727009
0.03166032
0.01913929
0.01716566
0.01904798
0.01914358
0.01898193
0.03066158
0.01814413
0.01831412
0.01814389
0.01816487
0.01901865
0.03127980
0.01812124
0.01813126
0.01900840
0.01950741
0.01909876
0.03341174
0.01718545
0.01719666
0.01814675
0.01719737
0.01879120
0.03160930
0.01908159
0.01814127
0.01718402
0.01810551
0.01740813
0.03003120
0.01815057
0.01811361
0.01816630
0.01879811
0.02296042
0.03230143
0.01909375
0.01901889
0.01925588
0.01723194
0.01908541
0.03161359
0.01904750
0.02055597
0.01824713
0.01819491
0.01993465
0.03078103
0.01934052
0.02000976
0.01910329
0.01725960
0.01808834
0.02979898
0.02076173
0.01821113
0.01819777
0.02084064
0.01950097
0.03349638
0.01905417
0.01816821
0.01991916
0.01725411
0.01818419
0.03165770
0.01818943
0.01817083
0.01987696
0.01909685
0.01721358
0.03329468
0.01837492
0.02137375
0.01726055
0.01905322
0.02009583
0.03158712
0.01907063
0.02074504
0.01823092
0.01906490
0.02186441
0.03075480
0.01817393
0.01922274
0.01719308
0.01890945
0.01896143
0.03350210
0.01898026
0.01898742
0.01921654
0.01900911
0.01916957
0.03338504
0.02076077
0.01815152
0.01902294
0.01925135
0.01910543
0.03185487
0.01916528
0.01905060
0.01900673
0.01901412
0.01903176
0.03164029
0.01819587
0.01750112
0.01908827
0.01916265
0.01913404
0.03176570
0.02062845
0.01827240
0.01818466
0.01737618
0.01813555
0.03013515
0.01722836
0.01906228
0.01831841
0.01928020
0.01840734
0.03099608
0.01742339
0.01914859
0.01922584
0.01834249
0.01910138
0.03072286
0.01826549
0.01905131
0.01903176
0.01902509
0.01726055
0.03087091
0.01903367
0.01735258
0.01814198
0.01809287
0.01904511
0.03196621
0.01720333
0.01719308
0.01904559
0.01815867
0.01896882
0.03066325
0.01820636
0.01900530
0.01910210
0.01839709
0.01812530
0.03134441
0.01723719
0.01815605
0.01735973
0.01721358
0.01912212
0.02995181
0.01900578
0.01931238
0.01910281
0.01909614
0.01826382
0.03083491
0.01728535
0.01720715
0.01902556
0.01923347
0.01728749
0.03008389
0.01921129
0.01729131
0.01730418
0.01917148
0.01728559
0.03162360
0.01730466
0.01925659
0.01815295
0.01908088
0.01726270
0.02996254
0.01906610
0.01748610
0.01718783
0.01896167
0.01908755
0.03187060
0.01902580
0.01814532
0.01907587
0.01904535
0.01906085
0.03181195
0.01915359
0.01927590
0.01731849
0.01924753
0.01929808
0.03071976
0.01820087
0.01905489
0.01903987
0.01813197
0.01908875
0.02978134
0.01903963
0.01894403
0.01742005
0.01903534
0.01905346
0.03178573
0.01730847
0.01901174
0.01817775
0.01913953
0.01908827
0.03163862
0.01937532
0.01905274
0.01908755
0.01811218
0.01900840
0.03153348
0.01909065
0.01907229
0.01942587
0.01911235
0.01906085
0.03088927
0.01908207
0.01908374
0.01816535
0.01901889
0.01908875
0.03159142
0.01917672
0.01724887
