0.02465463
0.04303765
0.04234767
0.04229903
0.04510498
0.04429388
0.04378819
0.04393435
0.04391289
0.04386377
0.04412651
0.04404378
0.04414034
0.04422355
0.04436946
0.04444718
0.04460764
0.04461217
0.04448962
0.04479933
0.04468441
0.04481745
0.04475856
0.04482841
0.04496741
0.04486513
0.04507089
0.04505014
0.04516840
0.04516411
0.04525447
0.04540801
0.04567456
0.04575896
0.04559207
0.04585409
0.04572582
0.04582930
0.04592180
0.04603529
0.04600310
0.04620409
0.04631138
0.04622364
0.04633164
0.04636049
0.04643393
0.04650950
0.04657459
0.04663706
0.04676700
0.04686999
0.04702926
0.04699326
0.04695368
0.04703832
0.04686546
0.04709125
0.04731584
0.04694486
0.04706717
0.04713511
0.04713893
0.04723716
0.04723334
0.04724598
0.04739642
0.04728103
0.04741287
0.04744792
0.04760885
0.04750085
0.04772401
0.04772568
0.04781222
0.04787111
0.04796338
0.04786801
0.04802442
0.04811478
0.04813719
0.04801750
0.04803443
0.04803157
0.04823995
0.04796553
0.04818320
0.04842019
0.04842544
0.04851413
0.04855227
0.04856229
0.04857945
0.04868484
0.04884648
0.04884934
0.04898238
0.04890537
0.04898739
0.04897881
0.04900932
0.04909325
0.04927397
0.04929948
0.04939270
0.04949784
0.04942799
0.04954886
0.04955029
0.04968786
0.04968953
0.04972982
0.04966998
0.04987073
0.04982042
0.04998112
0.05005383
0.05207515
0.05015779
0.05018854
0.05017686
0.05019355
0.05036902
0.05041528
0.05046320
0.05069518
0.05068970
0.05092072
0.05111623
0.05121732
0.05130053
0.05131197
0.05193973
0.05139089
0.05139542
0.05154705
0.05153322
0.05164194
0.05155635
0.05158162
0.05178642
0.05187488
