0.02798748
0.04701495
0.04709125
0.04725933
0.04937577
0.04785299
0.04785705
0.04795504
0.04811072
0.04806614
0.04813623
0.04832411
0.04821086
0.04808307
0.04827094
0.04840684
0.04862952
0.04856253
0.04857922
0.04866838
0.04874039
0.04883146
0.04877973
0.04856491
0.04867458
0.04896092
0.04884458
0.04887772
0.04903412
0.04930258
0.04955482
0.04947901
0.04959273
0.04991651
0.04985809
0.05005956
0.05019808
0.04998374
0.05111408
0.05017281
0.05012465
0.05023623
0.05049992
0.05034566
0.05040503
0.05037355
0.05043101
0.05047536
0.05057549
0.05075550
0.05065751
0.05048847
0.05080056
0.05203271
0.05204749
0.05110693
0.05124879
0.05138445
0.05132627
0.05130744
0.05148721
0.05154085
0.05154943
0.05183578
0.05187011
0.05164838
0.05195165
0.05196118
0.05203819
0.05211043
0.05214310
0.05227613
0.05233669
0.05223346
0.05236530
0.05249500
0.05224323
0.05267787
0.05236435
0.05238056
0.05262232
0.05283570
0.05291653
0.05291009
0.05356312
0.05297399
0.05314994
0.05335736
0.05326915
0.05331230
0.05351162
0.05342436
0.05360103
0.05499101
0.05364370
0.05391216
0.05388904
0.05438066
0.05381298
0.05394435
0.05388713
0.05395961
0.05405688
0.05432749
0.05448675
0.05436707
0.05431724
0.05481672
0.05469465
0.05479455
0.05475616
0.05453014
0.05474973
0.05479956
0.05492711
0.05491924
0.05518913
0.05497098
0.05491543
0.05532122
0.05545592
0.05534887
0.05571699
0.05551386
0.05585909
0.05565047
0.05574656
0.05572152
0.05583167
0.05599165
0.05602765
0.05612063
0.05609918
0.05611825
0.05646110
0.05633831
0.05624366
0.05615878
0.05622053
0.05654383
0.05642009
0.05649257
0.05680943
0.05689144
0.05699110
0.05681324
0.05683160
0.05706763
0.05727673
0.05723286
0.05718327
0.05744553
0.05747485
0.05739760
0.05727887
0.05727911
0.05756855
0.05760121
0.05768394
0.05783653
0.05776548
0.05776334
0.05777764
0.05795479
0.05842018
0.05800676
0.05778694
0.05815601
0.05842328
0.05854726
0.05864143
0.05858088
0.05854273
0.05871320
0.05871964
0.05869651
0.05897832
0.05884862
0.05891848
0.05900478
0.05910659
0.05892229
0.05902457
0.05914426
0.05917859
0.05928874
0.05946183
0.05925608
0.05935645
0.05953526
0.05942941
0.06053329
0.05963469
0.05980158
0.05998588
0.06000328
0.06011724
0.06008434
0.05985928
0.06007862
0.06039143
0.06021643
0.06025672
0.06032681
0.06029916
0.06030631
0.06044292
0.06064034
0.06038737
0.06044388
0.06064439
0.06106234
0.06094933
0.06062150
0.06065369
0.06112647
0.06092072
0.06083679
0.06099439
0.06109452
0.06089139
0.06107736
0.06122160
0.06117773
0.06148672
0.06138086
0.06136799
0.06134725
0.06170392
0.06152296
0.06192613
0.06168199
0.06149554
0.06181502
0.06193972
0.06199503
0.06185746
0.06203365
0.06215262
0.06209230
0.06214523
0.06228709
0.06243587
0.06237030
0.06227374
0.06230235
0.06241703
0.06219268
0.06221604
0.06249642
0.06258273
0.06273603
0.06274867
0.06300044
0.06311393
0.06328392
0.06301117
0.06327820
0.06330681
0.06319499
0.06339812
0.06348920
0.06358552
0.06358504
0.06356406
0.06371975
0.06370831
0.06370068
0.06384349
0.06397533
0.06397343
0.06382275
0.06407547
0.06417060
0.06423640
0.06430459
0.06435752
0.06428814
0.06453824
0.06452107
0.06445575
0.06464171
0.06452703
0.06435895
0.06466317
0.06482911
0.06463861
0.06501412
0.06495142
0.06522918
0.06510043
0.06551671
0.06517982
0.06499910
0.06502819
0.06530738
0.06537771
0.06571412
0.06561065
0.06555748
0.06568718
0.06638765
0.06584072
0.06598568
0.06606054
0.06604195
0.06592679
0.06582904
0.06603932
0.06615663
0.06611109
0.06646180
0.06645322
0.06654549
0.06677580
0.06653929
0.06633520
0.06669259
0.06689334
0.06669617
0.06684136
0.06699324
0.06691074
0.06683564
0.06706333
0.06715107
0.06713438
0.06730247
0.06714153
0.06723118
0.06729984
0.06743598
0.06758428
0.06745911
0.06757069
0.06767368
0.06781411
0.06773520
0.06792021
0.06818676
0.06811070
0.06803036
0.06806898
0.06808090
0.06807590
0.06843090
0.06844258
0.06876397
0.06862807
0.06840491
0.06841540
0.06875324
0.06880474
0.06857586
0.06870365
0.06895733
0.06903219
0.06929207
0.06895423
0.06902194
0.06915259
0.06916308
0.06935906
0.06927514
0.06938767
0.06935000
0.06956077
0.06947303
0.06972265
0.06980038
0.06981683
0.07024074
0.06976485
0.06968355
0.06997728
0.07026458
0.07008457
0.07034588
0.07015443
0.07012701
0.07044029
0.07031822
0.07023048
0.07051802
0.07063794
0.07060552
0.07064152
0.07052755
0.07068968
0.07085872
0.07097244
0.07078838
0.07110763
0.07101250
0.07118392
0.07122588
0.07126212
0.07138252
0.07134843
0.07144547
0.07141113
0.07153559
0.07173920
0.07144189
0.07143855
0.07165766
0.07176495
0.07183313
0.07196045
0.07188797
0.07199478
0.07207894
0.07206511
0.07240152
0.07227540
0.07202697
0.07265830
0.07258511
0.07244349
0.07271218
0.07279062
0.07261229
0.07307553
0.07294464
0.07275414
0.07298446
0.07309771
0.07331467
0.07348633
0.07349396
0.07320857
0.07347155
0.07347941
0.07263994
0.07302785
0.07286644
0.07272840
0.07296538
0.07389641
0.07402778
0.07399559
0.07406640
0.07402682
0.07420301
0.07415128
0.07413173
0.07439423
0.07448220
0.07450485
0.07469630
0.07466912
0.07475138
0.07475519
0.07490873
0.07487774
0.07483268
0.07500648
0.07511711
0.07521677
0.07619691
0.07547259
0.07559347
0.07568097
0.07540798
0.07541609
0.07598376
0.07586503
0.07576036
0.07601905
0.07581472
0.07594657
0.07620668
0.07614923
0.07627606
0.07646608
0.07635331
0.07637477
0.07649875
0.07665396
0.07690883
0.07674050
0.07652998
0.07682562
0.07705998
0.07711124
0.07717156
0.07733488
0.07707214
0.07733512
0.07757545
0.07729053
0.07750106
0.07743979
0.07759356
0.07776260
0.07758212
0.07786918
0.07797909
0.07792234
0.07796645
0.07834005
0.07840204
0.07829952
0.07836056
0.07870913
0.07852411
0.07864237
0.07866502
0.07854223
0.07896566
0.07894969
0.07886100
0.07916999
0.07933784
0.07945156
0.07944345
0.07956815
0.07963562
0.07977343
0.07981396
0.07984018
0.07996750
0.08012843
0.08003759
0.08029175
0.08031297
0.08030605
0.08041239
0.08041930
0.08041096
0.08042717
0.08103013
0.08057928
0.08107257
0.08109283
0.08210373
0.08337402
0.08310342
0.08127379
0.08154750
0.08162808
0.08487916
0.08372259
0.08383012
0.08181000
0.08191037
0.08212900
0.08201671
0.08216619
0.08241510
0.08242393
0.08274317
0.08247304
0.08253860
0.08276749
0.08288121
0.08310127
0.08316398
0.08329248
0.08314657
0.08334303
0.08367801
0.08345747
0.08337379
0.08359051
0.08399749
0.08412004
0.08416581
0.08409786
0.08430290
0.08447576
0.08468890
0.08482122
0.08481860
0.08498836
0.08545303
0.08533216
0.08513117
0.08547592
0.08569241
0.08547235
0.08579302
0.08574080
0.08607697
0.08644867
