0.02866769
0.04728127
0.04662657
0.04674053
0.04868531
0.04733706
0.04745507
0.04744649
0.04754496
0.04765821
0.04776883
0.04787683
0.04779649
0.04805446
0.04808974
0.04809260
0.04808640
0.04839253
0.04819798
0.04837346
0.04844952
0.04863954
0.04874563
0.04874396
0.04876494
0.04899573
0.04890633
0.04905701
0.04916310
0.04928827
0.04927588
0.04949498
0.04945517
0.04975057
0.04969835
0.04974222
0.04981089
0.04987121
0.04996562
0.05002284
0.05026150
0.05026317
0.05033159
0.05037141
0.05056119
0.05070758
0.05072570
0.05048728
0.05089164
0.05104041
0.05108356
0.05125809
0.05113864
0.05157065
0.05137300
0.05159688
0.05165863
0.05172729
0.05179095
0.05178094
0.05191255
0.05208921
0.05216813
0.05218315
0.05226278
0.05221868
0.05234170
0.05219746
0.05235577
0.05227208
0.05222321
0.05217814
0.05217600
0.05212474
0.05206680
0.05204487
0.05218863
0.05215120
0.05209494
0.05220222
0.05220222
0.05221248
0.05221939
0.05226707
0.05233192
0.05246806
0.05249667
0.05235004
0.05264091
0.05263305
0.05260134
0.05288053
0.05294490
0.05190206
0.05302453
0.05320787
0.05316591
0.05338693
0.05323792
0.05332828
0.05339789
0.05367494
0.05361772
0.05373573
0.05374503
0.05374455
0.05374503
0.05385208
0.05393028
0.05393624
0.05400157
0.05403161
0.05429530
0.05409694
0.05417919
0.05418444
0.05441380
0.05448842
0.05471349
0.05473685
0.05488634
0.05486465
0.05505919
0.05502057
0.05529881
0.05526757
0.05531883
0.05552197
0.05562186
0.05519485
0.05555511
0.05567527
0.05570078
0.05581832
0.05573940
0.05583692
0.05588841
0.05642724
0.05593753
0.05599260
0.05611467
0.05599833
0.05607486
0.05611420
0.05599356
0.05606508
0.05611372
0.05637789
0.05518079
0.05544353
0.05551219
0.05695438
0.05677104
0.05662775
0.05677462
0.05686617
0.05696511
0.05704331
0.05708265
0.05709243
0.05715871
0.05725980
0.05737209
0.05742502
0.05761480
0.05857062
0.05793643
0.05788326
0.05802417
0.05815768
0.05823231
0.05834770
0.05833125
0.05870342
0.05851030
0.05871868
0.05869293
0.05872560
0.05877185
0.05903625
0.05882597
0.05889010
0.05889678
0.05892301
0.05890965
0.05890465
0.05896902
0.05892324
0.05909586
0.05900455
0.05905938
0.05920553
0.05923271
0.05930924
0.05938959
0.05943680
0.05950499
0.05957723
0.05956650
0.05977368
0.05994225
0.05978513
0.05983686
0.05992913
0.05983043
0.06019855
0.05999923
0.06006742
0.06027627
0.06033278
0.06031322
0.06038237
0.06059766
0.06043649
0.06071091
0.06074071
0.06075525
0.06086946
0.06094480
0.06088471
0.06112146
0.06126332
0.06122851
0.06140518
0.06152225
0.06118417
0.06134939
0.06168485
0.06145430
0.06141281
0.06149769
0.06141424
0.06154037
0.06179190
0.06181622
0.06183577
0.06152105
0.06149387
0.06160831
0.06174564
0.06163478
0.06180954
0.06160879
0.06171751
0.06172609
0.06206608
0.06186676
0.06203437
0.06220651
0.06218529
0.06219625
0.06204486
0.06212592
0.06227946
0.06226063
0.06231141
0.06249666
0.06238651
0.06246734
0.06369090
0.06259871
0.06259108
0.06272292
0.06282139
0.06283903
0.06303453
0.06302094
0.06286120
0.06300855
0.06310964
0.06307364
0.06336832
0.06324625
0.06324244
0.06333494
0.06346011
0.06335759
0.06351781
0.06353354
0.06345725
0.06360722
0.06362677
0.06363440
0.06388402
0.06386828
0.06385136
0.06412864
0.06404877
0.06396890
0.06403685
0.06414223
0.06414175
0.06433225
0.06454659
0.06436634
0.06467772
0.06449914
0.06452656
0.06469917
0.06471753
0.06461978
0.06486201
0.06484270
0.06481290
0.06510687
0.06519842
0.06514955
0.06519723
0.06533241
0.06526327
0.06724548
0.06552792
0.06538868
0.06566882
0.06574774
0.06674147
0.06630635
0.06572104
0.06569386
0.06593919
0.06593871
0.06596971
0.06610680
0.06620502
0.06616664
0.06626296
0.06651330
0.06644893
0.06839824
0.06654215
0.06665564
0.06684184
0.06702971
0.06686044
0.06691456
0.06695104
0.06707287
0.06714892
0.06740522
0.06730700
0.06743526
0.06761193
0.06745243
0.06770825
0.06777835
0.06783986
0.06786084
0.06784177
0.06794906
0.06816435
0.06816769
0.06820989
0.06831956
0.06839442
0.06837964
0.06850314
0.06848311
0.06838775
0.06854105
0.06860185
0.06857252
0.06863165
0.06872916
0.06877542
0.06889415
0.06888700
0.06887150
0.06917572
0.06914997
0.06898665
0.06927228
0.06920958
0.06910586
0.06941748
0.06941795
0.06942415
0.06955552
0.06953788
0.06970620
0.06968856
0.06974149
0.06977081
0.06994128
0.06985283
0.07016873
0.07002354
0.07003975
0.07007051
0.07024622
0.07023716
0.07024288
0.07044578
0.07050371
0.07057047
0.07083464
0.07074523
0.07089520
0.07092452
0.07103848
0.07093644
0.07137132
0.07122993
0.07114482
0.07143235
0.07150626
0.07139349
0.07161927
0.07184458
0.07175517
0.07188416
0.07209516
0.07184792
0.07211494
0.07235789
0.07218266
0.07226753
0.07243514
0.07233524
0.07239246
0.07240152
0.07238746
0.07433701
0.07251859
0.07260466
0.07281709
0.07386732
0.07278442
0.07313251
0.07304764
0.07303190
0.07308340
0.07315779
0.07306695
0.07336640
0.07349825
0.07333589
0.07365608
0.07350111
0.07349515
0.07380581
0.07367659
0.07399273
0.07392693
0.07386398
0.07378101
0.07422614
0.07412386
0.07394981
0.07416177
0.07418537
0.07412767
0.07431269
0.07429266
0.07411838
0.07443428
0.07437062
0.07420158
0.07454133
0.07458639
0.07372665
0.07398987
0.07395196
0.07389569
0.07559562
0.07427263
0.07415247
0.07439733
0.07457304
0.07430148
0.07544947
0.07533073
0.07446599
0.07485437
0.07488418
0.07463360
0.07509351
0.07486010
0.07586336
0.07601309
0.07596612
0.07585096
0.07615733
0.07614756
0.07587957
0.07626987
0.07626677
0.07629418
0.07643962
0.07655621
0.07645321
0.07657480
0.07664704
0.07653236
0.07671142
0.07695174
0.07684922
0.07709932
0.07697654
0.07690072
0.07733774
0.07723522
0.07717133
0.07758975
0.07755589
0.07744789
0.07763982
0.07785487
0.07753301
0.07785344
0.07773352
0.07757616
0.07809281
0.07826209
0.07797337
0.07816243
0.07820535
0.07828736
0.07838511
0.07838488
0.07841539
0.07848740
0.07852650
0.08116651
0.08035159
0.08105516
0.07880807
0.07884908
0.07885957
0.07883620
0.07933235
0.07927060
0.07902074
0.07927465
0.07939339
0.07908034
0.07946920
0.07945895
0.07935834
0.07955551
0.07955980
0.07952309
0.07967520
0.07974625
0.07970333
0.08003521
0.08001351
0.08006287
0.08022738
0.08037186
0.08030963
0.08052444
0.08055806
0.08035421
0.08062124
0.08089399
0.08059216
0.08077216
0.08095717
0.08075738
0.08102417
0.08095360
0.08105969
0.08117366
0.08103633
0.08109903
0.08122015
0.08125973
0.08125663
0.08173680
0.08159852
0.08139253
0.08179855
0.08169818
0.08178520
0.08180952
0.08182883
0.08172297
0.08214426
0.08206129
0.08185649
0.08224702
0.08267450
0.08216262
0.08253121
0.08256865
0.08240151
0.08180904
0.08290267
0.08240175
0.08244276
0.08238840
0.08205914
0.08249760
0.08250356
0.08247709
0.08266330
0.08263755
0.08254886
0.08285093
0.08288407
0.08275080
0.08371925
0.08398438
0.08379555
0.08416533
0.08410382
0.08426142
0.08428693
0.08423257
0.08420181
0.08450174
0.08444571
0.08435631
0.08464193
0.08467340
0.08447528
0.08475161
0.08451152
0.08490801
0.08480382
0.08517694
0.08488894
0.08523607
0.08532023
0.08532786
0.08763623
0.08550882
0.08539319
0.08561540
0.08565664
0.08556986
0.08564091
0.08566093
0.08562136
0.08596063
0.08590364
0.08588028
0.08599019
0.08605456
0.08600092
0.08619165
0.08649135
0.08833551
0.08627057
0.08728147
0.08637166
0.08664155
0.08668900
0.08642697
0.08679366
0.08668113
0.08678460
0.08703995
0.08694410
0.08681440
0.08705115
0.08706880
0.08709884
0.08727407
0.08716035
0.08713341
0.08743525
0.08728671
0.08729649
0.08764315
0.08773232
0.08740854
0.08784223
0.08784819
0.08767891
0.08798409
0.08794832
0.08799720
0.08805203
0.08814311
0.08818007
0.08843422
0.08837605
0.08827806
0.08899617
0.08864570
0.08843136
0.08870173
0.08938456
0.08877563
0.08895278
0.08915567
0.08874440
0.08902907
0.08909035
0.08920288
0.08934665
0.08926821
0.08915067
0.08944178
0.08955216
0.08941197
0.08951044
0.08976412
0.08966303
0.08987832
0.09255934
0.08969665
0.08997083
0.09006429
0.08988476
0.09024715
0.09025621
0.09023046
0.09050536
0.09067655
0.09024334
0.09059072
0.09060502
0.09052753
0.09083939
0.09073019
0.09097338
0.09101057
0.09098482
0.09088039
0.09115767
0.09112525
0.09197283
0.09142447
0.09130383
0.09124899
0.09148455
0.09148908
0.09135127
0.09168744
0.09186769
0.09474134
0.09208989
0.09210396
0.09173155
0.09201336
0.09201574
0.09171915
0.09304523
0.09213281
0.09198642
0.09257627
0.09247994
0.09237003
0.09281468
0.09262633
0.09223056
0.09272146
0.09300733
0.09256005
0.09288383
0.09319997
0.09295177
0.09321356
0.09310460
0.09294796
0.09320831
0.09336138
0.09316611
0.09362888
0.09346199
0.09338570
0.09371853
0.09374118
0.09351015
0.09365678
0.09395170
0.09374166
0.09429145
0.09405375
0.09384871
0.09436989
0.09443188
0.09423304
0.09441638
0.09448481
0.09434509
0.09461355
0.09464598
0.09435844
0.09498596
0.09494400
0.09615421
0.09520459
0.09504938
0.09494948
0.09519839
0.09521794
0.09505248
0.09536743
0.09583926
0.09516525
0.09580827
0.09558058
0.09536910
0.09574127
0.09553266
0.09554744
0.09610844
0.09592366
0.09571075
0.09612918
0.09604454
0.09604454
0.09625363
0.09634352
0.09598637
0.09645581
0.09639382
0.09632635
0.09683013
0.09648490
0.09644604
0.09654260
0.09655309
0.09653449
0.09688783
0.09693217
0.09676766
0.09722304
0.09712839
0.09695697
0.09723258
0.09744191
0.09707975
0.09760118
0.09764934
0.09742641
0.09772754
0.09771347
0.09786606
0.09773612
0.09794497
0.09772372
0.09819865
0.09813690
0.09802365
0.09830904
0.09823108
0.09799886
0.09827423
0.09840369
0.09839201
0.09873462
0.09882188
0.09849000
0.09888506
0.09878540
0.09876537
0.09911084
0.09933829
0.09883809
0.09907293
0.09907889
0.09893727
0.09922719
0.09935904
0.09985256
0.09954882
0.09935021
0.09930825
0.09979844
0.09964418
0.09955597
0.10003233
0.09989548
0.09953856
0.10003328
0.10010767
0.09996629
0.10048604
0.10025930
0.10016155
0.10064340
0.10036016
0.10039449
0.10067272
0.10060954
0.10038519
0.10081625
0.10110521
0.10058880
0.10096121
0.10106897
0.10121489
0.10132408
0.10120893
0.10097551
0.10147095
0.10146141
0.10132122
0.10178757
0.10174203
0.10138822
0.10163832
0.10168386
0.10165620
0.10197878
0.10208201
0.10185933
0.10214806
0.10231948
0.10208488
0.10231447
0.10245371
0.10242057
0.10257292
0.10246038
0.10252881
0.10282922
0.10259032
0.10261106
0.10310817
0.10293698
0.10252643
0.10321569
0.10315561
0.10290217
0.10331392
0.10324216
0.10315490
0.10350752
0.10355735
0.10330892
0.10368395
0.10365152
0.10338044
0.10395837
0.10379815
0.10358691
0.10394263
0.10413146
0.10386109
0.10440707
0.10456252
0.10405684
0.10442877
0.10449791
0.10428047
0.10457134
0.10474014
0.10473561
0.10472989
0.10479164
0.10453653
0.10508251
0.10515332
0.10472155
0.10517812
0.10519290
0.10505438
0.10530782
0.10552025
0.10511398
0.10562325
0.10545850
0.10530925
0.10593867
0.10582328
0.10552692
0.10584497
0.10605693
0.10582352
0.10609150
0.10610914
0.10604167
0.10628772
0.10639906
0.10603738
0.10649419
0.10637712
0.10635138
0.10680628
0.10660601
0.10631514
0.10688210
0.10674429
0.10648084
0.10698295
0.10690689
0.10668659
0.10716248
0.10726643
0.10687089
0.10730362
0.10725594
0.10708261
0.10768270
0.10750294
0.10733509
0.10782027
0.10781574
0.10755277
0.10800982
0.10793018
0.10762954
0.10788941
0.10807419
0.10800910
0.10817766
0.10821199
0.10790420
0.10824203
0.10825372
0.10795331
0.10854554
0.10852456
0.10842490
0.10874438
0.10878158
0.10850525
0.10891938
0.10890579
0.10875058
0.10927343
0.10920572
0.10903454
0.10933352
0.10941386
0.10919714
0.10947394
0.10939741
0.10932732
0.10962963
0.10969043
0.10946035
0.10972857
0.10978580
0.10966516
0.10990024
0.11006761
0.10965729
0.11036515
0.11025357
0.11027765
0.11037993
0.11049461
0.11022711
0.11062121
0.11055064
0.11044240
0.11099172
0.11085939
0.11074495
0.11096716
0.11113238
0.11068511
0.11100626
0.11424971
0.11096692
0.11117411
0.11125493
0.11109757
0.11159801
0.11152554
0.11107111
0.11169147
0.11178803
0.11157370
0.11210132
0.11201239
0.11167550
0.11206913
0.11197472
0.11174130
0.11210871
0.11250615
0.11198401
0.11244845
0.11245346
0.11211252
0.11398029
0.11269188
0.11247277
0.11293626
0.11294079
0.11263156
0.11293602
0.11296821
0.11287045
0.11304998
0.11326838
0.11302876
0.11345387
0.11344528
0.11308265
0.11346054
0.11351705
0.11329484
0.11361575
0.11381459
0.11343050
0.11378574
0.11377096
0.11348844
0.11400342
0.11418080
0.11386681
0.11437178
0.11437321
0.11393547
0.11441922
0.11459804
0.11446381
0.11459827
0.11486292
0.11437535
0.11479378
0.11489439
0.11467838
0.11488795
0.11499786
0.11477089
0.11510158
0.11536026
0.11502624
0.11541033
0.11543083
0.11529684
0.11569571
0.11548853
0.11521626
0.11578774
0.11566806
0.11544156
0.11579204
0.11577606
0.11562467
0.11598611
0.11635160
0.11562777
0.11630058
0.11617804
0.11588836
0.11651754
0.11656857
0.11718130
0.11661267
0.11665058
0.11633635
0.11686516
0.11711144
0.11660147
0.11737561
0.11709666
0.11683011
0.11730790
0.11715317
0.11674094
0.11729503
0.11748648
0.11721683
0.11756706
0.11747146
0.11722946
0.11767912
0.11778998
0.11755228
0.11816239
0.11817551
