0.02054739
0.04465747
0.04112458
0.04110169
0.04398060
0.04263330
0.04277635
0.04278946
0.04285765
0.04303360
0.04305530
0.04312778
0.04320145
0.04308176
0.04320550
0.04327607
0.04331183
0.04344630
0.04349542
0.04342365
0.04358315
0.04371238
0.04374194
0.04367185
0.04373956
0.04374123
0.04389429
0.04399705
0.04398656
0.04423547
0.04408789
0.04428506
0.04437327
0.04435444
0.04432535
0.04467750
0.04443717
0.04483795
0.04451752
0.04469657
0.04474473
0.04477048
0.04496908
0.04477572
0.04505587
0.04509735
0.04511714
0.04523373
0.04520249
0.04529858
0.04560995
0.04528236
0.04523659
0.04549932
0.04570818
0.04563284
0.04583716
0.04578328
0.04590654
0.04581094
0.04592466
0.04590559
0.04603648
0.04613066
0.04605389
0.04621005
0.04622555
0.04650974
0.04628968
0.04635024
0.04652095
0.04677320
0.04675984
0.04676175
0.04661322
0.04678679
0.04687262
0.04703689
0.04698896
0.04691529
0.04707527
0.04716921
0.04719043
0.04727054
0.04736733
0.04735804
0.04751515
0.04749179
0.04756522
0.04761267
0.04777646
0.04780412
0.04787827
0.04770970
0.04798436
0.04802465
0.04781985
0.04812527
0.04811525
0.04826593
0.04835010
0.04856896
0.04848099
0.04846597
0.04835439
0.04857707
0.04858232
0.04857564
0.04879808
0.04888272
0.04872656
0.04894376
0.04901695
0.04912496
0.04894805
0.04918146
0.04928017
0.04929352
0.04929328
0.04943442
0.04926085
0.04958415
0.04954338
0.04968882
0.04957557
0.04976964
0.04969788
0.04983306
0.04995847
0.04985476
0.05000806
0.05017948
0.05007386
0.05018854
0.05085397
0.05048800
0.05041981
0.05053949
0.05036592
0.05057359
0.05050731
0.05076790
0.05078578
0.05063486
0.05098152
0.05086184
0.05082941
0.05101800
0.05109882
0.05100584
0.05105686
0.05130482
0.05134320
0.05159402
0.05153251
0.05162048
0.05153990
0.05173731
0.05167031
0.05179572
0.05184245
0.05213380
0.05191612
0.05198741
0.05212879
0.05212426
0.05228329
0.05241656
0.05233049
0.05242968
0.05254316
0.05256820
0.05258179
0.05263329
0.05260921
0.05281067
0.05302835
0.05277348
0.05292106
0.05297709
0.05299282
0.05311537
0.05323863
0.05339193
0.05326486
0.05327797
0.05329537
0.05350947
0.05375648
0.05362439
0.05373907
0.05399466
0.05386710
0.05386138
0.05388117
0.05421257
0.05412030
0.05412364
0.05423570
0.05435991
0.05426860
0.05446386
0.05457377
0.05450845
0.05463195
0.05560088
0.05580306
0.05570722
0.05466723
0.05488324
0.05492043
0.05502033
0.05505300
0.05528927
0.05515337
0.05533814
0.05533218
0.05546117
0.05527878
0.05537033
0.05553317
0.05561376
0.05560017
0.05580544
0.05583501
0.05587864
0.05583048
0.05595374
0.05602908
0.05613852
0.05618739
0.05619287
0.05637956
0.05618620
0.05636048
0.05663180
0.05657768
0.05662370
0.05661106
0.05672336
0.05668235
0.05672765
0.05690384
0.05694580
0.05699730
0.05698228
0.05703568
0.05724001
0.05743051
0.05744767
0.05725265
0.05738640
0.05759597
0.05755663
0.05760479
0.05760407
0.05765080
0.05775571
0.05779529
0.05799866
0.05802441
0.05819035
0.05818748
0.05829191
0.05819964
0.05846953
0.05839896
0.05844331
0.05849171
0.05883050
0.05860972
0.05876207
0.05876923
0.05891228
0.05909228
0.05890846
0.05879879
0.05921292
0.05912042
0.05916023
0.06008387
0.05936265
0.05925369
0.05956173
0.05961370
0.05975604
0.05960608
0.05971885
0.05984092
0.05974960
0.05994058
0.05988932
0.06004381
0.05993342
0.06007624
0.06030512
0.06037068
0.06031752
0.06053185
0.06062937
0.06053615
0.06050801
0.06065321
0.06072426
0.06078386
0.06108046
0.06085157
0.06141090
0.06164670
0.06102800
0.06109548
0.06135106
0.06120324
0.06138754
0.06150222
0.06150937
0.06144762
0.06159067
0.06175423
0.06191707
0.06176186
0.06186175
0.06194949
0.06199241
0.06185770
0.06340718
0.06220198
0.06240106
0.06241846
0.06229997
0.06242394
0.06261563
0.06264520
0.06274104
0.06281137
0.06267977
0.06287885
0.06276798
0.06284928
0.06307054
0.06409502
0.06307530
0.06310558
0.06327891
0.06325603
0.06331992
0.06339860
0.06415963
0.06357050
0.06363034
0.06353879
0.06363583
0.06383038
0.06386137
0.06367731
0.06386209
0.06417227
0.06415510
0.06421351
0.06428027
0.06431341
0.06478930
0.06657219
0.06441808
0.06449008
0.06452346
0.06476784
0.06479120
0.06478524
0.06483936
0.06494451
0.06494045
0.06508660
0.06524539
0.06519985
0.06516290
0.06547689
0.06542349
0.06540346
0.06563210
0.06564617
0.06553841
0.06565905
0.06573319
0.06557560
0.06595325
0.06609273
0.06609726
0.06606269
0.06633043
0.06608033
0.06627035
0.06645656
