0.02768731
0.06046152
0.05837321
0.05814576
0.05969882
0.05903053
0.05899453
0.05906534
0.05907464
0.05904031
0.05930543
0.05927992
0.05938911
0.05949545
0.05947304
0.05969834
0.05964637
0.05964398
0.05990267
0.05984426
0.05976033
0.05985761
0.06009722
0.06014347
0.06018877
0.06014013
0.06023884
0.06020451
0.06037235
0.06044054
0.06046581
0.06056929
0.06060457
0.06079483
0.06071758
0.06098533
0.06090593
0.06104970
0.06113052
0.06125879
0.06111836
0.06367445
0.06121588
0.06144714
0.06129241
0.06140137
0.06150413
0.06154943
0.06161857
0.06159639
0.06180358
0.06187844
0.06187296
0.06216764
0.06197333
0.06197476
0.06209111
0.06216145
0.06208038
0.06217170
0.06200838
0.06196213
0.06237793
0.06254196
0.06254864
0.06260657
0.06257558
0.06269598
0.06283665
0.06254125
0.06300163
0.06307459
0.06306577
0.06295562
0.06294823
0.06310225
0.06281328
0.06343198
0.06290984
0.06292224
0.06321049
0.06328392
0.06330800
0.06377697
0.06356812
0.06380582
0.06341815
0.06363440
0.06357408
0.06369853
0.06371593
0.06370950
0.06379294
0.06385756
0.06386638
0.06400084
0.06457353
0.06401801
0.06406236
0.06433630
0.06428480
0.06442618
0.06438971
0.06494808
0.06458879
0.06453943
0.06501079
0.06462240
0.06487608
0.06548429
0.06496048
0.06496787
0.06504726
0.06515694
0.06515980
0.06514359
0.06520820
0.06524038
0.06534147
0.06540751
0.06599450
0.06564260
0.06570721
0.06564641
0.06563663
0.06581306
0.06631970
0.06627584
0.06585383
0.06601524
0.06615782
0.06703115
0.06655455
0.06634521
0.06609321
0.06649733
0.06650496
0.06639194
0.06658292
0.06646204
