0.01793957
0.04308057
0.03981328
0.03998613
0.04280138
0.04188657
0.04163146
0.04166842
0.04171014
0.04167843
0.04163337
0.04179811
0.04191399
0.04199290
0.04185200
0.04208827
0.04211211
0.04211092
0.04222369
0.04228950
0.04225683
0.04234576
0.04243994
0.04266095
0.04253912
0.04258418
0.04265928
0.04273319
0.04281211
0.04282618
0.04287958
0.04302096
0.04291272
0.04306006
0.04317713
0.04326272
0.04333782
0.04340196
0.04333305
0.04340339
0.04429221
0.04346156
0.04349232
0.04373288
0.04382491
0.04426146
0.04391956
0.04400229
0.04406881
0.04401755
0.04408717
0.04416060
0.04414415
0.04443121
0.04438305
0.04433894
0.04431629
0.04450321
0.04464293
0.04465103
0.04471159
0.04466605
0.04481912
0.04475451
0.04488707
0.04495168
0.04502583
0.04517555
0.04504371
0.04524517
0.04570389
0.04526567
0.04544568
0.04540277
0.04546046
0.04556084
0.04557967
0.04560113
0.04571366
0.04585409
0.04588747
0.04599094
0.04617262
0.04602098
0.04604101
0.04617476
0.04620862
0.04618692
0.04632568
0.04651499
0.04647040
0.04652858
0.04656529
0.04668975
0.04664207
0.04685831
0.04680181
0.04743004
0.04701233
0.04706144
0.04704833
0.04705405
0.04728818
0.04736543
0.04739833
0.04727936
0.04755950
0.04750943
0.04769588
0.04768062
0.04768801
0.04786587
0.04791021
0.04782367
0.04849076
0.04796267
0.04797626
0.04811096
0.04810357
0.04817677
0.04820561
0.04831839
0.04840755
0.04850817
0.04871678
0.04863620
0.04875135
0.04864335
0.04880857
0.04880071
0.04872203
0.04894543
0.04902720
0.04909706
0.04910970
0.04914522
0.04926920
0.04934216
0.04937458
0.04932499
0.04950905
0.04947734
0.04947639
0.04947925
0.04978442
0.04975891
0.04978180
0.04987192
0.04976320
0.04991889
0.05006719
0.05040574
0.05011845
0.05028367
0.05018163
0.05015469
0.05039215
0.05044103
0.05050254
0.05043387
0.05054593
0.05051088
0.05068851
0.05078101
0.05081630
0.05084586
0.05100155
0.05089355
0.05092525
0.05116105
0.05121732
0.05132937
0.05135965
0.05339837
0.05302548
0.05306721
0.05181479
0.05219555
0.05172467
0.05177140
0.05164242
0.05191112
0.05199480
0.05207586
0.05223608
0.05228019
0.05307055
0.05238628
0.05230284
0.05236793
0.05253291
0.05253816
0.05268049
0.05269980
0.05278587
0.05278111
0.05285835
0.05281878
0.05293703
0.05297971
0.05321836
0.05313063
0.05320358
0.05369997
0.05405569
0.05371237
0.05378580
0.05424762
0.05431437
0.05437589
0.05454350
0.05445719
0.05440712
0.05480385
0.05487728
0.05469847
0.05494595
0.05502629
0.05497050
0.05512166
0.05493021
0.05526710
0.05513644
0.05518246
0.05540299
0.05542326
0.05537868
0.05559731
0.05570269
0.05563331
0.05579185
0.05579019
0.05584002
0.05598259
0.05599523
0.05602479
0.05606318
0.05612707
0.05618286
0.05629396
0.05786967
0.05636859
0.05651832
0.05600762
0.05578041
0.05592537
0.05667877
0.05611277
0.05615020
0.05603361
0.05613470
0.05642629
0.05622387
0.05641246
0.05633473
0.05638790
0.05668759
0.05663180
0.05657363
0.05674005
0.05688119
0.05695295
0.05698729
0.05714774
0.05710864
0.05708504
0.05729628
0.05731273
0.05735636
0.05750442
0.05749488
0.05803204
0.05833554
0.05832815
0.05832696
0.05783987
0.05826116
0.05863380
0.05868602
0.05871153
0.05885744
0.05877614
0.05894303
0.05870199
0.05836225
0.05844092
0.05846763
0.05849290
0.05852675
0.05913520
0.05942917
0.05947042
0.05958939
0.05948114
0.05974388
0.05979180
0.05990076
0.05970383
0.06014466
0.05996108
0.06010818
0.06018472
0.06024933
0.06024623
0.06045532
0.06041646
0.06039786
0.06067896
0.06068802
0.06057835
0.06074739
0.06055474
0.06067276
0.06095767
0.06080341
0.06087995
0.06099248
0.06101036
0.06115246
0.06133771
0.06136799
0.06124806
0.06137776
0.06155086
0.06160235
0.06102633
0.06138206
