0.01810932
0.04313803
0.04007554
0.04013801
0.04306412
0.04190731
0.04181719
0.04205561
0.04212809
0.04199362
0.04209256
0.04197812
0.04211521
0.04219007
0.04237342
0.04234910
0.04230595
0.04246449
0.04258823
0.04255533
0.04263854
0.04269838
0.04276633
0.04277802
0.04282379
0.04298425
0.04303932
0.04308915
0.04311943
0.04311275
0.04329205
0.04333830
0.04329324
0.04390216
0.04355931
0.04342294
0.04348588
0.04361129
0.04364514
0.04379129
0.04376006
0.04373860
0.04396129
0.04403281
0.04392266
0.04397631
0.04416919
0.04422212
0.04431963
0.04420924
0.04431891
0.04435587
0.04469752
0.04482007
0.04463625
0.04464722
0.04465938
0.04468656
0.04475117
0.04482722
0.04485559
0.04497266
0.04503655
0.04491806
0.04524755
0.04524446
0.04520822
0.04534888
0.04526949
0.04531646
0.04538441
0.04552317
0.04562831
0.04563498
0.04567599
0.04573059
0.04578257
0.04586792
0.04598498
0.04604626
0.04616070
0.04619360
0.04623246
0.04663444
0.04643106
0.04642272
0.04645300
0.04648733
0.04678011
0.04662967
0.04665065
0.04671526
0.04679370
0.04679227
0.04689240
0.04712152
0.04712009
0.04708099
0.04724193
0.04727554
0.04731035
0.04738784
0.04766583
0.04747319
0.04745674
0.04760623
0.04765463
0.04772377
0.04774117
0.04770160
0.04786277
0.04791832
0.04938817
0.04799891
0.04800582
0.04816318
0.04830837
0.04823637
0.04824734
0.04842377
0.04854035
0.04845572
0.04856396
0.04857111
0.04864907
0.04842687
0.04869246
0.04879904
0.04884791
0.04876733
0.04883647
0.04899359
0.04904008
0.04907990
0.04904461
0.04918575
0.04927850
0.04927778
0.04933953
0.04939628
0.04939747
0.04955649
0.04969263
0.04965639
0.04970813
0.04978919
0.04991269
0.04993200
0.05020905
0.05006027
