0.01831841
0.04466939
0.04102468
0.04087138
0.04390025
0.04369450
0.04249501
0.04273891
0.04277587
0.04277134
0.04269719
0.04277802
0.04288030
0.04298234
0.04303551
0.04303646
0.04307508
0.04313183
0.04323816
0.04341388
0.04340076
0.04334760
0.04352117
0.04357934
0.04350209
0.04355216
0.04378963
0.04373574
0.04387903
0.04395151
0.04382920
0.04390740
0.04404211
0.04394174
0.04431462
0.04423857
0.04431558
0.04427266
0.04450297
0.04452372
0.04469085
0.04455090
0.04482222
0.04494238
0.04496455
0.04488087
0.04504061
0.04499006
0.04504132
0.04515505
0.04499245
0.04507780
0.04547429
0.04552269
0.04545808
0.04556227
0.04556179
0.04567099
0.04596257
0.04571033
0.04575443
0.04587197
0.04591036
0.04610252
0.04613733
0.04609919
0.04623914
0.04630899
0.04625297
0.04651761
0.04651856
0.04673791
0.04657435
0.04683590
0.04673815
0.04679561
0.04675603
0.04683948
0.04692388
0.04699564
0.04713798
0.04719448
0.04717541
0.04718447
0.04731679
0.04733300
0.04737830
0.04746008
0.04764175
0.04754376
0.04761505
0.04762459
0.04764748
0.04774237
0.04795527
0.04783702
0.04817486
0.04810214
0.04807448
0.04817390
0.04815745
0.04831624
0.04836392
0.04847479
0.04845119
0.04856586
0.04858088
0.04874563
0.04873180
0.04869103
0.04856610
0.04886270
0.04893494
0.04892278
0.04883289
0.04910707
0.04926276
0.04919004
0.04922104
0.04924488
0.04918242
0.04938149
0.04944921
0.05040288
0.04965258
0.04957056
0.04978633
0.04959941
0.04980087
0.05003309
0.04992270
0.05000210
0.05023575
0.05015445
0.05004811
0.05029535
0.05053496
0.05042934
0.05054235
0.05045938
0.05038595
0.05058789
0.05051780
0.05081606
0.05067945
0.05082822
0.05099726
0.05101514
0.05104184
0.05109334
0.05124927
0.05131912
0.05120230
0.05133414
0.05148554
0.05140996
0.05166268
0.05150819
0.05165100
0.05178571
0.05171180
0.05184031
0.05190945
0.05198574
0.05200982
0.05221295
0.05211711
0.05215287
0.05201387
0.05246401
0.05235028
0.05239439
0.05251646
0.05269575
0.05270886
0.05273104
0.05289340
0.05268335
0.05296659
0.05300832
0.05297446
0.05301881
0.05296159
0.05334234
0.05334830
0.05366397
0.05322528
0.05350065
0.05366158
0.05351353
0.05369496
0.05381584
0.05387712
0.05386710
0.05386972
0.05385303
0.05398011
0.05412865
0.05416584
0.05421329
0.05440331
0.05438423
0.05441403
0.05446863
0.05461836
0.05473638
0.05465007
0.05479121
0.05483699
0.05488467
0.05505872
0.05500793
0.05504775
0.05512953
0.05510402
0.05536509
0.05540514
0.05533195
0.05539536
0.05548549
0.05568624
0.05560660
0.05558228
0.05569983
0.05603170
0.05593610
0.05618834
0.05595136
0.05611515
0.05608034
0.05620217
0.05643249
0.05628419
0.05639505
0.05671430
0.05649924
0.05670309
0.05657983
0.05677748
0.05683017
0.05698085
0.05687881
0.05679178
0.05694556
0.05713177
0.05719995
0.05732179
0.05725622
0.05710554
0.05750799
0.05811071
0.05746651
0.05764389
0.05747390
0.05771804
0.05804157
0.05796003
0.05784941
0.05790138
0.05790019
0.05789685
0.05799723
0.05819583
0.05820584
0.05837345
0.05840373
0.05847597
0.05853558
0.05848122
0.05858827
0.05869389
0.05881906
0.05895686
0.05893803
0.05897117
0.05905819
0.05906773
0.05915165
0.05902243
0.05925846
0.05948615
0.05942273
0.05950570
0.05953836
0.05957794
0.05966234
0.05979919
0.05961299
0.05984998
0.05993319
0.06003404
0.05987072
0.06000185
0.06006813
0.06031084
0.06029201
0.06048012
0.06040597
0.06066394
0.06027246
0.06052780
0.06051517
0.06057405
0.06082773
0.06071758
0.06095338
0.06101227
0.06104040
0.06097722
0.06110907
0.06126714
0.06131387
0.06135321
0.06144643
0.06158018
0.06162405
0.06164789
0.06155658
0.06169629
0.06173182
0.06170607
0.06200290
0.06188202
0.06202579
0.06212163
0.06209493
0.06215072
0.06205249
0.06235385
0.06243324
0.06240082
0.06252027
0.06251526
0.06256080
0.06265020
0.06261492
0.06301689
0.06279182
0.06294513
0.06299829
0.06304026
0.06304574
0.06339335
0.06337500
0.06329727
0.06354046
0.06334853
0.06330609
0.06348062
0.06359935
0.06368518
0.06375909
0.06380010
0.06395340
0.06391168
0.06398773
0.06403351
0.06412792
0.06424856
0.06414652
0.06447840
0.06445384
0.06449723
0.06453180
0.06451941
0.06464577
0.06478477
0.06476903
0.06475163
0.06482577
0.06489992
0.06500006
0.06501102
0.06532288
0.06520820
0.06524754
0.06544924
0.06533790
0.06550670
0.06539130
0.06558633
0.06585240
0.06570673
0.06578612
0.06578112
0.06590581
0.06598544
0.06594276
0.06623507
0.06639361
0.06606817
0.06625628
0.06635022
0.06643176
0.06650066
0.06647587
0.06720495
0.06666517
0.06670189
0.06684852
0.06681061
0.06689739
0.06685853
0.06706572
0.06702614
0.06731772
0.06725574
0.06719351
0.06738544
0.06734920
0.06738424
0.06754851
0.06747746
0.06758928
0.06772709
0.06781983
0.06776857
0.06779814
0.06795669
0.06781602
0.06794763
0.06821728
0.06803036
0.06825709
0.06828594
0.06823301
0.06837535
0.07078934
0.06860828
0.06833172
0.06859565
0.06870031
0.06870174
0.06884289
0.06876063
0.06898308
0.06967163
0.06890345
0.06901336
0.06904960
0.06921721
0.06926012
0.06931233
0.06941032
0.06931591
0.06955457
0.06951666
0.06968570
0.06970620
0.06983614
0.06992030
0.06998467
0.06998849
0.07003474
0.07005763
0.07032347
0.07027769
0.07022190
0.07032752
0.07034159
0.07063341
0.07057905
0.07045722
0.07062817
0.07083583
0.07083559
0.07089829
0.07097173
0.07107902
0.07110190
0.07120347
0.07109642
0.07271600
0.07112956
0.07125545
0.07143378
0.07158208
0.07124281
0.07173324
0.07163095
0.07174277
0.07173657
0.07180595
0.07196021
0.07200789
0.07211351
0.07214880
0.07195473
0.07206774
0.07237649
0.07219124
0.07245874
0.07251811
0.07241702
0.07257223
0.07267809
0.07252383
0.07271814
0.07279897
0.07301021
0.07291365
0.07283401
0.07293749
0.07291174
0.07325435
0.07327294
0.07326579
0.07331634
0.07337332
0.07344556
0.07348251
0.07343245
0.07362103
0.07368469
0.07384801
0.07389164
0.07397437
0.07395935
0.07407093
0.07436562
0.07419086
0.07412124
0.07435942
0.07432485
0.07423639
0.07442379
0.07456446
0.07526636
0.07475519
0.07452178
0.07459164
0.07491422
0.07493448
0.07488775
0.07490969
0.07510471
0.07512212
0.07517672
0.07511234
0.07528377
0.07544923
0.07537699
0.07554483
0.07568717
0.07564640
0.07590437
0.07592440
0.07583094
0.07585478
0.07576776
0.07596111
0.07609797
0.07623124
0.07628036
0.07639313
0.07642698
0.07654905
0.07651901
0.07676530
0.07667899
0.07676339
0.07682300
0.07678604
0.07683372
0.07698631
0.07692647
0.07710624
0.07711196
0.07740688
0.07734013
0.07729292
0.07735109
0.07743168
0.07765245
0.07748699
0.07753658
0.07765293
0.07786822
0.07778740
0.07774568
0.07796931
0.07784319
0.07809305
0.07817745
0.07817173
0.07794857
0.07829952
0.07843351
0.07842016
0.07847714
0.07852030
0.07857203
0.07893324
0.07872534
0.07873464
0.07884645
0.07860374
0.07870150
0.07884192
0.07914519
0.07920051
0.07940173
0.07923150
0.07937598
0.07954764
0.07948327
0.07955790
0.07969999
0.07957649
0.07986712
0.07968283
0.07977891
0.07996488
0.07994556
0.08005834
0.08031845
0.08016014
0.08028960
0.08023500
0.08049250
0.08043838
0.08031368
0.08062410
0.08073783
0.08064008
0.08075905
0.08079624
0.08080864
0.08097410
0.08088017
0.08110833
0.08130622
0.08130646
0.08114886
0.08138418
0.08155823
0.08131003
0.08145237
0.08153725
0.08161521
0.08173347
0.08160877
0.08179545
0.08191276
0.08203888
0.08188367
0.08221006
0.08212590
0.08232474
0.08227801
0.08230448
0.08234692
0.08258367
0.08250833
0.08262539
0.08262253
0.08285689
0.08262563
0.08292270
0.08267856
0.08285618
0.08289623
0.08296013
0.08313251
0.08312392
0.08304048
0.08320856
0.08331466
0.08355808
0.08331561
0.08362246
0.08376074
0.08364773
0.08366609
0.08399701
0.08521557
0.08609152
0.08623147
0.08421803
0.08531451
0.08411264
0.08430457
0.08448482
0.08423448
0.08433461
0.08433580
0.08422780
0.08444881
0.08460474
0.08447456
0.08474016
0.08486056
0.08483005
0.08494329
0.08512878
0.08495355
0.08511996
0.08535695
0.08518434
0.08540773
0.08561897
0.08542848
0.08549643
0.08562970
0.08573055
0.08563757
0.08592868
0.08579636
0.08576775
0.08582449
0.08618283
0.08606815
0.08604670
0.08613420
0.08621621
0.08630824
0.08636045
0.08658671
0.08643961
0.08660316
0.08668661
0.08668017
0.08662701
0.08669496
0.08683825
0.08678460
0.08680725
0.08712006
0.08710504
0.08752632
0.08754086
0.08729982
0.08725119
0.08791542
0.08748221
0.08748960
0.08746529
0.08760571
0.08769107
0.08777595
0.08791113
0.08784938
0.08797717
0.08800697
0.08799195
0.08804679
0.08818078
0.08825874
0.08816528
0.08839750
0.08850527
0.08847356
0.08864522
0.08872676
0.08877516
0.08870888
0.08892083
0.08884215
0.08904004
0.08893156
0.08913112
0.08915234
0.08924031
0.08924222
0.08941746
0.08935547
0.08951378
0.08946896
0.08961487
0.08964133
0.08955979
0.08972597
0.08987927
0.08986974
0.09002876
0.09017110
0.09001350
0.09015942
0.09025931
0.09032941
0.09038496
0.09048390
0.09140873
0.09063601
0.09052372
0.09081817
0.09093070
0.09084654
0.09079123
0.09089494
0.09100389
0.09110022
0.09108233
0.09109211
0.09120631
0.09121704
0.09170914
0.09138298
0.09160566
0.09158087
0.09161878
0.09166002
0.09170485
0.09186029
0.09197783
0.09207749
0.09190559
0.09208345
0.09211516
0.09205151
0.09216762
0.09232235
0.09250093
0.09253359
0.09298444
0.09254146
0.09248805
0.09268451
0.09264088
0.09256220
0.09275413
0.09290314
0.09294891
0.09286237
0.09309030
0.09319425
0.09311175
0.09326363
0.09326291
0.09328651
0.09333110
0.09353614
0.09364128
0.09366488
0.09508228
0.09384489
0.09357142
0.09393477
0.09388900
0.09427309
0.09408045
0.09409428
0.09475541
0.09420347
0.09435797
0.09426141
0.09447718
0.09447336
0.09435225
0.09475732
0.09470487
0.09477806
0.09479046
0.09499979
0.09499311
0.09493208
0.09510612
0.09509969
0.09518886
0.09518719
0.09526277
0.09530067
0.09540820
0.09546041
0.09570003
0.09565735
0.09551883
0.09588599
0.09602380
0.09579730
0.09598565
0.09887695
0.09631157
0.09649253
0.09671402
0.09669709
0.09687805
0.09662199
0.09726810
0.09725261
0.09749484
0.09752893
0.09748459
0.09773827
0.09754205
0.09778523
0.09801579
0.09776402
0.09822536
0.09794140
0.09798646
0.09817553
0.09837604
0.09834981
0.09838820
0.09837174
0.09843659
0.09850693
0.09851933
0.09892774
0.09882760
0.09894633
0.09899330
0.09920835
0.09908986
0.09909439
0.09933162
0.09919214
0.09931612
0.09950686
0.09942079
0.09966445
0.09963751
0.09970593
0.09982491
0.09986115
0.09970713
0.09988666
0.09996653
0.10002518
0.10014153
0.10053444
0.10024333
0.10033274
0.10057998
0.10058999
0.10069704
0.10068369
0.10085225
0.10098028
0.10099506
0.10113645
0.10119224
0.10123968
0.10124159
0.10128403
0.10152030
0.10150480
0.10162115
0.10169792
0.10181952
0.10195184
0.10189772
0.10188222
0.10222602
0.10236478
0.10254979
0.10237789
0.10252500
0.10277486
0.10269833
0.10273242
0.10288763
0.10288119
0.10299969
0.10296631
0.10303807
0.10282969
0.10332489
0.10312748
0.10334015
0.10323215
0.10367370
0.10350299
0.10358644
0.10358810
0.10374403
0.10396457
0.10385013
0.10389352
0.10405898
0.10415864
0.10430670
0.10416770
0.10436559
0.10439682
0.10454106
0.10461354
0.10485888
0.10497546
0.10495162
0.10485315
0.10501957
0.10516739
0.10565424
0.10537100
0.10545468
0.10540223
0.10555863
0.10573530
0.10580826
0.10583568
0.10665584
0.10654283
0.10628986
0.10609365
0.10631657
0.10621023
0.10635328
0.10625935
0.10646319
0.10632300
0.10655522
0.10663176
0.10673690
0.10674453
0.10677409
0.10794497
0.10704756
0.10700464
0.10747123
0.10727096
0.10733032
0.10732627
0.10736585
0.10764194
0.10747528
0.10780287
0.10757113
0.10782003
0.10776663
0.10806799
0.10805321
0.10789418
0.10796666
0.10812140
0.10833931
0.10834599
0.10847116
0.10834360
0.10837245
0.10864377
0.10858369
0.10873151
0.10867405
0.10899138
0.10894966
0.10894060
0.10896468
0.11349750
0.10910702
0.10919690
0.10944629
0.10909152
0.10962391
0.10942745
0.10950804
0.10958838
0.10969400
0.10992169
0.10964727
0.10981703
0.10969162
0.11005116
0.11015701
0.10983849
0.11012244
0.11002350
0.11014628
0.11012268
0.11039209
0.11015987
0.11012578
0.11040688
0.11033988
0.11046147
0.11023068
0.11037064
0.11044788
0.11057687
0.11041927
0.11081743
0.11064577
0.11059690
0.11057711
0.11072993
0.11047053
0.11071801
0.11086607
0.11070204
0.11076593
0.11087275
0.11087465
0.11079812
0.11091828
0.11095738
0.11092925
0.11114717
0.11111093
0.11126065
0.11123180
0.11126876
0.11124969
0.11133981
0.11130619
0.11146164
0.11158371
0.11154294
0.11162972
0.11166048
0.11164355
0.11175299
0.11188984
0.11171508
0.11191201
0.11165524
0.11181879
0.11202383
0.11182952
0.11199379
0.11210394
0.11206627
0.11221647
0.11230016
0.11245084
0.11219192
0.11227322
0.11240697
0.11244416
0.11248803
0.11271811
0.11400652
0.11268449
0.11270165
0.11274195
0.11278629
0.11262131
0.11268830
0.11303830
0.11306310
0.11316538
0.11307454
0.11330914
0.11339164
0.11325002
0.11319375
0.11342454
0.11343956
0.11348057
0.11357188
0.11340380
0.11353374
0.11360312
0.11366439
0.11372280
0.11350417
0.11387587
0.11382937
0.11397409
0.11415815
0.11380816
0.11350608
0.11327434
0.11343193
0.11350894
0.11352515
0.11361289
0.11366272
0.11373782
0.11345458
0.11373782
0.11395645
0.11376143
0.11392617
0.11404514
0.11399484
0.11390996
0.11419153
0.11409616
0.11419988
0.11429477
0.11421919
0.11426449
0.11444211
0.11456728
0.11460328
0.11447930
0.11464238
0.11493397
0.11484146
0.11471653
0.11494684
0.11500788
0.11481476
0.11501980
0.11509800
0.11524844
0.11532021
0.11536264
0.11531067
0.11546707
0.11547852
0.11545491
0.11545420
0.11561394
0.11567068
0.11576319
0.11571240
0.11592865
0.11568618
0.11608434
0.12045908
0.11895514
0.11623693
0.11642814
0.11615777
0.11628842
0.11640954
0.11647248
0.11653924
0.11643124
0.11665678
0.11665463
0.11678672
0.11683059
0.11677718
0.11692476
0.11706758
0.11728764
0.11711884
0.11696291
0.11741948
0.11735845
0.11737657
0.11726403
0.11745930
0.11748791
0.11752343
0.11761355
0.11864233
0.11770606
0.11777091
0.11767173
0.11779380
0.11798644
0.11811090
0.11821461
0.11810160
0.11816645
0.11825967
0.11824727
0.11834311
0.11836386
0.11850095
0.11871457
0.12081957
0.11895347
0.11868548
0.11967254
0.11906433
0.11961412
0.11890435
0.11932063
0.11910892
0.11943269
0.11930037
0.11938119
0.11938405
0.11949515
0.11937737
0.11950040
0.11938906
0.11965585
0.11973310
0.11971760
0.11969733
0.11982560
0.11968613
0.11983228
0.12020278
0.12023664
0.12016559
0.12015080
0.12027121
0.12029433
0.12041140
0.12026262
0.12073374
0.12068129
0.12069535
0.12077808
0.12079930
0.12063360
0.12086725
0.12099433
0.12104893
0.12086964
0.12100601
0.12115908
0.12126064
0.12132645
0.12137818
0.12141037
0.12144589
0.12590003
0.12176490
0.12178373
0.12163925
0.12203693
0.12214470
0.12196469
0.12190080
0.12201953
0.12220335
0.12226915
0.12225342
0.12234068
0.12235379
0.12234378
0.12219405
0.12258005
0.12253070
0.12262654
0.12276125
0.12269688
0.12276649
0.12292337
0.12295008
0.12315655
0.12328267
0.12315583
0.12328172
0.12317061
0.12347603
0.12346792
0.12335491
0.12372088
0.12361407
0.12370062
0.12373257
0.12377810
0.12376642
0.12386227
0.12394857
0.12509322
0.12406969
0.12421918
0.12414861
0.12423182
0.12438321
0.12439728
0.12437248
0.12447810
0.12457752
0.12461662
0.12497759
0.12473512
0.12475824
0.12483573
0.12440991
