0.02279091
0.04153538
0.04037142
0.04033518
0.04281640
0.04302382
0.04183269
0.04186249
0.04202008
0.04212999
0.04204273
0.04227352
0.04220796
0.04224658
0.04233360
0.04227710
0.04237509
0.04244304
0.04250216
0.04274678
0.04272175
0.04267216
0.04276919
0.04266763
0.04284716
0.04303622
0.04288340
0.04300451
0.04317021
0.04302001
0.04316139
0.04328942
0.04341269
0.04350138
0.04334354
0.04356003
0.04371357
0.04369712
0.04391384
0.04380798
0.04381776
0.04394865
0.04404688
0.04405475
0.04397964
0.04407263
0.04409027
0.04414773
0.04436731
0.04441333
0.04454184
0.04440379
0.04454732
0.04453135
0.04469275
0.04476547
0.04474211
0.04484034
0.04490161
0.04485965
0.04494786
0.04501081
0.04502773
0.04516029
0.04526377
0.04675341
0.04542685
0.04542875
0.04529810
0.04546404
0.04571629
0.04571843
0.04558635
0.04582095
0.04589272
0.04582691
0.04620862
0.04618192
0.04605007
0.04603863
0.04608488
0.04620409
0.04683137
0.04624867
0.04659462
0.04644752
0.04655957
0.04656410
0.04655671
0.04666734
0.04660869
0.04696226
0.04669809
0.04680443
0.04690027
0.04709125
0.04708171
0.04726338
0.04732895
0.04717350
0.04734015
0.04732370
0.04737020
0.04738379
0.04758000
0.04751587
0.04762053
0.04757380
0.04769683
0.04781985
0.04778910
0.04781175
0.04835463
0.04799223
0.04806161
0.04825425
0.04845428
0.04816413
0.04829788
0.04853559
0.04838443
0.04847550
0.04856396
0.04866815
0.04858065
0.04869485
0.04887986
0.04877758
0.04887128
0.04908156
0.04896903
0.04907608
0.04920268
0.04926276
0.04945111
0.04931545
0.04939961
0.04933977
0.04949093
0.04957247
0.04969907
0.04966092
0.04974914
0.04977608
0.04991126
0.04993367
0.05003929
0.05021834
0.05007410
0.05011678
0.05010462
0.05027032
0.05036068
0.05042386
0.05056286
0.05045128
0.05053306
0.05076408
0.05068302
0.05078101
0.05090213
0.05091500
0.05129647
0.05099106
0.05102730
0.05110264
0.05122209
0.05136466
0.05134821
0.05140686
0.05156779
0.05141830
0.05157208
0.05181551
0.05168772
0.05168891
0.05183721
0.05191827
0.05185413
0.05204749
0.05193734
0.05215764
0.05216813
0.05220270
0.05236220
0.05235934
0.05233574
0.05246997
0.05255628
0.05268431
0.05266309
0.05253053
0.05289602
0.05288911
0.05296254
0.05299783
0.05299568
0.05307198
0.05335045
0.05321431
0.05341601
0.05344200
0.05347395
0.05349922
0.05376148
0.05368090
0.05374455
0.05375552
0.05390644
0.05380082
0.05394578
0.05417752
0.05419040
0.05425382
0.05474424
0.05441213
0.05454516
0.05430603
0.05448818
0.05452943
0.05459142
0.05463433
0.05476260
0.05479550
0.05486107
0.05487275
0.05484867
0.05482531
0.05493331
0.05510592
0.05518365
0.05525684
0.05537200
0.05536890
0.05536962
0.05553937
0.05554414
0.05564117
0.05579019
0.05567479
0.05572796
0.05598259
0.05593419
0.05595994
0.05600500
0.05607963
0.05638051
0.05648136
0.05666018
0.05641270
0.05642796
0.05639505
0.05662727
0.05663586
0.05678320
0.05673575
0.05684328
0.05701447
0.05698061
0.05706310
0.05710649
0.05726218
0.05727148
0.05736494
0.05742669
0.05751801
0.05751348
0.05763912
0.05763245
0.05776310
0.05789351
0.05792379
0.05796194
0.05796170
0.05806565
0.05800939
0.05814934
0.05824113
0.05827284
0.05836296
0.05835247
0.05863738
0.05852580
0.05852938
0.05874252
0.05875134
0.05884266
0.05890989
0.05885005
0.05897236
0.05902195
0.05916858
0.05915070
0.05916858
0.05924296
0.05933356
0.05945921
0.05933285
0.05959344
0.05960202
0.05960107
0.05961275
0.05971050
0.05974221
0.05994081
0.05966973
0.06000257
0.06005573
0.06005263
0.06006694
0.06010127
0.06023479
0.06027102
0.06024384
0.06033897
0.06066966
0.06047535
0.06054902
0.06064582
0.06069303
0.06081557
0.06098247
0.06091404
0.06074023
0.06104732
0.06118393
0.06117177
0.06117940
0.06129432
0.06122613
0.06124878
0.06167698
0.06150413
0.06150341
0.06170774
0.06172419
0.06180787
0.06189394
0.06193805
0.06269121
0.06205273
0.06197953
0.06212306
0.06219602
0.06251049
0.06228781
0.06235218
0.06244946
0.06248140
0.06253886
0.06282377
0.06268382
0.06274986
0.06278324
0.06288552
0.06288075
0.06301355
0.06308842
0.06340361
0.06311727
0.06335092
0.06336093
0.06344581
0.06358981
0.06358004
0.06366396
0.06373477
0.06392860
0.06392431
0.06386137
0.06340218
0.06339335
0.06401277
0.06408715
0.06433177
0.06441212
0.06429100
0.06419706
0.06445670
0.06477952
0.06446242
0.06466079
0.06449080
0.06481290
0.06490707
0.06486845
0.06485319
0.06496024
0.06491923
0.06491923
0.06511998
0.06503296
0.06515646
0.06512523
0.06532836
0.06537986
0.06556439
0.06536984
0.06554937
0.06787014
0.06568432
0.06553316
0.06582141
0.06575012
0.06578255
0.06603646
0.06605721
0.06713486
0.06629729
0.06945419
0.06641006
0.06856632
0.06733370
0.06635928
0.06678557
0.06658077
0.06658435
0.06653690
0.06677198
0.06673384
0.06693935
0.06685734
0.06701136
0.06696796
0.06720662
0.06699252
0.06706071
0.06739378
0.06743431
0.06748152
0.06755781
0.06738091
0.06769586
0.06769466
0.06801987
0.06783462
0.06783533
0.06781197
0.06777382
0.06802130
0.06798720
0.06822371
0.06831932
0.06831431
0.06841230
0.06851983
0.06859732
0.06805539
0.06813502
0.06865978
0.06874394
0.06864762
0.06881762
0.06847048
0.06901479
0.06905365
0.06912374
0.06913137
0.06922078
0.06916285
0.06925917
0.06918836
0.06945610
0.06939816
0.06956863
0.06958580
0.06960344
0.06962109
0.06995320
0.06975603
0.07001185
0.07003164
0.07008719
0.07016349
0.07009172
0.07057810
0.07029366
0.07036257
0.07023501
0.07032561
0.07068181
0.07058024
0.07080245
0.07084441
0.07067704
0.07079315
0.07100725
0.07113099
0.07109761
0.07110715
0.07118964
0.07122588
0.07142448
0.07136226
0.07237935
0.07147288
0.07177663
0.07152486
0.07161188
0.07206249
0.07173491
0.07197905
0.07185340
0.07184505
0.07208300
0.07215881
0.07224607
0.07241988
0.07242203
0.07222819
0.07238793
0.07264066
0.07276702
0.07274604
0.07279325
0.07281661
0.07293630
0.07307553
0.07307315
0.07306480
0.07314777
0.07325172
0.07303476
0.07340384
0.07357407
0.07344723
0.07358193
0.07355642
0.07373428
0.07382607
0.07385159
0.07389426
0.07391334
0.07393622
0.07403421
0.07411432
0.07436204
0.07435966
0.07434273
0.07412958
0.07434201
0.07437682
0.07450747
0.07604051
0.07460833
0.07456946
0.07481551
0.07490039
0.07489061
0.07476640
0.07487464
0.07477736
0.07495880
0.07509589
0.07514548
0.07528138
0.07528090
0.07519794
0.07536292
0.07532024
0.07548690
0.07650566
0.07552147
0.07558179
0.07578921
0.07581472
0.07594323
0.07600331
0.07605028
0.07594514
0.07616925
0.07625008
0.07615304
0.07633924
0.07631922
0.07635117
0.07641792
0.07653117
0.07652473
0.07662296
0.07667160
0.07659292
0.07687473
0.07691669
0.07687283
0.07688046
0.07702661
0.07693982
0.07712817
0.07765508
0.07736540
0.07731676
0.07710409
0.07777929
0.07714820
0.07778120
0.07778358
0.07763267
0.07790589
0.07781792
0.07797647
0.07803679
0.07803535
0.07852888
0.07819200
0.07797647
0.07840800
0.07851720
0.07852554
0.07852840
0.07865667
0.07853889
0.07876825
0.07889390
0.07889271
0.07889724
0.07907748
0.07883310
0.07909846
0.07916784
0.07941222
0.07941246
0.07941580
0.07932401
0.07949662
0.07952690
0.07976794
0.07959795
0.07973504
0.07958603
0.07977629
0.07994366
0.08000851
0.08007574
0.07999086
0.08001351
0.08026457
0.08026814
0.08043528
0.08041453
0.08065939
0.08068013
0.08054757
0.08055115
0.08080387
0.08082223
0.08090448
0.08062840
0.08107233
0.08127475
0.08113742
0.08120203
0.08123875
0.08127785
0.08128452
0.08160615
0.08153057
0.08169174
0.08174276
0.08146167
0.08161688
0.08214951
0.08184671
0.08195591
0.08209872
0.08194900
0.08215880
0.08241177
0.08241558
0.08240843
0.08247876
0.08232427
0.08261085
0.08279634
0.08279538
0.08277369
0.08285999
0.08291531
0.08311105
0.08314800
0.08297181
0.08307719
0.08315563
0.08301687
0.08345199
0.08350873
0.08347607
0.08342171
0.08362007
0.08329630
0.08399558
0.08389449
0.08404303
0.08389640
0.08425903
0.08386421
0.08399296
0.08432460
0.08438873
0.08447194
0.08435154
0.08452225
0.08441567
0.08458018
0.08459902
0.08484054
0.08469868
0.08428192
0.08479261
0.08496666
0.08504510
0.08486438
0.08508778
0.08503509
0.08511925
0.08527660
0.08530951
0.08541250
0.08551264
0.08551192
0.08544540
0.08555412
0.08559847
0.08575416
0.08561563
0.08560181
0.08592296
0.08583856
0.08605075
0.08612013
0.08623242
0.08605385
0.08620691
0.08628535
0.08660150
0.08640480
0.08665466
0.08641243
0.08654284
0.08679485
0.08681536
0.08688140
0.08689666
0.08666825
0.08697128
0.08700395
0.08712769
0.08721042
0.08755898
0.08710265
0.08747005
0.08717513
0.08728147
0.08710074
0.08738589
0.08712053
0.08768177
0.08787990
0.08787727
0.08795738
0.08801699
0.08784151
0.08815360
0.08834648
0.08843756
0.08835578
0.08835340
0.08831477
0.08854342
0.08853626
0.08858919
0.08878469
0.08873129
0.08856964
0.08902979
0.08910251
0.08904290
0.08897376
0.08917522
0.08906126
0.08918285
0.08931565
0.08949566
0.08948946
0.08952832
0.08932137
0.08988237
0.08968806
0.08982396
0.08974242
0.08994150
0.08972406
0.08995867
0.09020185
0.09018350
0.09010077
0.09030747
0.09023881
0.09041476
0.09042597
0.09045553
0.09036469
0.09048271
0.09017539
0.09071565
0.09065294
0.09118724
0.09084654
0.09101868
0.09073997
0.09119248
0.09111404
0.09108019
0.09463787
0.09109378
0.09109640
0.09132338
0.09139395
0.09172416
0.09176183
0.09175253
0.09158230
0.09186363
0.09186339
0.09198737
0.09197140
0.09207058
0.09190202
0.09225917
0.09243631
0.09260440
0.09241629
0.09259987
0.09228230
0.09262109
0.09267974
0.09284782
0.09264278
0.09271216
0.09267712
0.09317565
0.09311795
0.09316659
0.09315300
0.09307241
0.09295225
0.09331894
0.09334230
0.09341836
0.09347010
0.09350252
0.09334755
0.09354734
0.09374356
0.09389687
0.09372425
0.09403920
0.09370089
0.09510350
0.09415650
0.09422851
0.09428144
0.09440637
0.09431100
0.09456038
0.09444737
0.09452915
0.09440732
0.09479737
0.09496140
0.09543204
0.09567070
0.09599233
0.09595990
0.09625435
0.09587049
0.09611964
0.09640837
0.09880233
0.09653163
0.09649682
0.09696293
0.09665394
0.09662747
0.09689760
0.09679627
0.09704351
0.09673333
0.09728551
0.09718704
0.09730506
0.09733868
0.09739017
0.09724522
0.09760976
0.09791946
0.09788728
0.09800768
0.09797478
0.09792638
0.09807611
0.09825540
0.09813762
0.09843707
0.09847546
0.09837246
0.09860063
0.10005546
0.09881043
0.09913993
0.09902334
0.09875870
0.09911275
0.09941316
0.09951568
0.09972048
0.09965944
0.09941792
0.09983015
0.09990501
0.10019016
0.10007739
0.10023117
0.10006356
0.10011435
0.10017705
0.10020733
0.10028052
0.10030866
0.10008907
0.10024500
0.10041189
0.10050011
0.10059094
0.10057354
0.10025907
0.10060549
0.10069203
0.10085726
0.10089970
0.10054708
0.10043740
0.10074687
0.10078406
0.10078692
0.10089207
0.10076618
0.10057092
0.10080695
0.10082722
0.10113478
0.10094690
0.10104966
0.10079551
0.10167241
0.10106826
0.10133576
0.10143447
0.10129619
0.10129094
0.10142875
0.10129404
0.10153937
0.10154510
0.10146785
0.10138917
0.10172343
0.10164022
0.10163450
0.10153246
0.10119772
0.10073924
0.10112453
0.10130286
0.10226035
0.10136962
0.10147405
0.10144305
0.10145164
0.10145187
0.10158014
0.10176349
0.10177302
0.10158873
0.10187340
0.10189104
0.10197783
0.10209417
0.10206389
0.10196042
0.10223675
0.10228729
0.10244417
0.10670352
0.10246134
0.10223365
0.10249949
0.10255671
0.10259771
0.10273910
0.10284519
0.10245562
0.10286212
0.10305405
0.10285974
0.10285664
0.10307193
0.10296583
0.10333705
0.10325456
0.10327506
0.10329604
0.10386467
0.10296631
0.10362744
0.10364938
0.10363078
0.10376954
0.10371614
0.10350871
0.10387635
0.10410094
0.10432816
0.10405636
0.10429263
0.10389352
0.10428667
0.10447931
0.10452724
0.10448456
0.10443997
0.10443735
0.10474563
0.10473275
0.10484838
0.10496688
0.10479164
0.10458469
0.10501194
0.10514069
0.10522676
0.10539532
0.10526323
0.10494614
0.10529876
0.10543060
0.10544777
0.10544586
0.10546207
0.10533094
0.10582638
0.10576034
0.10590053
0.10600233
0.10605168
0.10586405
0.10631776
0.10620689
0.10623431
0.10627151
0.10634518
0.10614562
0.10648441
0.10645795
0.10647225
0.10638309
0.10652494
0.10632324
0.10664582
0.10679483
0.10697985
0.10690761
0.10694933
0.10674977
0.10715747
0.10723829
0.10723352
0.10737085
0.10733652
0.10722017
0.10755706
0.10756230
0.10805202
0.10761571
0.10779190
0.10738111
0.10781097
0.10781717
0.10785270
0.10817385
0.10823774
0.10788345
0.10825300
0.10827446
0.10846472
0.10844135
0.10865402
0.10833979
0.10874510
0.10880613
0.10876942
0.10848212
0.10860395
0.10828829
0.10897470
0.10907745
0.10937858
0.10922933
0.10927892
0.10888124
0.10953784
0.10940480
0.10967135
0.10959697
0.10958767
0.10939121
0.10982537
0.10992384
0.11012053
0.11007857
0.11028671
0.10998154
0.11021829
0.11119509
0.11040378
0.11044717
0.11041403
0.11016941
0.11068821
0.11058235
0.11063671
0.11092114
0.11082554
0.11071348
0.11106181
0.11094666
0.11110258
0.11098051
0.11105371
0.11117458
0.11132455
0.11132884
0.11151004
0.11154032
0.11143327
0.11114097
0.11159921
0.11150718
0.11173701
0.11160350
0.11191368
0.11169600
0.11205268
0.11208177
0.11213493
0.11220956
0.11230278
0.11179733
0.11218047
0.11238408
0.11260986
0.11257362
0.11644125
0.11212850
0.11262393
0.11266112
0.11281300
0.11356854
0.11295176
0.11270738
0.11276674
0.11307430
0.11335683
0.11309290
0.11330748
0.11312056
0.11344957
0.11352396
0.11362648
0.11345077
0.11360192
0.11338568
0.11389446
0.11402726
0.11399055
0.11384249
0.11412668
0.11384845
0.11402726
0.11429477
0.11557603
0.11437964
0.11452150
0.11421347
0.11453438
0.11441612
0.11489725
0.11494780
0.11474729
0.11433530
0.11479378
0.11504006
0.11522436
0.11511135
0.11524630
0.11488295
0.11540079
0.11550832
0.11554265
0.11551404
0.11553407
0.11515617
0.11573243
0.11599708
0.11591148
0.11583900
0.11607122
0.11561394
0.11632180
0.11600900
0.11620593
0.11630034
0.11649847
0.11590314
0.11645150
0.11658430
0.11653328
0.11686873
0.11665750
0.11642957
0.11704779
0.11689401
0.11698556
0.11694551
0.11710858
0.11695671
0.11742735
0.11726975
0.11736059
0.11759567
0.11742783
0.11744118
0.11768794
0.11775494
0.11805010
0.11799240
0.11813569
0.11786556
0.11805391
0.11809421
0.11820269
0.11825109
0.11853027
0.11800432
0.11846256
0.11858702
0.11883807
0.11872029
0.11867213
0.11840534
0.11892414
0.11886883
0.11887765
0.11920643
0.11908388
0.11882448
0.11923194
0.11932373
0.11927104
0.11942482
0.12398458
0.12188721
0.11965609
0.11937189
0.11953521
0.11960578
0.11942697
0.11929464
0.11994863
0.11980200
0.11999083
0.12019157
0.12007999
0.11982512
0.12026286
0.12020373
0.12022710
0.12034798
0.12038064
0.12004423
0.12036824
0.12048960
0.12065744
0.12067771
0.12088299
0.12051082
0.12085533
0.12097907
0.12101746
0.12104964
0.12109852
0.12078142
0.12122202
0.12134600
0.12155080
0.12157726
0.12191105
0.12124205
0.12164330
0.12166691
0.12183785
0.12191463
0.12189245
0.12171912
0.12224936
0.12199330
0.12216210
0.12222958
0.12221432
0.12210608
0.12247777
0.12258959
0.12260103
0.12274432
0.12304616
0.12236094
0.12277007
0.12285662
0.12315083
0.12302399
0.12298226
0.12277985
0.12320280
0.12312484
0.12332940
0.12329221
0.12383318
0.12301636
0.12349391
0.12371707
0.12361217
0.12371325
0.12383413
0.12356019
0.12380862
0.12383175
0.12414384
0.12417698
0.12405419
0.12387800
0.12410474
0.12446189
0.12450194
0.12446833
0.12458277
0.12447262
0.12474728
0.12472653
0.12475443
0.12499356
0.12525129
0.12500715
0.12501073
0.12536097
0.12596536
0.12515640
0.12524462
0.12497091
0.12524152
0.12520933
0.12554240
0.12566662
0.12572646
0.12542534
0.12653351
0.12593293
0.12613058
0.12602830
0.12605596
0.12561512
0.12618899
0.12642026
0.12630796
0.12641239
0.12652540
0.12612081
0.12628341
0.12679315
0.12684536
0.12672448
0.12660480
0.12658858
0.12701440
0.13217020
0.12731552
0.12740183
0.12738633
0.12672091
0.12740350
0.12855816
0.12767339
0.12744808
0.12777138
0.12727427
0.12775946
0.12770391
0.12804914
0.12785125
0.12801218
0.12775159
0.12813473
0.12802386
0.12813616
0.12836933
0.12853599
0.12799430
0.12818456
0.12843466
0.12849593
0.12843728
0.12851024
0.12815928
0.12849689
0.12901139
0.12911105
0.12930274
0.12915635
0.12868786
0.12926531
0.12917829
0.12937665
0.12954497
0.12946987
0.12911201
0.12968397
0.12978268
0.13121033
0.12975383
0.13009953
0.12969208
0.13009620
0.13092542
0.13016248
0.13010073
0.13019705
0.13014865
0.13042092
0.13059139
0.13049173
0.13063335
0.13066983
0.13039947
0.13059068
0.13075733
0.13085818
0.13104916
0.13120389
0.13062334
0.13083577
0.13095784
0.13102722
0.13129711
0.13112426
0.13090801
0.13145137
0.13142371
0.13140893
0.13158584
0.13152027
0.13130069
0.13155866
0.13186145
0.13202143
0.13200474
0.13220072
0.13150525
0.13215351
0.13213587
0.13249683
0.13221216
0.13235736
0.13205147
0.13231993
0.13235116
0.13255310
0.13256884
0.13264132
0.13239360
0.13278270
0.13280702
0.13281083
0.13291311
0.13303447
0.13264370
0.13295794
0.13299537
0.13327289
0.13325620
0.13337064
0.13279867
0.13342881
0.13344693
0.13379717
0.13352108
0.13366151
0.13329864
0.13488531
0.13786316
0.13409448
0.13400722
0.13406587
0.13377190
0.13416100
0.13421679
0.13435769
0.13438439
0.13434005
0.13415265
0.13450694
0.13461494
0.13469577
0.13474274
0.13491821
0.13472462
0.13500071
0.13513422
0.13527322
0.13526320
0.13555193
0.13600492
0.13540411
0.13558531
0.13544559
0.13564253
0.13563275
0.13519001
0.13566899
0.13568115
0.13602972
0.13592720
0.13583374
0.13536739
0.13602972
0.13597131
0.13610148
0.13632822
0.13645887
0.13628006
0.13648200
0.13823891
0.13663292
0.13684225
0.13667464
0.13647723
0.13665962
0.13705516
0.13713694
0.13687205
0.13715696
0.13654566
0.13698363
0.13744283
0.13739705
0.13758755
0.13746953
0.13706160
0.13774347
0.13789988
0.13817978
0.13787079
0.13816166
0.13745332
0.13855839
0.13831043
0.13830733
0.13848901
0.13822508
0.13822079
0.13925362
0.14415336
0.13970327
0.13973403
0.13987231
0.13919568
0.13974595
0.13973999
0.13990879
0.13990593
0.14010477
0.13972855
0.14026022
0.14017630
0.14038110
0.14032030
0.14033008
0.14015818
0.14075017
0.14069104
0.14079475
0.14072013
0.14045858
0.14029717
0.14054942
0.14054561
0.14039612
0.14018488
0.14047742
0.13997889
0.14037204
0.14040756
0.14063215
0.14075518
0.14056087
0.14043117
0.14077926
0.14214945
0.14108801
0.14106822
0.14111876
0.14077973
0.14115787
0.14125752
0.14132953
0.14108229
0.14146805
0.14108801
0.14137006
0.14197445
0.14153194
0.14145088
0.14163351
0.14142179
0.14189816
0.14177132
0.14203382
0.14175463
0.14204121
0.14133549
0.14198041
0.14216232
0.14211845
0.14230990
0.14228010
0.14149189
0.14250588
0.14244890
0.14281321
0.14286232
0.14294314
0.14238310
0.14283872
0.14273429
0.14308548
0.14285088
0.14299583
0.14419961
0.14300132
0.14315820
0.14300442
0.14320326
0.14326286
0.14307046
0.14344287
0.14351177
0.14349675
0.14369893
0.14383745
0.14856601
0.14374566
0.14398146
0.14416361
0.14397430
0.14413047
0.14369369
0.14438128
0.14410973
0.14410615
0.14471388
0.14490604
0.14399481
0.14478803
0.14495182
0.15084147
0.14497685
0.14502501
0.14448786
0.14508128
0.14526272
0.14550376
0.14531326
0.14538169
0.14479923
0.14543486
0.14549446
0.14563823
0.14576292
0.14576221
0.14535141
0.14594984
0.14573550
0.14597654
0.14615774
0.14617610
0.14557219
0.14605665
0.14637136
0.14724588
0.14639497
0.14642596
0.14631391
0.14659047
0.14651370
0.14653087
0.14642978
0.14658308
0.14617372
0.14670897
0.14675236
0.14670587
0.14696860
0.14680266
0.14673209
0.14706135
0.14708042
0.14761901
0.14724755
0.14743519
0.14706635
0.14767766
0.14764118
0.14760327
0.14785552
0.14789248
0.14722347
0.14774108
0.14783168
0.14806104
0.14779115
0.14798236
0.14759684
0.14819407
0.14841032
0.14855075
0.14843440
0.14843082
0.14797831
0.14858103
0.14864182
0.14898586
0.14897752
0.14911723
0.14827609
0.14901805
0.14904284
0.14891839
0.14912915
0.14944100
0.14897537
0.14939284
0.14968228
0.14957666
0.16786575
0.15680671
0.16404867
0.15576220
0.14981484
0.15202665
0.15377927
0.15561914
0.15079975
0.15222239
0.15294671
0.15125823
0.15832567
0.15132666
0.14983439
0.15035295
0.15190458
0.15061998
0.15059352
0.15052986
0.15043306
0.15094304
0.15086389
0.15101695
0.15099049
0.15093088
0.15049481
0.15133977
0.15148520
0.15154910
0.15143943
0.15130615
0.15148950
0.15156889
0.15162754
0.15291023
0.15191674
0.15181327
0.15137863
0.15203786
0.15798688
0.15255308
0.15208077
0.15235329
0.15167761
0.15253234
0.15245342
0.15257335
0.15261364
0.15259385
0.15248466
0.15264130
0.15278244
0.15425944
0.15324736
0.15301013
0.15263009
0.15412140
0.15324521
0.15360212
0.15335250
0.15357947
0.15308261
0.15367866
0.15532851
0.15377617
0.15394378
0.15389752
0.15385389
0.15408826
0.15412879
0.15398955
0.15405440
0.15405035
0.15384316
0.15427089
0.15423393
0.15449882
0.15413809
0.15460086
0.15412426
0.15512443
0.15455890
0.15477991
0.15457749
0.15475535
0.15429950
0.15511060
0.15521145
0.15518832
0.15513110
0.15536666
0.15465260
0.15533781
0.15695214
0.15560174
0.15549207
0.15548825
0.15525913
0.15648270
0.15571880
0.15580249
0.15587330
0.15584874
0.15543866
0.15577078
0.15614009
0.15614963
0.15609002
0.15654063
0.16138744
0.15655422
0.15688205
0.15793204
0.15669298
0.15674186
0.15604568
0.15673494
0.15663576
0.15708899
0.15710950
0.15694308
0.15661359
0.15709805
0.15752554
0.15734315
0.15744948
0.15759373
0.15711284
0.15785050
0.15812492
0.15791941
0.15784574
0.15791893
0.15725636
0.15786290
0.15815067
0.15791941
0.15823889
0.15807700
0.15760326
0.15857959
0.15830779
0.15836453
0.15860581
0.15848565
0.15823603
0.15923190
0.15958261
0.16009402
0.15997887
0.15998149
0.15949678
0.16039348
0.16055441
0.16021609
0.16032672
0.16053152
0.16032648
0.16095591
0.16062522
0.16073346
0.16058707
0.16108823
0.16022968
0.16098118
0.16107273
0.16151261
0.16117692
0.16160297
0.16124630
0.16163373
0.16222334
0.16202140
0.16192842
0.16208172
0.16155314
0.16249609
0.16240859
0.16217947
0.16277814
0.16286159
0.16215754
0.16266012
0.16335320
0.16270661
0.16296029
0.16291285
0.16225386
0.16253996
0.16278195
0.16287923
0.16315961
0.16286945
0.16252232
0.16346431
0.16316319
0.16332841
0.16326094
0.16313696
0.16264963
0.16432190
0.16349745
0.16361690
0.16349363
0.16371989
0.16333318
0.16330552
0.16340160
0.16376305
0.16371059
0.16385937
0.16374230
0.16422153
0.16413474
0.16385508
0.16411257
0.16432500
0.16367412
0.16401196
0.16436028
0.16400552
0.16393375
0.16421700
0.16346192
0.16348267
0.16347957
0.16431141
0.16370559
0.16382074
0.16352463
0.16410780
0.16407394
0.16438389
0.16413331
0.16399002
0.16363239
0.16432381
0.16416574
0.16437125
0.16416693
0.16477442
0.16415644
0.16471148
0.16474795
0.16529393
0.16484165
0.16505313
0.16429830
0.16511250
0.16499901
0.16520429
0.16518927
0.16516423
0.16460967
0.16539645
0.16529202
0.16535258
0.16511917
0.16535234
0.16497993
0.16607308
0.16576362
0.16613293
0.16711211
0.16616607
0.16570663
0.16627359
0.16606975
0.16622567
0.16644740
0.16616702
0.16585612
0.16707850
0.16659236
0.16675639
0.16656256
0.16679859
0.16594481
0.16692710
0.16930270
0.16686463
0.16697216
0.16733432
0.16647387
0.16739249
0.16731834
0.16746020
0.16750956
0.16752648
0.16694069
0.16795802
0.16791081
0.16780734
0.16759682
0.16813159
0.16730547
0.16798282
0.16794086
0.16794777
0.16798329
0.16801023
0.16782260
0.16836023
0.16829586
0.16845465
0.16875386
0.16841507
0.16794205
0.16856432
0.16877913
0.16866350
0.16890979
0.16901278
0.16784644
0.16839242
0.16820979
0.16828537
0.16816711
0.16829967
0.16786098
0.16843963
0.16843557
0.16864085
0.16856718
0.16884375
0.16807723
0.16863823
0.16885686
0.16884756
0.16890025
0.16913295
0.16873527
0.16925454
0.16937733
0.16955352
0.17200470
0.17289042
0.16976595
0.16945052
0.16949010
0.16959119
0.16945338
0.16985083
0.16972828
0.17002439
0.17005754
0.17014933
0.17003417
0.16999340
0.16980386
0.16989517
0.17010093
0.17022943
0.17381692
0.17037702
0.17003369
0.17061114
0.17044544
0.17085361
0.17074108
0.17084622
0.17053866
0.17118359
0.17062664
0.17064404
0.17114258
0.17097139
0.17051911
0.17106938
0.17153692
0.17161608
0.17164898
0.17330503
0.17140079
0.17303967
0.17173648
0.17209435
0.17168450
0.17456174
0.17183900
0.17220116
0.17231631
0.17239547
0.17258668
0.17299747
0.17174268
0.17196012
0.17209578
0.17274046
0.17243505
0.17299461
0.17209172
0.17229700
0.17271495
0.17372608
0.17301536
0.17342615
0.17249632
0.17295122
0.17386389
0.17327332
0.17459059
0.17371440
0.17275333
0.17370820
0.17374992
0.17354703
0.17397714
0.17411828
0.17346430
0.17466307
0.17431283
0.17401028
0.17417693
0.17440176
0.17386198
0.17418814
0.17437100
0.17474437
0.17464137
0.17440653
0.17398143
0.17444253
0.17458439
0.17490387
0.17481971
0.17496681
0.17630196
0.17511463
0.17513394
0.17560887
0.17498922
0.17508411
0.17478418
0.17557859
0.17528486
0.17570186
0.17576575
0.17585063
0.17464542
0.17578840
0.17584634
0.17589331
0.17574239
0.17606711
0.17512608
0.17577100
0.17596817
0.17599440
0.17616534
0.17632580
0.17599106
0.17682672
0.17663407
0.17740393
0.17701554
0.17690873
0.17628574
0.17740822
0.17724395
0.17730021
0.17707086
0.17710280
0.17638373
0.17742062
0.17714143
0.17744207
0.17717910
0.17728758
0.17699361
0.17782760
0.17780948
0.17798328
0.17779279
0.17802358
0.17733669
0.17801404
0.17780066
0.17827296
0.17834878
0.17815614
0.17777777
0.17803001
0.17862964
0.17862701
0.17857122
0.17872000
0.17824793
0.17869949
0.17874408
0.17902136
0.17882681
0.17909145
0.17825556
0.17904425
0.17911363
0.17967486
0.17940211
0.17941546
0.17877722
0.17945337
0.17949986
0.17969394
0.17943239
0.17981267
0.17912960
0.17992353
0.17972279
0.17971754
0.18052626
0.18003654
0.17921519
0.18043852
0.18050599
0.18030262
0.18040085
0.18072867
0.17994714
0.18099689
0.18112230
0.18131471
0.18119788
0.18120480
0.18017793
0.18130898
0.18256593
0.18105197
0.18122411
0.18114305
0.18050122
0.18144631
0.18164682
0.18101096
0.18132401
0.18157864
0.18110728
0.18181729
0.18207908
0.18193126
0.18228412
0.18218946
0.18112183
0.18303156
0.18220544
0.18216896
0.18219256
0.18254495
0.18189692
0.18264437
0.18281078
0.18275404
0.18370771
0.18294883
0.18220520
0.18262124
0.18291688
0.18265390
0.18297529
0.18308067
0.18251896
0.18360901
0.18344617
0.18358946
0.18318558
0.18347931
0.18297458
0.18331909
0.18321419
0.18367815
0.18345618
0.18368983
0.18336487
0.18411851
0.18395376
0.18394399
0.18419266
0.18419409
0.18379545
0.18415475
0.18443894
0.18462753
0.18448043
0.18464565
0.18395114
0.18479204
0.18505716
0.18503690
0.18481612
0.18489075
0.18428564
0.18530464
0.18535805
0.18548203
0.18542528
0.18571997
0.18486643
0.18567872
0.18577600
0.18578029
0.18593454
0.18590832
0.18584418
0.18628359
0.18579245
0.18627262
0.18606544
0.18589163
0.18521070
0.18631840
0.18640375
0.18674564
0.18658924
0.18661714
0.18616796
0.18662047
0.18680429
0.18690872
0.18651581
0.18567419
0.18536043
0.18548536
0.18520689
0.18568516
0.18537426
0.18574381
0.18456960
0.18556666
0.18561363
0.18558025
0.18605542
0.18555808
0.18494916
0.19365859
0.18578529
0.18616748
0.18620706
0.18633604
0.18545890
0.18640018
0.18618321
0.18674636
0.18624926
0.18602252
0.18543696
0.18607521
0.18648577
0.18618894
0.18649483
0.18709040
0.18585634
0.18688416
0.18678904
0.18694139
0.18745327
0.18756056
0.18685269
0.18743539
0.18741465
0.18785191
0.18816209
0.18768144
0.18740153
0.18778801
0.18775773
0.18790102
0.18820548
0.18808675
0.18732309
0.18878269
0.18871379
0.18881464
0.18869328
0.18867469
0.18774891
0.18877244
0.18837261
0.18860745
0.18899870
0.18897676
0.18831205
0.18935513
0.18923879
0.18952441
0.18952465
0.18936205
0.18975139
0.18960953
0.18976855
0.18991709
0.18951797
0.18996167
0.18914151
0.18988371
0.19016075
0.19032145
0.19007492
0.19014668
0.18915582
0.19031501
0.19008207
0.19036293
0.18990493
0.19022417
0.19006538
0.19079471
0.19079375
0.19096446
0.19089770
0.19091320
0.19012165
0.19085979
0.19105482
0.19139743
0.19080806
0.19129896
0.19082403
0.19175482
0.19104791
0.19124794
0.19201517
0.19159722
0.19052744
0.19173026
0.19185066
0.19431043
0.19156241
0.19189119
0.19205379
0.19190526
0.19382048
0.19269180
0.19255447
0.19205284
0.19167829
0.19239402
0.19251966
0.19257975
0.19233799
0.19284225
0.19196582
0.19300914
0.19360995
0.19313145
0.19323540
0.19345689
0.19282699
0.19322610
0.19304705
0.19286895
0.19348121
0.19334364
0.19286180
0.19355464
0.19533682
0.19408035
0.19389200
0.19395542
0.19281006
0.19333553
0.19379997
0.19410324
0.19396091
0.19416285
0.19369578
0.19431877
0.19452906
0.19471002
0.19426918
0.19468689
0.19384623
0.19472075
0.19521952
0.19508004
0.19454336
0.19512725
0.19414520
0.19802976
0.19469762
0.19525719
0.19504476
0.19585013
0.19472265
0.19591427
0.19543386
0.19541550
0.19534397
0.19577742
0.19466710
0.19591618
0.19588900
0.19598079
0.19593239
0.19603515
0.19546056
0.19635248
0.19591141
0.19597554
0.19629979
0.19674087
0.19560671
0.19699764
0.19654775
0.19716001
0.19677567
0.19674087
0.19589281
0.19675946
0.19706011
0.19673491
0.19686890
0.19706988
0.19680691
0.19758058
0.19727468
0.19845605
0.19758892
0.19757581
0.19687939
0.19764781
0.19760442
0.19780064
0.19765544
0.19803715
0.19739652
0.19852567
0.19825292
0.19841313
0.19821024
0.19830871
0.19738793
0.19840837
0.19829988
0.19858241
0.19816661
0.19846082
0.19783640
0.19843793
0.19901109
0.19923234
0.19922805
0.19896364
0.19818830
0.19933701
0.19927096
0.19932294
0.19899201
0.19922590
0.19860697
0.19932508
0.19916558
0.19950438
0.19952130
0.19982004
0.19916391
0.20017028
0.19994330
0.19988060
0.20027113
0.19995451
0.19919491
0.19990873
0.19988394
0.20027781
0.20044994
0.20028138
0.19999194
0.20063972
0.20071340
0.20088983
0.20099020
0.20119524
0.20015049
0.20115042
0.20297146
0.20751357
0.20154428
0.20132661
0.20112467
0.20136762
0.20168066
0.20144963
0.20138526
0.20201111
0.20056725
0.20159054
0.20183539
0.20199633
0.20230126
0.20179224
0.20111012
0.20218205
0.20184374
0.20245743
0.20199347
0.20253515
0.20150208
0.20256543
0.20271158
0.20266604
0.20232582
0.20250034
0.20202708
0.20294571
0.20292974
0.20307016
0.20304322
0.20327330
0.20230484
0.20279598
0.20316839
0.20356727
0.20334411
0.20403743
0.20272875
0.20362759
0.20386314
0.20375514
0.20403624
0.20347095
0.20312786
0.20358849
0.20429444
0.20415711
0.20402789
0.20453119
0.20356560
0.20641589
0.20428824
0.20424700
0.20418024
0.20447803
0.20382261
0.20475864
0.20495319
0.20502734
0.20505166
0.20508671
0.20416284
0.20584702
0.20471954
0.20569324
0.20509696
0.20488524
0.20456028
0.20566893
0.20571017
0.20615625
0.20569301
0.20555878
0.20499325
0.20601654
0.20616341
0.20604539
0.20625973
0.20624852
0.20601583
0.20926380
0.20660591
0.20628905
0.20666432
0.20675468
0.20637679
0.20660949
0.20651746
0.20667839
0.20668697
0.20707726
0.20579624
0.20696783
0.20728803
0.20703769
0.20685315
0.20721793
0.20629525
0.21569133
0.20878601
0.20743632
0.20741677
0.20765209
0.20697689
0.20809364
0.20745993
0.20786262
0.20757294
0.20798945
0.20758462
0.20826602
0.20781755
0.20801735
0.20849967
0.20872450
0.20756674
0.20844245
0.20839953
0.20858431
0.20864487
0.20858002
0.20785379
0.20840907
0.20882130
0.20922327
0.20904875
0.20951748
0.20833349
0.20927167
0.20931149
0.20928717
0.20946360
0.20969963
0.20903492
0.20961142
0.21017218
0.21041703
0.20975614
0.21005368
0.20945621
0.20996475
0.21015811
0.21008277
0.21068430
0.21003032
0.20907307
0.21033597
0.21030188
0.21044707
0.21152544
0.21033692
0.21176648
0.21183944
0.21155119
0.21143365
0.21098733
0.21127486
0.21020436
0.21157980
0.21119022
0.21106076
0.21145582
0.21162415
0.21062231
0.21172738
0.21208811
0.21188498
0.21162605
0.21191335
0.21101952
0.21240640
0.21291137
0.21290016
0.21211433
0.21199536
0.21141624
0.21221685
0.21195579
0.21225977
0.21192002
0.21247268
0.21196103
0.21383142
0.21243262
0.21314073
0.21321893
0.21287966
0.21204519
0.21295452
0.21275353
0.21307707
0.21324039
0.21365809
0.21267581
0.21645641
0.21358585
0.21347547
0.21379781
0.21381736
0.21311784
0.21381092
0.21350336
0.21385837
0.21415520
0.21369410
0.21326017
0.21437478
0.21412373
0.21476698
0.21477652
0.21492338
0.21435404
0.21478629
0.21474004
0.21540546
0.21428084
0.21480870
0.21412230
0.21542478
0.21535850
0.21543956
0.21527505
0.21538186
0.21448660
0.21483588
0.21538877
0.21558666
0.21589279
0.21576929
0.21488810
0.21574569
0.21568990
0.21578670
0.21570587
0.21587753
0.21544170
0.21636963
0.21604729
0.21626639
0.21733785
0.21705389
0.21601248
0.21654606
0.21678185
0.21719861
0.21719098
0.21666217
0.21590042
0.21674395
0.21713638
0.21731520
0.21735358
0.21743274
0.21640038
0.21770859
0.21760058
0.21736002
0.21730280
0.21782684
0.21692610
0.21759439
0.21790814
0.21777892
0.21802592
0.21816730
0.21703863
0.21787953
0.21783090
0.21847248
0.21793675
0.21830249
0.21774745
0.21861649
0.21878314
0.21912456
0.21901703
0.21878242
0.21794271
0.21912241
0.21885657
0.21869826
0.22028041
0.22018576
0.21914434
0.22007132
0.22039819
0.22110391
0.22066331
0.22032523
0.21994162
0.22051716
0.22124815
0.22137332
0.22132683
0.22071671
0.22026086
0.22144008
0.22143555
0.22162008
0.22111225
0.22140741
0.22082448
0.22182870
0.22268939
0.22204018
0.22223687
0.22255516
0.22148442
0.22269583
0.22243404
0.22251630
0.22237849
0.22220778
0.22151375
0.22257090
0.22248220
0.22199225
0.22196770
0.22268438
0.22197819
0.22270989
0.22262478
0.22253513
0.22248554
0.22257113
0.22165823
0.22222781
0.22258306
0.22283387
0.22251844
0.22175455
0.22414875
0.22269630
0.22250819
0.22265863
0.22273374
0.22316337
0.22200251
0.22253871
0.22287750
0.22345161
0.22362709
0.22331381
0.22251844
0.22297978
0.22292948
0.22337174
0.22291827
0.22285271
0.22253060
0.22353911
0.22368836
0.22393537
0.22331595
0.22359300
0.22272348
0.22413087
0.22430062
0.22436547
0.22438169
0.22455668
0.22338033
0.22504306
0.22468805
0.22442865
0.22428775
0.22433472
0.22361898
0.22422695
0.22457361
0.22490311
0.22493982
0.22493100
0.22399521
0.22452807
0.22480178
0.22484040
0.22521830
0.22570753
0.22412443
0.22556639
0.22625470
0.22593856
0.22547960
0.22570491
0.22445893
0.22541165
0.22477746
0.22573185
0.22538924
0.22586799
0.22503948
0.22597742
0.22606516
0.22649670
0.22638917
0.22634220
0.22524285
0.22637224
0.22614670
0.22715735
0.22645903
0.22704029
0.22595239
0.22721958
0.22677994
0.22662640
0.22752523
0.22752142
0.22801018
0.22761035
0.22784567
0.23059082
0.22787166
0.22795892
0.22689104
0.22798133
0.22794771
0.22800303
0.22774649
0.22812104
0.22757626
0.22920537
0.22851062
0.23052311
0.22914076
0.22884297
0.22754550
0.22863603
0.22884250
0.22920609
0.22910023
0.22926021
0.22858524
0.22976565
0.22941804
0.22929358
0.22934580
0.22970366
0.22848105
0.22922301
0.22956848
0.22974563
0.22976542
0.23162103
0.22852850
0.22953582
0.22995162
0.22940731
0.22977853
0.22950292
0.22884107
0.23098397
0.23007178
0.23009849
0.22998548
0.23056388
0.22916007
0.23014975
0.23010778
0.23024893
0.23033762
0.23042321
0.23011756
0.23363566
0.23102093
0.23127699
0.23196149
0.23133945
0.23031664
0.23139930
0.23097539
0.23120594
0.23107266
0.23116732
0.22994494
0.23133898
0.23175812
0.23358583
0.23141432
0.23176789
0.23080420
0.23129368
0.23150587
0.23181081
0.23154950
0.23219824
0.23170280
0.23226500
0.23272252
0.23248076
0.23302317
0.23232627
0.23172235
0.23245335
0.23259044
0.23242617
0.23287892
0.23322320
0.23270369
0.23333287
0.23310733
0.23264194
0.23328686
0.23343229
0.23237348
0.23324633
0.23317981
0.23384953
0.23366952
0.23346949
0.23281646
0.23383546
0.23359871
0.23388481
0.23395753
0.23421907
0.23462939
0.23440099
0.23426032
0.23506737
0.23430014
0.23446250
0.23328233
0.23466849
0.23405814
0.23487091
0.23453832
0.23464394
0.23402834
0.23486447
0.23518252
0.23473215
0.23821211
0.23495245
0.23391938
0.23547268
0.23572135
0.23581815
0.23591423
0.23587155
0.23467207
0.23619890
0.23536897
0.23597169
0.23584867
0.23633265
0.23485303
0.23642230
0.23638177
0.23719001
0.23607492
0.23618078
0.23601341
0.23667407
0.23637986
0.23658490
0.23665190
0.23709726
0.23620582
0.23659611
0.23649883
0.23704958
0.23735976
0.23757815
0.23646641
0.23767757
0.23759747
0.23826385
0.23747444
0.23736072
0.23710656
0.23893976
0.23777342
0.23791885
0.23776484
0.23792505
0.23710585
0.23791146
0.23798227
0.23882914
0.23807120
0.23854876
0.23680615
0.23868346
0.23857856
0.23907089
0.23894000
0.23923612
0.23799849
0.23985505
0.24213433
0.24075127
0.23901391
0.23820591
0.23760962
0.23870182
0.23854899
0.23906732
0.23890328
0.23893213
0.23822522
0.23918653
0.23910904
0.23940611
0.24041319
0.24001908
0.23818946
0.24017358
0.24047375
0.23952460
0.23999739
0.23914909
0.23907113
0.24016452
0.24070787
0.24078202
0.24133277
0.24163485
0.24032640
0.24142146
0.24156547
0.24254918
0.24110150
0.24098086
0.23968339
0.24092174
0.24109530
0.24152017
0.24137878
0.24205875
0.24048924
0.24145055
0.25226569
0.24531603
0.24207973
0.24154711
0.24091649
0.24271035
0.24242711
0.24305892
0.24260068
0.24299383
0.24148870
0.24231672
0.24260092
0.24328804
0.24233627
0.24233651
0.24119020
0.24244928
0.24246073
0.24283338
0.24278998
0.24267626
0.24687147
0.26096010
0.24312353
0.24271059
0.24330258
0.24358773
0.24271393
0.24361753
0.24360394
0.24655914
0.24438047
0.24364448
0.24387145
0.24469280
0.24449968
0.24423361
0.24504995
0.24436116
0.24363661
0.24437928
0.24441743
0.24637651
0.24677587
0.24490142
0.24447179
0.24530363
0.24532390
0.24465561
0.24587131
0.24525619
0.24415016
0.24576020
0.24659991
0.24647284
0.24733281
0.24612379
0.24650884
0.24529552
0.24557996
0.24580121
0.24625254
0.24941945
0.24484587
0.24909019
0.24871731
0.24591088
0.24587274
0.24637151
0.24487066
0.24628282
0.24667335
0.24709296
0.24693346
0.24669647
0.24563241
0.24613953
0.24703288
0.24678349
0.24733901
0.24680066
0.24693632
0.24770665
0.25141263
0.25072002
0.25007892
0.24809766
0.24674726
0.24757743
0.24783444
0.24955249
0.24827933
0.24802065
0.24710226
0.24802899
0.24754047
0.24770999
0.24819422
0.24960113
0.24860263
0.24930358
0.24943137
0.25003481
0.24973655
0.24938154
0.24829412
0.24969649
0.24943566
0.24907994
0.24956822
0.24929428
0.24873137
0.24915171
0.24899292
0.24920750
0.24924421
0.24909067
0.24804401
0.25074244
0.25056696
0.25002360
0.24975801
0.25007367
0.24890018
0.24979115
0.24967360
0.25052547
0.25018263
0.25109053
0.24900532
0.25106835
0.25048041
0.25060201
0.25146818
0.25159693
0.25024247
0.25068974
0.25051880
0.25071120
0.25056052
0.25024009
0.25009704
0.25170445
0.25328803
0.25142550
0.25093603
0.25081897
0.25024223
0.25103807
0.25138998
0.25221848
0.25239778
0.25229049
0.25088024
0.25219321
0.25205851
0.25230145
0.25206709
0.25237370
0.25116825
0.25218964
0.25233865
0.25317717
0.25244427
0.25207329
0.25137925
0.25241280
0.25177097
0.25302553
0.25257707
0.25392151
0.25226068
0.25355220
0.25360107
0.25346947
0.25378251
0.25319147
0.25269866
0.25367761
0.25337648
0.25385284
0.25363684
0.25343466
0.25249720
0.25395465
0.25355482
0.25323105
0.25401807
0.25403166
0.25384521
0.25620055
0.25451255
0.25393248
0.25427246
0.25366545
0.25290656
0.25466824
0.25492644
0.25534606
0.25505376
0.25822425
0.25428891
0.25444555
0.25473785
0.25540161
0.25544739
0.25529408
0.25433254
0.25549030
0.25587630
0.25553775
0.25566602
0.25529265
0.25442791
0.25631738
0.25582147
0.25628281
0.25593925
0.25579619
0.25444436
0.25613928
0.25655675
0.25702596
0.25698733
0.25697279
0.25640607
0.25703979
0.25702047
0.25679660
0.25704527
0.25714111
0.25620055
0.25724459
0.25707388
0.25828695
0.25695014
0.25774932
0.25659394
0.25679350
0.25751233
0.25789976
0.25773478
0.25830221
0.25663018
0.27747369
0.28340840
0.28261423
0.26766038
0.25896430
0.25746965
0.25894928
0.25892091
0.25930691
0.25903797
0.25933099
0.25798798
0.25832367
0.25868464
0.25853729
0.25999093
0.25932360
0.26114440
0.26235557
0.25992107
0.25992036
0.25927663
0.25953698
0.25852585
0.25935292
0.26021147
0.26032376
0.26107669
0.26066780
0.25962496
0.26118159
0.26170778
0.26088357
0.26119876
0.26004148
0.26112032
0.26287818
0.26197219
0.26216626
0.26215506
0.26251841
0.26829267
0.26278806
0.26279807
0.26216316
0.26256537
0.26299691
0.26195621
0.26368141
0.26317739
0.26325393
0.26254606
0.26342583
0.26261997
0.26619554
0.26331902
0.26326156
0.26287794
0.26331377
0.26208639
0.26251125
0.26393032
0.26347589
0.26378775
0.26361322
0.26354361
0.26390600
0.26381588
0.26397610
0.26383376
0.26424456
0.26624155
0.26510286
0.26477242
0.26584101
0.26458216
0.26485205
0.26267171
0.26453876
0.26422191
0.26435113
0.26443648
0.26502109
0.26393485
0.26569271
0.26469588
0.26465988
0.26417255
0.26433802
0.26393175
0.26523280
0.26535273
0.26601076
0.26537442
0.26545429
0.26463056
0.26489592
0.26612473
0.26478100
0.26618123
0.26642561
0.26528859
0.26637745
0.26684713
0.26645017
0.26671696
0.26623726
0.26592088
0.26670837
0.26716447
0.26690674
0.26704431
0.26691890
0.26635289
0.26779795
0.26790047
0.26782918
0.26795506
0.26820517
0.26665211
0.26789427
0.26810765
0.26765919
0.26773214
0.26746726
0.26746631
0.26845145
0.26813483
0.26792717
0.26891947
0.26780939
0.26733780
0.26762605
0.26927090
0.26907158
0.26957345
0.26956582
0.27023602
0.26915956
0.26917076
0.26980925
0.26876044
0.26965070
0.26872396
0.27025819
0.26939273
0.27051902
0.26997948
0.27012014
0.26895952
0.26988959
0.27480245
0.27096486
0.27095318
0.27264690
0.27005339
0.27069402
0.27017736
0.27086139
0.27129030
0.27178049
0.27013493
0.27189350
0.27150917
0.27132511
0.27142262
0.27206254
0.27022433
0.27111053
0.27020526
0.27095842
0.26978779
0.27066517
0.27083206
0.27145004
0.27160692
0.27144456
0.27094865
0.27135134
0.26997399
0.27149582
0.27213955
0.27199364
0.27501464
0.27348113
0.27115846
0.27281237
0.27269864
0.27358413
0.27251339
0.27319908
0.27160335
0.27331018
0.27347350
0.27309442
0.27300191
0.27281642
0.27197838
0.27374434
0.27406931
0.27388144
0.27410364
0.27371335
0.27385402
0.27467871
0.27495003
0.27505350
0.27522755
0.27491498
0.27378488
0.27505565
0.27488256
0.27443266
0.27367687
0.27396083
0.27503037
0.27561116
0.27615643
0.27637672
0.27582717
0.28071547
0.27840948
0.27599692
0.27493644
0.27589750
0.27621317
0.27579975
0.27392220
0.27718544
0.27489185
0.27583075
0.27491260
0.27644944
0.27605915
0.27684236
0.27658129
0.27793956
0.27692938
0.27910566
0.27613139
0.27711630
0.27822948
0.27766442
0.27796412
0.27663398
0.27631402
0.27742887
0.27769566
0.27755141
0.27781796
0.27795482
0.27654338
0.27766895
0.27797031
0.27796054
0.27788401
0.27827644
0.27824283
0.27848792
0.27881289
0.27841878
0.27790046
0.27644444
0.27687883
0.27771831
0.27838397
0.27836847
0.27865982
0.27946568
0.27799463
0.27870178
0.27843809
0.27835679
0.27757621
0.27836418
0.27785206
0.28064466
0.27876329
0.27808046
0.27852798
0.27794480
0.27650356
0.27896976
0.27892113
0.27878094
0.27840090
0.27906942
0.27712083
0.27852106
0.27848577
0.27912331
0.28017259
0.27914214
0.27871943
0.28143001
0.27930427
0.27939153
0.28005290
0.27791858
0.27701998
0.27842975
0.27855849
0.27809668
0.28032041
0.28068113
0.27871799
0.28027129
0.27962589
0.27980423
0.28293967
0.28184009
0.27996683
0.28629017
0.28025723
0.28072739
0.28143191
0.28069758
0.27912712
0.28293085
0.27982640
0.28040028
0.28051138
0.28156400
0.27941918
0.28019977
0.28150868
0.28064442
0.28069592
0.28138280
0.28018498
0.28139138
0.28141832
0.28107595
0.28111386
0.28136349
0.28009605
0.28192449
0.28208351
0.28200173
0.28208518
0.28245258
0.28112745
0.28282976
0.28165030
0.28206658
0.28237152
0.28263593
0.28205872
0.28271079
0.28159833
0.28333044
0.28154325
0.28246641
0.28221822
0.28323054
0.28285933
