0.02546048
0.05413771
0.05201793
0.05222106
0.05289340
0.05237865
0.05318761
0.05242085
0.05267596
0.05259156
0.05281544
0.05272150
0.05276680
0.05299354
0.05298758
0.05295825
0.05283642
0.05310297
0.05326009
0.05315256
0.05352807
0.05340886
0.05301094
0.05315495
0.05318332
0.05365443
0.05349731
0.05374718
0.05384970
0.05414224
0.05393767
0.05368567
0.05370378
0.05367804
0.05380416
0.05380464
0.05394554
0.05390072
0.05409837
0.05400109
0.05398464
0.05417657
0.05430555
0.05424714
0.05429506
0.05447102
0.05490828
0.05502963
0.05503297
0.05511856
0.05515289
0.05504608
0.05526042
0.05542850
0.05526686
0.05529284
0.05556273
0.05556679
0.05563283
0.05554152
0.05516696
0.05536127
0.05532384
0.05541992
0.05551004
0.05683351
0.05616951
0.05627728
0.05628991
0.05625868
0.05648685
0.05627322
0.05659556
0.05641508
0.05594158
0.05603933
0.05609345
0.05669260
0.05676961
0.05683398
0.05681705
0.05689812
0.05685019
0.05694556
0.05690908
0.05711460
0.05777097
0.05717301
0.05724788
0.05721116
0.05736923
0.05739665
0.05771756
0.05763197
0.05767465
0.05775476
0.05770659
0.05776238
0.05779052
0.05792356
0.05800557
0.05799508
0.05809951
0.05826163
0.05824065
0.05837846
0.05826163
0.05848694
0.05859876
0.05854821
0.05862880
0.05867505
0.05874801
0.05874372
0.05887556
0.05886102
0.05906296
0.05909133
0.05902815
0.05914164
0.05925870
0.05928516
0.05931640
0.05939507
0.05938959
0.05952263
0.05947781
0.05953622
0.05953336
0.05977440
0.05967784
0.05987072
0.06003261
0.05999875
0.06008816
0.05996823
0.06031561
0.06020951
0.06028962
0.06163025
0.06035662
0.06038690
0.06049776
0.06044579
0.06055713
0.06079721
0.06090760
0.06082726
0.06087637
0.06085944
0.06101632
0.06201243
0.06122375
0.06121778
0.06125689
0.06138158
0.06138515
0.06138396
0.06149960
0.06187201
0.06148601
0.06161356
0.06168532
0.06182265
0.06180906
0.06185389
0.06203270
0.06177545
0.06211114
0.06225371
0.06221080
0.06239986
0.06244230
0.06231594
0.06253123
0.06243229
0.06244278
0.06252670
0.06266642
0.06275630
0.06268811
0.06288123
0.06285548
0.06296492
0.06292105
0.06309843
0.06321144
0.06312370
0.06329226
0.06335640
0.06332088
0.06357503
0.06349492
0.06360435
0.06358838
0.06358957
0.06366754
0.06369281
0.06376982
0.06381106
0.06403995
0.06396842
0.06432986
0.06399155
0.06418657
0.06420398
0.06438494
0.06422067
0.06425500
0.06428528
0.06448150
0.06471491
0.06472397
0.06490874
0.06477475
0.06489515
0.06480193
0.06501865
0.06493926
0.06496739
0.06515837
0.06534004
0.06522775
0.06539536
0.06533003
0.06548858
0.06550050
0.06558108
0.06567240
0.06631088
0.06585193
0.06576371
0.06583786
0.06603599
0.06601644
0.06606531
0.06611776
0.06627536
0.06638718
0.06639099
0.06626678
0.06642246
0.06644726
0.06655192
0.06654787
0.06665444
0.06674433
0.06671953
0.06670284
0.06691170
0.06691718
0.06704259
0.06726742
0.06720972
0.06724668
0.06714392
0.06724906
0.06746936
0.06746602
0.06766772
0.06753254
0.06779957
0.06767607
0.06794143
0.06787944
0.06794357
0.06800961
0.06814575
0.06819272
0.06810784
0.06820393
0.06815457
0.06840801
0.06841111
0.06838584
0.06851530
0.06849551
0.06856203
0.06868672
0.06868887
0.06892180
0.06878138
0.06903315
0.06908727
0.06906986
0.06920910
0.06907153
0.06933856
0.06929684
0.06937003
0.06953096
0.06972384
0.06974077
0.06968880
0.06961250
0.06971335
0.06984973
0.06995273
0.06996036
0.06994104
0.07008386
0.07008672
0.07020116
0.07023382
0.07020092
0.07027197
0.07044697
0.07045317
0.07051563
0.07067466
0.07067657
0.07062435
0.07067370
0.07082343
0.07088161
0.07097745
0.07088280
0.07091403
0.07130313
0.07127404
0.07123947
0.07135177
0.07144260
0.07145143
0.07163215
0.07174850
0.07172012
0.07186055
0.07189393
0.07186127
0.07198930
0.07192683
0.07208586
0.07211399
0.07231379
0.07217407
0.07234406
0.07244682
0.07248163
0.07252789
0.07257009
0.07257366
0.07264423
0.07268214
0.07270169
0.07279277
0.07310939
0.07322335
0.07300615
0.07293296
0.07314086
0.07297516
0.07332993
0.07330298
0.07333302
0.07471991
0.07345462
0.07352901
0.07358885
0.07397103
0.07374787
0.07389808
0.07377934
0.07392883
0.07397532
0.07401896
0.07421756
0.07419348
0.07426763
0.07421207
0.07429838
0.07439256
0.07531095
0.07468772
0.07458806
0.07471609
0.07460785
0.07462215
0.07473683
0.07488108
0.07497072
0.07527471
0.07513905
0.07495737
0.07520747
0.07519341
0.07531881
0.07540417
0.07540965
0.07533073
0.07566023
0.07568598
0.07567954
0.07639790
0.07581902
0.07586265
0.07611132
0.07614183
0.07632852
0.07633352
0.07623816
0.07621670
0.07631087
0.07630444
0.07638574
0.07893705
0.07670927
0.07661152
0.07667685
0.07674527
0.07685995
0.07676721
0.07706261
0.07697392
0.07692122
0.07711577
0.07719326
0.07737064
0.07723475
0.07732344
0.07735467
0.07743120
0.07767439
0.07754326
0.07779193
0.07773185
0.07776618
0.07783937
0.07792950
0.07793784
0.07783055
0.07802486
0.07974386
0.07815599
0.07816219
0.07821989
0.07834816
0.07788777
0.07812357
0.07805729
0.07810712
0.07865524
0.07887387
0.07859802
0.07892919
0.07901430
0.07897949
0.07906342
0.07893038
0.07915974
0.07939816
0.07926035
0.07918215
0.07937193
0.07942963
0.07957482
0.07969165
0.07975292
0.07964540
0.07998395
0.07962608
0.07985139
0.08015275
0.07995105
0.08010030
0.08023238
0.08015895
0.08043432
0.08052802
0.08054543
0.08043194
0.08048463
0.08034301
0.08081532
0.08083534
0.08082366
