0.02128315
0.04100037
0.03844047
0.03816652
0.04109406
0.04024959
0.04004979
0.03999496
0.03995824
0.04010367
0.04008842
0.04028583
0.04030180
0.04034209
0.04045486
0.04058051
0.04052830
0.04061651
0.04059505
0.04067445
0.04086089
0.04094720
0.04092622
0.04108191
0.04100704
0.04118490
0.04105949
0.04117274
0.04124069
0.04136848
0.04132962
0.04140019
0.04144454
0.04170156
0.04169035
0.04169416
0.04185319
0.04194665
0.04194736
0.04199719
0.04204488
0.04196024
0.04215097
0.04213667
0.04217625
0.04241991
0.04233956
0.04242992
0.04248309
0.04232407
0.04254580
0.04272628
0.04286385
0.04295039
0.04292297
0.04292393
0.04301167
0.04303551
0.04317451
0.04311991
0.04328871
0.04329300
0.04336119
0.04331946
0.04340672
0.04351854
0.04358768
0.04353666
0.04383206
0.04380012
0.04370975
0.04393101
0.04386568
0.04387593
0.04388189
0.04415226
0.04415059
0.04414439
0.04427814
0.04429245
0.04430175
0.04431129
0.04439878
0.04451132
0.04460692
0.04458451
0.04463482
0.04465508
0.04474258
0.04490232
0.04498243
0.04497433
0.04500580
0.04508948
0.04503369
0.04561806
0.04529715
0.04530740
0.04548311
0.04536796
0.04550505
0.04566741
0.04577088
0.04567218
0.04571843
0.04577565
0.04587650
0.04593825
0.04589272
0.04595470
0.04606223
0.04622841
0.04634237
0.04622149
0.04631639
0.04625487
0.04636216
0.04633784
0.04641891
0.04641891
0.04655576
0.04660416
0.04676151
0.04689288
0.04688430
0.04686785
0.04685926
0.04696059
0.04713774
0.04709530
0.04717708
0.04688025
0.04695177
0.04716659
0.04705930
0.04723310
0.04717565
0.04716516
0.04737997
0.04748797
0.04748154
0.04739642
0.04792261
0.04819512
0.04791331
0.04807544
0.04814243
0.04791784
0.04802728
0.04796004
0.04816079
0.04810429
0.04822063
0.04827571
0.04837513
0.04839206
0.04836321
0.04832745
0.04844999
0.04856110
0.04865718
0.04860234
0.04885626
0.04878807
0.04903364
0.05047464
0.04912257
0.04900789
0.04905152
0.04922605
0.04909873
0.04926038
0.04941773
0.04951143
0.04962134
0.04951358
0.04943800
0.04964709
0.04997730
0.04997039
0.05015635
0.05021095
0.05029225
0.05037355
0.05045509
0.05049682
0.05074024
0.05049825
0.05085373
0.05178714
0.05374956
0.05083585
0.05239034
0.05254269
0.05089378
0.05101156
0.05100965
0.05121446
0.05118418
0.05122280
0.05152869
0.05138326
0.05200505
0.05143690
0.05154133
0.05164695
0.05165482
0.05172992
0.05173087
0.05174255
0.05197740
0.05193377
0.05195761
0.05194879
0.05210114
0.05214715
0.05209470
0.05220532
0.05191851
0.05207181
0.05220556
0.05213618
0.05217314
0.05220747
0.05246830
0.05276847
0.05261898
0.05259275
0.05294847
0.05309176
0.05332398
0.05333233
0.05322742
0.05342484
0.05344725
0.05354357
0.05344248
0.05365968
0.05382752
0.05368185
0.05383205
0.05385232
0.05378485
0.05387020
0.05424166
0.05400705
0.05410886
0.05402374
0.05436707
0.05444884
0.05592895
0.05443454
0.05461669
0.05455327
0.05453897
0.05625534
0.05468059
0.05474257
0.05482888
0.05493546
0.05498695
0.05501437
0.05514598
0.05518794
0.05525470
0.05526495
0.05540419
0.05554843
0.05555201
0.05554152
0.05558729
0.05561566
0.05579042
0.05579400
0.05573297
0.05590367
0.05582786
0.05595207
0.05623531
0.05612159
0.05626535
0.05614543
0.05622149
0.05635166
0.05633450
0.05611610
0.05620527
0.05604601
0.05628586
0.05650949
0.05639863
0.05653238
0.05647063
0.05659175
0.05673623
0.05675983
0.05667257
0.05689764
0.05705261
0.05705714
0.05708718
0.05753279
0.05740881
0.05757737
0.05770564
0.05772185
0.05778551
0.05774355
0.05791402
0.05808377
0.05761313
0.05790663
0.05777311
0.05776405
0.05824780
0.05825734
0.05829048
0.05847001
0.05857944
0.05866218
0.05865097
0.05878282
0.05867362
0.05875921
0.05891562
0.05896831
0.05907583
0.05907750
0.05920649
0.05927038
0.05927014
0.05934405
0.05935168
0.05955696
0.05969882
0.05963802
0.05960751
0.05984187
0.05989575
0.06005430
0.05985856
0.06002402
0.06006598
0.06020570
0.06021547
0.06018329
0.06029248
0.06038189
0.06035495
0.06048846
0.06056356
0.06062603
0.06066298
0.06090736
0.06081510
0.06096196
0.06084108
0.06099224
0.06100702
0.06106806
0.06112361
0.06117082
