0.01920390
0.04482961
0.04102468
0.04120755
0.04406142
0.04367018
0.04269004
0.04277992
0.04292989
0.04295611
0.04289246
0.04298830
0.04292011
0.04300070
0.04308081
0.04324269
0.04316354
0.04327965
0.04352045
0.04345679
0.04361320
0.04357934
0.04355025
0.04376411
0.04366660
0.04385686
0.04397941
0.04399467
0.04390693
0.04373622
0.04382634
0.04414392
0.04430604
0.04399133
0.04437709
0.04431009
0.04498601
0.04450202
0.04462171
0.04461622
0.04463863
0.04468942
0.04479194
0.04471326
0.04487419
0.04495215
0.04511142
0.04521108
0.04510331
0.04523802
0.04529333
0.04538846
0.04528642
0.04549432
0.04549885
0.04558039
0.04559088
0.04583073
0.04574537
0.04570770
0.04582453
0.04582858
0.04592443
0.04597282
0.04611945
0.04623628
0.04675603
0.04627991
0.04641628
0.04651761
0.04648757
0.04654574
0.04652691
0.04661489
0.04667234
0.04667139
0.04672527
0.04689574
0.04694581
0.04681802
0.04696751
0.04814386
0.04714489
0.04704785
0.04717040
0.04741955
0.04744315
0.04743814
0.04750085
0.04745150
0.04726839
0.04749703
0.04738808
0.04744816
0.04741955
0.04762435
0.04762554
0.04758763
0.04820132
0.04779291
0.04792643
0.04785228
0.04806519
0.04823160
0.04819202
0.04808760
0.04829288
0.04865813
0.04883814
0.04877186
0.04850721
0.04877687
0.04893541
0.04898715
0.04902768
0.04900503
0.04898500
0.04916000
0.04919052
0.04889464
0.04902077
0.04925466
0.04920506
0.04925418
0.04928589
0.04965520
0.04980040
0.04972839
0.04982400
0.04984951
0.04969168
0.04997468
0.05010509
0.05012178
0.05005527
0.05013299
0.05021524
0.05027509
0.05039144
0.05056095
0.05043054
0.05055404
0.05085421
0.05061769
0.05077481
0.05078006
0.05115509
0.05096793
0.05083537
0.05126595
0.05117226
0.05113387
0.05127978
0.05201912
0.05141568
0.05136132
0.05152822
0.05147386
0.05163050
0.05159950
0.05164504
0.05185485
0.05175114
0.05182457
0.05190158
0.05204654
0.05208921
0.05197430
0.05218339
0.05226851
0.05234623
0.05228853
0.05238342
0.05245399
0.05265379
0.05247617
0.05252433
0.05263376
0.05280161
0.05307603
0.05286646
0.05298495
0.05301785
0.05307674
0.05323482
0.05322123
0.05318499
0.05326414
0.05332065
0.05350590
0.05345392
0.05362701
0.05368805
0.05369234
0.05367064
0.05376434
0.05389977
0.05395436
0.05389738
0.05399442
0.05408335
0.05417013
0.05424070
0.05397296
0.05433488
0.05441093
0.05444026
0.05465174
0.05453110
0.05456495
0.05469775
0.05475903
0.05498290
0.05500174
0.05485511
0.05488896
0.05506897
0.05504322
0.05526638
0.05524230
0.05529380
0.05547214
0.05538321
0.05546880
0.05554175
0.05678391
0.05571914
0.05584884
0.05580091
0.05607510
0.05585361
0.05609345
0.05608463
0.05617595
0.05631089
0.05623198
0.05642366
0.05644298
0.05648518
0.05710435
0.05647922
0.05666590
0.05673099
0.05676079
0.05691767
0.05691290
0.05709481
0.05697513
0.05722880
0.05719304
0.05731869
0.05717921
0.05738997
0.05731559
0.05746746
0.05761242
0.05722308
0.05774713
0.05751324
0.05748391
0.05790615
0.05765676
0.05756640
0.05774355
0.05780387
0.05780768
0.05818295
0.05818987
0.05836439
0.05839133
0.05848312
0.05846071
0.05852032
0.05855584
0.05833817
0.05835485
0.05841660
0.05869174
0.05867100
0.05852437
0.05869102
0.05879331
0.05880976
0.05885077
0.05894208
0.05909562
0.05904984
0.05914593
0.05920124
0.05934548
0.05936766
0.05940890
0.05951333
0.05948949
0.05962968
0.06015587
0.06010914
0.06013250
0.06020045
0.06018806
0.06041694
0.06032276
0.06031132
0.06039977
0.06055975
0.06059694
0.06058192
0.06067443
0.06072211
0.06073880
0.06080079
0.06098247
0.06061435
0.06074405
0.06070280
0.06079936
0.06077957
0.06088996
0.06099105
0.06132293
0.06144667
0.06166029
0.06158876
0.06164265
0.06186867
0.06183481
0.06193805
0.06193089
0.06190658
0.06223178
0.06219649
0.06217098
0.06222391
0.06226325
0.06243563
0.06238270
0.06247520
0.06253195
0.06260085
0.06270337
0.06269264
0.06263113
0.06299782
0.06288123
0.06288624
0.06302285
0.06289530
0.06324553
0.06327128
0.06322598
0.06334996
0.06346226
0.06351256
0.06372166
0.06364870
0.06360197
0.06371832
0.06371260
0.06389976
0.06392574
0.06398177
0.06405282
0.06391168
0.06397104
0.06429601
0.06402922
0.06432939
0.06441236
0.06443429
0.06455588
0.06465983
0.06448793
0.06480098
0.06464076
0.06491828
0.06489015
0.06505156
0.06666636
0.06500411
0.06501508
0.06536317
0.06531262
0.06542087
0.06545234
0.06554484
0.06562304
0.06557512
0.06573272
0.06580091
0.06582093
0.06585002
0.06598592
0.06600070
0.06592178
0.06609774
0.06618905
0.06627941
0.06634498
0.06636262
0.06631303
0.06645632
0.06647778
0.06711960
0.06726956
0.06681895
0.06683636
0.06658983
0.06665754
0.06657147
0.06680727
0.06684208
0.06682110
0.06701279
0.06704974
0.06714511
0.06722045
0.06718588
0.06725264
0.06725097
0.06746149
0.06730032
0.06743026
0.06750417
0.06758690
0.06765103
0.06774616
0.06769657
0.06793284
0.06789827
0.06794906
0.06809783
0.06801248
0.06802630
0.06815219
0.06828308
0.06825399
0.06844735
0.06851149
0.06847239
0.06855822
0.06852126
0.06915092
0.06913757
0.06913042
0.06933069
0.06921673
0.06935287
0.06958747
0.06954837
0.06945992
0.06951165
0.06967235
0.06966233
0.06969118
0.06980705
0.06988192
0.06986570
0.06980848
0.06999016
0.07006359
