0.02514148
0.04472041
0.04423761
0.04446173
0.04708314
0.04512596
0.04515839
0.04523659
0.04531407
0.04534745
0.04538822
0.04530406
0.04550385
0.04560924
0.04549050
0.04565120
0.04564548
0.04569840
0.04570031
0.04583859
0.04592466
0.04576540
0.04611325
0.04608870
0.04614544
0.04629230
0.04618979
0.04620934
0.04637265
0.04642487
0.04643130
0.04643393
0.04660821
0.04649806
0.04575706
0.04583573
0.04699755
0.04604721
0.04605699
0.04696226
0.04703975
0.04611039
0.04704762
0.04630136
0.04627061
0.04637241
0.04728842
0.04727983
0.04667997
0.04701352
0.04670310
0.04677272
0.04685664
0.04722381
0.04707193
0.04696727
0.04714537
0.04722404
0.04804063
0.04814625
0.04820395
0.04813290
0.04820967
0.04823327
0.04835892
0.04837942
0.04851437
0.04849315
0.04858136
0.04868340
0.04864264
0.04869437
0.04866934
0.04872012
0.04892993
0.04873610
0.04880214
0.04886675
0.04917192
0.04890490
0.04905915
0.04910064
0.04905629
0.04916430
0.04929876
0.04945517
0.04947686
0.04941845
0.04956865
0.04966879
0.04976892
0.04976273
0.04980516
0.04975653
0.04982257
0.04989886
0.05018449
0.05029964
0.05025458
0.05044007
0.05027938
0.05048013
0.05049634
0.05050349
0.05053473
0.04978204
0.04988480
0.05002785
0.05005455
0.05021715
0.05031872
0.05020475
0.05037022
0.05047798
0.05037594
0.05045676
0.05058575
0.05063272
0.05078006
0.05075884
0.05072403
0.05091524
0.05095863
0.05098891
0.05100036
0.05106688
0.05116606
0.05111885
0.05121565
0.05118966
0.05136633
0.05139661
0.05139327
0.05148840
0.05143070
0.05154920
0.05149913
0.05152678
0.05174255
0.05196738
0.05229211
0.05195045
0.05213642
0.05221486
0.05243683
0.05237556
0.05239487
0.05241251
0.05250573
0.05258369
0.05254388
0.05262446
0.05288982
0.05290627
0.05305505
0.05399799
0.05390215
0.05342174
0.05356455
0.05356359
0.05340481
0.05330586
0.05347347
0.05374622
0.05379009
0.05362630
0.05395603
0.05485845
0.05497909
0.05494046
0.05470276
0.05544591
0.05493259
0.05514932
0.05519533
0.05517840
0.05511045
0.05523205
0.05523491
0.05542898
0.05569887
0.05544925
0.05558801
0.05569100
0.05579209
0.05565476
0.05594325
0.05591059
0.05594063
0.05596995
0.05612350
0.05620432
0.05623078
0.05610657
0.05640984
0.05609322
0.05634713
0.05613899
0.05592704
0.05745697
0.05661321
0.05661917
0.05656123
0.05653644
0.05635881
0.05635166
0.05608678
0.05570626
0.05657482
0.05670500
0.05593061
0.05596089
0.05601907
0.05623794
0.05614710
0.05632043
0.05622935
0.05614066
0.05624557
0.05632615
0.05655098
0.05649233
0.05653071
0.05657554
0.05668163
0.05673265
0.05684638
0.05696082
0.05711699
0.05713344
0.05716515
0.05726838
0.05751228
0.05735230
0.05760980
0.05753899
0.05759692
0.05767584
0.05765843
0.05774117
0.05772853
0.05858755
0.05861521
0.05875158
0.05876374
0.05905724
0.05917120
0.05909538
0.05912352
0.05923414
0.05922151
0.05930877
0.05946851
0.05950212
0.05946565
0.05956268
0.05962801
0.05984259
0.05977535
0.05968046
0.05983114
0.05979180
0.05985689
0.05992293
0.06012607
0.05992675
0.06012440
0.06021404
0.06034899
0.06043816
0.06039834
0.06041145
0.06061769
0.06046200
0.06059599
0.06054044
0.06080174
0.06066608
0.06062436
0.06101727
0.06067729
0.06094503
0.06096458
0.06099415
0.06119180
0.06127262
0.06143498
0.06128597
0.06150746
0.06160998
0.06176949
0.06154609
0.06165934
0.06183028
0.06298494
0.06183219
0.06104541
0.06113839
0.06128120
0.06132984
0.06137395
0.06160831
0.06162071
0.06162667
0.06171513
0.06188202
0.06287026
0.06289673
0.06292129
0.06297135
0.06306839
0.06307507
0.06319118
0.06328416
0.06332278
0.06334615
0.06349277
0.06354618
0.06341195
0.06362653
0.06362343
0.06376624
0.06368732
0.06388688
0.06385136
0.06393170
0.06402135
0.06329203
0.06333852
0.06346822
0.06340146
0.06344032
0.06364894
0.06369090
0.06372643
0.06377077
0.06382370
0.06397843
0.06404471
0.06421399
0.06405711
0.06412959
0.06504655
0.06512451
0.06511283
0.06439424
0.06530118
0.06545329
0.06546950
0.06543684
0.06551909
0.06560206
0.06555462
0.06569219
0.06561208
0.06574488
0.06573701
0.06729484
0.06601167
0.06590509
0.06604362
0.06593609
0.06608653
0.06615019
0.06628823
0.06627178
0.06638980
0.06660676
0.06574225
0.06668496
0.06657958
0.06669426
0.06683636
0.06704521
0.06689572
0.06696582
0.06699586
0.06710887
0.06719470
0.06728292
0.06738710
0.06735468
0.06740928
0.06752872
0.06756330
0.06770968
0.06781578
0.06775022
0.06785226
0.06782579
0.06785941
0.06805062
0.06814528
0.06831956
0.06817341
0.06819558
0.06834388
0.06831169
0.06859565
0.06838131
0.06851482
0.06869173
0.06959796
0.06873369
0.06895065
0.06885600
0.06890321
0.06901550
0.06915998
0.06928110
0.06925273
0.06924176
0.06937432
0.06955361
0.06863427
0.06878376
0.06885123
0.06874371
0.06894994
0.06918406
0.06901598
0.06906652
0.06997418
0.06999660
0.06927443
0.06912708
0.06994891
0.06926751
0.06933308
0.07012892
0.07027578
0.07033253
0.07042837
0.07043076
0.07060814
0.07080936
0.07101655
0.07079005
0.07088017
0.07091093
0.07111049
0.07116270
0.07109833
0.07115245
0.07119584
0.07163405
0.07121515
0.07049656
0.07064056
0.07087564
0.07087779
0.07080221
0.07093930
0.07089663
0.07111788
0.07108402
0.07136226
0.07127261
0.07136607
0.07133961
0.07148266
0.07159805
0.07155466
0.07229829
0.07244468
0.07246923
0.07430863
0.07282186
0.07264209
0.07263994
0.07274842
0.07250071
0.07297802
0.07287025
0.07282376
0.07225084
0.07188749
0.07249641
0.07252622
0.07254076
0.07246351
0.07252336
0.07271576
0.07279444
0.07286119
0.07284284
0.07300758
0.07305193
0.07308555
0.07322264
0.07329655
0.07306695
0.07339096
0.07345772
0.07343507
0.07357216
0.07364774
0.07368207
0.07365894
0.07392955
0.07385874
0.07405519
0.07401443
0.07398129
0.07407570
0.07417536
0.07423902
0.07430148
0.07430959
0.07430935
0.07428002
0.07422352
0.07419157
0.07456923
0.07457876
0.07467055
0.07467628
0.07486439
0.07507586
0.07454681
0.07492280
0.07501769
0.07495379
0.07525730
0.07521653
0.07534337
0.07540298
0.07550287
0.07558870
0.07587147
0.07577252
0.07575393
0.07587075
0.07591915
0.07591057
0.07603455
0.07618737
0.07634902
0.07612824
0.07634974
0.07650590
0.07650232
0.07621670
0.07636333
0.07656670
0.07662320
0.07684231
0.07672524
0.07686472
0.07678771
0.07692766
0.07703924
0.07719040
0.07721782
0.07723665
0.07743120
0.07741284
0.07729554
0.07755065
0.07756400
0.07763672
0.07765222
0.07763243
0.07763743
0.07786012
0.07775927
0.07778955
0.07797265
0.07812238
0.07796812
0.07807970
0.07884407
0.07818174
0.07833600
0.07840252
0.07846856
0.07837892
0.07852364
0.07881856
0.07822537
0.07821846
0.07841420
0.07836366
0.07834148
0.07853937
0.07868266
0.07866979
0.07872891
0.07881236
0.07883835
0.07888412
0.07918882
0.08010840
0.07911468
0.07903719
0.07926989
0.07934260
0.07936835
0.07941389
0.07958484
0.07949734
0.07952929
0.07975006
0.07966495
0.07974386
0.07965374
0.07981467
0.07976031
0.07991052
0.08038783
0.08008146
0.07989144
0.08001137
0.08031678
0.08057261
0.08070183
0.08075309
0.08094025
0.08343554
0.08274603
0.08438993
0.08075571
0.08077860
0.08094573
0.08103228
0.08101416
0.08146191
0.08154392
0.08154345
0.08168221
0.08187437
0.08163190
0.08164096
0.08135676
0.08145905
0.08146191
0.08151317
0.08163333
0.08175302
0.08216596
0.08241296
0.08247495
0.08223128
0.08242273
0.08233523
0.08264709
0.08258629
0.08268690
0.08274245
0.08292603
0.08298564
0.08307457
0.08307147
0.08318710
0.08317208
0.08350158
0.08331919
0.08331180
0.08336377
0.08336973
0.08346272
0.08337784
0.08356166
0.08344960
0.08360839
0.08373094
0.08365583
0.08400631
0.08385301
0.08403444
0.09313750
0.08886552
0.08691287
0.08430266
0.08418655
0.08431220
0.08453918
0.08441901
0.08470106
0.08482790
0.08469367
0.08476710
0.08475637
0.08508515
0.08494115
0.08498406
0.08500791
0.08498836
0.08531117
0.08544040
0.08539033
0.08539295
0.08548737
0.08558965
0.08667660
0.08599114
0.08556342
0.08608532
0.08572721
0.08573723
0.08585215
0.08596301
0.08604908
0.08606505
0.08607244
0.08608675
0.08631706
0.08638906
0.08648586
0.08653927
0.08660269
0.08670807
0.08668923
0.08692169
0.08680582
0.08686256
0.08690119
0.08699369
0.08713078
0.08750963
0.08725095
0.08808923
0.08776617
0.08748364
0.08742595
0.08770704
0.08753228
0.08802819
0.08770895
0.08767033
0.08771801
0.08777094
0.08779120
0.08811307
0.08795166
0.08798885
0.08829165
0.08821535
0.08808470
0.08843374
0.08847094
0.08848333
0.08852887
0.08926249
0.08872175
0.08866644
0.08888459
0.08893323
0.08897996
0.08885455
0.08905077
0.08915544
0.08912921
0.08917642
0.08918428
0.08926010
0.08927774
0.09207630
0.08950019
0.08949280
0.08944321
0.08972955
0.08975983
0.09044456
0.08989263
0.08991981
0.09006071
0.09028959
0.09002995
0.09015560
0.09055161
0.09025526
0.09038663
0.09055305
0.09052300
0.09055662
0.09058380
0.09050083
0.09079242
0.09109998
0.09066558
0.09085059
0.09086776
0.09086418
0.09109473
0.09102893
0.09114242
0.09246993
0.09141779
0.09142995
0.09139681
0.09129620
0.09145570
0.09136081
0.09149027
0.09171486
0.09160948
0.09177661
0.09188008
0.09194517
0.09194732
0.09208250
0.09220886
0.09220099
0.09205842
0.09242249
0.09219265
0.09232354
0.09238982
0.09248447
0.09246635
0.09274697
0.09258533
0.09266901
0.09277415
0.09284616
0.09276319
0.09303856
0.09315872
0.09316540
0.09312606
0.09324694
0.09330177
0.09340167
0.09338927
0.09347153
0.09385610
0.09356689
0.09362841
0.09376645
0.09374380
0.09397674
0.09489608
0.09436750
0.09399009
0.09412122
0.09402251
0.09459281
0.09417272
0.09607744
0.09446096
0.09494567
0.09447217
0.09445906
0.09575224
0.09479380
0.09469533
0.09483147
0.09481335
0.09497857
0.09488034
0.09498429
0.09510684
0.09507394
0.09514928
0.09516025
0.09520459
0.09544873
0.09608912
0.09537196
0.09553385
0.09562182
0.09564471
0.09557509
0.09576154
0.09595609
0.09600306
0.09625363
0.09605622
0.09627533
0.09627843
0.09618068
0.09628201
0.09650803
0.09642196
0.09654331
0.09676480
0.09662771
0.09672594
0.09647703
0.09668612
0.09662199
0.09947944
0.10038209
0.09705853
0.09773374
0.09700942
0.09723806
0.09715414
0.09727979
0.09738612
0.09765196
0.09753537
0.09778738
0.09787488
0.09788799
0.10207105
0.10509038
0.10316730
0.09842086
0.09797740
0.09818268
0.09828258
0.09820843
0.09825730
0.09826899
0.09815693
0.09833384
0.09835887
0.09860826
0.09867239
0.09866619
0.09984732
0.09878659
0.09886789
0.09901118
0.09886861
0.09901261
0.09917545
0.09926414
0.09911609
0.09916139
0.09918118
0.09925485
0.09925318
0.09948635
0.09963679
0.09960604
0.09967089
0.09969831
0.09974575
0.09977746
0.09987426
0.09984660
0.10008526
0.10007048
0.10017180
0.10036469
0.10042286
0.10020351
0.10043168
0.10040569
0.10058761
0.10074019
0.10067844
0.10082936
0.10092831
0.10146403
0.10105133
0.10101819
0.10097599
0.10141516
0.10120726
0.10144615
0.10156369
0.10140181
0.10140920
0.10130739
0.10165501
0.10170412
0.10162783
0.10170102
0.10168099
0.10167384
0.10180974
0.10195231
0.10198379
0.10218740
0.10197425
0.10213494
0.10235739
0.10226870
0.10243821
0.10243821
0.10230517
0.10254240
0.10260463
0.10321259
0.10253119
0.10270071
0.10275459
0.10282922
0.10689735
0.10303092
0.10316491
0.10317564
0.10317707
0.10342216
0.10343885
0.10407758
0.10355401
0.10363579
0.10370970
0.10385704
0.10376620
0.10372281
0.10404682
0.10392118
0.10390401
0.10385537
0.10403633
0.10412359
0.10423756
0.10436368
0.10436320
0.10446000
0.10458899
0.10451174
0.10462475
0.10472465
0.10483956
0.10493445
0.10501432
0.10505199
0.10514855
0.10546756
0.10615063
0.10613632
0.10615468
0.10633779
0.10640550
0.10624504
0.10638809
0.10652256
0.10666847
0.10671782
0.10670376
0.10694885
0.10691261
0.10716295
0.10716414
0.10739350
0.10734630
0.10748410
0.10741448
0.10757923
0.10765982
0.10762215
0.10761952
0.10777307
0.10786891
0.10796881
0.10812283
0.10847330
0.10835338
0.10841990
0.10829687
0.10850644
0.10868406
0.10909343
0.10879588
0.10909557
0.10899806
0.10920572
0.10932779
0.10952592
0.10945821
0.10944891
0.10987115
0.10963106
0.10946274
0.10993171
0.10977912
0.10978866
0.10993099
0.10991693
0.11007738
0.11013889
0.11033678
0.11035228
0.11026669
0.11059666
0.11072516
0.11071157
0.11059260
0.11079025
0.11099339
0.11085415
0.11095977
0.11103535
0.11090422
0.11081600
0.11092520
0.11079407
0.11095643
0.11106730
0.11123347
0.11121011
0.11121440
0.11124301
0.11129451
0.11145186
0.11165261
0.11143947
0.11174560
0.11166310
0.11159420
0.11170340
0.11187577
0.11261868
0.11209321
0.11201119
0.11221600
0.11258554
0.11258626
0.11248851
0.11260891
0.11285400
0.11268234
0.11269307
0.11271691
0.11274552
0.11271262
0.11293912
0.11269760
0.11287427
0.11311269
0.11285782
0.11289215
0.11304927
0.11326575
0.11348438
0.11483312
0.11322260
0.11358714
0.11385560
0.11368513
0.11345840
0.11363459
0.11382031
0.11362982
0.11399007
0.11393619
0.11436009
0.11432409
0.11428237
0.11453295
0.11457634
0.11474729
0.11461067
0.11500096
0.11479712
0.11521816
0.11489248
0.11511040
0.11500835
0.11498332
0.11492705
0.11519361
0.11496568
0.11520505
0.11571860
0.11526728
0.11509538
0.11529088
0.11507940
0.11565113
0.11582899
0.11575794
0.11563730
0.11574864
0.11579061
0.11586428
0.11619473
0.11602283
0.11598277
0.11603379
0.11615252
0.11649680
0.11666799
0.11636043
0.11641550
0.11650085
0.11662960
0.11674190
0.11673832
0.11693335
0.11727071
0.11718941
0.11679578
0.11698031
0.11688161
0.11721158
0.11706567
0.11747837
0.11737728
0.11719346
0.11719370
0.11739755
0.11727047
0.11772871
0.11774921
0.11760473
0.11764455
0.11816001
0.11781549
0.11779714
0.11816978
0.11826253
0.11818647
0.11824656
0.11818671
0.11816311
0.11825585
0.11818838
0.11842728
0.11860418
0.11851764
0.11863613
0.11868215
0.11873388
0.11889982
0.11885905
0.11897635
0.11897326
0.11887980
0.11911297
0.11914968
0.11942172
0.11930895
0.11946511
0.11968613
0.11988568
0.11967635
0.11981249
0.11976552
0.11968899
0.11998391
0.11991096
0.12024045
0.12022209
0.12003970
0.12019324
0.12028790
0.12023091
0.12022042
0.12028193
0.12053084
0.12046766
0.12045455
0.12059641
0.12079811
0.12058902
0.12061429
0.12087774
0.12061858
0.12044454
0.12094784
0.12093663
0.12091422
0.12055135
0.12061262
0.12097096
0.12118888
0.12097073
0.12130165
0.12115979
0.12632394
0.12356997
0.12193322
0.12171578
0.12191057
0.12179899
0.12192273
0.12189722
0.12189031
0.12193298
0.12224793
0.12227464
0.12251949
0.12241602
0.12256622
0.12266016
0.12279153
0.12270069
0.12286997
0.12291574
0.12294459
0.12296128
0.12315011
0.12298727
0.12304592
0.12318850
0.12337446
0.12345743
0.12353039
0.12352586
0.12357330
0.12355995
0.12380934
0.12394142
0.12383866
0.12391520
0.12407017
0.12343955
0.12285352
0.12355518
0.12300396
0.13043690
0.12743807
0.12302232
0.12332797
0.12326670
0.12321806
0.12329531
0.12422061
0.12376428
0.12371087
0.12363362
0.12375593
0.12441421
0.12390161
0.12387204
0.12400627
0.12418795
0.12417364
0.12443256
0.12439561
0.12426376
0.12459803
0.12425900
0.12433791
0.12475562
0.12483835
0.12462163
0.12477016
0.12497091
0.12488937
0.12490749
0.12493396
0.12517762
0.12512708
0.12507010
0.12502122
0.12505555
0.12544417
0.12518907
0.12632275
0.12575316
0.12547517
0.12566304
0.12566710
0.12593651
0.12592697
0.12587667
0.12566614
0.12696052
0.12676167
0.12685513
0.12673879
0.12710857
0.12703085
0.12723231
0.12720895
0.12734389
0.12740922
0.12736416
0.12761188
0.12773371
0.12750649
0.12775731
0.12790322
0.12809992
0.12781501
0.12785721
0.12790871
0.12805605
0.12802410
0.12807393
0.12814236
0.12956977
0.12810349
0.12852359
0.13074541
0.12860894
0.12848306
0.12816191
0.12771916
0.12772632
0.12779951
0.12880540
0.12891126
0.12883139
0.12888098
0.12813234
0.12824154
0.12835026
0.12809920
0.12836719
0.12913179
0.12921357
0.12927604
0.12952971
0.12963843
0.12936091
0.12935591
0.12950993
0.12965751
0.12972426
0.12977719
0.13009763
0.13004375
0.12990737
0.12991285
0.12996912
0.13011789
0.13029337
0.13015819
0.13030338
0.13033891
0.13045001
0.13059306
0.13044262
0.13063312
0.13077855
0.13092875
0.13108397
0.13088894
0.13100624
0.13113308
0.13116264
0.13091159
0.13123155
0.13139129
0.13151407
0.13162708
0.13149381
0.13160014
0.13157773
0.13174295
0.13161945
0.13202882
0.13165617
0.13169479
0.13169098
0.13183856
0.13206697
0.13190484
0.13194704
0.13199377
0.13211298
0.13219547
0.13240337
0.13241243
0.13246274
0.13234162
0.13263345
0.13257074
0.13249826
0.13255739
0.13258886
0.13184857
0.13189387
0.13210368
0.13240194
0.13208270
0.13202357
0.13226628
0.13223267
0.13232064
0.13239121
0.13244319
0.13276720
0.13246369
0.13275695
0.13293505
0.13290334
0.13277173
0.13301802
0.13311458
0.13777375
0.13474846
0.13389015
0.13295221
0.13317847
0.13410902
0.13422656
0.13425708
0.13420010
0.13408756
0.13436985
0.13447690
0.13448381
0.13455749
0.13497162
0.13480020
0.13471389
0.13496947
0.13471365
0.13479948
0.13490653
0.13601279
0.13516045
0.13496423
0.13530087
0.13496351
0.13411593
0.13423491
0.13429499
0.13465047
