0.02941680
0.04902983
0.04897475
0.04900789
0.05092049
0.05006695
0.05016351
0.05006671
0.05032301
0.05034876
0.05033302
0.05042315
0.05048895
0.05042696
0.05053520
0.05066705
0.05085397
0.05070543
0.05095220
0.05105495
0.05108953
0.05082512
0.05109978
0.05108380
0.05125952
0.05135036
0.05123234
0.05131054
0.05142903
0.05160832
0.05161881
0.05144858
0.05167842
0.05163836
0.05239773
0.05184436
0.05197954
0.05206299
0.05188179
0.05206490
0.05207372
0.05215192
0.05238295
0.05228019
0.05222893
0.05248165
0.05252600
0.05262852
0.05258012
0.05271649
0.05284262
0.05281019
0.05282545
0.05303836
0.05292654
0.05298448
0.05329728
0.05322051
0.05314922
0.05325127
0.05321002
0.05331397
0.05344439
0.05343938
0.05349326
0.05351782
0.05363774
0.05379391
0.05377698
0.05382252
0.05384588
0.05395007
0.05403781
0.05417132
0.05407500
0.05422902
0.05435538
0.05432296
0.05435824
0.05446124
0.05450010
0.05447221
0.05463839
0.05490136
0.05502892
0.05492926
0.05526304
0.05521393
0.05513096
0.05501056
0.05507660
0.05513573
0.05509758
0.05525923
0.05515337
0.05537534
0.05550623
0.05541992
0.05557394
0.05554342
0.05566120
0.05568957
0.05576992
0.05578923
0.05584931
0.05577064
0.05590868
0.05599022
0.05597615
0.05601764
0.05618405
0.05627656
0.05608582
0.05614066
0.05628443
0.05631971
0.05703950
0.05660176
0.05665302
0.05661798
0.05665612
0.05667901
0.05688572
0.05691433
0.05681157
0.05700111
0.05709386
0.05724764
0.05726457
0.05727315
0.05737996
0.05735683
0.05741024
0.05735040
0.05751157
0.05762768
0.05787706
0.05799627
0.05780435
0.05781245
0.05796456
0.05803204
0.05793691
0.05815339
0.05809355
0.05823874
0.05823779
0.05823374
0.05835104
0.05847979
0.05865741
0.05898476
0.05852199
0.05895209
0.05879641
0.05899644
0.05906129
0.05896091
0.05897212
0.05897689
0.05909681
0.05910802
0.05931020
0.05919051
0.05927205
0.05944228
0.05952978
0.05941248
0.05957174
0.05968356
0.05961990
0.05978918
0.05978394
0.05999184
0.06002307
0.06019497
0.06013680
0.05988598
0.06003475
0.06034207
0.06052423
0.06042814
0.06049776
0.06052375
0.06060934
0.06077600
0.06069589
0.06079054
0.06088305
0.06103706
0.06097627
0.06099963
0.06107855
0.06113410
0.06131864
0.06151009
0.06160688
0.06157351
0.06167245
0.06152749
0.06192279
0.06176138
0.06188583
0.06204891
0.06214452
0.06214094
0.06213236
0.06220245
0.06238532
0.06231880
0.06232357
0.06247449
0.06266046
0.06269169
0.06263399
0.06284475
0.06295228
0.06253982
0.06302571
0.06305838
0.06317782
0.06333899
0.06322908
0.06338692
0.06331253
0.06343937
0.06346035
0.06351876
0.06391835
0.06371641
0.06378627
0.06428933
0.06388068
0.06413078
0.06427169
0.06421804
0.06443667
0.06440187
0.06449032
0.06446671
0.06481814
0.06464386
0.06474781
0.06570244
0.06563759
0.06588483
0.06589198
0.06588745
0.06568408
0.06609297
0.06630659
0.06631231
0.06634355
0.06642556
0.06645584
0.06653881
0.06655979
0.06678700
0.06683898
0.06675243
0.06679630
0.06708407
0.06695056
0.06701183
0.06714249
0.06724811
0.06740260
0.06741524
0.06749177
0.06747556
0.06746793
0.06749320
0.06759691
0.06780601
0.06783700
0.06793165
0.06784701
0.06817174
0.06794143
0.06816626
0.06806922
0.06807566
0.06847596
0.06835794
0.06859183
0.06842756
0.06867743
0.06866646
0.06874180
0.06868410
0.06872988
0.06881881
0.06889892
0.06886005
0.06906533
0.06919384
0.06919265
0.06923461
0.06917572
0.06951904
0.06937861
0.06950116
0.06957603
0.06958485
0.06975842
0.06976104
0.06969452
0.06977224
0.06989646
0.07116079
0.06998205
0.07010698
0.07206130
0.07027817
0.07029128
0.07042336
0.07050347
0.07042336
0.07042527
0.07056165
0.07073116
0.07096052
0.07101750
0.07092428
0.07089806
0.07120681
0.07095003
0.07134843
0.07130480
0.07121873
0.07122135
0.07114577
0.07146382
0.07162809
0.07153869
0.07150030
0.07157421
0.07176447
0.07192349
0.07179618
0.07180691
0.07253194
0.07198167
0.07212353
0.07213521
0.07201433
0.07237339
0.07257652
0.07241726
0.07236719
0.07238293
0.07257032
0.07252431
0.07270908
0.07270575
0.07282376
0.07287407
0.07297611
0.07213378
0.07209468
0.07224774
0.07206988
0.07214594
0.07227540
0.07239723
0.07338428
0.07347202
0.07326484
0.07331491
0.07355380
0.07346511
0.07364964
0.07354498
0.07351351
0.07377458
0.07359433
0.07371449
0.07377887
0.07415652
0.07318997
0.07326555
0.07307982
0.07342529
0.07351279
0.07450008
0.07440734
0.07448506
0.07466984
0.07477474
0.07470393
0.07487345
0.07494783
0.07497668
0.07506061
0.07500362
0.07518864
0.07551479
0.07540536
0.07532096
0.07528067
0.07612705
0.07538843
0.07546043
0.07565737
0.07563448
0.07574892
0.07574296
0.07586026
0.07589006
0.07586074
0.07612348
0.07621098
0.07615972
0.07634759
0.07633829
0.07638788
0.07652044
0.07647538
0.07651258
0.07656646
0.07662320
0.07660174
0.07664680
0.07675862
0.07665586
0.07681155
0.07694149
0.07712269
0.07673264
0.07715964
0.07709599
0.07731938
0.07726240
0.07751441
0.07753825
0.07776213
0.07758784
0.07770848
0.07733893
0.07780743
0.07778382
0.07796764
0.07794499
0.07807112
0.07801318
0.07833028
0.07826519
0.07814980
0.07831144
0.07837749
0.07955074
0.07854438
0.07860279
0.07860279
0.07857656
0.07876229
0.07884574
0.07878709
0.07893229
0.07944775
0.07915783
0.07906222
0.07919645
0.07925892
0.07928395
0.07934618
0.07943988
0.07947540
0.07932210
0.07947826
0.07958055
0.07973337
0.07974100
0.07982922
0.07998538
0.08005214
0.07996488
0.07991433
0.07997012
0.08031845
0.08027005
0.08029747
0.08029103
0.08054137
0.08063602
0.08059072
0.08063579
0.08080482
0.08051062
0.08072472
0.08076572
0.08085442
0.08079576
0.08099389
0.08111644
0.08111429
0.08127093
0.08118725
0.08127999
0.08135629
0.08137512
0.08141565
0.08162332
0.08165812
0.08176994
0.08189607
0.08160853
0.08181310
0.08213663
0.08176184
0.08185315
0.08210659
0.08188963
0.08218431
0.08203363
0.08217764
0.08224511
0.08236074
0.08231354
0.08238626
0.08273196
0.08247948
0.08245802
0.08274937
0.08270836
0.08294272
0.08282971
0.08294368
0.08300281
0.08323503
0.08314848
0.08325601
0.08315611
0.08334041
0.08259845
0.08261228
0.08339310
0.08359432
0.08343506
0.08350348
0.08376837
0.08370996
0.08372998
0.08383298
0.08392215
0.08297253
0.08319378
0.08311796
0.08322859
0.08320069
0.08345509
0.08343792
0.08349943
0.08424091
0.08454132
0.08467221
0.08481956
0.08496642
0.08465862
0.08473587
0.08489227
0.08500266
0.08503222
0.08503342
0.08531594
0.08514810
0.08524561
0.08546662
0.08534026
0.08537054
0.08545113
0.08549380
0.08557725
0.08552527
0.08568192
0.08577514
0.08572817
0.08591413
0.08600616
0.08603716
0.08593369
0.08619118
0.08621001
0.08638406
0.08623600
0.08624411
0.08673692
0.08646011
0.08678508
0.08665800
0.08665967
0.08685374
0.08694243
0.08705783
0.08702874
0.08712173
0.08718371
0.08720374
0.08750391
0.08730102
0.08812308
0.08764744
0.08755684
0.08772445
0.08769417
0.08787990
0.08774114
0.08793044
0.08796334
0.08799553
0.08809376
0.08806467
0.08803344
0.08821011
0.08833790
0.08834887
0.08832073
0.08844900
0.08853793
0.08849001
0.08870530
0.08860755
0.08864665
0.08885384
0.08894348
0.08886671
0.08878565
0.08889079
0.08909726
0.08899426
0.08929491
0.08907366
0.08954430
0.08924913
0.08933258
0.08944702
0.08945918
0.08959889
0.08963609
0.08962488
0.08968115
0.08981824
0.08991599
0.09004426
0.09000397
0.09013581
0.09000850
0.09011054
0.09015203
0.09020710
0.09026241
0.09035039
0.09038806
0.09065270
0.09042406
0.09084010
0.09063625
0.09080911
0.09091663
0.09101892
0.09101510
0.09103298
0.09110546
0.09121799
0.09115386
0.09136510
0.09121323
0.09144735
0.09188390
0.09159875
0.09163284
0.09164286
0.09164619
0.09169316
0.09192300
0.09176564
0.09201765
0.09197950
0.09202194
0.09216142
0.09203458
0.09212089
0.09219384
0.09227252
0.09215617
0.09236169
0.09253001
0.09253669
0.09242368
0.09262514
0.09250164
0.09285617
0.09291363
0.09287715
0.09303212
0.09288359
0.09309673
0.09317923
0.09311056
0.09314346
0.09340811
0.09329820
0.09342217
0.09278035
0.09359527
0.09286785
0.09352803
0.09371662
0.09378314
0.09399080
0.09394050
0.09393001
0.09401512
0.09342623
0.09415412
0.09338117
0.09344244
0.09373808
0.09358525
0.09357882
0.09361076
0.09386373
0.09448457
0.09460783
0.09469414
0.09475207
0.09483004
0.09479403
0.09491634
0.09469771
0.09486961
0.09470367
0.09473944
0.09478831
0.09468961
0.09452534
0.09524488
0.09536886
0.09555721
0.09639335
0.09572601
0.09569383
0.09577584
0.09551191
0.09556031
0.09595728
0.09547377
0.09544754
0.09533691
0.09547520
0.09556031
0.09540224
0.09565830
0.09567070
0.09574747
0.09593940
0.09664369
0.09670138
0.09673691
0.09668589
0.09677672
0.09689379
0.09687376
0.09712362
0.09707427
0.09713650
0.09706998
0.09750605
0.09725356
0.09731030
0.09730411
0.09752631
0.09747243
0.09756637
0.09770370
0.09774065
0.09778595
0.09787250
0.09777832
0.09794521
0.09806943
0.09815216
0.09807563
0.09795737
0.09912348
0.09815907
0.09843826
0.09836531
0.09872413
0.09948039
0.09921336
0.09854770
