0.01896954
0.04308462
0.04017401
0.04011321
0.04292512
0.04190230
0.04170847
0.04162979
0.04182839
0.04194093
0.04193640
0.04198885
0.04207182
0.04199624
0.04220319
0.04212832
0.04217291
0.04241204
0.04246235
0.04244065
0.04246593
0.04259706
0.04264522
0.04280782
0.04276061
0.04275513
0.04269099
0.04280734
0.04292178
0.04300094
0.04303956
0.04309964
0.04349232
0.04326224
0.04336786
0.04333115
0.04361057
0.04362369
0.04362893
0.04468179
0.04381418
0.04380250
0.04397178
0.04396963
0.04404807
0.04360580
0.04367995
0.04412580
0.04446101
0.04450154
0.04444504
0.04470420
0.04468632
0.04488301
0.04488754
0.04495621
0.04494095
0.04500771
0.04519749
0.04514551
0.04607558
0.04608488
0.04602718
0.04621363
0.04633522
0.04620409
0.04634142
0.04645491
0.04652882
0.04647064
0.04656911
0.04661393
0.04655075
0.04666853
0.04693389
0.04686379
0.04689693
0.04694986
0.04691052
0.04701924
0.04716516
0.04713368
0.04745984
0.04741693
0.04747200
0.04735756
0.04744291
0.04758191
0.04753375
0.04763103
0.04763579
0.04783130
0.04797244
0.04797935
0.04801774
0.04796124
0.04805660
0.04817414
0.04820728
0.04829860
0.04827285
0.04833722
0.04847765
0.04840708
0.04843879
0.04859805
0.04857898
0.04872060
0.04879212
0.04869127
0.04872966
0.04884315
0.04879427
0.04889846
0.04887271
0.04908919
0.04896545
0.04898977
0.04898357
0.04921508
0.04917169
0.04937935
0.04940820
0.04932809
0.04935598
0.04958558
0.04969478
0.04955959
0.04982138
0.04964590
0.04981375
0.04978085
0.04990768
0.04992509
0.05001760
0.05004287
0.05016875
0.05026054
0.05034542
0.05029821
0.05048442
0.05066228
0.05064130
0.05058169
0.05056429
0.05066490
0.05078435
0.05080795
0.05091023
0.05095053
0.05105639
0.05111837
0.05120349
0.05127692
0.05135131
0.05126595
0.05128622
0.05149198
0.05142999
0.05157709
0.05173898
0.05173373
0.05187488
0.05176568
0.05181336
0.05184650
0.05202007
0.05212975
0.05221987
0.05216885
0.05218410
0.05223775
0.05227900
0.05245423
0.05268931
0.05255008
0.05259728
0.05280232
0.05274820
0.05282140
0.05289745
0.05292273
0.05295944
0.05297923
0.05315518
0.05314970
0.05336571
0.05344176
0.05334091
0.05346465
0.05357289
0.05346990
0.05368161
0.05375266
0.05381036
0.05391788
0.05387449
0.05397654
0.05404592
0.05401850
0.05421829
0.05428958
0.05423760
0.05425501
0.05437183
0.05435205
0.05455518
0.05448890
0.05458498
0.05475450
0.05472517
0.05488515
0.05490828
0.05491352
0.05502248
0.05502081
0.05519295
0.05517316
0.05526257
0.05547333
0.05538464
0.05535579
0.05552888
0.05543828
0.05551243
0.05583525
0.05563807
0.05584764
0.05600953
0.05616784
0.05601215
0.05607104
0.05612993
0.05616975
0.05645871
0.05652905
0.05630636
0.05645394
0.05647278
0.05658364
0.05636144
0.05662680
0.05664253
0.05686235
0.05681610
0.05700636
0.05698657
0.05692792
0.05706573
0.05732536
0.05734015
0.05746222
0.05742812
0.05752683
0.05747461
0.05751061
0.05761409
0.05782533
0.05798340
0.05786848
0.05801797
0.05791259
0.05793691
0.05799556
0.05801225
0.05820775
0.05831695
0.05821633
0.05830336
0.05843401
0.05850339
0.05857921
0.05868149
0.05867577
0.05880094
0.05874705
0.05875897
0.05894780
0.05890179
0.05900741
0.05914593
0.05927324
0.05939746
0.05926752
0.05931187
0.05950093
0.05967307
0.05976248
0.05959964
0.05976868
0.05978703
0.05990815
0.05991554
0.05993724
0.06000400
0.06000733
0.06005692
0.06026030
0.06021929
0.06044054
0.06048226
0.06047773
0.06057906
0.06064487
0.06060505
0.06178904
0.06070352
