0.01864004
0.04462600
0.04178619
0.04182196
0.04451609
0.04313231
0.04325366
0.04335570
0.04307866
0.04349208
0.04342699
0.04346704
0.04374313
0.04360843
0.04365039
0.04379892
0.04381919
0.04395103
0.04388809
0.04394412
0.04414177
0.04426384
0.04423857
0.04416060
0.04423070
0.04430485
0.04430532
0.04436898
0.04465008
0.04458642
0.04467583
0.04470038
0.04472113
0.04469156
0.04480624
0.04487443
0.04503012
0.04502749
0.04514074
0.04519820
0.04528046
0.04536462
0.04526281
0.04546976
0.04536438
0.04549241
0.04557824
0.04559827
0.04555941
0.04574656
0.04593801
0.04582143
0.04591513
0.04603767
0.04590201
0.04597330
0.04608822
0.04604888
0.04632616
0.04632568
0.04626203
0.04622507
0.04646611
0.04653382
0.04653001
0.04655910
0.04670596
0.04682398
0.04671550
0.04702973
0.04689741
0.04695272
0.04692626
0.04704738
0.04707575
0.04721594
0.04728842
0.04746270
0.04729366
0.04737854
0.04746199
0.04764342
0.04766750
0.04771805
0.04778004
0.04777384
0.04776907
0.04783726
0.04790163
0.04790282
0.04797220
0.04807734
0.04816675
0.04820752
0.04818606
0.04835653
0.04826427
0.04834461
0.04843116
0.04861021
0.04902744
0.04855537
0.04896188
0.04872704
0.04888391
0.04893064
0.04892325
0.04900336
0.04908085
0.04918551
0.04934239
0.04937696
0.04931378
0.04943061
0.04954863
0.04955149
0.04969811
0.04965687
0.04964209
0.04965472
0.04982615
0.04983854
0.04993820
0.05001163
0.05009317
0.05009794
0.05023432
0.05026388
0.05031586
0.05025816
0.05028629
0.05045557
0.05050278
0.05058312
0.05060959
0.05060387
0.05052233
0.05083823
0.05087972
0.05093980
0.05099297
0.05097270
0.05093050
0.05130386
0.05122972
0.05127573
0.05120897
0.05126166
0.05147982
0.05154061
0.05159926
0.05153775
0.05177593
0.05183244
0.05172253
0.05183434
0.05183744
0.05203128
0.05207300
0.05200791
0.05208802
0.05225253
0.05243206
0.05248117
0.05246305
0.05242562
0.05243921
0.05248499
0.05249977
0.05257511
0.05259705
0.05284905
0.05289316
0.05288148
0.05293202
0.05295944
0.05305219
0.05312419
0.05333042
0.05331302
0.05335045
0.05351615
0.05327392
0.05348277
0.05360484
0.05362821
0.05364728
0.05372620
0.05374026
0.05379391
0.05400658
0.05395865
0.05394435
0.05400515
0.05418658
0.05420256
0.05427718
0.05411434
0.05443597
0.05442929
0.05466461
0.05469036
0.05464673
0.05473018
0.05475402
0.05486465
0.05491018
0.05492234
0.05516267
0.05506611
0.05515695
0.05515480
0.05516624
0.05527782
0.05529594
0.05543303
0.05552959
0.05542374
0.05569553
0.05568290
0.05574608
0.05574751
0.05582547
0.05595922
0.05618000
0.05601883
0.05609560
0.05601287
0.05590630
0.05627370
0.05639386
0.05650210
0.05643296
0.05660152
0.05661631
0.05661249
0.05666661
0.05678630
0.05795836
0.05792046
0.05886173
0.05735469
0.05712080
0.05719781
0.05719829
0.05729413
0.05730748
0.05730081
0.05752921
0.05766654
0.05754185
0.05775952
0.05759764
0.05767798
0.05780649
0.05794525
0.05796885
0.05800867
0.05804610
0.05807352
0.05816197
0.05828238
0.05843377
0.05822849
0.05846691
0.05847907
0.05863500
0.05849028
0.05853343
0.05875969
0.05886126
0.05878925
0.05889702
0.05898523
0.05894947
0.05900550
0.05906987
0.05921555
0.05927110
0.05928159
0.05917215
0.05938745
0.05954146
0.05957508
0.05961609
0.05969000
0.05963254
0.05982471
0.05984807
0.05982041
0.05990934
0.06010652
0.06014657
0.06029367
0.06034923
0.06032324
0.06032157
0.06031227
0.06048274
0.06034708
0.06056929
0.06052709
0.06051207
0.06070495
0.06080127
0.06082845
0.06076550
0.06079745
0.06083941
0.06098652
0.06108427
0.06119967
0.06139159
0.06113219
0.06118059
0.06127739
0.06129909
0.06151295
0.06150723
0.06162763
0.06175041
0.06187844
0.06188583
0.06186938
0.06194067
0.06210041
0.06193829
0.06218791
0.06233668
0.06228757
0.06306100
0.06230640
0.06244636
0.06260586
0.06260967
0.06261516
0.06278181
0.06278086
0.06276083
0.06279230
0.06300998
0.06303930
0.06310415
0.06327653
0.06318331
0.06329346
0.06338620
0.06358290
0.06330943
0.06355667
0.06347084
0.06364679
0.06356597
0.06371927
0.06376219
0.06375623
0.06404686
0.06388187
0.06418204
0.06419063
0.06398964
0.06435370
0.06436229
0.06440473
0.06450534
0.06447887
0.06446791
0.06441569
0.06472874
0.06473351
0.06471324
0.06483603
0.06493616
0.06487346
0.06521559
0.06515670
0.06505442
0.06522560
0.06514025
0.06537390
0.06540084
0.06545424
0.06561470
0.06559849
0.06563330
0.06579399
0.06576419
0.06567979
0.06592870
0.06585145
0.06584954
0.06601024
0.06595826
0.06633186
0.06615710
0.06622100
0.06632090
0.06638074
0.06646752
0.06646109
0.06648278
0.06655622
0.06685925
0.06668997
0.06687164
0.06688046
0.06683278
0.06694961
0.06701374
0.06718564
0.06717467
0.06739926
0.06734824
0.06741261
0.06748247
0.06755328
0.06756234
0.06773067
0.06778979
0.06792140
0.06783390
0.06787920
0.06799412
0.06812811
0.06812668
0.06816673
0.06828189
0.06830645
0.06815743
0.06833911
0.06822014
0.06850290
0.06856298
0.06881452
0.06894755
0.06959963
0.06886387
0.06910944
0.06899738
0.06905985
0.06913924
0.06919003
0.06924629
0.06937075
0.06964469
0.06961632
0.06944156
0.06960225
0.06969976
0.06984639
0.06960177
0.06996036
0.06993580
0.07001781
0.07002068
0.07013202
0.07044768
0.07023025
0.07035375
0.07035923
0.07025337
0.07042146
0.07056880
0.07061720
0.07057738
0.07090616
0.07083654
0.07081199
0.07088208
0.07088685
0.07079649
0.07096219
0.07116032
0.07114553
0.07128143
0.07127309
0.07135201
0.07137775
0.07132316
0.07156587
0.07145262
0.07152581
0.07169962
0.07191396
0.07184100
0.07158470
0.07199812
0.07186604
0.07200360
0.07215881
0.07217360
0.07213831
0.07214880
0.07198668
0.07235765
0.07233119
0.07238507
0.07249451
0.07252145
0.07266235
0.07253933
0.07264686
0.07262039
0.07287621
0.07275558
0.07304883
0.07317185
0.07306337
0.07324171
0.07318616
0.07336664
0.07321787
0.07341814
0.07359505
0.07351708
0.07352376
0.07379198
0.07374072
0.07368731
0.07374334
0.07384801
0.07399392
0.07384276
0.07406473
0.07390904
0.07400537
0.07398629
0.07419062
0.07425404
0.07448196
0.07430863
0.07457089
0.07453799
0.07457709
0.07453156
0.07497811
0.07494998
0.07492542
0.07479429
0.07498121
0.07496810
0.07501245
0.07515788
0.07523441
0.07518077
0.07579660
0.07541418
0.07541180
0.07555294
0.07561159
0.07565594
0.07565904
0.07589269
0.07582593
0.07576585
0.07589626
0.07585192
0.07601333
0.07610440
0.07608294
0.07639241
0.07634020
0.07638884
0.07687664
0.07644582
0.07656646
0.07668400
0.07653356
0.07658982
0.07677722
0.07693291
0.07692552
0.07692027
0.07689095
0.07704210
0.07703447
0.07706094
0.07727861
0.07733893
0.07736087
0.07737303
0.07760096
0.07758451
0.07771301
0.07775283
0.07783747
0.07782269
0.07784772
0.07781005
0.07800341
0.08014154
0.07811260
0.07814574
0.07809043
0.07819057
0.07838416
0.07850003
0.07843900
0.07863641
0.07873988
0.07858944
0.07877755
0.07892632
0.07885647
0.07915473
0.07907605
0.07907224
0.07913399
0.07929754
0.07928181
0.07931662
0.07938266
0.07959580
0.07967114
0.07965970
0.07988954
0.07966328
0.07978940
0.07993770
0.07987165
0.07987213
0.07985926
0.08107924
0.08012938
0.08006525
0.08013463
0.08007550
0.08021283
0.08034563
0.08068705
0.08058167
0.08071733
0.08067775
0.08092427
0.08084822
0.08091044
0.08115792
0.08111191
0.08111262
0.08132029
0.08120465
0.08136678
0.08153439
0.08141422
0.08152580
0.08165240
0.08182693
0.08163857
0.08193898
0.08172631
0.08179426
0.08193827
0.08189797
0.08197713
0.08230042
0.08211851
0.08216000
0.08232713
0.08235097
0.08253193
0.08246446
0.08244872
0.08258200
0.08262086
0.08284092
0.08384562
0.08277631
0.08280587
0.08298922
0.08309531
0.08308411
0.08310103
0.08345246
0.08320260
0.08387494
0.08343053
0.08348608
0.08357716
0.08375096
0.08364749
0.08372235
0.08376360
0.08381963
0.08382297
0.08383679
0.08390188
0.08407831
0.08422399
0.08419156
0.08426332
0.08502150
0.08679891
0.08446193
0.08447313
0.08463883
0.08459163
0.08461499
0.08465457
0.08466792
0.08493543
0.08479214
0.08479404
0.08493757
0.08505893
0.08511162
0.08531356
0.08528519
0.08513808
0.08539438
0.08528042
0.08540821
0.08546996
0.08562756
0.08553767
0.08568048
0.08563876
0.08583045
0.08588791
0.08591270
0.08595181
0.08617949
0.08588147
0.08630347
0.08610678
0.08629394
0.08622932
0.08634686
0.08636236
0.08653665
0.08660841
0.08648562
0.08664465
0.08676314
0.08652663
0.08669996
0.08685946
0.08686471
0.08680201
0.08687973
0.08705711
0.08718395
0.08725309
0.08749223
0.08735967
0.08729792
0.08744192
0.08757782
0.08760810
0.08766294
0.08777547
0.08766079
0.08772731
0.08842635
0.08793616
0.08806276
0.08797884
0.08791518
0.08817625
0.08825517
0.08823609
0.08816886
0.08820224
0.08848333
0.08849645
0.08850217
0.08854938
0.08865905
0.08867860
0.08867049
0.08895278
0.08859515
0.08894825
0.08898020
0.08892202
0.08910370
0.08936310
0.08943844
0.08950734
0.08944821
0.08932042
0.08945251
0.08945465
0.08946109
0.08966565
0.08946371
0.08952713
0.08991075
0.08975530
0.08979511
0.09010386
0.08999252
0.09024453
0.09017706
0.09011292
0.09028935
0.09042001
0.09035778
0.09041476
0.09055924
0.09048367
0.09062052
0.09075165
0.09071231
0.09077621
0.09077907
0.09082580
0.09092331
0.09098268
0.09104657
0.09122276
0.09095502
0.09117484
0.09123707
0.09117270
0.09130645
0.09115982
0.09146142
0.09148192
0.09158850
0.09166670
0.09184289
0.09228826
0.09188366
0.09200931
0.09204364
0.09206724
0.09199834
0.09210420
0.09224582
0.09227109
0.09226155
0.09238768
0.09256577
0.09247780
0.09248161
0.09254336
0.09269643
0.09288597
0.09281373
0.09284377
0.09303641
0.09295344
0.09317374
0.09311795
0.09309983
0.09335732
0.09331179
0.09338689
0.09332705
0.09332848
0.09355760
0.09365916
0.09346414
0.09366488
0.09354067
0.09375906
0.09380555
0.09408617
0.09384775
0.09401560
0.09415841
0.09423065
0.09445310
0.09424734
0.09457445
0.09449720
0.09463406
0.09468341
0.09460783
0.09464669
0.09465981
0.09475017
0.09487510
0.09487963
0.09503937
0.09510660
0.09508085
0.09522009
0.09526372
0.09524727
0.09551239
0.09555006
0.09563422
0.09578204
0.09569931
0.09579301
0.09590220
0.09593940
0.09709096
0.10075498
0.09732819
0.09583998
0.09622216
0.09626198
0.09621239
0.09653139
0.09646392
0.09646916
0.09648037
0.09658432
0.09666181
0.09692073
0.09680724
0.09722614
0.09698987
0.09715247
0.09723783
0.09729290
0.09727573
0.09740400
0.09737897
0.09744287
0.09740281
0.09750676
0.09768271
0.09770727
0.09767413
0.09769154
0.09780669
0.09785914
0.09797907
0.09816360
0.09799337
0.09805632
0.09798265
0.09812927
0.09829569
0.09824014
0.09845972
0.09867525
0.09914494
0.09948635
0.09953594
0.09967041
0.09954095
0.09978700
0.09992719
0.10001397
0.09999490
0.10003829
0.09999871
0.10009027
0.10028052
0.10033727
0.10029125
0.10052896
0.10038137
0.10063601
0.10089540
0.10077381
0.10057259
0.10092759
0.10073996
0.10109210
0.10103726
0.10100293
0.10111022
0.10109949
0.10123348
0.10127187
0.10126472
0.10125232
0.10133266
0.10149002
0.10175991
0.10123610
0.10081863
0.10092402
0.10104632
0.10087347
0.10087585
0.10101032
0.10125661
0.10101724
0.10118866
0.10109735
0.10110617
0.10122252
0.10151458
0.10148859
0.10169601
0.10166669
0.10178900
0.10174417
0.10182929
0.10187531
0.10179687
0.10193372
0.10299873
0.10209918
0.10192204
0.10208511
0.10233283
0.10228658
0.10232854
0.10247374
0.10227966
0.10265326
0.10260105
0.10269094
0.10270810
0.10274816
0.10275531
0.10290337
0.10284185
0.10291529
0.10309434
0.10307574
0.10321879
0.10345888
0.10317206
0.10328341
0.10400867
0.10337996
0.10381889
0.10371780
0.10362387
0.10366917
0.10384846
0.10377240
0.10533714
0.10388470
0.10405564
0.10404706
0.10408807
0.10428500
0.10432363
0.10430789
0.10449171
0.10418653
0.10428524
0.10434628
0.10447884
0.10436845
0.10462308
0.10468769
0.10466623
0.10471988
0.10476756
0.10619736
0.10494399
0.10494089
0.10511613
0.10523009
0.10525012
0.10539436
0.10536671
0.10545468
0.10534215
0.10550451
0.10566807
0.10566831
0.10602999
0.10582781
0.10593152
0.10568404
0.10616112
0.10603881
0.10602832
0.10618472
0.10611939
0.10632014
0.10628986
0.10648370
0.10645366
0.10648632
0.10657263
0.10662293
0.10671163
0.10691643
0.10675311
0.10707569
0.10683727
0.10701370
0.10722446
0.10712719
0.10727620
0.10723066
0.10746312
0.10744166
0.10746670
0.10761857
0.10776973
0.10767627
0.10770583
0.10760450
0.10791135
0.10796642
0.10801435
0.10802221
0.10808754
0.10813951
0.10819697
0.10853553
0.10838270
0.10848236
0.10842609
0.10861063
0.10883069
0.10885024
0.10876155
0.10901690
0.10874939
0.10915327
0.10906076
0.10906029
0.10929632
0.10933495
0.10926509
0.10925293
0.10939479
0.11207819
0.11298466
0.11045766
0.10956669
0.10977101
0.10981870
0.10978746
0.10978937
0.11012244
0.11012793
0.11008859
0.11051702
0.11024547
0.11028361
0.11035252
0.11025834
0.11049581
0.11073947
0.11018419
0.11080933
0.11092639
0.11088729
0.11094379
0.11094928
0.11083460
0.11112046
0.11123991
0.11121321
0.11130238
0.11138344
0.11134958
0.11148262
0.11156535
0.11138892
0.11176229
0.11165977
0.11165977
0.11178541
0.11189604
0.11180115
0.11183333
0.11206126
0.11231494
0.11222219
0.11224127
0.11225533
0.11237764
0.11227512
0.11234641
0.11245632
0.11287189
0.11251831
0.11276555
0.11271691
0.11275840
0.11276388
0.11269474
0.11287236
0.11310291
0.11314988
0.11307740
0.11322498
0.11318135
0.11330819
0.11329985
0.11335564
0.11374664
0.11368227
0.11353326
0.11372304
0.11369443
0.11376500
0.11373687
0.11385322
0.11396742
0.11385298
0.11422133
0.11401200
0.11457920
0.11434650
0.11416960
0.11438560
0.11443901
0.11444902
0.11465645
0.11473966
0.11451244
0.11449814
0.11473846
0.11464787
0.11505246
0.11478925
0.11510181
0.11503768
0.11513495
0.11513495
0.11512804
0.11524248
0.11519670
0.11515164
0.11531258
0.11541581
0.11562443
0.11547470
0.11541510
0.11553168
0.11560273
0.11577630
0.11575055
0.11591387
0.11602855
0.11602259
0.11588955
0.11632729
0.11628723
0.11638021
0.11611271
0.11640453
0.11676717
0.11652303
0.11628556
0.11663342
0.11657929
0.11688852
0.11673355
0.11680460
0.11688900
0.11746144
0.11704016
0.11687446
0.11717868
0.11714840
0.11712241
0.11713696
0.11758089
0.11739182
0.11750388
0.11750484
0.11772847
0.11758065
0.11767745
0.11780524
0.11799431
0.11762309
0.11776900
0.11787105
0.11797547
0.11800742
0.11920500
0.11840844
0.11823559
0.11835146
0.11855054
0.11852193
0.11867619
0.11914039
0.11864662
0.11864758
0.11866045
0.11889458
0.11901522
0.11910748
0.11900401
0.11904955
0.11929369
0.11941576
0.11920834
0.11986780
0.11944938
0.11950088
0.11969471
0.11959219
0.11993241
0.11964321
0.11962628
0.11981368
0.12038970
0.12000561
0.12002587
0.12011051
0.12002397
0.12026501
0.12030602
0.12021136
0.12024570
0.12025547
0.12052798
0.12055898
0.12069511
0.12068033
0.12076879
0.12080359
0.12088323
0.12104678
0.12090158
0.12103939
0.12108970
0.12125468
0.12122655
0.12109947
0.12139988
0.12129354
0.12136292
0.12162399
0.12165070
0.12178469
0.12175775
0.12166691
0.12180710
0.12207103
0.12207294
0.12199140
0.12198067
0.12207150
0.12249708
0.12229705
0.12220073
0.12236047
0.12254000
0.12260652
0.12261009
0.12303066
0.12270641
0.12262774
0.12286043
0.12301874
0.12288952
0.12304974
0.12338591
0.12323880
0.12285089
0.12312245
0.12319303
0.12298226
0.12307692
0.12319899
0.12319636
0.12379050
0.12380981
0.12393832
0.12382460
0.12383533
0.12421489
0.12417722
0.12434649
0.12433124
0.12436914
0.12429714
0.12439728
0.12455082
0.12465405
0.12474036
0.12478542
0.12449026
0.12478733
0.12492108
0.12558270
0.12511206
0.12516928
0.12515068
0.12540436
0.12511683
0.12535715
0.12555289
0.12576103
0.12554383
0.12552857
0.12592649
0.12549806
0.12567472
0.12534618
0.12530446
0.12549329
0.12525249
0.12535501
0.12593436
0.12564325
0.12610984
0.12630987
0.12629080
0.12606454
0.12633729
0.12636757
0.12652779
0.12653756
0.12661099
0.12643361
0.12659335
0.12666845
0.12663651
0.12684441
0.12679386
0.12720227
0.12691593
0.12696934
0.12661719
0.12679434
0.12672663
0.12669039
0.12740827
0.12745857
0.12751579
0.12752080
0.12773538
0.12761688
0.12763238
0.12789345
0.12781358
0.12783957
0.12790918
0.12812972
0.12818003
0.12806582
0.12817550
0.12817192
0.12824655
0.12822652
0.12863517
0.12850690
0.12859249
0.12854648
0.12873220
0.12874842
0.12899756
0.12878156
0.12911844
0.12890410
0.12893009
0.12883663
0.12941957
0.12906218
0.12910247
0.12920117
0.12932014
0.12932110
0.12951946
0.12947273
0.12950397
0.12990475
0.12998652
0.12995076
0.12993932
0.13007092
0.12991667
0.13025308
0.13018370
0.13054061
0.13021779
0.13036680
0.13013697
0.13041162
0.13033056
0.13061261
0.13070273
0.13075089
0.13065267
0.13112617
0.13090134
0.13074040
0.13091469
0.13116455
0.13119197
0.13103795
0.13146710
0.13134718
0.13156629
0.13147807
0.13171029
0.13135886
0.13162899
0.13147593
0.13179040
0.13150096
0.13154459
0.13153768
0.13186097
0.13208914
0.13187551
0.13211417
