0.03548717
0.06299996
0.06208801
0.06112242
0.06184745
0.06196165
0.06187940
0.06204653
0.06211829
0.06205153
0.06212878
0.06216240
0.06221652
0.06251240
0.06237388
0.06218219
0.06239462
0.06265402
0.06387305
0.06241250
0.06237721
0.06258082
0.06261706
0.06272483
0.06278682
0.06277370
0.06173682
0.06196022
0.06179428
0.06186342
0.06182528
0.06179905
0.06284261
0.06292820
0.06299448
0.06296539
0.06290770
0.06293869
0.06207323
0.06208944
0.06207752
0.06215692
0.06219935
0.06232429
0.06231952
0.06224632
0.06225467
0.06242490
0.06252360
0.06262112
0.06374097
0.06250596
0.06269550
0.06385684
0.06276798
0.06279635
0.06283808
0.06279755
0.06306720
0.06302786
0.06310034
0.06328726
0.06325459
0.06331563
0.06340384
0.06343889
0.06354713
0.06354475
0.06454873
0.06381011
0.06367230
0.06470060
0.06471229
0.06385422
0.06395745
0.06413722
0.06412339
0.06429672
0.06434464
0.06442785
0.06421161
0.06445765
0.06447768
0.06462455
0.06461120
0.06465626
0.06482196
0.06482744
0.06474686
0.06486177
0.06524038
0.06486511
0.06482363
0.06472492
0.06471729
0.06487417
0.06505489
0.06499887
0.06511664
0.06535268
0.06526494
0.06533265
0.06543255
0.06564546
0.06561255
0.06577730
0.06564808
0.06627011
0.06579804
0.06598234
0.06627226
0.06626844
0.06733108
0.06648564
0.06661081
0.06656790
0.06663179
0.06778073
0.06775451
0.06801009
0.06815100
0.06817055
0.06812859
0.06806350
0.06819320
0.06818390
0.06899953
0.06829929
0.06827331
0.06742001
0.06739569
0.06758666
0.06757355
0.06762576
0.06766391
0.06787634
0.06885576
0.06883669
0.06875944
0.06889963
0.06884599
0.06785131
0.06804895
0.06802034
0.06919861
0.06913471
0.06938195
0.06929612
0.06922388
0.06830359
0.06828094
0.06938577
0.06839919
0.06846166
0.06866288
0.06869268
0.06897283
0.06902552
0.07037425
0.07124209
0.07052088
0.07060218
0.07051039
0.07055044
