0.03661394
0.05637121
0.05645895
0.05649948
0.05671668
0.05651474
0.05666399
0.05655384
0.05683517
0.05688262
0.05689311
0.05694246
0.05718207
0.05708766
0.05714369
0.05726743
0.05726957
0.05724072
0.05745482
0.05734062
0.05734420
0.05754948
0.05748963
0.05747819
0.05749917
0.05784798
0.05777478
0.05773377
0.05785084
0.05788231
0.05810618
0.05805421
0.05806494
0.05815148
0.05824685
0.05822110
0.05829573
0.05844903
0.05838943
0.05842519
0.05857563
0.05866051
0.05882573
0.05878758
0.05889177
0.05879354
0.05890894
0.05907583
0.05911207
0.05926681
0.05918932
0.05941725
0.05945873
0.05949640
0.05939436
0.05939054
0.05942011
0.05943656
0.05960703
0.05965519
0.05969810
0.05988646
0.05991864
0.05980968
0.06136084
0.06012416
0.05991507
0.06019902
0.06016588
0.06054831
0.06025410
0.06043935
0.06052589
0.06038046
0.06051111
0.06078196
0.06062531
0.06072307
0.06075573
0.06088376
0.06117964
0.06130338
0.06152534
0.06210041
0.06194520
0.06209111
0.06216288
0.06215692
0.06220794
0.06231284
0.06239891
0.06240368
0.06263995
0.06247759
0.06267715
0.06284332
0.06272650
0.06281185
0.06287527
0.06296396
0.06291389
0.06294632
0.06308317
0.06305361
0.06323075
0.06340218
0.06323791
0.06322670
0.06328058
0.06345153
0.06333637
0.06345868
0.06357121
0.06378412
0.06382680
0.06364059
0.06386304
0.06369400
0.06393695
0.06402302
0.06410527
0.06408334
0.06426048
0.06458306
0.06428814
0.06434464
0.06451797
0.06452203
0.06475925
0.06468964
0.06471610
0.06469011
0.06478786
0.06476426
0.06493735
0.06512451
0.06494522
0.06501102
0.06512880
0.06516743
0.06513929
0.06521320
0.06540489
0.06538534
0.06568360
0.06551933
0.06560183
0.06561613
0.06570935
0.06593513
0.06581044
0.06600332
0.06598711
0.06624889
0.06609297
0.06631589
0.06630135
0.06636810
0.06645870
0.06644392
0.06643391
0.06727219
0.06667638
0.06677842
0.06661654
0.06670904
0.06688547
0.06679344
0.06726289
0.06714416
0.06712317
0.06710625
0.06714320
0.06719279
0.06717753
0.06744146
0.06739092
0.06741619
0.06748867
0.06756115
0.06752920
0.06760073
0.06763554
0.06759429
0.06734490
0.06728673
0.06739116
0.06743646
0.06733775
0.06728244
0.06747270
0.06760287
0.06757808
0.06767392
0.06751990
0.06767797
0.06780005
0.06783032
0.06793594
0.06801248
0.06812811
0.06816077
0.06810713
0.06830120
0.06834865
0.06836510
0.06821918
0.06835747
0.06848097
0.06838489
0.06845307
0.06884956
0.06879258
0.06883907
0.06906629
0.06853771
0.06837177
0.06848168
0.06885576
0.06866980
0.06868815
0.06880832
0.06885314
0.06887436
0.06896734
0.06901002
0.06908417
0.06934142
0.06934404
0.06933379
0.06944060
0.06946731
0.06965351
0.07014155
0.06968188
0.06985593
0.06975913
0.06997800
0.06993151
0.07016850
0.07009482
0.07025266
0.07048655
0.07078505
0.07075191
0.07079291
0.07122183
0.07109547
0.07116270
0.07128954
0.07120562
0.07132840
0.07135844
0.07143140
0.07159615
0.07153940
0.07193017
0.07191467
0.07174301
0.07188177
0.07201838
0.07211661
0.07205534
0.07206750
0.07210064
0.07280493
0.07295251
0.07231593
0.07313299
0.07418871
0.07631755
0.07439828
0.07401109
0.07448411
0.07341266
0.07354546
0.07343078
0.07375288
0.07359409
0.07353830
0.07365584
0.07377148
0.07384109
0.07383871
0.07390976
0.07378650
0.07357574
0.07357574
0.07337928
0.07351279
0.07352161
0.07347488
0.07351828
0.07360125
0.07361722
0.07365942
0.07383895
0.07401514
0.07401705
0.07401443
0.07391667
0.07407808
0.07439113
0.07429075
0.07438612
0.07442760
0.07434392
0.07431936
0.07444763
0.07463980
0.07473803
0.07471061
0.07497883
0.07486439
0.07442427
0.07456541
0.07459497
0.07469392
0.07468534
0.07525039
0.07545114
0.07608271
0.07559156
0.07581711
0.07606435
0.07518029
0.07674861
0.07653022
0.07670999
0.07673788
0.07683706
0.07681537
0.07672310
0.07701349
0.07693338
0.07691908
0.07724500
0.07714248
0.07737494
0.07733202
0.07824397
0.07759857
0.07747483
0.07751608
0.07790494
0.07767487
0.07775950
0.07780170
0.07773781
0.07795882
0.07803631
0.07806420
0.07821536
0.07819557
0.07862329
0.07822728
0.07827282
0.07840633
0.07852888
0.07896185
0.07856774
0.07872963
0.07867241
0.07882071
0.07877541
0.07902980
0.07928181
0.07912898
0.07924438
0.07931018
0.07896590
0.07917953
0.07935739
0.07933354
0.07936263
0.07953811
0.07947683
0.07979155
0.07958674
0.07985497
0.07984400
0.07947063
0.07922912
0.07921886
0.07917786
0.07916689
0.07944274
0.07952023
0.07941937
0.07957888
0.07955623
0.07949495
0.07975674
0.07984519
0.07993627
0.08002329
0.08010030
0.07976580
0.07986164
0.08007622
0.08017182
0.08030653
0.08022189
0.08056903
0.08048010
0.08045244
0.08066249
0.08059883
0.08065176
0.08055949
0.08066630
0.08077216
0.08090210
0.08099031
0.08100963
0.08106685
0.08108091
0.08119059
0.08126712
0.08140874
0.08143711
0.08154440
0.08170199
0.08160186
0.08171725
0.08180380
0.08185482
0.08193254
0.08201551
0.08215261
0.08205318
0.08216739
0.08213258
0.08207250
0.08228350
0.08250093
0.08266544
0.08350444
0.08316588
0.08323622
0.08333755
0.08355665
0.08340359
0.08339238
0.08354187
0.08364105
0.08349156
0.08378553
0.08385134
0.08388686
0.08392024
0.08391261
0.08425570
0.08410478
0.08416414
0.08428335
0.08428931
0.08435631
0.08428049
0.08456349
0.08448863
0.08460069
0.08468747
0.08484554
0.08494711
0.08482528
0.08733225
0.08495545
0.08499813
0.08517623
0.08534622
0.08533287
0.08524346
0.08551002
0.08542871
0.08536410
0.08667922
0.08589864
0.08575010
0.08564663
0.08599424
0.08605599
0.08598351
0.08595443
0.08629084
0.08663678
0.08613777
0.08627248
0.08619142
0.08634830
0.08657074
0.08684564
0.08660054
0.08680511
0.08696938
0.08669138
0.08684397
0.08714318
0.08641458
0.08669877
0.08634496
0.08658957
0.08667636
0.08739662
0.08719444
0.08739877
0.08771658
0.08755088
0.08757854
0.08742332
0.08759260
0.08789921
0.08792257
0.08799148
0.08796763
0.08823991
0.08803964
0.08812642
0.08842444
0.08838677
0.08847547
0.08822775
0.08870697
0.08844376
0.08859396
0.08869600
0.08864665
0.08885598
0.08882833
0.08913255
0.08886170
0.08910942
0.08910108
0.08946991
0.08949566
0.08922172
0.08958840
0.08917665
0.08928013
0.08943081
0.08968520
0.08987880
0.08968329
0.08996558
0.08979225
0.08993793
0.08985853
0.09001446
0.09019566
0.09012032
0.09032774
0.09004331
0.09040070
0.09037375
0.09044933
0.09059930
0.09047365
0.09062481
0.09047961
0.09050155
0.09064722
0.09090233
0.09085131
0.09071374
0.09102345
0.09094310
0.09097338
0.09114289
0.09096026
0.09071732
0.09049702
0.09059548
0.09067321
0.09050918
0.09097672
0.09099078
0.09101939
0.09123492
0.09189963
0.09156227
0.09182620
0.09188318
0.09210515
0.09209633
0.09277201
0.09266829
0.09245396
0.09225488
0.09287000
0.09264112
0.09260416
0.09269381
0.09292102
0.09279919
0.09266973
0.09290957
0.09313440
0.09313750
0.09303236
0.09314585
0.09313655
0.09330773
0.09345317
0.09344053
0.09350586
0.09338355
0.09388924
0.09372115
0.09361053
0.09384608
0.09398603
0.09410143
0.09392166
0.09416986
0.09494495
0.09424305
0.09482646
0.09468699
0.09443092
0.09441161
0.09455490
0.09445214
0.09472179
0.09475207
0.09838986
0.09494472
0.09476113
0.09576559
0.09502554
0.09532428
0.09525728
0.09528017
0.09546614
0.09510541
0.09538126
0.09531116
0.09516835
0.09540367
0.09574389
0.09590602
0.09569168
0.09648323
0.09563565
0.09570169
0.09585238
0.09594846
0.09601665
0.09580469
0.09587860
0.09526205
0.09532571
0.09546018
0.09575438
0.09578872
0.09557891
0.09589505
0.09556508
0.09583092
0.09575558
0.09605885
0.09611535
0.09585738
0.09614134
0.09604239
0.09633374
0.09624076
0.09631681
0.09645438
0.09637356
0.09674430
0.09658289
0.09669971
0.09672904
0.09695697
0.09690285
0.09670854
0.09705877
0.09686828
0.09690356
0.09747458
0.09757948
0.09735513
0.09685802
0.09775352
0.09717917
0.09758067
0.09777308
0.09871316
0.09879851
0.09857869
0.09890485
0.09859061
0.09888792
0.09894586
0.09907889
0.09918594
0.09912491
0.09909797
0.09910750
0.09914613
0.09939098
0.09939313
0.09945631
0.09950519
0.09979320
0.09964037
0.09968758
0.09975719
0.09998035
0.10012436
0.09988070
0.10012913
0.09995866
0.10004210
0.10036826
0.10023284
0.10061693
0.10024667
0.10043859
0.10028815
0.10051870
0.10061646
0.10075307
0.10077620
0.10069251
0.10134840
0.10078025
0.10121155
0.10128999
0.10126781
0.10121727
0.10116267
0.10146713
0.10106230
0.10073113
0.10101891
0.10084891
0.10125852
0.10065866
0.10148835
0.10082531
0.10092449
0.10109138
0.10131264
0.10120773
0.10139298
0.10148478
0.10149360
0.10153461
0.10158300
0.10186267
0.10232496
0.10243559
0.10279751
0.10257125
0.10267425
0.10291028
0.10291219
0.10313177
0.10283351
0.10330963
0.10287118
0.10311294
0.10332417
0.10370970
0.10346174
0.10326457
0.10363626
0.10318995
0.10356855
0.10357881
0.10380435
0.10404277
0.10370517
0.10396028
0.10385346
0.10401559
0.10384822
0.10430956
0.10434437
0.10399270
0.10416031
0.10415697
0.10436034
0.10427690
0.10495114
0.10451937
0.10411835
0.10467386
0.10453343
0.10466433
0.10628605
0.10512018
0.10489178
0.10476184
0.10503030
0.10490346
0.10500097
0.10505509
0.10626316
0.10463881
0.10462928
0.10472155
0.10462952
0.10466933
0.10514307
0.10490751
0.10501981
0.10479856
0.10534906
0.10529613
0.10522318
0.10547042
0.10547924
0.10593867
0.10604954
0.10637069
0.10626030
0.10645008
0.10642886
0.10659671
0.10670209
0.10654140
0.10684776
0.10662413
0.10671210
0.10706449
0.10709453
0.10714817
0.10701895
0.10738230
0.10707712
0.10713339
0.10743284
0.10749626
0.10768962
0.10744190
0.10785365
0.10759091
0.10743737
0.10795712
0.10814691
0.10811543
0.10771203
0.10803151
0.10800266
0.10799336
0.10824275
0.10863066
0.10844183
0.10822630
0.10862088
0.10840321
0.10843968
0.10872197
0.10885000
0.10887313
0.10862708
0.10902405
0.10877681
0.10884118
0.10975838
0.10933280
0.10932565
0.10890770
0.10949183
0.10925126
0.10917592
0.10937405
0.10968280
0.10959363
0.10943699
0.10970521
0.10972166
0.10971880
0.10980225
0.10971141
0.10955095
0.10895824
0.10940862
0.10917354
0.10986495
0.10955620
0.10966468
0.10958862
0.10942602
0.10980248
0.11264324
0.10954857
0.10972285
0.11025739
0.11025333
0.10989976
0.11015677
0.11001611
0.11025858
0.11026335
0.11050797
0.11063910
0.11030602
0.11075926
0.11088538
0.11076379
0.11084771
0.11127853
0.11101174
0.11073375
0.11090231
0.11104012
0.11080217
0.11105847
0.11154318
0.11158442
0.11125731
0.11128592
0.11109686
0.11129546
0.11129165
0.11149955
0.11168933
0.11169791
0.11188293
0.11182761
0.11149001
0.11187959
0.11227870
0.11218882
0.11214566
0.11302209
0.11274672
0.11312461
0.11307096
0.11319470
0.12252021
0.11933517
0.11819243
0.11693335
0.11331964
0.11377382
0.11384583
0.11386609
0.11383724
0.11408615
0.11395931
0.11396575
0.11402917
0.11414337
0.11449099
0.11435056
0.11445069
0.11425686
0.11433864
0.11558771
0.11505032
0.11499619
0.11475849
0.11508012
0.11482191
0.11479902
0.11499286
0.11528873
0.11535478
0.11503100
0.11536622
0.11502242
0.11527395
0.11564016
0.11579370
0.11563277
0.11538196
0.11601305
0.11582899
0.11573124
0.11586666
0.11598706
0.11620951
0.11617398
0.11625576
0.11596227
0.11618352
0.11605000
0.11639714
0.11666393
0.11625934
0.11658859
0.11968279
0.11617875
0.11672115
0.11770844
0.11666608
0.11668515
0.11704659
0.11674738
0.11673784
0.11709571
0.11691070
0.11641526
0.11616445
0.11659527
0.11645484
0.11652446
0.11668396
0.11685562
0.11753845
0.11681271
0.11722636
0.11691380
0.11688495
0.11743379
0.11699247
0.11723256
0.11692977
0.11733413
0.11692214
0.11732554
0.11751699
0.11786628
0.11784267
0.11764336
0.11802840
0.11801887
0.11828423
0.11850572
0.11918330
0.11880374
0.11869407
0.11921358
0.11877036
0.11880064
0.11908507
0.12002802
0.11931252
0.11913633
0.11957073
0.11935210
0.11923718
0.11935878
0.11966276
0.11977744
0.11939049
0.11993933
0.11972761
0.11973619
0.11992598
0.12014985
0.12020993
0.11998153
0.12044501
0.12014961
0.12012124
0.12044764
0.12062693
0.12059045
0.12049794
0.12082362
0.12071729
0.12055206
0.12229395
0.12105632
0.12096262
0.12047482
0.12076426
0.12028599
0.12253475
0.12315583
0.12053728
0.12127447
0.12176657
0.12080622
0.12052369
0.12048292
0.12082815
0.12125063
0.12164307
0.12074518
0.12113595
0.12096262
0.12239075
0.12121773
0.12143064
0.12164450
0.12139773
0.12207723
0.12233615
0.12212014
0.12227726
0.12283206
0.12298560
0.12264109
0.12292027
0.12266111
0.12262511
0.12267661
0.12321329
0.12296844
0.12292361
0.12301564
0.12272620
0.12298536
0.12303209
0.12350988
0.12365222
0.12329245
0.12364388
0.12329817
0.12351441
0.12372684
0.12404990
0.12409973
0.12355995
0.12398529
0.12362576
0.12388349
0.12402248
0.12423921
0.12425971
0.12400794
0.12440324
0.12409019
0.12435102
0.12459779
0.12495589
0.12487173
0.12454987
0.12481499
0.12456155
0.12466693
0.12494874
0.12506056
0.12511897
0.12519097
0.12535501
0.12519932
0.12500691
0.12526274
0.12548566
0.12558532
0.12556648
0.12633085
0.12603664
0.12552452
0.12600565
0.12613559
0.12621760
0.12596583
0.12633610
0.12572408
0.12545776
0.12565804
0.12630725
0.12597585
0.12534952
0.12589788
0.12615824
0.12571549
0.12592196
0.12607145
0.12614346
0.12572336
0.12629247
0.12594414
0.12600613
0.12628388
0.12681746
0.12671208
0.12631130
0.12677026
0.12656713
0.12652612
0.12685537
0.12691045
0.12733269
0.12687850
0.12720728
0.12669730
0.12695694
0.12703753
0.12738132
0.12742424
0.12717295
0.12761784
0.12713623
0.12824154
0.12747264
0.12795758
0.12796116
0.12758136
0.12822509
0.12760139
0.12759757
0.12799621
0.12821198
0.12820911
0.12786102
0.12849522
0.12802577
0.12828541
0.12830400
0.12885332
0.12875080
0.12840080
0.12876630
0.12832499
0.12863779
0.12866974
0.12909675
0.12889528
0.12844563
0.12896037
0.12884545
0.12871003
0.12900829
0.12944245
0.12940168
0.12903929
0.12962770
0.12951589
0.12954998
0.12972283
0.12983322
0.13104582
0.12950468
0.12992883
0.12955785
0.12958646
0.13157654
0.13025355
0.13026333
0.12977028
0.13082910
0.13028550
0.13036776
0.13056779
0.13078284
0.13083053
0.13052154
0.13095665
0.13055563
0.13375425
0.13081217
0.13113236
0.13133383
0.13081551
0.13126349
0.13075876
0.13115740
0.13140988
0.13155293
0.13168836
0.13137317
0.13187075
0.13146067
0.13140130
0.13436031
0.13203573
0.13225174
0.13211203
0.13260007
0.13198662
0.13221908
0.13220143
0.13248444
0.13267517
0.13212371
0.13281465
0.13231826
0.13251305
0.13263559
0.13305044
0.13307452
0.13275528
0.13304758
0.13301778
0.13355589
0.13319635
0.13350201
0.13337708
0.13287950
0.13357115
0.13333058
0.13316941
0.13339138
0.13373709
0.13388062
0.13356113
0.13394022
0.13361001
0.13356161
0.13384485
0.13415170
0.13419294
0.13403964
0.13601065
0.13411331
0.13409519
0.13430786
0.13434839
0.13461685
0.13458252
0.13479161
0.13432741
0.13460493
0.13481355
0.13513136
0.13515663
0.13489413
0.13529944
0.13487673
0.13515520
0.13510203
0.13538480
0.13524437
0.13514423
0.13549733
0.13521862
0.13534975
0.13569379
0.13598919
0.13606095
0.13559794
0.13608074
0.13561058
0.13585687
0.13605738
0.13642931
0.13616681
0.13576365
0.13649058
0.13625145
0.13589120
0.13641906
0.13672018
0.13686156
0.13662767
0.13716888
0.13683343
0.13740134
0.13780189
0.13818622
0.13824081
0.13780475
0.13845754
0.13783336
0.13790798
0.13813758
0.13835287
0.13865709
0.13806844
0.13855147
0.13823652
0.13834906
0.13841724
0.13881159
0.13916755
0.13875270
0.13907003
0.13861346
0.13879895
0.13892245
0.13910699
0.13872480
0.13865900
0.13894939
0.13841248
0.13822913
0.13861895
0.13895845
0.13892484
0.13851833
0.13898563
0.13866878
0.13879776
0.13907623
0.13961101
0.13966966
0.13916874
0.13968110
0.13943386
0.13967180
0.13968897
0.14008927
0.13999319
0.13961363
0.13987398
0.13990402
0.14031744
0.14022899
0.14093637
0.14083123
0.14050078
0.14122128
0.14102149
0.14089918
0.14688063
0.14336181
0.14158559
0.14128160
0.14186907
0.14127278
0.14115548
0.14161396
0.14179039
0.14199018
0.14144993
0.14201283
0.14156365
0.14170766
0.14343882
0.14245033
0.14327765
0.14201593
0.14237189
0.14211702
0.14228892
0.14248776
0.14279389
0.14296389
0.14229584
0.14294887
0.14249039
0.14259911
0.14305902
0.14330173
0.14367604
0.14285684
0.14343882
0.14393187
0.14328289
0.14335775
0.14363432
0.14392352
0.14319515
0.14400911
0.14360571
0.14352465
0.14384818
0.14403319
0.14414668
0.14359379
0.14462924
0.14382100
0.14392328
0.14407754
0.14455318
0.14478827
0.14407349
0.14481473
0.14426613
0.14466047
0.14501762
0.14485955
0.14509916
0.14450765
0.14582372
0.14458513
0.14484620
0.14500880
0.14520979
0.14544964
0.14512229
0.14533210
0.14504361
0.14527822
0.14559245
0.14559960
0.14589119
0.14530253
0.14952946
0.14531636
0.14555740
0.14589453
0.14623594
0.14635038
0.14577246
0.14615011
0.14574122
0.14610696
0.14635301
0.14649582
0.14647818
0.14614558
0.14626980
0.14547205
0.14663196
0.14565325
0.14613271
0.14617682
0.14561510
0.14635015
0.14584899
0.14604735
0.14638925
0.14676523
0.14683461
0.14643168
0.14717340
0.14681101
0.14688706
0.14734745
0.14786553
0.14774632
0.14724016
0.14796424
0.14759851
0.14901710
0.14800048
0.14815450
0.15160394
0.14791775
0.14873528
0.14830542
0.14820385
0.14876723
0.14854646
0.14861822
0.14825726
0.14884400
0.14863324
0.14878225
0.14889288
0.14897680
0.14925694
0.14855075
0.14943385
0.14894319
0.14891410
0.14902091
0.14950895
0.14950228
0.14919925
0.14983726
0.14937901
0.14969277
0.14996147
0.15005970
0.14984274
0.15430927
0.15592170
0.15044856
0.14960265
0.14983177
0.15033460
0.15023875
0.14986849
0.15092850
0.15043640
0.15001488
0.15029907
0.15089464
0.15103722
0.15035439
0.15102720
0.15082359
0.15071821
0.15082383
0.15144634
0.15131640
0.15088344
0.15145302
0.15102649
0.15116930
0.15124035
0.15170908
0.15167642
0.15122914
0.15191984
0.15184951
0.15140462
0.15190530
0.15221238
0.15221453
0.15196753
0.15258908
0.15200090
0.15191007
0.15217566
0.15248132
0.15263247
0.15213299
0.15282273
0.15275931
0.15242767
0.15276122
0.15329981
0.15332985
0.15279245
0.15342474
0.15295005
0.15265751
0.15290499
0.15347815
0.15342641
0.15317059
0.15376353
0.15334320
0.15323877
0.15370750
0.15412164
0.15426946
0.15359664
0.15410948
0.15400577
0.15400910
0.15389299
0.15439343
0.15496540
0.15403223
0.15473223
0.15437651
0.15486860
0.15440702
0.15474606
0.15511370
0.15453172
0.15481830
0.15445018
0.15449786
0.15478683
0.15521455
0.15615630
0.15471959
0.15554333
0.15526891
0.15515518
0.15534425
0.15554762
0.15576267
0.15549278
0.15565467
0.15531349
0.15536833
0.15558648
0.15616894
0.15617895
0.15573478
0.15636897
0.15562367
0.15595651
0.15607142
0.15636063
0.15642428
0.15617728
0.15674663
0.15646982
0.15640569
0.15647364
0.15688300
0.15718460
0.15713978
0.15717363
0.15658760
0.15672708
0.15704370
0.15785909
0.15753675
0.15710878
0.15749621
0.15712404
0.15694928
0.15714574
0.15769434
0.15763855
0.15723348
0.15794468
0.15737653
0.15750146
0.15800548
0.15814734
0.15825319
0.15790558
0.15841961
0.15777540
0.15786433
0.15861750
0.15883923
0.15854287
0.15881348
0.15889597
0.15847993
0.15851521
0.15912700
0.15900922
0.15912819
0.15875149
0.15923762
0.15876031
0.15926600
0.15913534
0.15971589
0.15943456
0.15883875
0.15956068
0.15912080
0.15919209
0.15971017
0.15996957
0.16007161
0.15977168
0.16029334
0.16163516
0.15948796
0.15999103
0.16024995
0.16039801
0.15984321
0.16074300
0.16005421
0.16024828
0.16055441
0.16096902
0.16094446
0.16047692
0.16105676
0.16036916
0.16065001
0.16096306
0.16104937
0.16104293
0.16058660
0.16131544
0.16069031
0.16093850
0.16140962
0.16172194
0.16168046
0.16103315
0.16180801
0.16123152
0.16124487
0.16141009
0.16225600
0.16209149
0.16169214
0.16219044
0.16188455
0.16186404
0.16234136
0.16268325
0.16267490
0.16186619
0.16277933
0.16223454
0.16254902
0.16248560
0.16298532
0.16301465
0.16255713
0.16318321
0.16292143
0.16252184
0.16278434
0.16342759
0.16341710
0.16295433
0.16368008
0.16336632
0.16329217
0.16357636
0.16368675
0.16404986
0.16341615
0.16372228
0.16342688
0.16358638
0.16381264
0.16425419
0.16425085
0.16369152
0.16467071
0.16411734
0.16372108
0.16413426
0.16472769
0.16466904
0.16404915
0.16482973
0.16542554
0.16443682
0.16474771
0.16502166
0.16498160
0.16470003
0.16512227
0.16485047
0.16461968
0.16498685
0.16566730
0.16578865
0.16490769
0.16590309
0.16548705
0.16556358
0.16572309
0.16596508
0.16621876
0.16561818
0.16632009
0.16712856
0.16593385
0.16585898
0.16614485
0.16612577
0.16564822
0.16644549
0.16596580
0.16584563
0.16618013
0.16662478
0.16693115
0.16617084
0.16703367
0.16619825
0.16637921
0.16680598
0.16688752
0.16684103
0.16656733
0.16659927
0.16545701
0.16541958
0.16578794
0.16628909
0.16618156
0.16564345
0.16691208
0.16576982
0.16597366
0.16631007
0.16662598
0.16746974
0.16696596
0.16730952
0.16757798
0.16680050
0.16684866
0.16742420
0.16725492
0.16689992
0.16757274
0.16716433
0.16742826
0.16784024
0.16850257
0.16861629
0.16824150
0.16896653
0.16846800
0.16853738
0.16869974
0.16897607
0.16935015
0.16888928
0.16910410
0.16868186
0.16865087
0.16937590
0.16946054
0.16998434
0.16925025
0.16982627
0.16928267
0.16925287
0.17156625
0.16987562
0.17014194
0.16946602
0.17015672
0.16957855
0.16956115
0.16972589
0.17034364
0.17049718
0.16987658
0.17047334
0.16970301
0.17009926
0.17046714
0.17183685
0.17105317
0.17065597
0.17202282
0.17043400
0.17072201
0.17081809
0.17116022
0.17194581
0.17085028
0.17082691
0.17098761
0.17094040
0.17129922
0.17187285
0.17193246
0.17130399
0.17223263
0.17128277
0.17145634
0.17195249
0.17213345
0.17227364
0.17184234
0.17264938
0.17191410
0.17187357
0.17207503
0.17266798
0.17278123
0.17194748
0.17308259
0.17225528
0.17234206
0.17264581
0.17348313
0.17308497
0.17219448
0.17358756
0.17262530
0.17256737
0.17330718
0.17358732
0.17339349
0.17316723
0.17363048
0.17380714
0.17404222
0.17396307
0.17410374
0.17403841
0.17337322
0.17400217
0.17414618
0.17363954
0.17370963
0.17472339
0.17461514
0.17385483
0.17455626
0.17440987
0.17435527
0.17475462
0.17499566
0.17530799
0.17454386
0.17513061
0.17458487
0.17482901
0.17504287
0.17547512
0.17592192
0.17519188
0.17592716
0.17530799
0.17582417
0.17618179
0.17657781
0.17650747
0.17592359
0.17670345
0.17609024
0.17639017
0.17656159
0.17713189
0.17713594
0.17647648
0.17701960
0.17652583
0.17665625
0.17672920
0.17713714
0.17748737
0.17655039
0.17752862
0.17696071
0.17691231
0.17707705
0.17779207
0.17793965
0.17716455
0.17824841
0.17746687
0.17761040
0.17786694
0.17846060
0.17844510
0.17761493
0.17809391
0.17797256
0.17818189
0.17851710
0.17886639
0.17915249
0.17840171
0.17929482
0.17891264
0.17936230
0.17867374
0.18681741
