0.01766300
0.04339457
0.04062986
0.04048920
0.04333663
0.04186440
0.04171848
0.04174924
0.04093957
0.04098821
0.04103231
0.04108167
0.04216790
0.04115200
0.04123044
0.04124761
0.04147482
0.04161716
0.04166937
0.04261422
0.04241443
0.04157090
0.04175591
0.04182696
0.04171872
0.04187083
0.04203510
0.04291725
0.04291892
0.04296708
0.04313755
0.04312372
0.04320264
0.04311943
0.04328299
0.04323173
0.04339218
0.04351544
0.04347110
0.04374766
0.04384375
0.04390693
0.04380107
0.04380202
0.04376841
0.04390502
0.04377222
0.04408813
0.04413915
0.04406333
0.04407477
0.04429293
0.04432940
0.04452801
0.04440045
0.04453540
0.04450178
0.04460406
0.04484034
0.04480958
0.04481554
0.04478788
0.04494095
0.04493403
0.04516125
0.04498529
0.04517150
0.04526019
0.04529476
0.04530692
0.04533410
0.04543352
0.04454112
0.04466486
0.04470277
0.04488468
0.04480028
0.04572868
0.04576612
0.04570174
0.04581356
0.04574347
0.04592180
0.04589844
0.04590750
0.04608917
0.04618120
0.04604053
0.04625320
0.04622602
0.04630685
0.04636335
0.04636431
0.04641151
0.04649448
0.04567623
0.04576826
0.04563999
0.04578209
0.04584098
0.04681540
0.04687595
0.04705644
0.04686928
0.04698467
0.04726505
0.04717302
0.04727054
0.04651427
0.04668903
0.04743814
0.04747510
0.04680467
0.04738593
0.04753971
0.04763412
0.04770970
0.04765606
0.04777288
0.04794598
0.04795480
0.04793882
0.04817629
0.04819393
0.04809952
0.04817677
0.04838538
0.04842949
0.04858017
0.04850292
0.04850817
0.04855490
0.04871154
0.04796386
0.04781008
0.04885316
0.04894114
0.04887629
0.04912448
0.04914331
0.04940391
0.04929328
0.04940844
0.04959726
0.04945779
0.04950333
0.04962802
0.04970002
0.04964662
0.04982448
0.04980588
0.04994464
0.04999280
0.05000901
0.05008006
0.05000138
0.05018353
0.05024076
0.05029988
0.05040169
0.05052352
0.05041838
0.05047369
0.05060577
0.05054998
0.05046129
0.05068326
0.05076981
0.05077720
0.05089140
0.05079746
0.05084300
0.05088544
0.05106425
0.05117917
0.05101609
0.05120111
0.05130315
0.05119967
0.05142307
0.05155611
0.05160022
0.05205321
0.05164456
0.05165029
0.05185866
0.05175662
0.05198336
0.05199409
0.05189991
0.05204511
0.05206084
0.05210543
0.05147815
0.05160952
0.05250740
0.05244231
0.05253124
0.05268264
0.05278754
0.05271840
0.05282092
0.05286789
0.05296326
0.05294704
0.05350423
0.05309439
0.05311990
0.05309296
0.05310297
0.05335402
0.05340743
0.05353498
0.05363250
0.05377054
0.05375457
0.05473185
0.05395150
0.05402541
0.05409813
0.05420971
0.05427265
0.05420804
0.05433011
0.05433130
0.05425429
0.05434847
0.05458999
0.05472088
0.05462170
0.05474639
0.05476165
0.05471325
0.05480623
0.05477405
0.05489182
0.05486226
0.05501151
0.05527401
0.05434847
0.05440116
0.05451632
0.05454731
0.05463672
0.05561900
0.05550742
0.05562139
0.05572033
0.05575871
0.05586362
0.05589843
0.05578995
0.05619335
0.05613017
0.05613232
0.05609941
0.05633569
0.05641413
0.05642223
0.05654001
0.05662370
0.05585003
0.05674005
0.05669236
0.05680752
0.05698276
0.05683017
0.05703235
0.05704188
0.05727720
0.05729699
0.05722499
0.05734992
0.05755568
0.05756450
0.05760431
0.05762482
0.05768776
0.05769587
0.05783105
0.05792117
0.05792737
0.05820060
0.05831575
0.05818844
0.05815864
0.05837345
0.05733442
0.05748701
0.05763650
0.05771899
0.05777311
0.05775237
0.05885673
0.05833411
0.05898738
0.05900431
0.05901766
0.05924273
0.05924678
0.05945158
0.05939388
0.05901146
0.05943131
0.05942225
0.05968094
0.06050754
0.05962133
0.05980659
0.05973077
0.05994439
0.05997968
0.06003547
0.06012821
0.05992961
0.06031394
0.06021738
0.06023121
0.06037331
0.06040001
0.06063771
0.06063294
0.06062508
0.06055045
0.06081963
0.06074142
0.06085181
0.06090331
0.06091309
0.06092334
0.06103873
0.06100702
0.06115174
0.06117845
0.06123495
0.06143427
0.06134152
0.06144738
0.06158686
0.06139350
0.06174564
0.06171632
0.06177497
0.06191778
0.06184530
0.06187940
0.06187868
0.06220961
0.06246519
0.06220770
0.06232524
0.06211042
0.06226826
0.06235337
0.06254554
0.06259918
0.06278014
0.06274819
0.06258655
0.06280732
0.06298423
0.06297565
0.06289220
0.06297421
0.06308413
0.06312323
0.06323171
0.06357241
0.06354499
0.06339645
0.06354928
0.06345201
0.06356025
0.06499624
0.06352687
0.06376195
0.06383514
0.06391263
0.06387758
0.06394529
0.06396961
0.06405354
0.06422043
0.06423354
0.06425571
0.06439924
0.06447339
0.06469464
0.06438494
0.06435871
0.06367254
0.06394887
0.06382442
0.06386948
0.06394577
0.06417131
0.06422186
0.06413531
0.06421661
0.06539965
0.06525135
0.06530833
0.06536746
0.06554627
0.06541085
0.06558514
0.06573391
0.06575155
0.06579590
0.06583595
0.06612897
0.06600857
0.06603003
0.06601763
0.06619000
0.06627274
0.06622934
0.06636238
0.06625247
0.06635547
0.06563687
0.06556916
0.06582069
0.06558204
0.06582880
0.06583667
0.06589317
0.06592751
0.06610823
0.06609511
0.06623268
0.06714010
0.06721401
0.06732011
0.06740522
