0.01815271
0.04340410
0.03996563
0.03994894
0.04243135
0.04138041
0.04136348
0.04132819
0.04155850
0.04141736
0.04079151
0.04090333
0.04070854
0.04084802
0.04105139
0.04095483
0.04110146
0.04108381
0.04109883
0.04131627
0.04163098
0.04143858
0.04152799
0.04153013
0.04166460
0.04164267
0.04173517
0.04258728
0.04261732
0.04265904
0.04256344
0.04272532
0.04221606
0.04300880
0.04218149
0.04309011
0.04316211
0.04320502
0.04334497
0.04244614
0.04258728
0.04269671
0.04261684
0.04280472
0.04281020
0.04282451
0.04289675
0.04300117
0.04295063
0.04315782
0.04324532
0.04402518
0.04394174
0.04425550
0.04418898
0.04419756
0.04446101
0.04426026
0.04436588
0.04444695
0.04447174
0.04449534
0.04512000
0.04463267
0.04477549
0.04487133
0.04494405
0.04495382
0.04494238
0.04514766
0.04509354
0.04523063
0.04527426
0.04527926
0.04534841
0.04537749
0.04542851
0.04556727
0.04562998
0.04557729
0.04579926
0.04577112
0.04593349
0.04591274
0.04597187
0.04599333
0.04597950
0.04619336
0.04629421
0.04626250
0.04630089
0.04640698
0.04640222
0.04664540
0.04650521
0.04648471
0.04662895
0.04666400
0.04676890
0.04669476
0.04681349
0.04668260
0.04688001
0.04695344
0.04707432
0.04704618
0.04697585
0.04720950
0.04712248
0.04731083
0.04723430
0.04818225
0.04758549
0.04740262
0.04754567
0.04759765
0.04747939
0.04767227
0.04765463
0.04795241
0.04774189
0.04785109
0.04792356
0.04806828
0.04811478
0.04819012
0.04828644
0.04824948
0.04824734
0.04849768
0.04849243
0.04846334
0.04858160
0.04871774
0.04868340
0.04882646
0.04941440
0.04884768
0.04895687
0.04887891
0.04913974
0.04912853
0.04907894
0.04917765
0.04911733
0.04948330
0.04938769
0.04944944
0.04959750
0.04961610
0.04974937
0.04986835
0.04996634
0.05001688
0.05001235
0.05006766
0.05017924
0.05109453
0.05022550
0.05037737
