0.02432036
0.04647589
0.04602718
0.04601336
0.04834652
0.04666591
0.04668450
0.04662180
0.04662299
0.04684567
0.04681540
0.04698157
0.04677320
0.04700994
0.04692769
0.04714036
0.04713368
0.04720283
0.04743505
0.04739833
0.04742837
0.04791021
0.04642463
0.04625177
0.04628897
0.04631066
0.04640603
0.04639268
0.04638338
0.04651570
0.04653549
0.04657745
0.04663062
0.04677987
0.04676008
0.04687381
0.04682755
0.04844308
0.04834414
0.04833770
0.04862976
0.04865122
0.04857945
0.04877543
0.04723907
0.04742050
0.04738688
0.04775429
0.04767299
0.04765344
0.04790163
0.04820704
0.04951906
0.04799891
0.04790163
0.04803658
0.04800677
0.04945588
0.04939437
0.04955912
0.04970360
0.04965568
0.04968286
0.04986954
0.04841542
0.04852772
0.04852772
0.04863882
0.04869747
0.04880381
0.04880357
0.04891729
0.04896855
0.04906893
0.05043268
0.05044508
0.05051208
0.05054927
0.05063367
0.05046773
0.05058312
0.05067372
0.05078387
0.05075550
0.05096555
0.05091023
0.05027652
0.04977298
0.04979587
0.04978538
0.04987764
0.05087399
0.05081391
0.05092835
0.05157375
0.05155110
0.05164170
0.05153584
0.05225825
0.05172276
0.05182147
0.05188632
0.05210590
0.05189562
0.05200481
0.05217719
0.05221629
0.05231261
0.05227804
0.05185556
0.05184913
0.05211854
0.05217195
0.05263782
0.05260253
0.05219650
0.05232835
0.05264235
0.05301809
0.05311251
0.05303144
0.05307651
0.05297089
0.05345654
0.05316854
0.05334592
0.05335307
0.05345654
0.05378819
0.05367112
0.05378175
0.05354285
0.05362964
0.05373979
0.05375838
0.05380154
0.05381560
0.05389237
0.05388761
0.05413055
0.05416679
0.05406713
0.05410743
0.05418229
0.05408430
0.05423927
0.05427694
0.05425406
0.05301547
0.05533266
0.05440068
0.05452347
0.05463433
0.05456853
0.05474615
0.05476236
0.05479860
0.05337071
0.05485511
0.05368829
0.05378246
0.05378151
0.05378437
0.05391240
0.05400348
0.05407834
0.05399203
0.05413628
0.05398893
0.05417991
0.05424905
0.05428171
0.05425596
0.05438662
0.05434370
0.05439067
0.05436993
0.05579162
0.05574083
0.05565810
0.05594230
0.05605125
0.05588293
0.05589700
0.05604768
0.05606127
0.05620289
0.05630803
0.05627155
0.05630183
0.05638170
0.05640745
0.05648065
0.05655074
0.05658150
0.05659485
0.05675411
0.05675554
0.05676293
0.05704427
0.05704188
0.05690718
0.05704451
0.05716133
0.05717182
0.05798340
0.05711818
0.05720139
0.05726767
0.05749965
0.05743337
0.05755877
0.05756092
0.05757928
0.05754781
0.05670238
0.05649042
0.05775476
0.05809474
0.05780697
0.05804825
0.05772781
0.05784822
0.05783629
0.05813360
0.05805421
0.05908608
0.06022191
0.05994272
0.05840349
0.05835581
0.05811977
0.05847692
0.05838633
0.05830431
0.05967808
0.05880880
0.05875373
0.05866885
0.05874109
0.05905342
0.05894780
0.05898643
0.05915499
0.05938077
0.05931306
0.05933571
0.06009316
0.05939555
0.05992460
0.05941629
0.05953503
0.05971789
0.05961704
0.05987310
0.05976582
0.06001234
0.06006312
0.06002617
0.06008887
0.06025147
0.06030536
0.06151295
0.06048656
0.06055737
0.06065369
0.06063509
0.06074357
0.06092286
0.06086946
0.06095552
0.06097913
0.06101465
0.06104589
0.06106329
0.06117845
0.06129789
0.06126833
0.06113935
0.06132698
0.06139827
0.06144595
0.06157303
0.06158113
0.06192970
0.06187606
0.06196547
0.06202006
0.06212425
0.06228542
0.06230593
0.06239033
0.06266356
0.06247759
0.06274104
0.06281877
0.06289077
0.06267476
0.06310129
0.06297851
0.06315899
0.06327629
0.06327438
0.06333017
0.06340766
0.06354570
0.06363249
0.06375337
0.06377745
0.06382990
0.06382871
0.06392574
0.06401873
0.06402493
0.06410456
0.06436205
0.06447721
0.06443405
0.06447792
0.06441832
0.06438780
0.06448126
0.06468916
0.06495738
0.06504321
0.06497931
0.06504750
0.06501985
0.06518531
0.06514287
0.06511378
0.06536794
0.06537580
0.06542540
0.06550980
0.06557393
0.06558633
0.06568670
0.06576228
0.06596494
0.06595707
0.06590080
0.06597900
0.06606460
0.06605315
0.06613445
0.06601548
0.06644058
0.06637049
0.06647325
0.06657767
0.06644130
0.06651306
0.06657100
0.06676888
0.06672406
0.06668973
0.06682372
0.06678510
0.06684303
0.06578183
0.06595683
0.06594682
0.06607294
0.06602764
0.06617379
0.06616688
0.06619072
0.06622696
0.06642461
0.06759167
0.06766200
0.06766367
0.06801081
0.06787252
0.06946421
0.06800508
0.06795979
0.06798267
0.06812477
0.06812286
0.06829238
0.06701970
0.06716490
0.06724429
0.06721067
0.06858754
0.06722689
0.06738496
0.06722569
0.06732273
0.06873894
0.06764674
0.06786728
0.06777072
0.06774426
0.06837344
0.06790996
0.06783843
0.06798553
0.06808639
0.06813669
0.06813431
0.06831241
0.06832170
0.06858754
0.06860137
0.06859207
0.06968951
0.06973958
0.07000327
0.06864810
0.06864619
0.06883144
0.07031441
0.07050133
0.06892514
0.06902575
0.06894732
0.07025743
0.07049322
0.07043481
0.07059693
0.07038093
0.07045841
0.07057214
0.07058287
0.07174516
0.07273006
0.07240033
0.07089233
0.07089758
0.06976485
0.06986594
0.06999779
0.07006383
0.07112455
0.07131648
0.07110953
0.07134271
0.07133722
0.07131815
0.07152891
0.07145667
0.07158184
0.07165647
0.07178926
0.07178092
0.07270145
0.07184315
0.07192326
0.07212639
0.07184458
0.07206678
0.07217503
0.07229543
0.07242203
0.07229996
0.07239294
0.07254148
0.07250118
0.07257271
0.07264853
0.07264066
0.07270956
0.07276702
0.07289958
0.07291889
0.07185602
0.07446074
0.07212520
0.07305360
0.07318902
