0.02224302
0.04509902
0.04329824
0.04338908
0.04651570
0.04508758
0.04524660
0.04528284
0.04533434
0.04549837
0.04547453
0.04539728
0.04554772
0.04564071
0.04570150
0.04599404
0.04588127
0.04595661
0.04617715
0.04602504
0.04604673
0.04613781
0.04626250
0.04638481
0.04656124
0.04652739
0.04665351
0.04686522
0.04671788
0.04688096
0.04702640
0.04704547
0.04720020
0.04739499
0.04733634
0.04740524
0.04730558
0.04747796
0.04763103
0.04763269
0.04694533
0.04696178
0.04702020
0.04711175
0.04712462
0.04722786
0.04710531
0.04725599
0.04747391
0.04737186
0.04762173
0.04764509
0.04763412
0.04791045
0.04790092
0.04779840
0.04778028
0.04801440
0.04781127
0.04801917
0.04821801
0.04814816
0.04810572
0.04826164
0.04843616
0.04841709
0.04834127
0.04834652
0.04838943
0.04849529
0.04846621
0.04859757
0.04878235
0.04877353
0.04868650
0.04897141
0.04895043
0.04895997
0.04902363
0.04910851
0.04923153
0.04923391
0.04909730
0.04929304
0.04939318
0.04940653
0.04936123
0.04951787
0.04964709
0.04955125
0.04958296
0.04978085
0.04997444
0.04984140
0.04970813
0.04980683
0.05001283
0.04996657
0.05079174
0.05079603
0.05070734
0.05023313
0.05025339
0.05018568
0.05014682
0.05042648
0.05074787
0.05026364
0.05016994
0.04997993
0.04992199
0.05029869
0.05012131
0.05025077
0.05032849
0.05031371
0.05029488
0.05063915
0.05037451
0.05054069
0.05062127
0.05061245
0.05074716
0.05100894
0.05075002
0.05092716
0.05089045
0.05084586
0.05096388
0.05102515
0.05086112
0.05115438
0.05114269
0.05133963
0.05121756
0.05150628
0.05155087
0.05167651
0.05154610
0.05164003
0.05179143
0.05184674
0.05168939
0.05228949
0.05243039
0.05210233
0.05218482
0.05221748
0.05224586
0.05233932
0.05245519
0.05262566
0.05250382
0.05263400
0.05251145
0.05375862
0.05271959
0.05272579
0.05290461
0.05299091
0.05278563
0.05316067
0.05300546
0.05303407
0.05293584
0.05321503
0.05304980
0.05331135
0.05328584
0.05368161
0.05343103
0.05354857
0.05358171
0.05367279
0.05372095
0.05375338
0.05376554
0.05393434
0.05385065
0.05405188
0.05400300
0.05416703
0.05406165
0.05426884
0.05416632
0.05436563
0.05439997
0.05450654
0.05470347
0.05479169
0.05463409
0.05490613
0.05520320
0.05551696
0.05551147
0.05575371
0.05522132
0.05536628
0.05601263
0.05546689
0.05560088
0.05564547
0.05539560
0.05555701
0.05590892
0.05579352
0.05573583
0.05593944
0.05604649
0.05591297
0.05626130
0.05620193
0.05613470
0.05633426
0.05625463
0.05647731
0.05650568
0.05667067
0.05752015
0.05695915
0.05677891
0.05691886
0.05695724
0.05726290
0.05702734
0.05723667
0.05705333
0.05729842
0.05723834
0.05724955
0.05733609
0.05745316
0.05780888
0.05746984
0.05742264
0.05774975
0.05759692
0.05795932
0.05770206
0.05791068
0.05786419
0.05807567
0.05800700
0.05812192
0.05798483
0.05823064
0.05820918
0.05833006
0.05848622
0.05850530
0.05834031
0.05872726
0.05854034
0.05877638
0.05876660
0.05897260
0.05873108
0.05903053
0.05893350
0.05908346
0.05898881
0.05937529
0.05892944
0.05920792
0.05927515
0.05941153
0.05949903
0.05966449
0.05949903
0.05965757
0.05969810
0.05995202
0.05970693
0.06018400
0.05992365
0.06006432
0.06007051
0.06023502
0.06012201
0.06073999
0.06066751
0.06072712
0.06093597
0.06098747
0.06086302
0.06107116
0.06087661
0.06108975
0.06106830
0.06129026
0.06116438
0.06140661
0.06131387
0.06154823
0.06131458
0.06167912
0.06158471
0.06181502
0.06160808
0.06178236
0.06185865
0.06212568
0.06203938
0.06216049
0.06210446
0.06204247
0.06214499
0.06229687
0.06227255
0.06256294
0.06202435
0.06225872
0.06209469
0.06267333
0.06276774
0.06289101
0.06282449
0.06291246
0.06294274
0.06297469
0.06311679
0.06313539
0.06298900
0.06360459
0.06316924
0.06359220
0.06337452
0.06369948
0.06351686
0.06372952
0.06371450
0.06386852
0.06334305
0.06357956
0.06338072
0.06367087
0.06352973
0.06444430
0.06407690
0.06443381
0.06431532
0.06440949
0.06424236
0.06459951
0.06433702
0.06471324
0.06457329
0.06478977
0.06476641
0.06489944
0.06485915
0.06491852
0.06493211
0.06517673
0.06520891
0.06526494
0.06529236
0.06542444
0.06532454
0.06550384
0.06541324
0.06513500
0.06543112
0.06567669
0.06558514
0.06561565
0.06558514
0.06582546
0.06588984
0.06624508
0.06583714
0.06611824
0.06607389
0.06634355
0.06605053
0.06633925
0.06621075
0.06641793
0.06636286
0.06665206
0.06653452
0.06634378
0.06610394
0.06632972
0.06642079
0.06655025
0.06646681
0.06654239
0.06657553
0.06664348
0.06715393
0.06683040
