0.02367997
0.04847145
0.04712582
0.04704118
0.04936814
0.04841828
0.04783225
0.04779959
0.04788613
0.04825139
0.04803824
0.04853487
0.04812622
0.04813218
0.04833651
0.04838133
0.04843807
0.04860926
0.04887366
0.04875183
0.04882264
0.04895210
0.04895902
0.04902267
0.04882765
0.04910159
0.04939127
0.04771066
0.04797626
0.04796410
0.04788303
0.04800367
0.04989743
0.05007148
0.04990482
0.04994035
0.05003881
0.05074286
0.05048275
0.05016947
0.04876566
0.04865813
0.05020690
0.05079436
0.04900789
0.04901457
0.04902196
0.04917789
0.04919267
0.04909468
0.04932547
0.04919481
0.04924655
0.04968667
0.04960656
0.04953504
0.04950356
0.05224848
0.05220127
0.05173683
0.05176139
0.05035853
0.05049443
0.05041718
0.05042577
0.05066299
0.05061722
0.05057454
0.05021787
0.05036616
0.05067563
0.05066752
0.05092430
0.05074286
0.05074501
0.05064273
0.05217290
0.05089641
0.05269670
0.05242419
0.05245447
0.05265856
0.05260253
0.05105972
0.05296803
0.05286121
0.05105925
0.05119395
0.05286312
0.05141115
0.05140305
0.05141664
0.05169678
0.05315709
0.05309343
0.05304265
0.05312848
0.05332947
0.05332375
0.05335140
0.05363894
0.05346107
0.05198407
0.05218625
0.05220628
0.05218148
0.05218840
0.05227900
0.05406260
0.05415320
0.05470443
0.05419540
0.05429935
0.05417204
0.05438089
0.05463696
0.05438828
0.05455065
0.05469155
0.05464029
0.05492640
0.05487013
0.05473113
0.05469465
