0.02029753
0.04527450
0.04183292
0.04182553
0.04487133
0.04333758
0.04325843
0.04338002
0.04350853
0.04358792
0.04353619
0.04366589
0.04355502
0.04358912
0.04384184
0.04406881
0.04391718
0.04400325
0.04409242
0.04408431
0.04419875
0.04431820
0.04412413
0.04431105
0.04443097
0.04436874
0.04451895
0.04524112
0.04560781
0.04462743
0.04470849
0.04479742
0.04492140
0.04501724
0.04512286
0.04503417
0.04515862
0.04524231
0.04531097
0.04532385
0.04530239
0.04528666
0.04546738
0.04552174
0.04560280
0.04588485
0.04578090
0.04593158
0.04581237
0.04596543
0.04637241
0.04610801
0.04601502
0.04616475
0.04610610
0.04629159
0.04640269
0.04639149
0.04648566
0.04661083
0.04648161
0.04650736
0.04664445
0.04663873
0.04671693
0.04684329
0.04679394
0.04679680
0.04683304
0.04720831
0.04707670
0.04706764
0.04717040
0.04738951
0.04743528
0.04741192
0.04712749
0.04719663
0.04720616
0.04708529
0.04727936
0.04731774
0.04731822
0.04738426
0.04745269
0.04744554
0.04759860
0.04809189
0.04808474
0.04803205
0.04807925
0.04818940
0.04834700
0.04835892
0.04838562
0.04852843
0.04854059
0.04925227
0.04853916
0.04855704
0.04870415
0.04881954
0.04891205
0.04970717
0.04963303
0.04940295
0.04885530
0.04892135
0.04914379
0.04902673
0.04907560
0.04923105
0.04925346
0.04939032
0.04939914
0.04941916
0.04950023
0.04952049
0.04951787
0.04958391
0.04958320
0.04967833
0.04964972
0.04973173
0.04985356
0.04996514
0.05003428
0.05003238
0.05013585
0.05014348
0.05015326
0.05020905
0.05071783
0.05073667
0.05064178
0.05042839
0.05046463
0.05068254
0.05054331
0.05054331
0.05067945
0.05078268
0.05088782
0.05104351
0.05110550
0.05098104
0.05111241
0.05121899
0.05140948
0.05142021
0.05183625
0.05159545
0.05150223
0.05158138
0.05177426
0.05174017
0.05177903
0.05186963
0.05195546
0.05217457
0.05215311
0.05218911
0.05235577
0.05256128
0.05248094
0.05256343
0.05256820
0.05275321
0.05259132
0.05288577
0.05293012
0.05290174
0.05305600
0.05314517
0.05315876
0.05313373
0.05341291
0.05339694
0.05341625
0.05349946
0.05354452
0.05373049
0.05361676
0.05372071
0.05356669
0.05348110
0.05352497
0.05354905
0.05370259
0.05385828
0.05381131
0.05378914
0.05401182
0.05411911
0.05416942
0.05411124
0.05421758
0.05422544
0.05436349
0.05443311
0.05458307
0.05459261
0.05442834
0.05444407
0.05460262
0.05481935
0.05475974
0.05491352
0.05489302
0.05542231
0.05546904
0.05549312
0.05567837
0.05555367
0.05567813
0.05560493
0.05564952
0.05721712
0.05586529
0.05594492
0.05594993
0.05602908
0.05620193
0.05610275
0.05644059
0.05597186
0.05596519
0.05593657
0.05605745
0.05619907
0.05616927
0.05623746
0.05621243
0.05640531
0.05650830
0.05641031
0.05656338
0.05663395
0.05671239
0.05674386
0.05680966
0.05686688
0.05698848
0.05698824
0.05705047
0.05720377
0.05716944
0.05725121
0.05746603
0.05741143
0.05736613
0.05755281
0.05755877
0.05749083
0.05787325
0.05789185
0.05808687
0.05821228
0.05841947
0.05831409
0.05850434
0.05842614
0.05840325
0.05855346
0.05876303
0.05848336
0.05883408
0.05878639
0.05876541
0.05887246
0.05903053
0.05902481
0.05908537
0.05916548
0.05942249
0.05926204
0.05925822
0.05931783
0.05930495
0.05935359
0.05953908
0.05973911
0.05986214
0.05984044
0.05975223
0.05987549
0.05984926
0.06037307
0.05990386
0.05992532
0.06001902
0.06009555
0.06013823
0.06024981
0.06031585
0.06033468
0.06053591
0.06050658
0.06061029
0.06062436
0.06062746
0.06069636
0.06082726
0.06079650
0.06080341
0.06080723
0.06110549
0.06106782
0.06100392
0.06100535
0.06116319
0.06137824
0.06133461
0.06134391
0.06146717
0.06145525
0.06143594
0.06154656
0.06189442
0.06182432
0.06176400
0.06187487
0.06189990
0.06203699
0.06212282
0.06267428
0.06212783
0.06226039
0.06216955
0.06217837
0.06237912
0.06237888
0.06250501
0.06256533
0.06258202
0.06265450
0.06263590
0.06279588
0.06275773
0.06292629
0.06297898
0.06303763
0.06303310
0.06305265
0.06320000
0.06310296
0.06356812
0.06352639
0.06334591
0.06334329
0.06418037
0.06352997
0.06375003
0.06362844
0.06383657
0.06377172
0.06373119
0.06421518
0.06414080
0.06395006
0.06407046
0.06428003
0.06427789
0.06457162
0.06429672
0.06443715
0.06446075
0.06562901
0.06519818
0.06456828
0.06490874
0.06515026
0.06484199
0.06484747
0.06530619
0.06575155
0.06522107
0.06554151
0.06538844
0.06517124
0.06548238
0.06560731
0.06615281
0.06565166
0.06605268
0.06595349
0.06574607
0.06595802
0.06795144
0.07167411
0.06932473
0.06860924
0.06666756
0.06645036
0.06646824
0.06653047
0.06656170
0.06671691
0.06678104
0.06667709
0.06679153
0.06689835
0.06693387
0.06716132
0.06722569
0.06710029
0.06719899
0.06730700
0.06729174
0.06736779
0.06750917
0.06749582
0.06755233
0.06751490
0.06777310
0.06774354
0.06762552
0.06751561
0.06805134
0.06755209
0.06767225
0.06766009
0.06793737
0.06803656
0.06799245
0.06809568
0.06807613
0.06870604
0.06845546
0.06866646
0.06884718
0.06886983
0.06891322
0.06919098
0.06901431
0.06908727
0.06949925
0.06931925
0.06925392
0.06914234
0.06914902
0.06920171
0.06948423
0.06951594
0.06976867
0.06958508
0.06971717
0.06999397
0.06970477
0.06992126
0.06991339
0.07019734
0.07012081
0.07020378
0.07054353
0.07030272
0.07039356
0.07035303
0.07048178
0.07068777
0.07093453
0.07065797
0.07079625
0.07070041
0.07151937
0.07117963
0.07104325
0.07196379
0.07146311
0.07114816
0.07104540
0.07114434
