0.02049351
0.04461527
0.04294252
0.04177451
0.04493117
0.04508638
0.04360294
0.04321218
0.04327679
0.04342532
0.04293132
0.04353881
0.04346919
0.04369020
0.04360509
0.04362345
0.04375863
0.04380918
0.04398775
0.04379463
0.04414558
0.04402971
0.04413986
0.04413080
0.04422021
0.04436755
0.04423261
0.04444242
0.04452586
0.04448509
0.04454303
0.04525709
0.04484868
0.04486513
0.04486275
0.04492617
0.04499984
0.04471636
0.04485536
0.04528260
0.04486728
0.04502678
0.04494047
0.04512477
0.04562283
0.04572654
0.04572511
0.04568958
0.04578590
0.04584217
0.04590225
0.04600048
0.04605126
0.04624057
0.04607701
0.04618788
0.04613662
0.04709864
0.04636359
0.04635930
0.04641342
0.04628658
0.04676199
0.04662013
0.04673576
0.04684162
0.04680610
0.04670787
0.04689956
0.04679132
0.04701138
0.04709673
0.04776382
0.04714227
0.04720950
0.04728961
0.04736066
0.04744005
0.04733968
0.04744434
0.04742575
0.04749608
0.04753900
0.04759765
0.04737258
0.04790854
0.04772067
0.04801941
0.04801559
0.04818487
0.04826260
0.04821038
0.04825306
0.04823232
0.04829121
0.04845691
0.04847288
0.04857349
0.04860878
0.04871917
0.04869914
0.04890847
0.04911208
0.04896140
0.04898405
0.04902482
0.04903626
0.04918718
0.04921317
0.04920173
0.04938269
0.04936790
0.04930449
0.04937482
0.04947853
0.04954743
0.04966307
0.04974031
0.04978919
0.04980683
0.04977417
0.04990554
0.04985309
0.04997873
0.05012679
0.05006361
0.05014491
0.05007768
0.05018234
0.05032873
0.05049205
0.05039358
0.05032039
0.05051064
0.05061579
0.05079842
0.05085874
0.05085421
0.05081630
0.05095792
0.05108380
0.05113792
0.05108237
0.05116534
0.05126262
0.05130243
0.05135965
0.05144215
0.05150700
0.05154920
0.05161238
0.05184388
0.05174446
0.05172753
0.05205154
0.05193758
0.05187535
0.05206203
0.05193758
0.05224729
0.05220366
0.05218983
0.05229139
0.05235600
0.05248022
0.05242014
0.05257297
0.05261087
0.05282044
0.05272508
0.05275178
0.05284548
0.05407882
0.05316758
0.05332994
0.05370998
0.05340099
0.05321217
0.05334926
0.05339241
0.05337834
0.05351400
0.05361295
0.05451703
0.05378318
0.05380750
0.05384779
0.05387402
0.05402160
0.05396342
0.05395293
0.05399227
0.05415654
0.05433583
0.05437851
0.05438995
0.05445290
0.05595636
0.05457497
0.05470419
0.05471134
0.05479431
0.05489707
0.05488682
0.05486560
0.05502462
0.05484581
0.05515194
0.05515671
0.05519700
0.05523300
0.05542588
0.05532312
0.05543280
0.05552864
0.05556321
0.05547667
0.05561566
0.05568790
0.05583096
0.05583930
0.05588007
0.05603862
0.05589104
0.05599213
0.05611420
0.05610609
0.05631232
0.05634260
0.05632234
0.05638409
0.05655241
0.05645776
0.05661225
0.05666065
0.05671740
0.05678916
0.05676413
0.05691290
0.05695415
0.05705285
0.05718589
0.05710006
0.05733657
0.05737567
0.05741501
0.05748463
0.05759192
0.05767059
0.05762672
0.05770564
0.05770350
0.05781007
0.05795407
0.05797458
0.05817866
0.05807400
0.05812192
0.05831957
0.05826616
0.05821347
0.05834603
0.05835795
0.05864239
0.05863953
0.05864549
0.05862927
0.05879068
0.05876136
0.05885196
0.05895543
0.05901909
0.05905175
0.05902529
0.05918336
0.05926085
0.05925465
0.05930877
0.05918837
0.05956244
0.05946445
0.05967474
0.05973768
0.05973005
0.05977249
0.05972314
0.05969715
0.05987382
0.05988812
0.06009579
0.06012726
0.06011939
0.06012273
0.06027102
0.06038117
0.06037998
0.06291032
0.06246209
0.06228018
0.06138444
0.06063390
0.06070089
0.06089616
0.06078625
0.06107354
0.06114817
0.06105804
0.06109524
0.06114674
0.06125402
0.06130528
0.06136298
0.06152034
0.06149817
0.06159115
0.06177878
0.06176114
0.06178403
0.06182361
0.06180334
0.06195807
0.06199694
0.06204653
0.06210375
0.06223154
0.06219053
0.06224155
0.06230307
0.06248045
0.06254625
0.06257796
0.06275439
0.06268668
0.06268215
0.06285930
0.06277108
0.06295991
0.06294918
0.06291580
0.06325531
0.06323457
0.06315660
0.06318927
0.06332946
0.06335545
0.06347799
0.06357479
0.06380129
0.06375241
0.06386852
0.06391811
0.06385493
0.06389189
0.06411219
0.06410217
0.06426668
0.06438375
0.06426597
0.06437659
0.06441140
0.06454229
0.06453729
0.06450081
0.06463242
0.06466269
0.06479573
0.06484437
0.06480193
0.06509733
0.06502032
0.06511927
0.06531906
0.06510139
0.06514287
0.06531930
0.06541371
0.06528735
0.06557536
0.06594276
0.06550813
0.06576800
0.06576896
0.06579757
0.06592369
0.06592560
0.06580901
0.06586862
0.06610703
0.06610870
0.06615567
0.06624985
0.06636190
0.06637311
0.06658053
0.06657338
0.06663489
0.06677127
0.06679535
0.06676435
0.06742573
0.06686020
0.06704187
0.06691432
0.06705570
0.06710005
0.06726742
0.06718493
0.06748700
0.06736255
0.06741405
0.06748605
0.06752181
0.06754637
0.06773305
0.06775618
0.06800461
0.06799674
0.06800032
0.06821823
0.06819701
0.06831622
0.06819487
0.06821513
0.06828856
0.06836033
0.06833744
0.06847572
0.06871533
0.06867385
0.06878138
0.06872892
0.06885958
0.06885004
0.06898618
0.06894660
0.06914830
0.06927085
0.06927133
0.06930542
0.06934309
0.06936502
0.06947470
0.06952715
0.06967139
0.06960297
0.06965399
0.07004380
0.06977963
0.06980920
0.06988215
0.07001114
0.07010484
0.07010841
0.07004809
0.07016635
0.07040167
0.07030630
0.07042050
0.07049346
0.07059479
0.07056165
0.07074475
0.07091641
0.07068539
0.07103634
0.07108521
0.07107425
0.07097554
0.07118464
0.07123208
0.07116127
0.07135248
0.07136488
0.07144427
0.07152104
0.07153964
0.07228756
0.07179832
0.07157016
0.07160807
0.07248712
0.07177138
0.07179594
0.07184291
0.07196474
0.07216001
0.07219958
0.07218862
0.07220888
0.07226944
0.07227850
0.07248211
0.07245779
0.07269645
0.07265139
0.07270932
0.07275105
0.07279801
0.07289600
0.07301497
0.07284641
0.07292485
0.07323861
0.07313514
0.07342386
0.07330155
0.07336950
0.07351398
0.07354045
0.07354355
0.07363462
0.07367969
0.07375407
0.07387137
0.07389283
0.07477164
0.07396436
0.07399225
0.07402349
0.07394457
0.07420397
0.07419276
0.07414627
0.07441044
0.07442570
0.07447433
0.07484937
0.07470775
0.07456613
0.07491326
0.07480145
0.07487106
0.07509136
0.07504559
0.07502556
0.07510591
0.07522154
0.07520604
0.07777214
0.07524967
0.07535338
0.07788634
0.07565522
0.07566667
0.07551813
0.07571650
0.07589912
0.07572865
0.07591319
0.07593060
0.07593465
0.07588744
0.07609010
0.07621789
0.07610726
0.07625222
0.07633305
0.07640815
0.07635450
0.07631159
0.07609463
0.07630444
0.07627058
0.07657695
0.07658839
0.07654285
0.07667398
0.07742143
0.07681394
0.07679534
0.07690811
0.07713819
0.07707500
0.07711697
0.07704973
0.07713747
0.07718778
0.07760739
0.07737303
0.07747912
0.07754207
0.07774115
0.07759571
0.07823110
0.07852936
0.07826161
0.07848096
0.07854795
0.07844877
0.07861638
0.07869363
0.07835364
0.07870746
0.07859254
0.07862592
0.07854915
0.07863355
