0.01242042
0.01653981
0.01239514
0.01306248
0.01379585
0.01247907
0.01284766
0.01295877
0.01480961
0.01317883
0.01260829
0.01254272
0.01240373
0.01226783
0.01227093
0.01241302
0.01263571
0.01223540
0.01201439
0.01265073
0.01280594
0.01243043
0.01210356
0.01210999
0.01210213
0.01226807
0.01200914
0.01211405
0.01211047
0.01213264
0.01220989
0.01220131
0.01223588
0.01222539
0.01220536
0.01220727
0.01223183
0.01225734
0.01226091
0.01223516
0.01222181
0.01224184
0.01210308
0.01214147
0.01222587
0.01220298
0.01221013
0.01224422
0.01222467
0.01225901
0.01223731
0.01241446
0.01265430
0.01279569
0.01229882
0.01317501
0.01278996
0.01235867
0.01230383
0.01218390
0.01338243
0.01349902
0.01296854
0.01292825
0.01308179
0.01279306
0.01285601
0.01295543
0.01237249
0.01272917
0.01257825
0.01312804
0.01296115
0.01267743
0.01265240
0.01251245
0.01298738
0.01287413
0.01262045
0.01243758
0.01284432
0.01293087
0.01255894
0.01243162
0.01262259
0.01304984
0.01222014
0.01244807
0.01279449
0.01315117
0.01280236
0.01237702
0.01207185
0.01235604
0.01330805
0.01295042
0.01227593
0.01236939
0.01239300
0.01236773
0.01238394
0.01223612
0.01237965
0.01239991
0.01249027
0.01243234
0.01237607
0.01240110
0.01205516
0.01203179
0.01229858
0.01227546
0.01229596
0.01226711
0.01227355
0.01225114
0.01225162
0.01222777
0.01222897
0.01222014
0.01223850
0.01225281
0.01224065
0.01223946
0.01225972
0.01203990
0.01217580
0.01225948
0.01227140
0.01212883
0.01226401
0.01231122
0.01226735
0.01225781
0.01271415
0.01261854
0.01234174
0.01226306
0.01229119
0.01226926
0.01213980
0.01232862
