0.01929998
0.01670837
0.01376057
0.01363468
0.01354504
0.01370454
0.01384187
0.01390243
0.01394439
0.01338148
0.01360869
0.01377535
0.01383615
0.01377535
0.01399827
0.01379013
0.01435065
0.01390886
0.01345730
0.01329136
0.01333499
0.01351666
0.01329088
0.01345658
0.01339006
0.01344848
0.01346707
0.01324487
0.01323128
0.01321673
0.01330209
0.01351523
0.01365805
0.01338291
0.01327729
0.01339316
0.01346040
0.01324058
0.01307464
0.01333928
0.01364422
0.01346231
0.01327848
0.01311636
0.01300478
0.01364231
0.01358867
0.01339269
0.01336694
0.01331878
0.01364565
0.01331592
0.01329374
0.01315284
0.01344943
0.01351118
0.01328945
0.01310229
0.01328683
0.01324391
0.01335049
0.01300979
0.01312494
0.01370955
0.01426744
0.01462340
0.01431727
0.01354098
0.01331997
0.01367140
0.01363206
0.01366830
0.01359606
0.01361775
0.01352692
0.01336026
0.01403689
0.01386547
0.01363397
0.01399040
0.01357698
0.01357150
0.01351905
0.01340532
0.01343870
0.01357532
0.01418138
0.01371717
0.01449752
0.01403809
0.01423764
0.01417446
0.01425695
0.01402879
0.01438808
0.01410675
0.01427531
0.01381993
0.01343322
0.01335835
0.01376867
0.01348972
0.01342154
0.01263285
0.01352358
0.01321697
0.01347375
0.01350379
0.01354742
0.01360202
0.01355076
0.01346397
0.01361942
0.01365995
0.01306343
0.01325774
0.01327229
0.01334405
0.01329780
0.01320338
0.01322675
0.01331496
0.01339912
0.01371264
0.01317859
0.01476455
0.01344585
0.01340699
0.01335001
0.01340270
0.01337147
0.01353383
0.01361156
0.01359653
0.01348209
0.01332760
0.01320815
0.01314831
0.01320362
0.01326752
0.01330805
0.01347256
0.01353312
0.01482773
0.01459575
0.01522350
0.01536822
0.01490712
0.01462722
0.01543760
0.01452303
0.01519513
0.01427484
0.01500654
0.01441693
0.01512337
0.01538944
0.01469254
0.01534700
0.01543093
0.01540351
0.01501703
0.01502347
0.01485515
0.01499701
0.01505518
0.01350451
0.01389003
0.01346827
0.01354861
0.01367640
0.01516294
0.01516390
0.01460457
0.01541901
0.01538801
0.01446080
0.01285386
0.01333284
0.01340008
0.01355648
0.01394081
0.01440263
0.01351762
0.01346636
0.01325440
0.01325274
0.01328087
0.01308918
0.01319599
0.01335573
0.01324105
0.01322722
0.01338458
0.01350546
0.01346993
0.01326036
0.01344562
0.01335049
0.01323533
0.01335740
0.01330161
0.01313066
0.01304817
0.01310396
0.01324892
0.01315022
0.01313758
0.01315641
0.01318955
0.01324701
0.01326728
0.01303411
0.01325345
0.01329041
0.01325846
0.01383781
0.01363730
0.01325154
0.01328349
0.01328230
0.01318264
0.01335859
0.01326394
0.01319504
0.01321721
0.01312709
0.01306963
0.01314497
0.01325989
0.01391506
0.01485682
0.01538420
0.01550817
0.01457024
0.01384449
0.01364231
0.01350975
0.01356030
0.01353478
0.01351762
0.01406980
0.01325440
0.01348782
0.01333499
0.01330829
0.01321411
0.01322794
0.01332641
0.01376700
0.01407671
0.01365757
0.01327801
0.01324844
0.01270890
0.01335597
0.01332688
0.01311564
0.01344132
0.01324034
0.01332402
0.01335406
0.01342535
0.01324868
0.01318574
0.01324081
0.01336741
0.01382256
0.01340199
0.01332736
0.01327825
0.01321030
0.01308036
0.01322556
0.01333499
0.01329041
0.01321316
0.01317596
0.01320386
0.01338387
0.01344204
0.01326251
0.01333356
0.01330686
0.01326156
0.01320839
0.01326346
0.01338220
0.01332521
0.01317191
0.01320982
0.01318884
0.01324844
0.01327014
0.01349211
0.01324415
0.01316881
0.01314282
0.01317954
0.01335239
0.01331973
0.01329470
0.01326036
0.01339889
0.01523900
0.01372695
0.01348400
0.01372099
0.01326776
0.01344872
0.01324558
0.01343489
0.01337457
0.01346660
0.01356292
0.01366091
0.01394558
0.01532698
0.01375341
0.01329064
0.01327658
0.01353717
0.01345444
0.01355410
0.01344776
0.01321006
0.01325035
0.01324558
0.01330757
0.01334691
0.01346827
0.01379728
0.01457000
0.01392841
0.01413918
0.01337433
0.01337576
0.01349759
0.01361179
0.01370716
0.01332092
0.01390314
0.01358819
0.01337600
0.01341772
0.01328850
0.01328516
0.01332140
0.01337099
0.01312089
0.01337337
0.01330471
0.01319551
0.01336575
0.01355004
0.01354241
0.01328826
0.01332045
0.01307726
0.01332593
0.01336884
0.01335073
0.01332283
0.01347876
0.01342297
0.01337934
0.01319981
0.01321864
0.01316786
0.01341462
0.01334000
0.01331329
0.01334858
0.01332402
0.01339674
0.01333404
0.01342201
0.01336503
0.01325655
0.01361585
