0.01494718
0.01670218
0.01293087
0.01326966
0.01312494
0.01306558
0.01306081
0.01308417
0.01313901
0.01312613
0.01306391
0.01318359
0.01511145
0.01511478
0.01522708
0.01427531
0.01361489
0.01307631
0.01326370
0.01324344
0.01314187
0.01317072
0.01320386
0.01320624
0.01298785
0.01311326
0.01299572
0.01301861
0.01310492
0.01281166
0.01296926
0.01299834
0.01312232
0.01304030
0.01299882
0.01362801
0.01423264
0.01310468
0.01303554
0.01294565
0.01291919
0.01318860
0.01318669
0.01317120
0.01315594
0.01315331
0.01351047
0.01339674
0.01317263
0.01323843
0.01322913
0.01321173
0.01318288
0.01319051
0.01473379
0.01442218
0.01456881
0.01327944
0.01305056
0.01302385
0.01301932
0.01304150
0.01282740
0.01279688
0.01284981
0.01376748
0.01327682
0.01311064
0.01342511
0.01478648
0.01439238
0.01318884
0.01338720
0.01494765
0.01330566
0.01324797
0.01351547
0.01292872
0.01322341
0.01400304
0.01374531
0.01359081
0.01507068
0.01399851
0.01424479
0.01431370
0.01414466
0.01364589
0.01347733
0.01337862
0.01340365
0.01337171
0.01324964
0.01305389
0.01324558
0.01329684
0.01317859
0.01322484
0.01317000
0.01316738
0.01288772
0.01300287
0.01303720
0.01306677
0.01289272
0.01303267
0.01241779
0.01300621
0.01286125
0.01346588
0.01320148
0.01313472
0.01307750
0.01305032
0.01301360
0.01298833
0.01306772
0.01297641
0.01290679
0.01298857
0.01303625
0.01315999
0.01362872
0.01301289
0.01298761
0.01296139
0.01292777
0.01298666
0.01299071
0.01300693
0.01303267
0.01305485
0.01306701
0.01301289
0.01300645
0.01299858
0.01301908
0.01319361
0.01304030
0.01304746
0.01274872
0.01318431
0.01303101
0.01315045
0.01444554
0.01367474
0.01370358
0.01384497
0.01338363
0.01303458
0.01324606
0.01328301
0.01320100
0.01298642
0.01267958
0.01303291
0.01292682
0.01295161
0.01302147
0.01311493
0.01314354
0.01303196
0.01294923
0.01297259
0.01303840
0.01285172
0.01306129
0.01303172
0.01330066
0.01357651
0.01352668
0.01316881
0.01312685
0.01297927
0.01312661
0.01312709
0.01318145
0.01308727
0.01304913
0.01303339
0.01308513
0.01261950
0.01549315
0.01358914
0.01329732
0.01354122
0.01373887
0.01365495
0.01324749
0.01323295
0.01325226
0.01304221
0.01304555
0.01340890
0.01352906
0.01354671
0.01407504
0.01370001
0.01342845
0.01334453
0.01398563
0.01380301
0.01344872
0.01330709
0.01362443
0.01410389
0.01385927
0.01345038
0.01336598
0.01419139
0.01401496
0.01341200
0.01332808
0.01424360
0.01391029
0.01338482
0.01334786
0.01397538
0.01383090
0.01337433
0.01332951
0.01350904
0.01412416
0.01360297
0.01343322
0.01319313
0.01313829
0.01307678
0.01306105
0.01301980
0.01302981
0.01293111
0.01305532
0.01308823
0.01305008
0.01293564
0.01300836
0.01301432
0.01307940
0.01306915
0.01306224
0.01306629
0.01308823
0.01312399
0.01312280
0.01306129
0.01304269
0.01296425
0.01302814
0.01305628
0.01289845
0.01303196
0.01212311
0.01308060
0.01273298
0.01307988
0.01306605
0.01299739
0.01304698
0.01302290
0.01327372
0.01310921
0.01312351
0.01274037
0.01313353
0.01307893
0.01302695
0.01299977
0.01306367
0.01300073
0.01306653
0.01304650
0.01305366
0.01307702
0.01306558
0.01313591
0.01306558
0.01308990
0.01305842
0.01307321
0.01307464
0.01305532
0.01309562
0.01303864
0.01304936
0.01268482
0.01305270
0.01305985
0.01266670
0.01303744
0.01304221
0.01312232
0.01316667
0.01308870
0.01293898
0.01311064
0.01301789
0.01263714
0.01336336
0.01352429
0.01309204
0.01301432
0.01303053
0.01306701
0.01312590
0.01322746
0.01316237
0.01302552
0.01270962
0.01296592
0.01305842
0.01302624
0.01307464
0.01294661
0.01302791
0.01287603
0.01305890
0.01315045
0.01308465
0.01303124
0.01300192
0.01305628
0.01301074
0.01284385
0.01301169
0.01300263
0.01266336
0.01302099
0.01301050
0.01292872
0.01303029
0.01305413
0.01232100
0.01307464
0.01302075
0.01300335
0.01412487
0.01349258
0.01306415
0.01307702
0.01307869
0.01310372
0.01315594
0.01306415
0.01304698
0.01277661
0.01302218
0.01305318
0.01301861
0.01306415
0.01312280
0.01308227
0.01308656
0.01304936
0.01311135
0.01304960
0.01311731
0.01305842
0.01303792
0.01300406
0.01305223
0.01266313
0.01298618
0.01302958
0.01310802
0.01306629
0.01301336
0.01300120
0.01305485
0.01300406
0.01303434
0.01306605
0.01312137
0.01307392
0.01412439
0.01339507
0.01304960
0.01290870
0.01285124
0.01296735
0.01315618
0.01306772
0.01302075
0.01261973
0.01305461
0.01305723
0.01304960
0.01307511
0.01310492
0.01303601
0.01299214
0.01305127
0.01305652
0.01294589
0.01278543
0.01304102
0.01307297
0.01305032
0.01309180
0.01304245
0.01302290
0.01302266
0.01279736
0.01305795
0.01304913
0.01315594
0.01305938
0.01304436
0.01301742
0.01296639
0.01273537
0.01302314
0.01354504
0.01357102
0.01300931
0.01299214
0.01311779
0.01317835
0.01268220
0.01307058
0.01302099
0.01314592
0.01306558
0.01301122
0.01301837
0.01290369
0.01280046
0.01301312
0.01302218
0.01309466
0.01296806
0.01300335
0.01308918
0.01307249
0.01274920
0.01301360
0.01305413
0.01311278
0.01303267
0.01300383
0.01302266
0.01308417
0.01317954
0.01308727
0.01303577
0.01308775
0.01309967
0.01308584
0.01312375
0.01313353
0.01343846
0.01321054
0.01320195
0.01308012
0.01301837
0.01307201
0.01286912
0.01307559
0.01296949
0.01303387
0.01304626
0.01308370
0.01298213
0.01307702
0.01303482
0.01300931
0.01293206
0.01302719
0.01317549
0.01302338
0.01302481
0.01304746
0.01309133
0.01307225
0.01305389
0.01301742
0.01302099
0.01302147
0.01307011
0.01299667
0.01302099
0.01307011
0.01299953
0.01297665
0.01301575
0.01301312
0.01303005
0.01302910
0.01301908
0.01335597
0.01309347
0.01241326
0.01316047
