0.01804090
0.01573396
0.01294899
0.01249695
0.01211762
0.01226449
0.01224875
0.01225281
0.01229763
0.01233339
0.01221609
0.01188755
0.01225066
0.01227212
0.01225114
0.01221895
0.01221561
0.01221609
0.01225400
0.01226115
0.01223564
0.01207829
0.01282549
0.01242089
0.01230860
0.01222706
0.01221800
0.01222634
0.01212811
0.01223493
0.01210117
0.01221895
0.01220059
0.01219010
0.01219916
0.01222372
0.01221466
0.01220584
0.01202011
0.01207662
0.01225829
0.01222801
0.01222253
0.01218581
0.01223779
0.01202393
0.01224732
0.01202250
0.01221585
0.01217437
0.01224637
0.01223397
0.01219130
0.01218820
0.01218629
0.01187611
0.01221609
0.01216578
0.01215625
0.01218510
0.01214480
0.01216459
0.01211548
0.01320887
0.01253295
0.01220989
0.01215816
0.01221895
0.01208901
0.01223397
0.01220202
0.01220036
0.01185274
0.01223898
0.01222587
0.01219344
0.01219964
0.01227474
0.01230478
0.01205826
0.01225114
0.01225114
0.01223564
0.01232052
0.01228094
0.01228642
0.01226449
0.01225853
0.01199150
0.01204062
0.01224113
0.01221919
0.01220441
0.01221514
0.01222157
0.01221538
0.01205397
0.01219487
0.01219773
0.01219654
0.01224875
0.01220393
0.01222491
0.01240063
0.01238012
0.01229262
0.01211381
0.01221728
0.01221228
0.01223350
0.01221943
0.01225162
0.01228380
0.01228738
0.01222062
0.01227236
0.01224375
0.01231265
0.01213098
0.01222873
0.01223683
0.01221561
0.01223922
0.01224923
0.01224709
0.01222324
0.01221776
0.01222610
0.01227212
0.01226664
0.01214743
0.01220655
0.01222467
0.01230979
0.01225090
0.01223326
0.01223540
0.01222396
0.01224256
0.01228952
0.01228642
0.01222754
0.01226473
0.01225519
0.01299453
0.01247144
0.01230168
0.01203275
0.01227832
0.01230288
0.01229525
0.01219797
0.01223540
0.01223326
0.01221538
0.01227880
0.01212788
0.01201797
0.01222229
0.01222181
0.01221228
0.01219273
0.01220798
0.01223493
0.01208782
0.01221037
0.01220775
0.01221776
0.01220894
0.01222157
0.01221895
0.01225257
0.01221585
0.01191092
0.01223183
0.01222944
0.01223540
0.01222610
0.01224136
0.01224351
0.01222825
0.01223016
0.01225376
0.01227903
0.01224875
0.01257920
0.01259494
0.01233268
0.01225972
0.01210666
0.01223469
0.01210546
0.01223087
0.01226473
0.01224852
0.01220155
0.01219869
0.01223874
0.01203203
0.01222324
0.01223040
0.01209164
0.01220584
0.01223373
0.01227069
0.01223469
0.01227093
0.01226902
0.01222467
0.01233315
0.01224995
0.01223302
0.01223016
0.01225591
0.01228690
0.01230359
0.01221895
0.01214290
0.01220250
0.01221848
0.01226163
0.01224589
0.01223421
0.01224637
0.01222873
0.01268888
0.01242685
0.01229548
0.01225829
0.01224446
0.01225591
0.01234937
0.01196265
0.01227021
0.01270556
0.01243424
0.01244974
0.01231432
0.01234961
0.01219058
0.01231599
0.01228881
0.01233578
0.01230264
0.01225781
0.01177788
0.01236153
0.01234436
0.01227903
0.01188016
0.01221681
0.01229239
0.01230025
0.01225066
0.01224184
0.01225305
0.01222157
0.01223016
0.01227021
0.01198030
0.01222658
0.01220226
0.01222086
0.01223922
0.01222086
0.01218843
0.01291728
0.01258826
0.01223278
0.01224613
0.01219392
0.01218987
0.01212454
0.01221395
0.01225114
0.01220441
0.01195908
0.01219749
0.01221418
0.01223326
0.01221156
0.01218152
0.01218462
0.01195216
0.01218081
0.01224327
0.01218319
0.01218820
0.01218867
0.01206946
0.01232100
0.01222420
0.01220846
0.01217341
0.01219130
0.01219010
0.01217318
0.01219273
0.01216960
0.01217318
0.01216745
0.01217484
0.01210356
0.01217389
0.01217937
0.01215625
0.01221871
0.01255322
0.01265669
0.01219440
0.01220059
0.01218295
0.01218677
0.01221418
0.01214623
0.01215696
0.01217222
0.01210761
0.01219034
0.01210237
0.01209855
0.01218963
0.01218724
0.01231170
0.01231861
0.01223540
0.01224732
0.01215816
0.01229286
0.01189446
0.01227760
0.01225114
0.01223683
0.01228404
0.01223111
0.01228952
0.01215458
0.01225090
0.01229167
0.01214218
0.01228070
0.01226783
0.01242042
0.01233149
0.01229572
0.01226902
0.01224613
0.01287699
0.01252508
0.01236129
0.01232648
0.01209760
0.01232791
0.01235390
0.01238823
0.01235819
0.01234317
0.01234913
0.01236558
0.01239681
0.01241803
0.01211119
0.01236677
0.01237082
0.01235557
0.01234531
0.01241326
0.01233864
0.01217890
0.01230860
0.01228666
0.01229572
0.01217103
0.01232076
0.01231432
0.01226902
0.01232529
0.01226640
0.01202965
0.01241446
0.01229239
0.01227045
0.01230741
0.01226735
0.01226330
0.01199579
0.01226592
0.01237297
0.01262498
0.01277184
0.01228666
0.01231122
0.01234198
0.01227140
0.01224422
0.01213026
0.01224303
0.01231933
0.01227474
0.01223826
0.01222563
0.01223469
0.01202822
0.01232004
0.01211286
0.01222849
0.01233506
0.01228666
0.01234627
0.01229167
0.01226830
0.01232123
0.01202083
0.01229048
0.01137042
0.01226950
0.01225805
0.01225162
0.01225281
0.01226854
0.01230145
0.01221466
0.01224208
0.01226020
0.01239824
0.01226044
0.01223922
0.01223755
0.01274776
0.01233983
0.01232624
0.01222157
0.01223564
0.01219463
0.01214552
0.01226521
0.01228333
0.01222134
0.01206827
0.01221752
0.01225114
0.01226234
0.01222658
0.01223707
0.01220155
0.01224136
0.01206899
0.01223230
0.01223326
0.01223016
0.01223564
0.01227188
0.01232934
0.01216125
0.01228213
0.01200819
0.01225734
0.01231050
0.01224875
0.01225662
0.01224303
0.01238418
0.01242304
0.01219583
0.01227689
0.01226950
0.01226306
0.01215243
0.01238751
0.01276088
0.01275921
0.01246119
0.01235485
0.01233697
0.01237774
0.01242661
0.01240039
0.01239991
0.01240563
0.01251125
0.01233172
0.01239991
0.01237917
0.01241970
0.01232672
0.01229239
0.01226830
0.01226425
0.01213169
0.01211429
0.01223254
0.01223755
0.01220822
0.01200223
0.01224089
0.01229453
0.01218581
0.01203942
0.01218653
0.01162815
0.01221824
0.01227880
0.01222253
0.01223469
0.01217175
0.01216722
0.01222658
0.01224899
0.01223397
0.01278138
0.01249218
0.01231098
0.01226234
0.01225686
0.01232553
0.01226974
0.01225448
0.01214147
0.01225328
0.01226306
0.01226974
0.01229072
0.01225090
0.01226139
0.01227045
0.01226020
0.01226473
0.01225114
0.01227617
0.01214409
0.01227856
0.01226687
0.01230812
0.01232719
0.01232958
0.01233125
0.01232362
0.01228023
0.01206398
0.01232314
0.01229644
0.01240468
0.01235008
0.01230311
0.01239681
0.01242280
0.01237321
0.01229596
0.01220298
0.01232672
0.01265526
0.01286674
0.01233578
0.01232147
0.01229382
0.01240683
0.01225138
0.01239944
0.01233888
0.01229668
0.01229644
0.01228213
0.01227355
0.01229477
0.01231170
0.01232409
0.01237893
0.01231241
0.01229525
0.01225638
0.01226306
0.01233125
0.01208735
0.01208472
0.01228642
0.01226139
0.01226711
0.01233602
0.01226592
0.01223087
0.01238656
0.01236320
0.01238585
0.01217127
0.01198816
0.01227427
0.01228237
0.01242161
0.01233006
0.01229334
0.01322746
0.01269412
0.01241231
0.01238608
0.01230025
0.01235223
0.01229429
0.01228762
0.01234984
0.01238155
0.01227069
0.01224470
0.01224709
0.01234221
0.01214933
0.01199460
0.01225781
0.01213169
0.01225471
0.01231050
0.01227617
0.01226377
0.01225901
0.01226521
0.01232052
0.01228309
0.01215124
0.01228261
0.01227045
0.01241517
0.01239252
0.01225471
0.01215553
0.01232243
0.01220107
0.01235008
0.01228309
0.01227450
0.01228189
0.01227689
0.01273036
0.01249743
0.01219106
0.01228285
0.01224780
0.01225448
0.01235342
0.01218581
0.01224947
0.01199555
0.01225972
0.01235557
0.01223755
0.01226044
0.01225090
0.01231170
0.01224256
0.01229191
0.01224422
0.01210618
0.01221251
0.01224232
0.01231885
0.01226473
0.01228666
0.01220870
0.01200080
0.01229739
0.01219296
0.01223087
0.01221299
0.01221943
0.01223850
0.01222420
0.01225257
0.01226473
0.01212859
0.01227546
0.01211953
0.01209903
0.01228285
0.01314211
0.01277232
0.01372671
0.01281786
0.01219916
0.01230145
0.01235008
0.01229334
0.01226282
0.01229239
0.01226759
0.01226640
0.01215410
0.01227736
0.01226354
0.01227403
0.01218009
0.01227880
0.01227760
0.01220250
0.01227927
0.01214075
0.01225638
0.01228309
0.01230669
0.01226997
0.01228213
