0.01461148
0.01611137
0.01314735
0.01244473
0.01211119
0.01211143
0.01208234
0.01207566
0.01208973
0.01210999
0.01207256
0.01217461
0.01209974
0.01209807
0.01210117
0.01236677
0.01232982
0.01205707
0.01215196
0.01212311
0.01213717
0.01212335
0.01210523
0.01198125
0.01209164
0.01216149
0.01204944
0.01212907
0.01211190
0.01212788
0.01212358
0.01212788
0.01211309
0.01209927
0.01210356
0.01210809
0.01212859
0.01211357
0.01212931
0.01211929
0.01202440
0.01193714
0.01216650
0.01203537
0.01214886
0.01216555
0.01217818
0.01216888
0.01219654
0.01218581
0.01218534
0.01215672
0.01221275
0.01217628
0.01217604
0.01222134
0.01271439
0.01234627
0.01215196
0.01219463
0.01210976
0.01219606
0.01147342
0.01203704
0.01232910
0.01223111
0.01220965
0.01220846
0.01222801
0.01227593
0.01222944
0.01226377
0.01217484
0.01222491
0.01219726
0.01214576
0.01210332
0.01205111
0.01211715
0.01212049
0.01213074
0.01214337
0.01187325
0.01210237
0.01210308
0.01209879
0.01196575
0.01209974
0.01207256
0.01210785
0.01209044
0.01209235
0.01209879
0.01195478
0.01207352
0.01200747
0.01208591
0.01264167
0.01228237
0.01217484
0.01218367
0.01214790
0.01217556
0.01197457
0.01216245
0.01218748
0.01214623
0.01205826
0.01219320
0.01216245
0.01202321
0.01210475
0.01213670
0.01213121
0.01221728
0.01218486
0.01215601
0.01215601
0.01217556
0.01215887
0.01218009
0.01215339
0.01215529
0.01216245
0.01207495
0.01216149
0.01215625
0.01209974
0.01216435
0.01161432
0.01217532
0.01217866
0.01219320
0.01219440
0.01217771
0.01180553
0.01216435
0.01214290
0.01272321
0.01229453
0.01215887
0.01217175
0.01216197
0.01213574
0.01211643
0.01216698
0.01214576
0.01219130
0.01173139
0.01208758
0.01220679
0.01224709
0.01297116
0.01238084
0.01224875
0.01207972
0.01218462
0.01217866
0.01220345
0.01217532
0.01219130
0.01218939
0.01222229
0.01197481
0.01220632
0.01220584
0.01221490
0.01227355
0.01219463
0.01218915
0.01227021
0.01219869
0.01208901
0.01222205
0.01208067
0.01214623
0.01224685
0.01220489
0.01210713
0.01345134
0.01234889
0.01220727
0.01216722
0.01225114
0.01215291
0.01216626
0.01209307
0.01215243
0.01214981
0.01201463
0.01215410
0.01219058
0.01217103
0.01216483
0.01217866
0.01210618
0.01218581
0.01193571
0.01219201
0.01218200
0.01221800
0.01220107
0.01221704
0.01221085
0.01215410
0.01224732
0.01219559
0.01218271
0.01220655
0.01216245
0.01218414
0.01223969
0.01220036
0.01205993
0.01216769
0.01218414
0.01223588
0.01217270
0.01223946
0.01220632
0.01267076
0.01232982
0.01225209
0.01213694
0.01204109
0.01223207
0.01230216
0.01242590
0.01225710
0.01228762
0.01223755
0.01202440
0.01230073
0.01224279
0.01184845
0.01223636
0.01210666
0.01223946
0.01223373
0.01216388
0.01205230
0.01213503
0.01211786
0.01211429
0.01212716
0.01209974
0.01208997
0.01208115
0.01207304
0.01183319
0.01208186
0.01206899
0.01203632
0.01206422
0.01207376
0.01205277
0.01209927
0.01204729
0.01202369
0.01202440
0.01210761
0.01253629
0.01206970
0.01204681
0.01187563
0.01204276
0.01203561
0.01205993
0.01207328
0.01204276
0.01203322
0.01209474
0.01201797
0.01201367
0.01201749
0.01196790
0.01200366
0.01203036
0.01201892
0.01201367
0.01199818
0.01190257
0.01200986
0.01199579
0.01198721
0.01199341
0.01197433
0.01198554
0.01199341
0.01203465
0.01196146
0.01195097
0.01182675
0.01199627
0.01191282
0.01188278
0.01188135
0.01193261
0.01190281
0.01189733
0.01186204
0.01189733
0.01238203
0.01223826
0.01192927
0.01193309
0.01192427
0.01190710
0.01188540
0.01195121
0.01191592
0.01194859
0.01195478
0.01192379
0.01190543
0.01191497
0.01179719
0.01179624
0.01166129
0.01192117
0.01188374
0.01161242
0.01190948
0.01189733
0.01188850
0.01191545
0.01187849
0.01167774
0.01193380
0.01190877
0.01188374
0.01187611
0.01187253
0.01189065
0.01184773
0.01189637
0.01192474
0.01190233
0.01174664
0.01189327
0.01187468
0.01186991
0.01190686
0.01176667
0.01308918
0.01212645
0.01191354
0.01188922
0.01187968
0.01190090
0.01190972
0.01177955
0.01176429
0.01194668
0.01188731
0.01184797
0.01189375
0.01188540
0.01187944
0.01188564
0.01191831
0.01189470
0.01162291
0.01187134
0.01189137
0.01189041
0.01191449
0.01189661
0.01192236
0.01163363
0.01189947
0.01179409
0.01191974
0.01190782
0.01189184
0.01189780
0.01190901
0.01179767
0.01190400
0.01189637
0.01188850
0.01191282
0.01190019
0.01190281
0.01190853
0.01190972
0.01212931
0.01216769
0.01191020
0.01188421
0.01189971
0.01188564
0.01188707
0.01191115
0.01176882
0.01188922
0.01189590
0.01168132
0.01191521
0.01190281
0.01190495
0.01190138
0.01187229
0.01187587
0.01175833
0.01190710
0.01178026
0.01189542
0.01187086
0.01171041
0.01193643
0.01190543
0.01190472
0.01190472
0.01188922
0.01181030
0.01191497
0.01191378
0.01190853
0.01190782
0.01189899
0.01191640
0.01184011
0.01191115
0.01195478
0.01190877
0.01190352
0.01206660
0.01229501
0.01180553
0.01189494
0.01190686
0.01191640
0.01194453
0.01193213
0.01192760
0.01189041
0.01190877
0.01193380
0.01193476
0.01190376
0.01166987
0.01194477
0.01189709
0.01201367
0.01191592
0.01185513
0.01188993
0.01190829
0.01191783
0.01184607
0.01188540
0.01188898
0.01190925
0.01188707
0.01191854
0.01191473
0.01176000
0.01189876
0.01184702
0.01189470
0.01190782
0.01188159
0.01190162
0.01189351
0.01187205
0.01189780
0.01190853
0.01191115
0.01233053
0.01200652
0.01190948
0.01191664
0.01188326
0.01166177
0.01177645
0.01177335
0.01191282
0.01190162
0.01190209
0.01190853
0.01189303
0.01188278
0.01190281
0.01188302
0.01164198
0.01187921
0.01188254
0.01189423
0.01192045
0.01188278
0.01189804
0.01180577
0.01187348
0.01191545
0.01189184
0.01115084
0.01185632
0.01188493
0.01190090
0.01188588
0.01187897
0.01194096
0.01174331
0.01189685
0.01190972
0.01187420
0.01186991
0.01188707
0.01177025
0.01170301
0.01237202
0.01200461
0.01192641
0.01176786
0.01186061
0.01183653
0.01194215
0.01193190
0.01192188
0.01181722
0.01192641
0.01192260
0.01190901
0.01190853
0.01191735
0.01190805
0.01180196
0.01194811
0.01185036
0.01193738
0.01195264
0.01197720
0.01207471
0.01202130
0.01200056
0.01202297
0.01210093
0.01191878
0.01205206
0.01206470
0.01207638
0.01208162
0.01210999
0.01199317
0.01212931
0.01188469
0.01213598
0.01201177
0.01215696
0.01217008
0.01217699
0.01220107
0.01259017
0.01227355
0.01226187
0.01219964
0.01217198
0.01217699
0.01222420
0.01222634
0.01209998
0.01219487
0.01215553
0.01219630
0.01223493
0.01221180
0.01219296
0.01221704
0.01220870
0.01220274
0.01220179
0.01214099
0.01219296
0.01224661
0.01223326
0.01229620
0.01224065
0.01226926
0.01199865
0.01193380
0.01216173
0.01216483
0.01188946
0.01215100
0.01213646
0.01210976
0.01211619
0.01213670
0.01201320
0.01211977
0.01211524
0.01210928
0.01230502
0.01254416
0.01216364
0.01185775
0.01207590
0.01202202
0.01218247
0.01215911
0.01215792
0.01213408
0.01215506
0.01223207
0.01218534
0.01194167
0.01216674
0.01218343
0.01220298
0.01218867
0.01218891
0.01219320
0.01205850
0.01216888
0.01195431
0.01221728
0.01183200
0.01181459
0.01219416
0.01219225
0.01233792
0.01219559
0.01217937
0.01219368
0.01217866
0.01222420
0.01217914
0.01216817
0.01215458
0.01203561
0.01214433
0.01209927
0.01216078
0.01239395
0.01273012
0.01213336
0.01214504
0.01211143
0.01207447
0.01207447
0.01191068
0.01206541
0.01210761
0.01223898
0.01212430
0.01206541
0.01182866
0.01206446
0.01206732
0.01210833
0.01210308
0.01207829
0.01212335
0.01149631
0.01194000
0.01210022
0.01210642
0.01205564
0.01212859
0.01215100
0.01199389
0.01208925
0.01208591
0.01207542
0.01213098
0.01205993
0.01206875
0.01204586
0.01207066
0.01214170
0.01206994
0.01205850
0.01206040
0.01205277
0.01187682
0.01265168
0.01212096
0.01194739
0.01205564
0.01205492
0.01204157
0.01210237
0.01196671
0.01182580
0.01207042
0.01207066
0.01207757
0.01205444
0.01205826
0.01204705
0.01204491
0.01207304
0.01206589
0.01204133
0.01195741
0.01204205
0.01204753
0.01209688
0.01179719
0.01209712
0.01193261
0.01210570
0.01205945
0.01205182
0.01204205
0.01207638
0.01202798
0.01206398
0.01212120
0.01205540
0.01205635
0.01204967
0.01203156
0.01205516
0.01207709
0.01206374
0.01297188
0.01233101
0.01209474
0.01209402
0.01206112
0.01203680
0.01205230
0.01206040
0.01206994
0.01202774
0.01192832
0.01204062
0.01210880
0.01204991
0.01207924
0.01206422
0.01185727
0.01191854
0.01200819
0.01204705
0.01204467
0.01205659
0.01205182
0.01185846
0.01208615
0.01206589
0.01206565
0.01205635
0.01215386
0.01191998
0.01205826
0.01208234
0.01206827
0.01194000
0.01199746
0.01205420
0.01205850
0.01202989
0.01205635
0.01204419
0.01205707
0.01265717
0.01297498
0.01218724
0.01210666
0.01205420
0.01206732
0.01205826
0.01217842
0.01215339
0.01219773
0.01189232
0.01218081
0.01205659
0.01219225
0.01217580
0.01204491
0.01205158
0.01204371
0.01206040
0.01204848
0.01205730
0.01192188
0.01203680
0.01204419
0.01205254
0.01203752
0.01204181
0.01205778
0.01193070
0.01204967
0.01205277
0.01204920
0.01206708
0.01206207
0.01205564
0.01207018
0.01204538
0.01205802
0.01179838
0.01204491
0.01204824
0.01248479
0.01217651
0.01213527
0.01207829
0.01198769
0.01205516
0.01204944
0.01206756
0.01206541
0.01202798
0.01204491
0.01204467
0.01202106
0.01197672
0.01185107
0.01195478
0.01196480
0.01195741
0.01197267
0.01196814
0.01198149
0.01206017
0.01204896
0.01206350
0.01205659
0.01204014
0.01202655
0.01185012
0.01187372
0.01208377
0.01205921
0.01195979
0.01209974
0.01208735
0.01210332
0.01215124
0.01203847
0.01208901
0.01209426
0.01207948
0.01210332
0.01218843
0.01237726
0.01265502
0.01210046
0.01209664
0.01208878
0.01208115
0.01208401
0.01187134
0.01207185
0.01204562
0.01218033
0.01210308
0.01206613
0.01206589
0.01190877
0.01204658
0.01193690
0.01204753
0.01204991
0.01202703
0.01203084
0.01202941
0.01205039
0.01203656
0.01201510
0.01202750
0.01203370
0.01206470
0.01202321
0.01201344
0.01201868
0.01177359
0.01203966
0.01191640
0.01203227
0.01201391
0.01200581
0.01202750
0.01202917
0.01205850
0.01205230
0.01245809
0.01209140
0.01208758
0.01194286
0.01203728
0.01203465
0.01207447
0.01204944
0.01214886
0.01208735
0.01209116
0.01212144
0.01210833
0.01212358
0.01215601
0.01214004
0.01209927
0.01209879
0.01200175
0.01215029
0.01203156
0.01210737
0.01216340
0.01213527
0.01211262
0.01203680
0.01209164
0.01212740
0.01211429
0.01209116
0.01212382
0.01194811
0.01211429
0.01207566
0.01208091
0.01206207
0.01210499
0.01208711
0.01210165
0.01213312
0.01223326
0.01323938
0.01251817
0.01220369
0.01217365
0.01216769
0.01217341
0.01224899
0.01219797
0.01206708
0.01215839
0.01216006
0.01219296
0.01219487
0.01200867
0.01217437
0.01215458
0.01215529
0.01217318
0.01210451
0.01217198
0.01182365
0.01214814
0.01214767
0.01211667
0.01213717
0.01195884
0.01217866
0.01219106
0.01214266
0.01206350
0.01216555
0.01221633
0.01219916
0.01218438
0.01218009
0.01218629
0.01220536
0.01207447
0.01219678
0.01223326
0.01221561
0.01282191
0.01223660
0.01217318
0.01216221
0.01217318
0.01206660
0.01217747
0.01215839
0.01222348
0.01213646
0.01212478
0.01198268
0.01209831
0.01208639
0.01213336
0.01215458
0.01206517
0.01204753
0.01208830
0.01206446
0.01208138
0.01206565
0.01190329
0.01211810
0.01211333
0.01211596
0.01214170
0.01211739
0.01211548
0.01213980
0.01199055
0.01201940
0.01211405
0.01214981
0.01196170
0.01165819
0.01208997
0.01208353
0.01205039
0.01179051
0.01207018
0.01240468
0.01213598
0.01204205
0.01202273
0.01203322
0.01190996
0.01202083
0.01195884
0.01202774
0.01203513
0.01208735
0.01219773
0.01202726
0.01202536
0.01203775
0.01202846
0.01191044
0.01205492
0.01205826
0.01205778
0.01205325
0.01204133
0.01194930
0.01202989
0.01179075
0.01192379
0.01207423
0.01197171
0.01205945
0.01194930
0.01202512
0.01201868
0.01203609
0.01200843
0.01206231
0.01193810
0.01205826
0.01203871
0.01206350
0.01209760
0.01206923
0.01259398
0.01219010
0.01208258
0.01203895
0.01205778
0.01205540
0.01206064
0.01210141
0.01209283
0.01184058
0.01206827
0.01204276
0.01205850
0.01206589
0.01210594
0.01207018
0.01198316
0.01207685
0.01206851
0.01211357
0.01205659
0.01205230
0.01203990
0.01205206
0.01204181
0.01209474
0.01207757
0.01206875
0.01206708
0.01207376
0.01206970
0.01209950
0.01206398
0.01199651
0.01204300
0.01182032
0.01208401
0.01205325
0.01205659
0.01191449
0.01187181
0.01252770
0.01221895
0.01199055
0.01203823
0.01207542
0.01207757
0.01207757
0.01206946
0.01207137
0.01202512
0.01207328
0.01212955
0.01205587
0.01209307
0.01206684
0.01204991
0.01210213
0.01199937
0.01214790
0.01213765
0.01197529
0.01208782
0.01208353
0.01211023
0.01211429
0.01211381
0.01211762
0.01205897
0.01203132
0.01202846
0.01210141
0.01213241
0.01215744
0.01211977
0.01203299
0.01213861
0.01210952
0.01207972
0.01211858
0.01208663
0.01208329
0.01232839
0.01277447
0.01212549
0.01200843
0.01209497
0.01211238
0.01211190
0.01211238
0.01212549
0.01213264
0.01211047
0.01214218
0.01212358
0.01212692
0.01216006
0.01218843
0.01217771
0.01216912
0.01214194
0.01221299
0.01187706
0.01217604
0.01196241
0.01216793
0.01214337
0.01219845
0.01214480
0.01204276
0.01200891
0.01214290
0.01213408
0.01210260
0.01213145
