0.01347685
0.01591682
0.01271033
0.01253748
0.01275396
0.01255608
0.01273632
0.01301146
0.01295710
0.01239252
0.01272058
0.01279712
0.01264787
0.01318407
0.01307249
0.01274180
0.01273847
0.01274490
0.01273179
0.01272750
0.01259828
0.01273417
0.01275563
0.01275086
0.01273227
0.01261401
0.01275277
0.01273894
0.01271057
0.01273823
0.01263094
0.01276898
0.01279235
0.01279235
0.01271272
0.01272750
0.01276660
0.01270533
0.01275539
0.01276755
0.01273751
0.01269269
0.01250291
0.01274204
0.01275325
0.01274610
0.01310658
0.01283073
0.01276779
0.01276422
0.01274323
0.01274514
0.01250434
0.01275182
0.01262856
0.01274467
0.01273799
0.01262045
0.01273441
0.01274633
0.01275349
0.01276326
0.01254463
0.01273298
0.01274633
0.01275754
0.01274920
0.01273561
0.01273584
0.01268220
0.01279831
0.01274848
0.01273298
0.01266932
0.01274657
0.01274610
0.01274443
0.01272869
0.01212311
0.01254630
0.01275349
0.01272583
0.01274061
0.01273036
0.01273060
0.01287293
0.01293325
0.01275706
0.01274037
0.01260471
0.01274395
0.01276231
0.01274872
0.01273489
0.01277375
0.01253343
0.01274323
0.01275063
0.01274753
0.01275826
0.01275444
0.01259756
0.01276255
0.01250124
0.01274633
0.01247573
0.01274490
0.01275897
0.01276445
0.01276541
0.01273537
0.01276588
0.01280046
0.01274610
0.01274729
0.01276231
0.01274610
0.01275420
0.01275873
0.01275134
0.01262760
0.01255107
0.01273727
0.01274848
0.01275659
0.01343203
0.01280856
0.01278543
0.01278090
0.01274729
0.01274753
0.01274133
0.01279569
0.01276684
0.01275635
0.01275229
0.01274014
0.01276541
0.01277184
0.01275396
0.01275277
0.01274610
0.01275873
0.01278377
0.01265407
0.01274991
0.01273704
0.01276994
0.01278806
0.01278234
0.01280189
0.01280141
0.01252127
0.01276684
0.01275635
0.01275182
0.01275086
0.01275110
0.01261997
0.01273155
0.01254892
0.01272011
0.01279378
0.01285148
0.01306725
0.01274633
0.01271939
0.01267862
0.01270819
0.01253152
0.01271749
0.01276636
0.01274443
0.01275420
0.01273894
0.01270604
0.01269436
0.01271605
0.01272345
0.01269817
0.01270247
0.01270533
0.01268744
0.01258993
0.01272154
0.01252937
0.01271653
0.01271224
0.01271462
0.01272655
0.01273203
0.01273012
0.01272678
0.01262212
0.01272273
0.01272583
0.01274371
0.01272249
0.01271677
0.01261187
0.01273298
0.01248479
0.01280236
0.01344180
0.01277018
0.01274896
0.01275992
0.01274061
0.01276326
0.01265049
0.01279783
0.01275826
0.01279831
0.01277804
0.01274204
0.01275539
0.01274610
0.01259661
0.01263928
0.01273751
0.01272392
0.01274180
0.01270628
0.01272631
0.01273990
0.01274014
0.01272178
0.01274252
0.01274157
0.01274252
0.01273990
0.01273394
0.01233912
0.01255751
0.01266026
0.01277304
0.01278782
0.01275468
0.01275468
0.01275492
0.01273417
0.01273751
0.01279926
0.01277852
0.01272702
0.01265311
0.01274538
0.01276469
0.01274967
0.01255178
0.01270080
0.01271272
0.01271534
0.01270938
0.01272821
0.01272225
0.01269794
0.01270533
0.01270199
0.01259422
0.01271772
0.01268387
0.01265407
0.01264524
0.01259422
0.01247978
0.01260257
0.01259494
0.01265645
0.01264715
0.01264834
0.01268959
0.01270747
0.01268435
0.01265836
0.01256752
0.01268864
0.01258326
0.01269913
0.01273465
0.01269269
0.01348948
0.01282454
0.01239753
0.01266336
0.01269388
0.01264787
0.01269197
0.01271701
0.01269865
0.01271415
0.01271200
0.01270509
0.01270628
0.01272130
0.01270914
0.01273847
0.01271272
0.01272488
0.01277065
0.01258945
0.01270080
0.01272917
0.01271081
0.01269889
0.01274300
0.01273108
0.01272202
0.01270509
0.01258373
0.01273584
0.01271176
0.01268530
0.01270247
0.01246047
0.01275492
0.01271272
0.01272416
0.01272631
0.01270485
0.01337409
0.01283789
0.01270008
0.01262140
0.01249146
0.01271510
0.01288509
0.01272035
0.01273680
0.01268053
0.01252627
0.01269746
0.01272249
0.01268244
0.01266623
0.01272273
0.01274109
0.01266503
0.01267028
0.01264691
0.01265621
0.01228094
0.01264477
0.01267600
0.01264334
0.01265812
0.01275826
0.01250005
0.01263356
0.01255989
0.01261735
0.01265454
0.01265001
0.01270103
0.01263595
0.01263165
0.01263404
0.01257944
0.01272416
0.01288915
0.01280832
0.01270437
0.01268101
0.01251936
0.01263452
0.01262474
0.01260471
0.01262403
0.01264119
0.01264668
0.01266146
0.01265883
0.01260018
0.01261115
0.01251173
0.01265454
0.01262879
0.01263094
0.01267600
0.01265812
0.01252317
0.01263952
0.01268983
0.01266336
0.01262069
0.01263285
0.01263905
0.01261234
0.01263976
0.01263833
0.01241016
0.01267767
0.01259398
0.01261139
0.01267290
0.01270890
0.01245308
0.01249218
0.01268959
0.01368833
0.01339722
0.01269150
0.01265621
0.01264906
0.01253891
0.01278162
0.01226902
0.01280475
0.01284075
0.01287770
0.01283765
0.01280975
0.01277161
0.01265931
0.01262832
0.01259375
0.01261377
0.01263642
0.01267052
0.01265192
0.01265836
0.01269054
0.01270199
0.01258969
0.01268697
0.01273870
0.01266503
0.01265073
0.01269412
0.01246238
0.01270175
0.01263571
0.01269794
0.01271009
0.01270890
0.01270604
0.01271272
0.01270103
0.01371765
0.01254225
0.01268959
0.01267314
0.01253867
0.01265955
0.01272511
0.01263833
0.01270986
0.01266026
0.01254988
0.01269054
0.01269245
0.01271582
0.01271582
0.01272273
0.01272941
0.01272464
0.01255441
0.01270843
0.01262164
0.01273394
0.01270700
0.01273036
0.01275182
0.01270604
0.01270938
0.01270270
0.01270032
0.01271558
0.01269484
0.01265860
0.01267004
0.01267099
0.01263571
0.01276612
0.01260161
0.01272821
0.01270580
0.01335120
0.01277971
0.01272035
0.01264429
0.01269341
0.01269364
0.01269555
0.01271200
0.01272273
0.01278234
0.01272416
0.01228499
0.01271129
0.01272202
0.01268196
0.01267409
0.01269269
0.01268911
0.01268840
0.01268601
0.01262236
0.01267123
0.01265144
0.01263261
0.01266551
0.01252723
0.01269960
0.01268768
0.01264310
0.01267672
0.01265216
0.01265502
0.01272535
0.01267219
0.01242685
0.01270890
0.01259637
0.01269698
0.01267433
0.01296735
0.01278114
0.01260710
0.01269865
0.01265979
0.01265955
0.01266861
0.01272678
0.01267672
0.01269054
0.01271582
0.01267624
0.01268125
0.01271987
0.01273155
0.01267004
0.01268339
0.01269150
0.01265359
0.01270199
0.01270771
0.01270056
0.01269960
0.01269627
0.01272011
0.01270366
0.01270747
0.01271796
0.01259780
0.01269937
0.01259232
0.01270676
0.01266408
0.01269221
0.01276875
0.01266837
0.01270247
0.01270747
0.01244140
0.01282048
0.01287818
0.01271152
0.01266670
0.01268768
0.01259923
0.01273608
0.01271462
0.01275206
0.01275420
0.01273799
0.01261592
0.01271486
0.01269126
0.01272488
0.01213622
0.01272869
0.01272178
0.01269531
0.01271725
0.01272202
0.01272416
0.01259470
0.01267767
0.01273918
0.01274562
0.01266122
0.01265097
0.01276660
0.01272392
0.01275444
0.01275706
0.01275444
0.01272511
0.01271343
0.01275611
0.01271224
0.01271772
0.01246262
0.01273108
0.01360202
0.01288223
0.01400256
0.01294565
0.01279330
0.01279879
0.01296020
