0.01042199
0.01503158
0.01167202
0.01261044
0.01184034
0.01112652
0.01127243
0.01133800
0.01134491
0.01137042
0.01140594
0.01038265
0.01119351
0.01119399
0.01118946
0.01118875
0.01119471
0.01119113
0.01121950
0.01120090
0.01122117
0.01126838
0.01125216
0.01127839
0.01118827
0.01127362
0.01129532
0.01121736
0.01127315
0.01131415
0.01130414
0.01129746
0.01121330
0.01133609
0.01161075
0.01136231
0.01101732
0.01126909
0.01141262
0.01183009
0.01130319
0.01123714
0.01131034
0.01220608
0.01150131
0.01161838
0.01128697
0.01136994
0.01144743
0.01161146
0.01157928
0.01159930
0.01155758
0.01142812
0.01151919
0.01155591
0.01155257
0.01157713
0.01157999
0.01147532
0.01149082
0.01143098
0.01149416
0.01144838
0.01132774
0.01154447
0.01120996
0.01118970
0.01123047
0.01120853
0.01122928
0.01123738
0.01124144
0.01121616
0.01122594
0.01121235
0.01122284
0.01125073
0.01122808
0.01107407
0.01149988
0.01127195
0.01111698
0.01129913
0.01141834
0.01130748
0.01146436
0.01251245
0.01183081
0.01146507
0.01147628
0.01137614
0.01146364
0.01145363
0.01143551
0.01145053
0.01143599
0.01148057
0.01140928
0.01137400
0.01125503
0.01147461
0.01162529
0.01060677
0.01153731
0.01154828
0.01149487
0.01145792
0.01160479
0.01169896
0.01160264
0.01161432
0.01156354
0.01139259
0.01147771
0.01151490
0.01157260
0.01159883
0.01157331
0.01113510
0.01127958
0.01129222
0.01127934
0.01130986
0.01128197
0.01129460
0.01129532
0.01129532
0.01126242
0.01127172
0.01175094
0.01186681
0.01131487
0.01126528
0.01128745
0.01131082
0.01121926
0.01135540
0.01164699
0.01168537
0.01148963
0.01168799
0.01158166
0.01159263
0.01151061
0.01160550
0.01149011
0.01139784
0.01153708
0.01157618
0.01154232
0.01157999
0.01145506
0.01164556
0.01136804
0.01112175
0.01129413
0.01129913
0.01134682
0.01131463
0.01131797
0.01130390
0.01129389
0.01128674
0.01127434
0.01124787
0.01128840
0.01128531
0.01125240
0.01123881
0.01125932
0.01124525
0.01127315
0.01143050
0.01236343
0.01194763
0.01165962
0.01159930
0.01158261
0.01145363
0.01165366
0.01168799
0.01163578
0.01155448
0.01156092
0.01151943
0.01153970
0.01162529
0.01166224
0.01158166
0.01157260
0.01120186
0.01135635
0.01139927
0.01126957
0.01121855
0.01105094
0.01139688
0.01139736
0.01139331
0.01149201
0.01123452
0.01143599
0.01141357
0.01138353
0.01139665
0.01136637
0.01105595
0.01147246
0.01158643
0.01151848
0.01163220
0.01154757
0.01157856
0.01159549
0.01148033
0.01161671
0.01257777
0.01186466
0.01163363
0.01164579
0.01151872
0.01164150
0.01160431
0.01166344
0.01157355
0.01152301
0.01118493
0.01133776
0.01142049
0.01147580
0.01152682
0.01146317
0.01140571
0.01141357
0.01141000
0.01143217
0.01120400
0.01144624
0.01137471
0.01149058
0.01140642
0.01148748
0.01141810
0.01167750
0.01144290
0.01158667
0.01155615
0.01165104
0.01163173
0.01165223
0.01166964
