0.00862384
0.01674867
0.01041150
0.01150203
0.01108336
0.01053119
0.01052260
0.01052213
0.01079440
0.01147270
0.01089573
0.01059890
0.01064563
0.01063728
0.01065660
0.01067519
0.01053524
0.01004052
0.01069093
0.01075363
0.01068950
0.01070547
0.01063418
0.01058817
0.01062393
0.01064110
0.01065397
0.01049685
0.01037812
0.01013780
0.01037884
0.01037407
0.01039386
0.01032615
0.01041293
0.01040578
0.01037264
0.01037455
0.01038146
0.01036882
0.01037407
0.01035237
0.01034451
0.01035023
0.01030731
0.01041389
0.01034474
0.01031423
0.01038647
0.01039124
0.01029253
0.01054072
0.01054049
0.01053596
0.01052833
0.01096678
0.01100206
0.01054263
0.01051855
0.01052570
0.01050949
0.01049948
0.01052904
0.01050043
0.01050448
0.01050115
0.01055312
0.01059079
0.01047850
0.01014471
0.01055002
0.01048851
0.01062202
0.01056075
0.01068592
0.01071453
0.01072025
0.01070166
0.01069927
0.01066113
0.01063514
0.01065135
0.01065636
0.01069784
0.01067686
0.01068091
0.01061630
0.01041055
0.01027226
0.01008081
0.01038480
0.01038432
0.01039672
0.01036525
0.01038790
0.01038098
0.01034832
0.01036477
0.01035929
0.01036596
0.01035714
0.01038074
0.01041245
0.01112628
0.01058984
0.01036859
0.01055503
0.01055336
0.01061034
0.01014709
0.01059198
0.01058698
0.01043987
0.01055551
0.01055980
0.01053286
0.01030064
0.01053143
0.01051450
0.01053429
0.01052833
0.01054025
0.01045299
0.01038265
0.01052666
0.01069713
0.01068115
0.01071119
0.01067019
0.01068401
0.01067924
0.01067591
0.01058531
0.01066780
0.01062799
0.01058602
0.01060247
0.01060033
0.01058102
0.01058984
0.01059055
0.01049781
0.01032066
0.01045609
0.01029420
0.01028919
0.01018548
0.01029968
0.01029468
0.01019120
0.01125550
0.01034522
0.01007652
0.01031852
0.01030922
0.01031470
0.01031828
0.01032376
0.01033998
0.01035547
0.01033163
0.01034451
0.01031661
0.01017904
0.01031113
0.01052856
0.01053262
0.01052594
0.01051831
0.01015449
0.01053762
0.01053095
0.01038456
0.01039243
0.01037979
0.01043892
0.01047707
0.01045465
0.01056242
0.01052761
0.01058626
0.01052237
0.01052690
0.01038957
0.01056075
0.01057696
0.01044655
0.01055717
0.01057625
0.01032948
0.01055574
0.01058412
0.01057696
0.01042128
0.01048946
0.01052213
0.01050353
0.01093030
0.01112652
0.01061773
0.01055217
0.01064277
0.01050067
0.01063871
0.01065445
0.01055741
0.01055956
0.01055360
0.01052499
0.01021862
0.01055980
0.01052427
0.01025534
0.01055694
0.01053119
0.01035452
0.01046276
0.01065063
0.01066899
0.01078486
0.01065326
0.01062536
0.01039886
0.01068568
0.01068950
0.01068521
0.01073360
0.01071382
0.01073027
0.01058960
0.01070619
0.01069140
0.01055980
0.01066446
0.01066899
0.01066089
0.01067066
0.01068521
0.01058936
0.01067638
0.01063251
0.01035976
0.01010895
0.01023626
0.01088142
0.01087523
0.01066732
0.01033163
0.01033759
0.01034665
0.01033163
0.01032925
0.01029611
0.01038241
0.01039600
0.01040292
0.01040602
0.01038647
0.01038074
0.01042485
0.01057482
0.01057339
0.01033545
0.01050901
0.01052928
0.01054430
0.01053214
0.01054764
0.01050043
0.01030564
0.01035023
0.01035357
0.01036716
0.01051736
0.01055789
0.01052880
0.01049232
0.01054955
0.01053524
0.01053190
0.01052070
0.01060510
0.01024032
0.01061940
0.01061463
0.01066303
0.01067662
0.01067877
0.01068854
0.01075053
0.01070642
0.01072741
0.01139188
0.01110411
0.01064420
0.01065683
0.01062465
0.01061940
0.01063180
0.01055360
0.01034760
0.01011610
0.01034427
0.01033735
0.01034737
0.01033831
0.01031470
0.01035285
0.01023388
0.01033425
0.01035118
0.01036239
0.01017499
0.01032972
0.01031852
0.00957894
0.01035357
0.01032114
0.01032186
0.01045465
0.01044679
0.01034904
0.01022625
0.01047873
0.01047087
0.01046634
0.01046848
0.01047993
0.01050162
0.01029372
0.01043892
0.01041985
0.01036692
0.01040602
0.01043320
0.01037693
0.01050735
0.01052022
0.01053047
0.01097655
0.01060867
0.01098490
0.01019835
0.01046109
0.01052022
0.01044989
0.01044083
0.01045799
0.01043868
0.01034546
0.01045012
0.01045609
0.01019382
0.01044846
0.01054668
0.01059818
0.01052547
0.01057911
0.01062560
0.01063895
0.01065707
0.01063704
0.01045251
0.01053882
0.01052737
0.01052547
0.01052856
0.01053190
0.01043153
0.01040959
0.01042151
0.01060653
0.01043200
0.01055098
0.01047087
0.01061559
0.01067281
0.01069045
0.01069283
0.01055384
0.01070404
0.01070499
0.01052308
0.01063037
0.01065779
0.01067972
0.01110864
0.01079822
0.01088047
0.01045847
0.01055908
0.01065254
0.01072025
0.01072288
0.01069283
0.01071024
0.01069736
0.01036024
0.01025176
0.01035905
0.01034307
0.01034689
0.01035857
0.01036000
0.01037669
0.01035476
0.01034498
0.01035810
0.01023459
0.01018262
0.01034498
0.01032257
0.01006889
0.01033330
0.01035190
0.00952458
0.01027656
0.01049018
0.01039886
0.01051068
0.01052785
0.01052570
0.01040149
0.01050115
0.01052427
0.01051331
0.01043987
0.01044679
0.01050282
0.01045346
0.01046348
0.01043725
0.01025867
0.01046038
0.01141310
0.01056218
0.01045585
0.01053238
0.01063919
0.01064706
0.01064801
0.01065135
0.01050401
0.01062989
0.01066065
0.01054597
0.01054955
0.01056051
0.01053691
0.01054978
0.01060796
0.01059484
0.01034784
0.01055050
0.01032734
0.01031160
0.01032424
0.01030755
0.01034188
0.01032305
0.01031923
0.01034379
0.01020551
0.01030827
0.01033568
0.01031971
0.01035833
0.01033044
0.01032043
0.01022625
0.01030970
0.01022220
