0.01453710
0.01656389
0.01383185
0.01336098
0.01275945
0.01268864
0.01260996
0.01281786
0.01285005
0.01262426
0.01278901
0.01295114
0.01290774
0.01265788
0.01263785
0.01266789
0.01262379
0.01263022
0.01263213
0.01264048
0.01262784
0.01317883
0.01268411
0.01262236
0.01259208
0.01261282
0.01259518
0.01260757
0.01256204
0.01271796
0.01279950
0.01285362
0.01274920
0.01254177
0.01272464
0.01266336
0.01267147
0.01265597
0.01245356
0.01257372
0.01269436
0.01272893
0.01273251
0.01265216
0.01258159
0.01254869
0.01244617
0.01255512
0.01255798
0.01256585
0.01258564
0.01256204
0.01254630
0.01255918
0.01252937
0.01246262
0.01254582
0.01254487
0.01238012
0.01255059
0.01356697
0.01272774
0.01279569
0.01236057
0.01277900
0.01288486
0.01256967
0.01269054
0.01283717
0.01284933
0.01278210
0.01248193
0.01275754
0.01281571
0.01275110
0.01272273
0.01257730
0.01257992
0.01244879
0.01255250
0.01256132
0.01256537
0.01258254
0.01238894
0.01253700
0.01255584
0.01268172
0.01263237
0.01262999
0.01260471
0.01256847
0.01256275
0.01254606
0.01253390
0.01252007
0.01260972
0.01264000
0.01264858
0.01263905
0.01293731
0.01318359
0.01266980
0.01266479
0.01259971
0.01243854
0.01259017
0.01259923
0.01262808
0.01264358
0.01248813
0.01258254
0.01288176
0.01288295
0.01275301
0.01274824
0.01269865
0.01257253
0.01269174
0.01271677
0.01272249
0.01271725
0.01272917
0.01263046
0.01278424
0.01269794
0.01251340
0.01258278
0.01257277
0.01255441
0.01256061
0.01254320
0.01260686
0.01249146
0.01264596
0.01265335
0.01263261
0.01264477
0.01235676
0.01264262
0.01311827
0.01240563
0.01276755
0.01280761
0.01285219
0.01282835
0.01205349
0.01295137
0.01280999
0.01284480
0.01287818
0.01284313
0.01280594
0.01279330
0.01266360
0.01259661
0.01268935
0.01275468
0.01249695
0.01314259
0.01288104
0.01266479
0.01266074
0.01261616
0.01259637
0.01262856
0.01260543
0.01258349
0.01259375
0.01258516
0.01258945
0.01267338
0.01252556
0.01261306
0.01262403
0.01273203
0.01270962
0.01277328
0.01281023
0.01366282
0.01284647
0.01275849
0.01249337
0.01258421
0.01259661
0.01272750
0.01266265
0.01245093
0.01269531
0.01270270
0.01254630
0.01254344
0.01257277
0.01256680
0.01255012
0.01261950
0.01261806
0.01257014
0.01259661
0.01254988
0.01260448
0.01257610
0.01262116
0.01253986
0.01247525
0.01254201
0.01251745
0.01267648
0.01274753
0.01274538
0.01264024
0.01271629
0.01282096
0.01181579
0.01269579
0.01247764
0.01273704
0.01272678
0.01318836
0.01320577
0.01253200
0.01268101
0.01269150
0.01251936
0.01226234
0.01248622
0.01254559
0.01248550
0.01250625
0.01248574
0.01249671
0.01247025
0.01248145
0.01246858
0.01247191
0.01246858
0.01247072
0.01239467
0.01248908
0.01283240
0.01273942
0.01278710
0.01271462
0.01269412
0.01276040
0.01275420
0.01269245
0.01283193
0.01258254
0.01266980
0.01273513
0.01271152
0.01259375
