0.00811696
0.01594329
0.01174545
0.01112247
0.01065516
0.01071572
0.01066470
0.01065660
0.01067877
0.01069474
0.01056123
0.01069021
0.01065016
0.01062989
0.01055646
0.01062012
0.01094580
0.01150846
0.01073623
0.01050758
0.01073074
0.01077032
0.01079607
0.01077032
0.01076674
0.01078129
0.01077342
0.01077008
0.01070094
0.01064420
0.01071906
0.01072454
0.01073861
0.01071954
0.01078868
0.01089072
0.01086068
0.01067710
0.01085496
0.01083875
0.01084471
0.01084614
0.01085591
0.01079011
0.01078916
0.01079822
0.01080847
0.01083446
0.01083136
0.01071572
0.01071668
0.01081347
0.01082683
0.01040530
0.01028204
0.01037097
0.01047826
0.01049590
0.01035690
0.01045108
0.01046729
0.01047111
0.01046610
0.01180553
0.01012135
0.01030898
0.01047754
0.01048160
0.01034641
0.01055241
0.01047778
0.01047778
0.01059532
0.01054096
0.01039410
0.01037288
0.01051855
0.01054144
0.01040220
0.01053858
0.01054358
0.01051402
0.01050305
0.01042509
0.01057720
0.01056623
0.01056290
0.01056814
0.01033378
0.01057649
0.01059151
0.01075935
0.01065660
0.01067638
0.01071477
0.01067090
0.01068234
0.01069236
0.01055646
0.01068115
0.01067734
0.01071954
0.01073670
0.01075196
0.01074982
0.01075673
0.01068521
0.01068234
0.01059842
0.01069546
0.01162314
0.01072311
0.01070666
0.01073027
0.01070595
0.01074910
0.01087189
0.01086712
0.01070070
0.01086569
0.01088428
0.01079345
0.01085663
0.01087427
0.01089287
0.01081681
0.01082659
0.01062226
0.01086736
0.01087523
0.01048446
0.01054573
0.01050425
0.01045156
0.01053715
0.01054764
0.01055193
0.01042461
0.01052547
0.01054311
0.01053762
0.01053834
0.01054931
0.01053667
0.01052785
0.01054764
0.01052737
0.01033783
0.01052737
0.01063371
0.01065326
0.01053858
0.01065421
0.01042485
0.01069164
0.01065183
0.01114130
0.01076341
0.01063752
0.01062441
0.01057911
0.01057458
0.01051855
0.00968838
0.01064801
0.01049161
0.01067328
0.01042032
0.01068211
0.01065660
0.01051879
0.01066160
0.01068449
0.01054859
0.01065421
0.01068449
0.01064992
0.01060557
0.01055574
0.01054573
0.01054263
0.01045609
0.01056337
0.01057410
0.01048350
0.01060247
0.01060200
0.01043439
0.01035404
0.01035881
0.01040506
0.01033258
0.01033545
0.01018190
0.01034307
0.01030374
0.01028967
0.01018929
0.01027131
0.01027203
0.01026368
0.01025867
0.01023865
0.01024461
0.01104069
0.01026559
0.01027465
0.01021075
0.01023793
0.01036072
0.01035857
0.01039839
0.01037121
0.01010680
0.01042128
