0.00954509
0.01593781
0.00981069
0.00927854
0.00982904
0.00953937
0.00956416
0.00956130
0.00955534
0.00956368
0.00963426
0.00955105
0.00957155
0.00955033
0.00964379
0.00969553
0.00976491
0.00976539
0.00977969
0.00975251
0.00974488
0.00975299
0.00973415
0.00951791
0.00974965
0.00972605
0.00970769
0.00970602
0.00970078
0.00969386
0.00969768
0.00969529
0.00972462
0.00991368
0.00990701
0.00987720
0.00986910
0.00983620
0.00968122
0.00977707
0.00987506
0.00990510
0.00991964
0.00981855
0.00985503
0.00986457
0.01004982
0.01003742
0.01101589
0.00977683
0.00977349
0.00968742
0.00993705
0.00994849
0.01000667
0.00955701
0.01000023
0.00992370
0.00992656
0.00985026
0.00986028
0.00986338
0.00963950
0.00987101
0.00987053
0.00991559
0.00995851
0.00981355
0.00996900
0.00997663
0.00960064
0.00962830
0.00962901
0.00961447
0.00961804
0.00961208
0.00960088
0.00936389
0.00960565
0.00962591
0.00963640
0.00960588
0.00948691
0.00962257
0.00953412
0.00963378
0.00961804
0.00952291
0.00960779
0.00964546
0.00974154
0.00983119
0.00978923
0.01075768
0.01024008
0.00976801
0.00977087
0.00972462
0.00980568
0.00979209
0.00979781
0.00969315
0.00967312
0.00980520
0.00982618
0.00973201
0.00973153
0.00974870
0.00972438
0.00964665
0.00986147
0.00988626
0.00995779
0.00995612
0.00995517
0.00991988
0.00977492
0.00989628
0.00990081
0.00990105
0.00987148
0.00973344
0.00987935
0.00991774
0.01001358
0.00997114
0.00978470
0.00996375
0.00963330
0.00942111
0.00961161
0.00961637
0.00961137
0.00962806
0.00923562
0.00913358
0.00951648
0.00959706
0.00958419
0.01022434
0.00962877
0.00967956
0.00961113
0.00961804
0.00960755
0.00960326
0.00962448
0.00980020
0.00982881
0.00976777
0.00980425
0.00980854
0.00979209
0.00980091
0.00979376
0.00976849
0.00976634
0.00975871
0.00976515
0.00975490
0.00967550
0.00976944
0.00983477
0.00974607
0.00976133
0.00974631
0.00999832
0.00998330
0.00999117
0.00996518
0.00997567
0.00985932
0.00992632
0.00993347
0.00991631
0.00991344
0.00991011
0.00992131
0.00996447
0.00982094
0.00984311
0.00989294
0.01002073
0.00993514
0.00950241
0.01018023
0.00950336
0.00963378
0.00958276
0.00959420
0.00960112
0.00961542
0.00959849
0.00960326
0.00938272
0.00945282
0.00958657
0.00960779
0.00960016
0.00953317
0.00965047
0.00959635
0.00963640
0.00972962
0.00958729
0.00971103
0.00972342
0.00975227
0.00976634
0.00974798
0.00981355
0.00976467
0.00970340
0.00970840
0.00962830
0.00971746
0.00970483
0.00965047
0.00943327
0.00950027
0.00972390
0.00973368
0.00976801
0.00959206
0.00989461
0.00989842
0.00989771
0.00968885
0.00985098
0.00981331
0.00981426
0.00981379
0.01064587
0.00982666
0.00982332
0.00981808
0.00973654
0.00983191
0.00964069
0.00982308
0.00983047
0.00986028
0.00981641
0.00973248
0.00992560
0.00997806
0.00993967
0.00996590
0.00996137
0.00994945
0.00992680
0.00992393
0.00991368
0.00987816
0.00984502
0.00986218
0.00983858
0.00970292
0.00986099
0.00985289
0.00984240
0.00986123
0.00970459
0.00980496
0.00982237
0.00983596
0.00983286
0.00983548
0.00984049
0.00983191
0.00982881
0.00986314
0.00970793
0.00971961
0.00984073
0.00980711
0.00982642
0.00983715
0.01030326
0.01029301
0.01125240
0.01005292
0.00987172
0.00970984
0.00985169
0.00988054
0.00987387
0.00985789
0.00986433
0.00989199
0.00987601
0.00973773
0.00984240
0.00985408
0.00983644
0.00983000
0.00965977
0.00961447
0.00962019
0.00961304
0.00959587
0.00949264
0.00965405
0.00962210
0.00963855
0.00965238
0.00963426
0.00964236
0.00964046
0.00962615
0.00960779
0.00952005
0.00963116
0.00963807
0.00954390
0.00949669
0.00970197
0.00974298
0.00979209
0.00982475
0.00982165
0.00981283
0.00979090
0.00982451
0.01072288
0.01033068
0.00988746
0.00981426
0.00978398
0.00983167
0.00953937
0.00980043
0.00978398
0.00981236
0.00981379
0.00978947
0.00986934
0.00992918
0.00978374
0.00990987
0.00968313
0.00990009
0.00989842
0.00974584
0.00980020
0.00982094
0.00983334
0.00985098
0.00991702
0.00988650
0.00990844
0.00979328
0.00990868
0.00989890
0.00966954
0.00994873
0.00982332
0.00994134
0.00993729
0.00994825
0.00996399
0.00993562
