0.00689197
0.01575613
0.01096272
0.01007652
0.00979614
0.00979257
0.00977683
0.00978017
0.00978303
0.00975418
0.00978613
0.00977278
0.00967884
0.00974917
0.00973058
0.00973892
0.00973248
0.00962639
0.00972605
0.00973582
0.00973487
0.00972772
0.00971961
0.00957417
0.00969052
0.00970340
0.00967741
0.00970531
0.01069665
0.01014376
0.00971651
0.00973463
0.00970268
0.00959373
0.00970078
0.00971317
0.00959253
0.00974250
0.00962043
0.00976157
0.00964689
0.00974345
0.00972128
0.00968695
0.00973940
0.00965023
0.00975847
0.00974703
0.00974512
0.00975013
0.00975752
0.00974727
0.00976086
0.00977230
0.00966692
0.00975847
0.00976610
0.00963044
0.00978184
0.00964522
0.00975895
0.00974464
0.00975871
0.00974298
0.00954080
0.00979638
0.00976825
0.00978041
0.00977969
0.00977635
0.00980568
0.00985956
0.00980783
0.00977921
0.00978065
0.00979733
0.00979924
0.01059008
0.01009774
0.00971317
0.00987744
0.00980496
0.00978971
0.00978971
0.00979924
0.00968289
0.00980830
0.00979066
0.00981331
0.00979280
0.00979328
0.00967669
0.00978637
0.00979447
0.00980592
0.00943732
0.00962210
0.00985098
0.00980830
0.00981808
0.00957656
0.00983071
0.00982499
0.00982189
0.00983477
0.00983000
0.00972795
0.00983167
0.00980711
0.00983429
0.00981712
0.00983715
0.00980592
0.00981045
0.00983024
0.00981760
0.00958753
0.00972986
0.00981879
0.00981355
0.00980592
0.00970674
0.00979853
0.00979519
0.00979567
0.00980449
0.01028085
0.00984716
0.01096892
0.00977540
0.00977206
0.00974369
0.00978971
0.00981688
0.00975537
0.00980067
0.00978684
0.00967836
0.00981498
0.00978708
0.00980091
0.00980902
0.00966072
0.00979948
0.00979757
0.00978374
0.00980234
0.00974202
0.00976825
0.00968480
0.00977802
0.00980854
0.00980711
0.00980186
0.00977898
0.00978923
0.00979805
0.00967932
0.00981045
0.00981426
0.00978637
0.00976706
0.00961494
0.00979495
0.00978470
0.00980067
0.00978613
0.00979757
0.00968409
0.00979686
0.00979638
0.00980973
0.00981665
0.00980377
0.00981450
0.01025915
0.00989556
0.01087070
0.00975633
0.00987840
0.00978804
0.00980473
0.00979447
0.00956798
0.00978827
0.00979805
0.00978971
0.00980330
0.00978327
0.00978303
0.00980902
0.00980616
0.00978804
0.00980258
0.00980306
0.00979590
0.00980234
0.00962090
0.00960255
0.00929689
0.00979805
0.00979757
0.00980496
0.00981879
0.00949264
0.00980091
0.00979400
0.00983739
0.00981045
0.00979662
0.00978804
0.00983667
0.00971055
0.00984311
0.00981283
0.00980210
0.00983620
0.00980568
0.00981021
0.00981045
0.00957584
0.00980115
0.00978613
0.00978708
0.00982499
0.01040173
0.01027656
0.00980258
0.00982356
0.00983000
0.00981951
0.00962257
0.00980067
0.00978875
0.00981307
0.00966096
0.00982499
0.00978875
0.00980234
0.00978518
0.00978827
0.00983810
0.00979376
0.00980306
0.00978088
0.00977874
0.00968695
0.00979233
0.00978374
0.00980115
0.00976849
0.00962639
0.00983596
0.00967550
0.00977874
0.00961185
0.00951695
0.00950193
0.00941730
0.00949812
0.00948167
0.00950789
0.00935936
0.00948739
0.00949359
0.00949144
0.00948048
0.00935173
0.00947642
0.00946522
0.00949121
0.00948000
0.00945306
0.00947523
0.00979972
0.00952816
0.01008749
0.00960445
0.00961161
0.00945973
0.00959682
0.00957537
0.00962090
0.00923848
0.00961161
0.00958490
0.00955582
0.00954342
0.00921655
0.00957894
0.00965214
0.00962663
0.00966573
0.00966763
0.00961375
0.00966644
0.00965738
0.00966716
0.00971913
0.00966716
0.00976658
0.00976443
0.00975728
0.00976634
0.00930691
0.00978255
0.00977993
0.00975275
0.00970984
0.00948501
0.00971293
0.00970268
0.00970221
0.00969934
0.00971413
0.00970888
0.00970268
0.00971913
0.00967503
0.00981784
0.00966644
0.00980568
0.00979972
0.00980043
0.01050425
0.00986862
