0.00819230
0.01596498
0.01144171
0.01101327
0.01072621
0.01068926
0.01106024
0.01085353
0.01108670
0.01061153
0.01072454
0.01077461
0.01046276
0.01084328
0.01084948
0.01084232
0.01084495
0.01063323
0.01063800
0.01063919
0.01090145
0.01063609
0.01082873
0.01080823
0.01082945
0.01081038
0.01080871
0.01068282
0.01070595
0.01052523
0.01049900
0.01049995
0.01048207
0.01058555
0.01049137
0.01050425
0.01050639
0.01050949
0.01035786
0.01049352
0.01048684
0.01050162
0.01050234
0.01048970
0.01050353
0.01047349
0.01049995
0.01047730
0.01036668
0.01048088
0.01059079
0.01064968
0.01060486
0.01161122
0.01051998
0.01064897
0.01062679
0.01065755
0.01065421
0.01064897
0.01063395
0.01049995
0.01070046
0.01068950
0.01068687
0.01056981
0.01071692
0.01070523
0.01054740
0.01077795
0.01062560
0.01077485
0.01074934
0.01075053
0.01079655
0.01083612
0.01082873
0.01058555
0.01090455
0.01094723
0.01065063
0.01096106
0.01088285
0.01089931
0.01054192
0.01088738
0.01087356
0.01067924
0.01055193
0.01056504
0.01054478
0.01054025
0.01054764
0.01055217
0.01055789
0.01055551
0.01052785
0.01042795
0.01052809
0.01103020
0.01090479
0.01050735
0.01050735
0.01039672
0.01050735
0.01050043
0.01060152
0.01074219
0.01060724
0.01077700
0.01079297
0.01078916
0.01073623
0.01076627
0.01065564
0.01068068
0.01063132
0.01052928
0.01062703
0.01052999
0.01060176
0.01062012
0.01071215
0.01065898
0.01066637
0.01059866
0.01071262
0.01072097
0.01074457
0.01070976
0.01070356
0.01072574
0.01071572
0.01069403
0.01068497
0.01069236
0.01062703
0.01064777
0.01065445
0.01044846
0.01069736
0.01065946
0.01074719
0.01071763
0.01076508
0.01074553
0.01162720
0.01085234
0.01082802
0.01076007
0.01072574
0.01074886
0.01082921
0.01087499
0.01089001
0.01089406
0.01086164
0.01081014
0.01068997
0.01080990
0.01086235
0.01081252
0.01067734
0.01054335
0.01053286
0.01054406
0.01041365
0.01054025
0.01052928
0.01053739
0.01053834
0.01053452
0.01053143
0.01054382
0.01052737
0.01051259
0.01050806
0.01053333
0.01055312
0.01033401
0.01050782
0.01053524
0.00959635
0.01065707
0.01073432
0.01074791
0.01061988
0.01075292
0.01077342
0.01074195
0.01075506
0.01077557
0.01077890
0.01173353
0.01085901
0.01051021
0.01065588
0.01066613
0.01073527
0.01063037
0.01060057
0.01074123
0.01075792
0.01074100
0.01072454
0.01061416
0.01075029
0.01071453
0.01056480
0.01072979
0.01071668
0.01071358
0.01070738
0.01071930
0.01071358
0.01071858
0.01071715
0.01068664
0.01059794
0.01068234
0.01069665
0.01080060
0.01077557
0.01078343
0.01080751
0.01065731
0.01078057
0.01076674
0.01077485
0.01077914
0.01069546
0.01082850
0.01084471
0.01086259
0.01071382
0.01083541
0.01083779
0.01057506
0.01086736
0.01166511
0.01069880
0.01050925
0.01050520
0.01049662
0.01039267
0.01051092
0.01050854
0.01050282
0.01049900
0.01051331
0.01053572
0.01055360
0.01054287
0.01056314
0.01047921
0.01057220
0.01057267
0.01043820
0.01065779
0.01080394
0.01069689
0.01080251
0.01085114
0.01085258
0.01073718
0.01077819
0.01074052
0.01076055
0.01070356
0.01086497
0.01103258
0.01080918
0.01071692
0.01061893
0.01076365
0.01084065
0.01071453
0.01083994
0.01082373
0.01083541
0.01039147
0.01082897
0.01079702
0.01068234
0.01075530
0.01123834
0.01097202
0.01074529
0.01074314
0.01082850
0.01080179
0.01081967
0.01080179
0.01080346
0.01065207
0.01077294
0.01080775
0.01067257
0.01083279
0.01080680
0.01088595
0.01077700
0.01080847
0.01079106
0.01092696
0.01093197
0.01093626
