0.00739717
0.01636934
0.00988579
0.00980854
0.01009202
0.00980568
0.00977087
0.00962234
0.00974011
0.00976324
0.00976181
0.00995040
0.01047039
0.00943375
0.00961137
0.00979710
0.00980520
0.00968885
0.00981784
0.00981951
0.00981879
0.00980687
0.00980687
0.00984025
0.00956750
0.00975585
0.00977063
0.00951719
0.00978518
0.00975418
0.00975442
0.00976896
0.00974512
0.00974393
0.00973105
0.00970793
0.00974298
0.00965166
0.00973630
0.00975895
0.00978017
0.00973940
0.00972605
0.00973082
0.00972438
0.00981688
0.00974464
0.00971246
0.00956464
0.00974369
0.00973177
0.00974250
0.00972795
0.00972652
0.00970387
0.00962925
0.00971031
0.00961661
0.00974059
0.00973392
0.01076794
0.00977302
0.01020598
0.00974035
0.00973821
0.00949073
0.00973272
0.00974441
0.00939965
0.00973034
0.00973463
0.00972462
0.00971484
0.00970459
0.00971651
0.00973105
0.00973058
0.00979495
0.00974154
0.00973845
0.00973344
0.00971913
0.00972319
0.00975227
0.00971746
0.00974059
0.00972581
0.00973129
0.00959969
0.00972986
0.00972867
0.00977111
0.00972676
0.00972104
0.00957489
0.00945520
0.00933933
0.00946355
0.00947142
0.00946546
0.00945115
0.00944376
0.00944424
0.00946593
0.00944567
0.00943303
0.00930429
0.00930238
0.00945783
0.01049376
0.00931835
0.00991011
0.00943685
0.00942945
0.00951695
0.00957799
0.00931764
0.00945425
0.00957918
0.00956583
0.00957608
0.00956678
0.00957918
0.00958443
0.00957894
0.00953698
0.00953102
0.00933695
0.00954747
0.00953698
0.00947213
0.00956511
0.00952435
0.00951695
0.00955629
0.00974774
0.00975585
0.00962877
0.00974917
0.00975275
0.00974655
0.00975752
0.00975394
0.00973511
0.00971413
0.00969505
0.00969529
0.00968480
0.00972843
0.00970364
0.00975800
0.00955677
0.00962019
0.00971889
0.00967193
0.00967717
0.00980353
0.00968289
0.01056838
0.00983977
0.00968242
0.00983047
0.00980735
0.00980091
0.00978851
0.00978422
0.00973439
0.00976324
0.00974298
0.00975990
0.00975204
0.00966740
0.00962043
0.00977206
0.00976253
0.00971723
0.00973177
0.00970697
0.00970840
0.00972867
0.00972867
0.00973082
0.00973368
0.00971675
0.00971794
0.00971746
0.00974631
0.00972104
0.00971627
0.00962877
0.00972390
0.00981903
0.00961661
0.00973988
0.00972462
0.00972629
0.00972009
0.00978661
0.00973368
0.00980425
0.00970936
0.00972509
0.00971699
0.00971365
0.00972056
0.00975895
0.01044154
0.00978041
0.01019025
0.00938630
0.00971723
0.00980377
0.00949144
0.00971365
0.00944829
0.00946760
0.00945401
0.00944352
0.00918674
0.00928259
0.00946617
0.00943947
0.00945783
0.00945210
0.00943756
0.00942898
0.00943732
0.00943899
0.00943708
0.00943136
0.00918412
0.00945091
0.00944448
0.00943494
0.00947237
0.00959349
0.00958800
0.00945830
0.00958371
0.00955987
0.00958681
0.00947261
0.00956798
0.00956702
0.00952864
0.00953698
0.00953054
0.00952458
0.00953770
0.00955105
0.00953484
0.00928235
0.00954342
0.00955987
0.00922990
0.00989699
0.00986290
0.00979280
0.00981426
0.00979686
0.00981617
0.00968385
0.00980282
0.00982594
0.00976372
0.00974512
0.00975943
0.00973654
0.00974917
0.00974560
0.00974178
0.00967455
0.00958633
0.00955820
0.00974107
0.00951862
0.00982356
0.00967479
0.00980520
0.00979972
0.00980139
0.00979614
0.00960183
0.00978637
0.00980806
0.00977731
0.00975060
0.00975609
0.00975657
0.00975561
0.00972772
0.00974512
0.00964379
0.00974727
0.00975013
0.00943232
0.00969839
0.00971437
0.00972795
0.00971770
0.00973439
0.00970459
0.00873590
0.00973105
0.01044202
0.00982857
0.01019359
0.00969553
0.00972486
0.00971556
0.00972748
0.00972509
0.00960755
