0.00775814
0.01608467
0.01021147
0.00988460
0.00997281
0.00991368
0.00968790
0.00991178
0.00967240
0.00989723
0.00989866
0.00994134
0.00989485
0.00954461
0.00935030
0.00947380
0.00941515
0.00954247
0.00955582
0.00952125
0.00954962
0.00953889
0.00954628
0.00953841
0.00953102
0.01050329
0.00981092
0.00955677
0.00949407
0.00952005
0.00953603
0.00941420
0.00952125
0.00953054
0.00950336
0.00942850
0.00933957
0.00964117
0.00970650
0.00971270
0.00972390
0.00971770
0.00971842
0.00972509
0.00972414
0.00967073
0.00939059
0.00967193
0.00964713
0.00952673
0.00965405
0.00966740
0.00965190
0.00963807
0.00967073
0.00955629
0.00973868
0.00963116
0.00975060
0.00976968
0.00974178
0.00976658
0.00974607
0.00974131
0.00973773
0.00973845
0.00976539
0.00978303
0.00949025
0.00972557
0.00963807
0.00957370
0.00977039
0.00971317
0.00971031
0.01083732
0.01012015
0.00972223
0.00974011
0.00981927
0.00983500
0.00981641
0.00984645
0.00982809
0.00983548
0.00981116
0.00977135
0.00979042
0.00951648
0.00980496
0.00987720
0.00989556
0.00988555
0.00989079
0.00988841
0.00987315
0.00988436
0.00988770
0.00981784
0.00986290
0.00980234
0.00982022
0.00983548
0.00984120
0.00982594
0.00982642
0.00982952
0.00982261
0.00984287
0.00967669
0.00979686
0.00967717
0.00976038
0.00982380
0.00979805
0.00978661
0.00981092
0.00980783
0.00980186
0.00979185
0.00976372
0.00979233
0.00956082
0.00903463
0.01023746
0.00985575
0.01032209
0.00982237
0.00979853
0.00979447
0.00968099
0.00977850
0.00955772
0.00968409
0.00977111
0.00980234
0.00977111
0.00980186
0.00976324
0.00969815
0.00977659
0.00977969
0.00979376
0.00980473
0.00977015
0.00978518
0.00980234
0.00981522
0.00977206
0.00980639
0.00981426
0.00966358
0.00979328
0.00960588
0.00966287
0.00982547
0.00980449
0.00949192
0.00954461
0.00953650
0.00952697
0.00951171
0.00952864
0.00953674
0.00952172
0.00953627
0.00954032
0.00953841
0.00953221
0.00953531
0.00952244
0.00952864
0.00954700
0.00940537
0.00977516
0.00943613
0.00986958
0.00950170
0.00973511
0.00974798
0.00971317
0.00971341
0.00972342
0.00961280
0.00975060
0.00973582
0.00972366
0.00971079
0.00965190
0.00967193
0.00966644
0.00965476
0.00965452
0.00965285
0.00967431
0.00972342
0.00955725
0.00963783
0.00988841
0.00988841
0.00990081
0.00987840
0.00990701
0.00987554
0.00976396
0.00989342
0.00989032
0.00994349
0.00984263
0.00969458
0.00983357
0.00983191
0.00983620
0.00983405
0.00982523
0.00965691
0.00983334
0.00975680
0.00983357
0.00988173
0.00975108
0.00990319
0.00988865
0.00989771
0.01075101
0.01025105
0.00977540
0.00945687
0.00963974
0.00962782
0.00985622
0.00983357
0.00984073
0.00980616
0.00985885
0.00960708
0.00985503
0.00972223
0.00982141
0.00984740
0.00977659
0.00985193
0.00983858
0.00984526
0.00982857
0.00982070
0.00982928
0.00981832
0.00984001
0.00984526
0.00980806
0.00983024
0.00983858
0.00982261
0.00982809
0.00970483
0.00959849
0.00982285
0.00970340
0.00985312
0.00981259
0.00980735
0.00982952
0.00980544
0.00982833
0.00981379
0.00980258
0.00980234
0.00960326
0.00980258
0.00981188
0.00980449
0.00980830
0.01051402
0.01000619
0.00970411
0.00985479
0.00969267
0.00980854
0.00945568
0.00943112
0.00937057
0.00954986
0.00955606
0.00953293
0.00953794
0.00942278
0.00952959
0.00956655
0.00952697
0.00953174
0.00953007
0.00953507
0.00953126
0.00952268
0.00952935
0.00951886
0.00951910
0.00952721
0.00955081
0.00965810
0.00955844
0.00968981
0.00971246
0.00971413
0.00971961
0.00970149
0.00969887
0.00971580
0.00957298
0.00962949
0.00962090
0.00965357
0.00963116
0.00964546
0.00965643
0.00965667
0.00972652
0.00965190
0.00960207
0.00987077
0.00986862
0.00963807
0.01030445
0.00994444
0.01037049
0.00988626
0.00986814
0.00987959
0.00987291
0.00982380
0.00983858
0.00909257
0.00974560
0.00983214
0.00983953
0.00983000
0.00982046
0.00982976
0.00978732
0.00978875
0.00965548
0.00967193
0.00969768
0.00980306
0.00977516
0.00979352
0.00978041
0.00978184
0.00976324
0.00977874
0.00979567
0.00979090
0.00980735
0.00978136
0.00979424
0.00977349
0.00978374
0.00977373
0.00977778
0.00980711
0.00980592
0.00966740
0.00975680
0.00965214
0.00977373
0.00979519
0.00978899
0.00976396
0.00978041
0.00979257
0.00977778
0.00983953
0.01065946
0.01021481
0.00980639
0.00977254
0.00976777
0.00980520
0.00980473
0.00979900
0.00975466
0.00949359
0.00970840
0.00967121
0.00977898
0.00977993
0.00978255
0.00978518
0.00978470
0.00978184
0.00966501
0.00977802
0.00979376
0.00977850
0.00978637
0.00978804
0.00957584
0.00978494
0.00979829
0.00980806
0.00980926
0.00982118
0.00946474
0.00980282
0.00969243
0.00964928
0.00981474
0.00978827
0.00979042
0.00979853
0.00979137
0.00979376
0.00978565
0.00982261
0.00980616
0.00978827
0.00978470
0.00981426
0.00981116
0.00981236
0.00980973
0.01059794
0.01017118
0.00971627
0.00982046
0.00947523
0.00984621
0.00983191
0.00960541
0.00982761
0.00980973
0.00982666
0.00982189
0.00948024
0.00982237
0.00980186
0.00998330
0.00985146
0.00983095
0.00982022
0.00983906
0.00982833
0.00971627
0.00982618
0.00973892
0.00982523
0.00982165
0.00985408
0.00985026
0.00984955
0.00986409
0.00981069
0.00986767
0.00983381
0.00974321
0.00983286
0.00983882
0.00971460
0.00982952
0.00983691
0.00984907
0.00983381
0.00982881
0.00984216
0.00984240
0.00981998
0.00986171
0.00981116
0.00984955
0.00984168
0.01053095
0.00988507
0.00987792
0.00985026
0.00985742
0.00975847
0.00980878
0.00980973
0.00983143
0.00981617
0.00980806
0.00982404
0.00982285
0.00977921
0.00980759
0.00955749
0.00968885
0.00975251
0.00980496
0.00968027
0.00979686
0.00982332
0.00981212
0.00983334
0.00988698
0.00981379
0.00981259
0.00967550
0.00979686
0.00982118
0.00980854
0.00978112
0.00986600
0.00981641
0.00973272
0.00979114
0.00956631
0.00979567
0.00966716
0.00988770
0.00978303
0.00980496
0.00979280
0.00980520
0.00979614
0.00979185
0.00979185
0.00979161
0.00982928
0.00990725
0.00992084
0.01031184
0.00981498
0.00968599
0.00980401
0.00978303
0.00977802
0.00965428
0.00980639
0.00955653
0.00960517
0.00977945
0.00977802
0.00977659
0.00977564
0.00980783
0.00979352
0.00952339
0.00976253
0.00980330
0.00885749
0.00978923
0.00977612
0.00976229
0.00979257
0.00978327
0.00979114
0.00979567
0.00955081
0.00979590
0.00975323
0.00976801
0.00977921
0.00978923
0.00978923
0.00977516
0.00979972
0.00979710
0.00967550
0.00970435
0.00978756
0.00979567
0.00978851
0.00979376
0.00980234
0.00979304
0.00975752
0.00978136
0.00977612
0.01031923
0.00984335
0.00953579
0.00978851
0.00982046
0.00980711
0.00979304
0.00978065
0.00979733
0.00978613
0.00981092
0.00981307
0.00980234
0.00979233
0.00976825
0.00966978
0.00977182
0.00980282
0.00979567
0.00976753
0.00979066
0.00957394
0.00974369
0.00970054
0.00978494
0.00968027
0.00978279
0.00977111
0.00981283
0.00977135
0.00993538
0.00979304
0.00982690
0.00981712
0.00983024
0.00967479
0.00982118
0.00980186
0.00980544
0.00980210
0.00981355
0.00980020
0.00948453
0.00979614
0.00967145
0.00974607
0.00980473
0.00978422
0.00982308
0.00982904
0.01082873
0.01029134
0.00980806
0.00978374
0.00981212
0.00981641
0.00969386
0.00982308
0.00981045
0.00982833
0.00980544
0.00983500
0.00980830
0.00971341
0.00981760
0.00959563
0.00983047
0.00981665
0.00983405
0.00983548
0.00971317
0.00981426
0.00983310
0.00972033
0.00970340
0.00983953
0.00944924
0.00982642
0.00982213
0.00982690
0.00982189
0.00983953
0.00986695
0.00987554
0.00975037
0.00982976
0.00949693
0.00981832
0.00982332
0.00984406
0.00982213
0.00968480
0.00984216
0.00981450
0.00977612
0.00983810
0.00984144
0.00984859
0.00981593
0.01076341
0.01029205
0.00987577
0.00986767
0.00984073
0.00983286
0.00984716
0.00981665
0.00971389
0.00985599
0.00984454
0.00986385
0.00967002
0.00984383
0.00984836
0.00983930
0.00972629
0.00985217
0.00986433
0.00984240
0.00990486
0.00983143
0.00986171
0.00986433
0.00983405
0.00984931
0.00983715
0.00969768
0.00984025
0.00957441
0.00971794
0.00985694
0.00982070
0.00983119
0.00983143
0.00984168
0.00971174
0.00973392
0.00981736
0.00982666
0.00983429
0.00983047
0.00982952
0.00983191
0.00982928
0.00980997
0.00979900
0.00964808
0.00980616
0.01054430
0.01012778
0.00983524
0.00964904
0.00981474
0.00980520
0.00981879
0.00981045
0.00969362
0.00982809
0.00980854
0.00982690
0.00983429
0.00982475
0.00982356
0.00982785
0.00984025
0.00981259
0.00980544
0.00969553
0.00979924
0.00964332
0.00974941
0.00973845
0.00979781
0.00979090
0.00979280
0.00979304
0.00979805
0.00949883
0.00977612
0.00981259
0.00898671
0.00980401
0.00979233
0.00980401
0.00980473
0.00978541
0.00979400
0.00978112
0.00968409
0.00982928
0.00979376
0.00975251
0.00977468
0.00979567
0.00978613
0.00977397
0.00979185
0.00983477
0.00983763
0.01020098
0.00979424
0.00979066
0.00980473
0.00978947
0.00979447
0.00978446
0.00979018
0.00978112
0.00980735
0.00968194
0.00980854
0.00945568
0.00980973
0.00978827
0.00977588
0.00980043
0.00979567
0.00968003
0.00979710
0.00978255
0.00975037
0.00979257
0.00980234
0.00978065
0.00978684
0.00979114
0.00979924
0.00979233
0.00979161
0.00978851
0.00970340
0.00980997
0.00955367
0.00980425
0.00976181
0.00978923
0.00982046
0.00958920
0.00979114
0.00970650
0.00981236
0.00979495
0.00977111
0.00979209
0.00979233
0.00979185
0.00979304
0.01049876
0.01012063
0.00982547
0.00979209
0.00978684
0.00978088
0.00967145
0.00977492
0.00980783
0.00981212
0.00980663
0.00979018
0.00987291
0.00981092
0.00971603
0.00887442
0.00964379
0.00980306
0.00979567
0.00979495
0.00977135
0.00977850
0.00980377
0.00978136
0.00978303
0.00979304
0.00983214
0.00964522
0.00976419
0.00979328
0.00976729
0.00981426
0.00977063
0.00977969
0.00978708
0.00953650
0.00987291
0.00979161
0.00977445
0.00980759
0.00978947
0.00979424
0.00980163
0.00978565
0.00978208
0.00977945
0.00977874
0.00978684
0.00978327
0.01022243
0.00983405
0.01029587
0.00985408
0.00977802
0.00981259
0.00979733
0.00983810
0.00981283
0.00978494
0.00980878
0.00981641
0.00980210
0.00979543
0.00980353
0.00980759
0.00982642
0.00974846
0.00979590
0.00978327
0.00969386
0.00981021
0.00981498
0.00966024
0.00979829
0.00981855
0.00981331
0.00981164
0.00967789
0.00982523
0.00978875
0.00980377
0.00979257
0.00980949
0.00980401
0.00981402
0.00982904
0.00978708
0.00983143
0.00951576
0.00959444
0.00950742
0.00969124
0.00985622
0.00983047
0.00982332
0.00980568
0.00981355
0.00981593
0.00970459
0.01092601
0.01036119
0.00983191
0.00983596
0.00983238
0.00985003
0.00983500
0.00983453
0.00983405
0.00958562
0.00956059
0.00943851
0.00958967
0.00958443
0.00957537
0.00957322
0.00957251
0.00957894
0.00957990
0.00959516
0.00853610
0.00940204
0.00959396
0.00957513
0.00957561
0.00957680
0.00958300
0.00959325
0.00957465
0.00960302
0.00958347
0.00958180
0.00973964
0.00960541
0.00968933
0.00979376
0.00981379
0.00978446
0.00978708
0.00978827
0.00978351
0.00967526
0.00965428
0.00972724
0.00970817
0.00971007
0.00969672
0.00972891
0.00971889
0.00970840
0.01053047
0.01013756
0.00976372
0.00974345
0.00981688
0.00978684
0.00978851
0.00980473
0.00978303
0.00979328
0.00978661
0.00978875
0.00966692
0.00979352
0.00976968
0.00973463
0.00977468
0.00976229
0.00973892
0.00961971
0.00973105
0.00974369
0.00986409
0.00979328
0.00973725
0.00971627
0.00985336
0.00984383
0.00983930
0.00984454
0.00963521
0.00984120
0.00980210
0.00965691
0.00977683
0.00979543
0.00979996
0.00980878
0.00978446
0.00974321
0.00978136
0.00977421
0.00989223
0.00986624
0.00977015
0.00988531
0.00970817
0.00973821
0.00987840
0.01060414
0.01016402
0.00990796
0.00984526
0.00983334
0.00971770
0.00984263
0.00983167
0.00983381
0.00983524
0.00983977
0.00984168
0.00983357
0.00984502
0.00977898
0.00966549
0.00976348
0.00968266
0.00979710
0.00979590
0.00980568
0.00980735
0.00978374
0.00980663
0.00981426
0.00977874
0.00891352
0.00962162
0.00979733
0.00977683
0.00987053
0.00978875
0.00978899
0.00979829
0.00979495
0.00978231
0.00972104
0.00977373
0.00954866
0.00975966
0.00978208
0.00978398
0.00978112
0.00978684
0.00977445
0.00977707
0.00978994
0.00971389
0.00979114
0.00980711
0.01064229
0.01022434
0.01096988
0.01060581
0.00986457
0.00978112
0.00980639
0.00980496
0.00984955
0.00956392
0.00985289
0.00981688
0.00979519
0.00983787
0.00981116
0.00981975
0.00981665
0.00979543
0.00981092
0.00980210
0.00980830
0.00965405
0.00981212
0.00978088
0.00979137
0.00978827
0.00978827
0.00979567
0.00973797
0.00979590
0.00967598
0.00980759
0.00982785
0.00982022
0.00979996
0.00983119
0.00980401
0.00979018
0.00972724
0.00980616
0.00981998
0.00983477
0.00982189
0.00961566
0.00982738
0.00982904
0.00981712
0.00981569
0.00985956
0.01046991
0.01033282
0.00974870
0.00971103
0.00982237
0.00982976
0.00983930
0.00981307
0.00982761
0.00971317
0.00971508
0.00983620
0.00985599
0.00984216
0.00984859
0.00984001
0.00981855
0.00964475
0.00984764
0.00984025
0.00985074
0.00971174
0.00971198
0.00984836
0.00985837
0.00988293
0.00985074
0.00985408
0.00984216
0.00984788
0.00981212
0.00935268
0.00969195
0.00987411
0.00984764
0.00983715
0.00984001
0.00984859
0.00984263
0.00983739
0.00984311
0.00958419
0.00983310
0.00972366
0.00977063
0.00982594
0.00980759
0.00959945
0.00979829
0.01085162
0.01029277
0.00982761
0.00977278
0.00980258
0.00980663
0.00980926
0.00981045
0.00981092
0.00978041
0.00981140
0.00981951
0.00980091
0.00991845
0.00981283
0.00967884
0.00981569
0.00980353
0.00979376
0.00979733
0.00978684
0.00979376
0.00979900
0.00986457
0.00983858
0.00980759
0.00972795
0.00954342
0.00954103
0.00954890
0.00953126
0.00955629
0.00952435
0.00949979
0.00939250
0.00952888
0.00935674
0.00938225
0.00951982
0.00953436
0.00951934
0.00952911
0.00951910
0.00952530
0.00942945
0.00943351
0.00952530
0.00964594
0.00967956
0.00968575
0.01049328
0.01009941
0.00964689
0.00964975
0.00965023
0.00940847
0.00966430
0.00952315
0.00960159
0.00949645
0.00962567
0.00967526
0.00969648
0.00971437
0.00977945
0.00971651
0.00959611
0.00984097
0.00986528
0.00989175
0.00987840
0.00988078
0.00985789
0.00987244
0.00988555
0.00988793
0.00965762
0.00982714
0.00968122
0.00983715
0.00982881
0.00981426
0.00982451
0.00983143
0.00982738
0.00981450
0.00981688
0.00900459
0.00966811
0.00979495
0.00964737
0.00980115
0.00976944
0.00978780
0.00979114
0.00978541
0.00979233
0.00966382
0.00977755
0.00999832
0.00981355
0.00968909
0.00983334
0.00980020
0.00979853
0.00977731
0.00976896
0.00977898
0.00970030
0.00980139
0.00977802
0.00978875
0.00980067
0.00978422
0.00980258
0.00979733
0.00980401
0.00978827
0.00953126
0.00979686
0.00966692
0.00975752
0.00979137
0.00979686
0.00980043
0.00975084
0.00979257
0.00979948
0.00979900
0.00970507
0.00979924
0.00970602
0.00979543
0.00979543
0.00980592
0.00979567
0.00980663
0.00979948
0.00980973
0.00954723
0.00979614
0.00967193
0.00975919
0.00978756
0.00982308
0.00979805
0.00979185
0.00980878
0.00981498
0.01072383
0.01033258
0.00980377
0.00980663
0.00979733
0.00978756
0.00979781
0.00981903
0.00980496
0.00980401
0.00978541
0.00969100
0.00982904
0.00955272
0.00981927
0.00980687
0.00981426
0.00975060
0.00981998
0.00981641
0.00980711
0.00981736
0.00973058
0.00981736
0.00983405
0.00959516
0.00979304
0.00980949
0.00983763
0.00981474
0.00982141
0.00983024
0.00972438
0.00981760
0.00959873
0.00982690
0.00985193
0.00972033
0.00985026
0.00984597
0.00982714
0.00982332
0.00960732
0.00901079
0.00984502
0.00988364
0.00987267
0.00985050
0.00984311
0.01027799
0.01016879
0.00987315
0.00985837
0.00975966
0.00987220
0.00985813
0.00984788
0.00991797
0.00986958
0.00984383
0.00986004
0.00958300
0.00958776
0.00954175
0.00951076
0.00958943
0.00958395
0.00958443
0.00959468
0.00959229
0.00959730
0.00957656
0.00959301
0.00958109
0.00944972
0.00957227
0.00922322
0.00956249
0.00953984
0.00958109
0.00955176
0.00962496
0.00968957
0.00968266
0.00957727
0.00968671
0.00966907
0.00965810
0.00966907
0.00967002
0.00967336
0.00965476
0.00963378
0.00967121
0.00963736
0.00939894
0.00961876
0.00949955
0.00964093
0.01026297
0.01001716
0.00975609
0.00986981
0.00987816
0.00979686
0.00985074
0.00984430
0.00985789
0.00984740
0.00985098
0.00984240
0.00980949
0.00976801
0.00978732
0.00974798
0.00983834
0.00964594
0.00988936
0.00983453
0.00987959
0.00980425
0.00988531
0.00989008
0.00989795
0.00975752
0.00974464
0.00984597
0.00982547
0.00983953
0.00982618
0.00985813
0.00983262
0.00984216
0.00983238
0.00983691
0.00979829
0.00979304
0.00967979
0.00981998
0.00962639
0.00982022
0.00978065
0.00979972
0.00979638
0.00969410
0.00980973
0.00981855
0.00967216
0.00885034
0.01127386
0.01034021
0.00984621
0.00979400
0.00982237
0.00980663
0.00980401
0.00961494
0.00981331
0.00969481
0.00959563
0.00938439
0.00959873
0.00980687
0.00959754
0.00959182
0.00981665
0.00980210
0.00981736
0.00981116
0.00975204
0.00981450
0.00982189
0.00981140
0.00982213
0.00982046
0.00981951
0.00980067
0.00980616
