0.01357484
0.01638317
0.01216030
0.01187277
0.01180291
0.01183105
0.01167631
0.01184034
0.01185465
0.01182485
0.01182365
0.01209164
0.01210189
0.01218510
0.01191640
0.01187110
0.01206303
0.01213026
0.01317477
0.01271033
0.01204252
0.01202822
0.01208043
0.01210856
0.01207948
0.01208258
0.01208973
0.01158547
0.01194358
0.01194930
0.01193595
0.01196241
0.01169825
0.01182556
0.01201344
0.01199412
0.01191616
0.01193357
0.01195550
0.01167107
0.01180959
0.01186943
0.01180315
0.01155806
0.01177716
0.01179123
0.01185918
0.01185632
0.01195335
0.01182032
0.01160669
0.01192522
0.01190495
0.01190519
0.01191854
0.01195312
0.01197124
0.01168919
0.01169848
0.01193333
0.01297355
0.01175952
0.01186705
0.01184034
0.01178694
0.01181173
0.01180720
0.01182437
0.01182485
0.01180482
0.01186538
0.01178837
0.01177120
0.01169372
0.01183271
0.01181698
0.01165032
0.01176167
0.01175547
0.01179743
0.01184797
0.01195550
0.01197553
0.01193261
0.01185465
0.01180863
0.01162839
0.01179910
0.01169753
0.01183939
0.01173306
0.01154327
0.01171494
0.01151776
0.01165533
0.01181507
0.01181054
0.01185441
0.01179218
0.01182866
0.01193213
0.01189947
0.01188588
0.01228642
0.01181245
0.01175809
0.01192307
0.01197147
0.01165080
0.01181722
0.01188540
0.01179338
0.01158595
0.01183081
0.01155329
0.01155043
0.01141810
0.01155543
0.01156235
0.01157117
0.01143718
0.01157832
0.01156282
0.01153541
0.01154852
0.01158023
0.01156187
0.01159167
0.01157665
0.01118279
0.01164126
0.01156569
0.01152730
0.01115608
0.01154947
0.01155615
0.01162839
0.01169801
0.01153088
0.01151061
0.01142716
0.01163936
0.01169944
0.01171470
0.01171923
0.01185226
0.01160145
0.01161361
0.01189852
0.01201081
0.01205659
0.01202416
0.01192212
0.01203060
0.01167202
0.01195168
0.01200938
0.01191282
0.01158834
0.01191616
0.01203132
0.01198792
0.01187110
0.01184416
0.01187086
0.01194024
0.01203418
0.01173735
0.01162362
0.01173091
0.01172209
0.01172018
0.01172280
0.01171947
0.01160121
0.01160955
0.01173568
0.01172781
0.01149082
0.01183772
0.01171947
0.01171851
0.01146126
0.01145053
0.01168227
0.01160192
0.01171255
0.01268864
0.01224947
0.01189041
0.01107311
0.01169252
0.01158309
0.01189828
0.01196146
0.01197982
0.01193786
0.01198268
0.01194453
0.01195836
0.01184988
0.01194954
0.01165318
0.01183152
0.01191854
0.01191545
0.01165271
0.01191711
0.01186275
0.01175570
0.01175380
0.01192117
0.01198268
0.01189971
0.01191521
0.01189089
0.01188254
0.01199341
0.01192355
0.01192379
0.01193213
0.01191664
0.01194143
0.01194406
0.01191926
0.01193595
0.01193929
0.01187992
0.01195073
0.01219583
0.01170659
0.01172590
0.01176214
0.01198411
0.01194477
0.01139402
0.01188731
0.01196241
0.01211190
0.01211953
0.01206684
0.01206613
0.01198721
0.01205158
0.01203632
0.01194048
0.01209259
0.01205635
0.01204515
0.01215744
0.01224232
0.01216888
0.01223111
0.01233625
0.01225924
0.01224756
0.01218224
0.01220298
0.01219130
0.01235509
0.01234555
0.01229978
0.01204920
0.01225638
0.01228690
0.01219225
0.01219845
0.01218390
0.01193428
0.01199126
0.01280594
0.01210904
0.01202559
0.01199031
0.01196504
0.01207399
0.01193738
0.01129937
0.01175094
0.01164412
0.01167536
0.01212239
0.01186156
0.01190948
0.01190734
0.01162314
0.01176381
0.01184058
0.01205564
0.01209211
0.01203156
0.01200509
0.01198530
0.01203156
0.01198554
0.01198339
0.01196313
0.01181865
0.01162100
0.01193643
0.01201749
0.01200414
0.01167369
0.01195908
0.01206088
0.01217031
0.01221991
0.01222086
0.01218081
0.01216078
0.01221848
0.01232815
0.01268888
0.01215744
0.01208258
0.01222181
0.01218915
0.01223230
0.01218748
0.01216078
0.01179481
0.01175737
0.01167107
0.01206923
0.01182461
0.01179981
0.01161218
0.01179075
0.01159430
0.01177311
0.01178885
0.01172686
0.01156044
0.01176071
0.01175594
0.01175809
0.01180148
0.01180530
0.01178598
0.01169062
0.01179409
0.01174974
0.01187611
0.01195526
0.01190233
0.01192498
0.01189733
0.01165128
0.01170278
0.01169729
0.01193357
0.01156402
0.01187754
0.01226354
0.01213956
0.01196694
0.01193905
0.01183558
0.01209450
0.01203680
0.01203990
0.01200128
0.01201606
0.01195979
0.01162839
0.01170421
