0.00776315
0.01613498
0.01099801
0.00993848
0.00984454
0.00982785
0.00983524
0.00980020
0.00991845
0.00966644
0.00989389
0.00976229
0.00973678
0.00974560
0.00975442
0.00976348
0.00972080
0.00972414
0.00971675
0.00972414
0.00977755
0.00957584
0.00967836
0.00962639
0.00976801
0.00982904
0.00982308
0.00982809
0.00983787
0.00983596
0.00986767
0.00984550
0.00986481
0.00982380
0.01074457
0.01033211
0.00982404
0.00981426
0.00982904
0.00981259
0.00982547
0.00980353
0.00968361
0.00976419
0.00975180
0.00977492
0.00977969
0.00992322
0.00992632
0.00991726
0.00993085
0.00998974
0.00991082
0.00990272
0.00994039
0.00991535
0.00988412
0.00982571
0.00983143
0.00983119
0.00973058
0.00983286
0.00963950
0.00987673
0.00993919
0.00992322
0.00991488
0.00995135
0.00980878
0.00991869
0.00987291
0.00981665
0.00972271
0.00981236
0.00981259
0.00981379
0.00983787
0.00989819
0.00992513
0.00993633
0.00993705
0.00993729
0.00980735
0.01045370
0.01047873
0.00995493
0.00964117
0.00964880
0.00951409
0.00965405
0.00964260
0.00965095
0.00966001
0.00965238
0.00967193
0.00966430
0.00963521
0.00962448
0.00963902
0.00962305
0.00962758
0.00962377
0.00924253
0.00937700
0.00936508
0.00961256
0.00966549
0.00976515
0.00965357
0.00984168
0.00982118
0.00983238
0.00980735
0.00981927
0.00980496
0.00979781
0.00976658
0.00974154
0.00975227
0.00972652
0.00974226
0.00973701
0.00974679
0.00972676
0.00950027
0.00950098
0.00976300
0.00982928
0.00982141
0.00971389
0.00983763
0.00983214
0.00983214
0.01132727
0.00972462
0.00983381
0.00980997
0.00979733
0.00978613
0.00979352
0.00984406
0.00992441
0.00990891
0.00994325
0.00993562
0.00982356
0.00990152
0.00999713
0.00999475
0.00984597
0.00999117
0.01000142
0.01001692
0.01001334
0.01001501
0.00987148
0.00998473
0.00995016
0.00997114
0.00996470
