0.01419067
0.01629376
0.01305628
0.01261759
0.01211977
0.01212716
0.01218057
0.01226854
0.01218128
0.01214218
0.01206756
0.01218820
0.01191711
0.01183176
0.01158047
0.01174688
0.01176763
0.01182294
0.01097488
0.01189089
0.01188779
0.01187968
0.01184702
0.01187539
0.01183319
0.01184750
0.01182079
0.01179123
0.01175189
0.01181388
0.01173544
0.01175308
0.01280689
0.01181746
0.01190329
0.01188850
0.01179814
0.01181412
0.01180029
0.01184726
0.01185870
0.01188183
0.01182604
0.01180553
0.01158500
0.01175380
0.01176810
0.01176214
0.01163268
0.01188564
0.01176858
0.01194882
0.01187038
0.01183820
0.01179862
0.01192403
0.01195216
0.01196694
0.01190734
0.01173973
0.01185083
0.01174569
0.01185513
0.01185656
0.01171851
0.01172400
0.01156712
0.01171422
0.01158643
0.01159835
0.01170611
0.01173377
0.01173639
0.01179719
0.01293135
0.01191521
0.01178813
0.01159906
0.01174545
0.01180577
0.01179385
0.01173496
0.01180363
0.01190591
0.01197815
0.01200676
0.01181769
0.01181340
0.01186132
0.01188159
0.01197481
0.01187253
0.01176143
0.01186013
0.01179123
0.01188803
0.01193595
0.01197124
0.01188707
0.01201105
0.01203823
0.01211929
0.01210856
0.01188588
0.01205373
0.01196432
0.01190853
0.01214910
0.01212049
0.01201868
0.01205921
0.01209164
0.01192522
0.01216722
0.01211476
0.01248527
0.01223445
0.01189137
0.01186085
0.01186323
0.01160192
0.01171827
0.01195478
0.01190758
0.01190615
0.01189828
0.01188612
0.01188350
0.01192451
0.01189923
0.01189947
0.01188946
0.01191258
0.01187611
0.01185679
0.01184750
0.01193547
0.01194501
0.01177430
0.01193023
0.01191664
0.01194763
0.01195002
0.01185298
0.01184297
0.01183200
0.01169229
0.01160693
0.01201820
0.01196384
0.01185608
0.01184106
0.01197958
0.01226306
0.01205897
0.01169133
0.01192737
0.01262760
0.01229620
0.01199985
0.01190686
0.01194119
0.01189351
0.01190782
0.01177168
0.01191640
0.01195645
0.01199079
0.01219296
0.01226497
0.01205873
0.01206613
0.01203132
0.01177812
0.01222515
0.01219344
0.01214147
0.01207018
0.01208663
0.01199603
0.01212120
0.01202655
0.01210260
0.01182842
0.01189899
0.01188755
0.01177478
0.01190639
0.01190639
0.01189637
0.01183724
0.01191497
0.01197410
0.01161051
0.01187754
0.01186419
0.01162887
0.01187801
0.01184916
0.01287532
0.01209259
0.01184344
0.01180005
0.01178360
0.01186275
0.01187658
0.01187420
0.01187062
0.01149106
0.01183534
0.01186323
0.01187491
0.01179790
0.01179552
0.01181936
0.01186442
0.01180434
0.01183510
0.01179504
0.01177216
0.01186562
0.01186514
0.01188612
0.01188660
0.01188755
0.01157165
0.01181555
0.01195526
0.01191497
0.01172066
0.01185369
0.01186419
0.01185870
0.01181912
0.01175189
0.01182532
0.01174378
0.01162529
0.01175618
0.01177740
0.01174235
0.01288819
0.01206064
0.01159239
0.01160741
0.01174140
0.01171756
0.01176453
0.01178169
0.01173973
0.01176882
0.01169634
0.01161242
0.01176715
0.01185870
0.01186514
0.01186800
0.01186013
0.01183200
0.01181579
0.01181936
0.01157069
0.01196361
0.01182413
0.01172400
0.01180506
0.01173139
0.01171350
0.01183867
0.01182413
0.01189590
0.01184177
0.01185536
0.01195741
0.01193404
0.01198459
0.01176953
0.01170731
0.01156855
0.01184869
0.01186061
0.01117468
0.01180673
0.01323271
0.01173830
0.01189518
0.01189518
0.01166964
0.01191020
0.01190829
0.01197815
0.01201224
0.01196170
0.01191688
0.01190805
0.01201129
0.01191378
0.01194906
0.01190710
0.01194692
0.01200652
0.01191473
0.01196527
0.01189923
0.01178122
0.01175904
0.01174116
0.01176906
0.01177955
0.01180553
0.01178193
0.01179123
0.01177621
0.01169467
0.01178861
0.01179719
0.01182294
0.01179981
0.01182127
0.01179075
0.01181746
0.01180172
0.01191139
0.01207638
0.01217437
0.01275349
0.01242113
0.01216602
0.01211596
0.01206493
0.01189661
0.01193142
0.01209593
0.01219678
0.01212597
0.01200819
0.01205182
0.01219249
0.01226282
0.01190448
0.01188254
0.01188326
0.01194692
0.01187897
0.01182628
0.01179409
0.01143456
0.01174045
0.01153398
0.01176643
0.01175928
0.01176953
0.01177192
0.01170063
0.01181197
0.01176524
0.01173520
0.01156378
0.01172471
0.01183391
0.01187301
0.01185775
0.01181531
0.01179671
0.01179075
0.01179934
0.01154757
0.01207495
0.01177979
0.01153898
0.01179099
0.01185179
0.01187944
0.01188636
0.01184916
0.01170683
0.01184964
0.01182222
0.01183319
0.01187754
0.01179600
0.01182103
0.01185489
0.01191974
0.01164961
0.01183224
0.01179886
0.01170707
0.01175547
0.01179910
0.01180625
0.01181889
0.01172423
0.01184368
0.01181197
0.01195669
0.01194167
0.01190233
0.01173162
0.01188707
0.01179385
0.01166034
0.01177549
0.01189470
0.01180840
0.01188493
0.01183677
0.01175189
0.01171517
0.01285291
0.01203513
0.01179790
0.01171708
0.01175427
0.01171637
0.01176739
0.01170969
0.01172662
0.01179147
0.01160312
0.01157045
0.01175928
0.01172972
0.01173687
0.01185012
0.01187062
0.01189446
0.01175523
0.01177502
0.01186180
0.01187944
0.01183915
0.01181364
0.01184034
0.01188350
0.01196885
0.01185012
0.01151848
0.01187897
0.01175427
0.01182985
0.01188803
0.01184916
0.01190948
0.01184916
0.01182270
0.01193285
0.01193881
0.01185703
0.01189971
0.01185179
0.01268649
0.01226783
0.01179719
0.01169300
0.01171541
0.01179457
0.01143026
0.01183081
0.01189208
0.01171041
0.01183486
0.01178885
0.01179624
0.01192880
0.01196432
0.01187468
0.01185727
0.01191211
0.01195288
0.01195121
0.01192546
0.01178908
