0.00963831
0.01673388
0.01171565
0.01126695
0.01100087
0.01086831
0.01097178
0.01096392
0.01077104
0.01099491
0.01096821
0.01098728
0.01093078
0.01088119
0.01088810
0.01077461
0.01091290
0.01092529
0.01091170
0.01091099
0.01093411
0.01068902
0.01069474
0.01067805
0.01060653
0.01066875
0.01068187
0.01061654
0.01037717
0.01065016
0.01062179
0.01063204
0.01066518
0.01064086
0.01065779
0.01067710
0.01067209
0.01059842
0.01067972
0.01085711
0.01114535
0.01081848
0.01082540
0.01084423
0.01081181
0.01082158
0.01080370
0.01073050
0.01083374
0.01065350
0.01073003
0.01067996
0.01081109
0.01076865
0.01075530
0.01073122
0.01072693
0.01071215
0.01070523
0.01070094
0.01073074
0.01078892
0.01080227
0.01079965
0.01083207
0.01086664
0.01070809
0.01085353
0.01096368
0.01097107
0.01088881
0.01088572
0.01077175
0.01078916
0.01080799
0.01080155
0.01067877
0.01053715
0.01061225
0.01085782
0.01092124
0.01091456
0.01090598
0.01092172
0.01094747
0.01111317
0.01130795
0.01092100
0.01087022
0.01082778
0.01085877
0.01091838
0.01093245
0.01092267
0.01096773
0.01078916
0.01091242
0.01084805
0.01057410
0.01052213
0.01059771
0.01057220
0.01056933
0.01057005
0.01059151
0.01039648
0.01059747
0.01058865
0.01058817
0.01058269
0.01057720
0.01060867
0.01060820
0.01059031
0.01059818
0.01051664
0.01073933
0.01083922
0.01089239
0.01088524
0.01093817
0.01093149
0.01082873
0.01084232
0.01077151
0.01064920
0.01077032
0.01074648
0.01076913
0.01066136
0.01078343
0.01162100
0.01108980
0.01074648
0.01060939
0.01083755
0.01079726
0.01079988
0.01085663
0.01082802
0.01086283
0.01083231
0.01087928
0.01087666
0.01059675
0.01092148
0.01094198
0.01094985
0.01083469
0.01082325
0.01083088
0.01080227
0.01081800
0.01081395
0.01088214
0.01090574
0.01094913
0.01094818
0.01093221
0.01093006
0.01101947
0.01099157
0.01097012
0.01073408
0.01098132
0.01092243
0.01097441
0.01094890
0.01095152
0.01093483
0.01095986
0.01095414
0.01094484
0.01068783
0.01028967
0.01055264
0.01069117
0.01087070
0.01099229
0.01068234
0.01065350
0.01065803
0.01064038
0.01041603
0.01063728
0.01063108
0.01064944
0.01063704
0.01067996
0.01065946
0.01067019
0.01065040
0.01062179
0.01082206
0.01082325
0.01096296
0.01093864
0.01094866
0.01085472
0.01086068
0.01080561
0.01082253
0.01056528
0.01070094
0.01083088
0.01083755
0.01088190
0.01086760
0.01073813
0.01092052
0.01084518
0.01084161
0.01076484
0.01087856
0.01090240
0.01097822
0.01102352
0.01099300
0.01100373
0.01098967
0.01107049
0.01105213
0.01098275
0.01116514
0.01147270
0.01095152
0.01096773
0.01098228
0.01099253
0.01103568
0.01107645
0.01083064
0.01104808
0.01105523
0.01108813
0.01107144
0.01104426
0.01103258
0.01106477
0.01101947
0.01104498
0.01106739
0.01107001
0.01110792
0.01107359
0.01106524
0.01106763
0.01079965
0.01077676
0.01072550
0.01062417
0.01079726
0.01077509
0.01000738
0.01056004
0.01070189
0.01071882
0.01068425
0.01066947
0.01067781
0.01062250
0.01066756
0.01069260
0.01067948
0.01073241
0.01069951
0.01071906
0.01085091
0.01161337
0.01093578
0.01065850
0.01080537
0.01079512
0.01080680
0.01080108
0.01071715
0.01086164
0.01084733
0.01088524
0.01059151
0.01085925
0.01083231
0.01080155
0.01081467
0.01082063
0.01076961
0.01084137
0.01090717
0.01075077
0.01098704
0.01106119
0.01103997
0.01104665
0.01105642
0.01099253
0.01099467
0.01101160
0.01097560
0.01092529
0.01074266
0.01088357
0.01112032
0.01107311
0.01103902
0.01104951
0.01064110
0.01061702
0.01071811
0.01060176
0.01073933
0.01071668
0.01072574
0.01076031
0.01072383
0.01191163
0.01098514
0.01070023
0.01068425
0.01046300
0.01069021
0.01069355
0.01069570
0.01069474
0.01082850
0.01093268
0.01096582
0.01101494
0.01100993
0.01102877
0.01093245
0.01093912
0.01094651
0.01091099
0.01090217
0.01090574
0.01095390
0.01097536
0.01093936
0.01085043
0.01095557
0.01091886
0.01097822
0.01109982
0.01119590
0.01122785
0.01116896
0.01101351
0.01112437
0.01109743
0.01111841
0.01079082
0.01111174
0.01110959
0.01107478
0.01105428
0.01104999
0.01090646
0.01103950
0.01103473
0.01170015
0.01084328
0.01076221
0.01072550
0.01071262
0.01072264
0.01071143
0.01060176
0.01075649
0.01074576
0.01072669
0.01074862
0.01075268
0.01074076
0.01073980
0.01074147
0.01049471
