0.00742769
0.01616645
0.00975180
0.01037455
0.01018167
0.00946784
0.00952435
0.00943089
0.00951219
0.00939965
0.00950933
0.00926614
0.00937486
0.00950861
0.00950742
0.00950646
0.00949383
0.00950432
0.00940442
0.00950170
0.00951195
0.01000571
0.00973701
0.00952888
0.00953531
0.00957608
0.00969887
0.00971222
0.00973916
0.00975394
0.00972033
0.00971913
0.00952840
0.00964069
0.00975394
0.00968957
0.00970149
0.00971127
0.00971460
0.00971341
0.00969768
0.00966811
0.00961256
0.00928140
0.00971293
0.00913239
0.00970149
0.00973129
0.00959420
0.00972986
0.00973225
0.00975847
0.00972867
0.00973988
0.00959277
0.00971627
0.00974178
0.00971603
0.00968480
0.00970125
0.00968719
0.00967693
0.00960588
0.00958252
0.00956440
0.00968456
0.00973415
0.00978589
0.00980759
0.00979710
0.00975919
0.01086307
0.01025438
0.00971818
0.00973248
0.00939369
0.00978756
0.00982499
0.00982451
0.00982642
0.00980711
0.00981355
0.00981617
0.00967383
0.00982141
0.00981283
0.00983834
0.00987172
0.00984001
0.00985909
0.00987267
0.00987482
0.00986505
0.00985575
0.00988960
0.00943041
0.00981832
0.00983667
0.00980949
0.00980091
0.00981998
0.00980258
0.00980186
0.00968289
0.00980949
0.00980639
0.00974441
0.00975847
0.00976324
0.00969815
0.00976896
0.00978422
0.00977015
0.00977802
0.00974965
0.00979018
0.00959682
0.00961232
0.00976968
0.00979114
0.01045465
0.00986624
0.00982833
0.00979137
0.00965905
0.00978923
0.00977039
0.00966668
0.00978279
0.00967479
0.00977516
0.00980616
0.00979877
0.00977778
0.00977421
0.00978160
0.00979376
0.00969768
0.00979590
0.00977445
0.00978732
0.00977707
0.00977039
0.00975633
0.00978279
0.00977516
0.00979137
0.00954318
0.00977731
0.00915456
0.00959516
0.00976968
0.00977755
0.00976801
0.00980902
0.00977707
0.00979209
0.00977588
0.00956964
0.00977921
0.00976992
0.00979853
0.00978208
0.00978065
0.00966072
0.00976372
0.00976753
0.00978589
0.00966382
0.00980616
0.01043892
0.01024127
0.00979304
0.00982118
0.00977230
0.00978494
0.00980735
0.00976801
0.00977015
0.00978971
0.00977182
0.00978780
0.00974655
0.00976467
0.00982618
0.00979543
0.00978923
0.00977087
0.00977302
0.00949717
0.00977349
0.00975394
0.00977492
0.00976086
0.00976038
0.00977063
0.00976992
0.00976944
0.00973821
0.00977778
0.00976729
0.00977707
0.00979209
0.00975204
0.00974107
0.00973272
0.00975680
0.00977993
0.00975776
0.00976801
0.00938201
0.00977373
0.00974894
0.00974131
0.00978208
0.00975132
0.00976467
0.00973654
0.00975776
0.01052713
0.01002383
0.00955200
0.00962806
0.00974107
0.00974512
0.00972581
0.00974965
0.00960946
0.00972605
0.00976467
0.00951505
0.00959778
0.00972176
0.00971627
0.00973892
0.00972939
0.00971866
0.00974131
0.00973082
0.00973535
0.00975227
0.00971913
0.00958276
0.00973415
0.00974059
0.00959373
0.00972676
0.00975132
0.00972795
0.00973630
0.00973678
0.00975847
0.00963497
0.00975943
0.00892663
0.00979519
0.00976753
0.00976944
0.00974226
0.00975871
0.00976419
0.00975156
0.00978208
0.00964737
0.00975299
0.00977349
0.00973868
0.00976634
0.00977421
0.01058173
0.01023293
0.00975919
0.00978088
0.00983620
0.00976849
0.00976157
0.00976706
0.00978017
0.00974751
0.00976348
0.00980067
0.00979900
0.00977349
0.00961542
0.00976753
0.00975537
0.00977850
0.00975990
0.00976682
0.00976181
0.00976586
0.00964904
0.00976968
0.00976515
0.00973701
0.00977421
0.00977898
0.00978518
0.00978899
0.00977302
0.00982761
0.00976491
0.00977421
0.00979829
0.00952744
0.00976825
0.00977063
0.00978112
0.00976944
0.00976205
0.00975180
0.00976610
0.00982714
0.00979590
0.00981021
0.00975108
0.00979209
0.00977063
0.01048231
0.01007843
0.00980067
0.00978875
0.00979972
0.00966287
0.00979853
0.00965953
0.00963092
0.00965905
0.00978661
0.00977778
0.00976205
0.00977850
0.00979424
0.00978565
0.00978017
0.00914288
0.00928545
0.00978994
0.00977492
0.00977850
0.00977206
0.00980520
0.00977087
0.00979352
0.00978184
0.00977898
0.00966358
0.00970984
0.00978088
0.00977349
0.00977111
0.00977850
0.00964117
0.00979090
0.00975537
0.00977898
0.00977230
0.00972939
0.00977850
0.00976253
0.00977874
0.00979161
0.00975990
0.00978088
0.00978303
0.00976872
0.00977898
0.00955319
0.01000953
0.01026392
0.00976038
0.00976181
0.00962496
0.00977278
0.00978303
0.00975847
0.00978613
0.00977063
0.00975442
0.00978017
0.00979018
0.00977588
0.00977921
0.00978565
0.00978780
0.00979519
0.00976133
0.00981593
0.00957274
0.00976706
0.00977826
0.00976443
0.00979209
0.00965095
0.00978637
0.00979090
0.00975871
0.00979018
0.00955844
0.00977159
0.00976443
0.00980759
0.00977874
0.00977755
0.00979018
0.00977588
0.00977993
0.00983095
0.00976062
0.00945759
0.00978923
0.00976682
0.00977278
0.00978422
0.00976491
0.00975800
0.00974512
0.01077771
0.01025248
0.00956726
0.00976491
0.00976133
0.00977206
0.00978327
0.00978184
0.00977945
0.00979257
0.00989318
0.00979495
0.00979972
0.00957394
0.00979328
0.00978661
0.00978899
0.00977612
0.00978446
0.00964737
0.00976801
0.00977755
0.00978756
0.00888848
0.00976515
0.00976658
0.00977063
0.00974941
0.00976372
0.00977373
0.00976038
0.00976562
0.00975347
0.00974607
0.00962687
0.00975537
0.00966620
0.00975823
0.00976729
0.00975204
0.00976515
0.00976539
0.00975704
0.00976467
0.00979805
0.00977206
0.00976634
0.00977087
0.00977111
0.01018906
0.00980353
0.01013565
0.00977921
0.00978351
0.00978231
0.00951433
0.00976586
0.00969529
0.00977063
0.00978208
0.00976539
0.00977516
0.00973797
0.00979924
0.00975776
0.00984287
0.00978374
0.00975466
0.00975513
0.00976062
0.00975585
0.00975060
0.00976562
0.00975895
0.00976133
0.00969720
0.00957847
0.00975156
0.00974607
0.00977063
0.00977635
0.00976419
0.00977612
0.00977421
0.00976396
0.00974584
0.00980687
0.00978446
0.00973392
0.00974441
0.00975966
0.00970101
0.00972986
0.00975847
0.00973916
0.00977731
0.00938749
0.00976586
0.00977969
0.01055861
0.01019073
0.00977254
0.00979185
0.00978279
0.00977564
0.00974035
0.00971913
0.00973773
0.00973392
0.00974369
0.00974917
0.00972342
0.00976324
0.00974751
0.00974178
0.00963688
0.00973725
0.00915074
0.00973201
0.00974226
0.00974083
0.00977445
0.00975299
0.00978804
0.00977659
0.00977778
0.00977778
0.00957441
0.00944471
0.00974536
0.00977254
0.00976562
0.00965261
0.00976300
0.00975919
0.00978446
0.00976896
0.00976920
0.00952506
0.00973821
0.00976515
0.00975347
0.00977278
0.00977206
0.00976849
0.00978065
0.00976992
0.00978708
0.01015234
0.00979853
0.01098943
0.00976133
0.00977254
0.00979638
0.00975823
0.00977421
0.00977731
0.00977826
0.00976968
0.00956511
0.00977683
0.00981712
0.00977898
0.00978017
0.00977182
0.00978327
0.00981021
0.00978446
0.00979686
0.00978613
0.00977468
0.00978875
0.00977659
0.00978184
0.00977302
0.00978637
0.00978494
0.00976562
0.00968456
0.00979757
0.00957799
0.00974774
0.00978637
0.00977778
0.00977588
0.00978303
0.00979519
0.00977278
0.00979805
0.00981998
0.00954437
0.00979066
0.00979686
0.00979376
0.00980854
0.00978899
0.00978398
0.00983691
0.01059484
0.01025414
0.00981116
0.00981665
0.00981045
0.00980306
0.00977349
0.00978780
0.00980091
0.00978112
0.00977802
0.00978494
0.00977516
0.00980377
0.00978684
0.00976419
0.00975943
0.00976276
0.00975871
0.00975800
0.00964785
0.00977874
0.00979090
0.00979567
0.00972748
0.00972128
0.00975680
0.00979066
0.00978875
0.00978827
0.00967026
0.00978494
0.00980568
0.01001239
0.00893378
0.00967026
0.00978565
0.00980210
0.00976610
0.00977659
0.00980139
0.00977874
0.00978875
0.00975418
0.00977802
0.00973749
0.00978804
0.00979948
0.00978827
0.01071715
0.01022553
0.00977659
0.00978470
0.00976348
0.00976944
0.00984335
0.00975060
0.00977230
0.00975585
0.00977659
0.00976276
0.00977039
0.00976849
0.00975561
0.00975204
0.00937223
0.00959349
0.00976133
0.00975323
0.00976157
0.00975966
0.00975251
0.00976133
0.00976729
0.00977731
0.00976729
0.00975633
0.00979352
0.00978684
0.00976968
0.00978184
0.00978565
0.00980663
0.00978756
0.00977874
0.00978112
0.00947809
0.00979424
0.00979018
0.00978923
0.00979424
0.00978780
0.00992799
0.01000404
0.00980186
0.00980139
0.00981021
0.00977802
0.01047349
0.00997567
0.00979495
0.00966692
0.00978327
0.00978637
0.00977492
0.00977612
0.00977564
0.00946021
0.00978923
0.00981569
0.00979018
0.00980234
0.00976110
0.00978041
0.00979209
0.00978875
0.00976110
0.00952673
0.00978374
0.00976586
0.00978780
0.00979590
0.00978184
0.00976777
0.00977755
0.00979328
0.00978255
0.00979805
0.00942898
0.00979018
0.00976205
0.00979161
0.00975585
0.00976849
0.00971532
0.00977015
0.00978661
0.00976968
0.00909138
0.00958681
0.00979376
0.00979352
0.00976729
0.00976562
0.00977397
0.00975800
0.00978112
0.00977421
0.01065350
0.01010966
0.00976586
0.00976396
0.00976801
0.00976586
0.00978565
0.00974655
0.00979686
0.00978780
0.00975013
0.00970793
0.00975895
0.00975156
0.00976777
0.00976324
0.00977516
0.00978589
0.00976872
0.00974464
0.00977302
0.00977230
0.00959086
0.00976205
0.00977111
0.00980091
0.00976682
0.00977993
0.00978065
0.00977969
0.00976396
0.00975776
0.00971508
0.00976562
0.00978875
0.00976396
0.00976086
0.00976562
0.00975299
0.00979376
0.00976443
0.00980377
0.00959659
0.00984406
0.00976110
0.00978804
0.00978684
0.00975537
0.00974798
0.01042819
0.01013660
0.00978351
0.00978851
0.00977087
0.00965691
0.00978160
0.00977516
0.00978327
0.00976896
0.00977039
0.00978112
0.00977683
0.00979948
0.00958586
0.00980997
0.00977397
0.00977588
0.00979137
0.00977540
0.00975704
0.00977492
0.00975084
0.00978303
0.00977993
0.00972176
0.00979447
0.00975966
0.00976157
0.00976491
0.00977635
0.00976801
0.00975776
0.00974512
0.00976825
0.00942779
0.00965929
0.00975180
0.00976467
0.00978231
0.00983715
0.00979495
0.00979352
0.00978184
0.00978017
0.00966144
0.00954914
0.00977516
0.00979877
0.01019478
0.00983214
0.01026487
0.00979114
0.00978494
0.00980139
0.00979447
0.00969434
0.00978017
0.00979018
0.00979519
0.00979781
0.00971651
0.00979280
0.00978875
0.00979733
0.00977206
0.00955439
0.00979519
0.00978923
0.00979257
0.00978708
0.00978327
0.00979400
0.00977683
0.00981021
0.00979710
0.00978374
0.00972128
0.00980234
0.00979614
0.00979114
0.00980020
0.00978708
0.00978875
0.00976253
0.00975990
0.00966883
0.00964642
0.00977921
0.00979590
0.00978780
0.00974822
0.00978684
0.00974631
0.00978208
0.00979495
0.00977588
0.00976586
0.00966907
0.01123857
0.01022983
0.00977468
0.00977206
0.00977159
0.00977421
0.00977135
0.00967836
0.00977421
0.00982189
0.00976324
0.00979757
0.00975633
0.00978398
0.00977898
0.00977349
0.00977397
0.00974464
0.00976515
0.00949287
0.00974369
0.00974798
0.00965500
0.00977635
0.00977254
0.00978494
0.00978231
0.00977921
0.00978231
0.00978827
0.00968957
0.00978875
0.00976205
0.00979447
0.00979018
0.00978851
0.00978899
0.00978041
0.00978971
0.00979161
0.00958800
0.00969934
0.00956202
0.00977969
0.00980139
0.00980186
0.00979280
0.00971556
0.00971413
0.01045203
0.01000857
0.00921822
0.00979781
0.00978923
0.00978136
0.00978446
0.00980616
0.00979877
0.00977874
0.00978279
0.00977492
0.00930452
0.00965834
0.00974965
0.00979924
0.00978708
0.00977731
0.00981426
0.00978160
0.00977039
0.00977111
0.00976992
0.00977230
0.00976467
0.00979924
0.00974941
0.00975657
0.00977755
0.00976586
0.00976825
0.00974894
0.00975633
0.00943995
0.00977349
0.00974560
0.00973058
0.00974751
0.00976658
0.00977302
0.00976181
0.00976038
0.00973439
0.00973916
0.00974870
0.00974727
0.00974107
0.00975251
0.00976229
0.00977111
0.01110649
0.01094770
0.00977540
0.00976872
0.00955963
0.00975537
0.00975919
0.00976896
0.00977015
0.00965214
0.00974727
0.00974679
0.00975394
0.00977731
0.00968695
0.00975657
0.00978112
0.00976300
0.00975156
0.00978255
0.00976992
0.00978398
0.00976944
0.00978088
0.00977874
0.00978827
0.00974989
0.00979972
0.00978518
0.00974703
0.00977921
0.00977302
0.00976443
0.00916076
0.00962615
0.00962687
0.00975990
0.00976896
0.00976205
0.00976562
0.00978422
0.00976706
0.00975156
0.00978279
0.00978208
0.00964427
0.00959420
0.00976825
0.00978899
0.01063108
0.01011395
0.00978279
0.00980186
0.00975847
0.00974202
0.00975919
0.00952005
0.00976849
0.00977397
0.00975537
0.00977159
0.00971818
0.00973344
0.00971985
0.00973153
0.00973630
0.00973988
0.00964880
0.00973582
0.00973940
0.00964189
0.00977159
0.00978565
0.00975895
0.00977898
0.00981069
0.00978231
0.00984335
0.00974679
0.00977302
0.00977349
0.00978494
0.00978279
0.00977540
0.00976205
0.00964451
0.00977731
0.00980330
0.00966668
0.00980186
0.00978041
0.00969911
0.00980473
0.00982594
0.00979590
0.00980353
0.00969934
0.00978327
0.01010513
0.00983834
0.00981593
0.00981450
0.00979352
0.00980687
0.00980854
0.00968361
0.00978899
0.00980973
0.00979996
0.00961876
0.00978899
0.00981808
0.00979710
0.00978589
0.00979614
0.00978422
0.00979328
0.00977230
0.00976086
0.00961018
0.00976253
0.00975013
0.00973558
0.00975943
0.00976086
0.00974202
0.00976920
0.00977945
0.00975847
0.00939298
0.00973010
0.00975251
0.00976729
0.00975490
0.00975370
0.00976515
0.00975800
0.00976706
0.00943947
0.00974607
0.00966978
0.00976419
0.00975299
0.00974369
0.00973415
0.00976038
0.00976181
0.00978684
0.01056218
0.01022744
0.00958991
0.00963950
0.00959134
0.00979328
0.00977087
0.00977111
0.00978160
0.00981331
0.00977683
0.00978541
0.00977159
0.00976443
0.00980425
0.00976682
0.00980616
0.00977612
0.00980234
0.00983047
0.00977826
0.00976896
0.00976229
0.00946736
0.00983405
0.00977468
0.00978541
0.00977826
0.00981045
0.00979900
0.00979233
0.00979853
0.00978065
0.00978494
0.00978708
0.00980377
0.00978827
0.00978589
0.00964618
0.00976467
0.00981832
0.00977731
0.00976467
0.00978708
0.00943565
0.00979686
0.00979638
0.00977445
0.00977778
0.01043868
0.01006436
0.00977302
0.00978255
0.00971413
0.00976205
0.00976658
0.00978422
0.00978541
0.00982881
0.00977540
0.00978065
0.00979114
0.00976896
0.00978422
0.00977993
0.00957847
0.00978351
0.00979328
0.00981069
0.00979304
0.00977135
0.00978756
0.00978351
0.00976801
0.00977230
0.00971222
0.00976348
0.00976872
0.00976276
0.00965381
0.00975299
0.00976658
0.00975132
0.00974107
0.00967288
0.00963855
0.00965261
0.00974560
0.00977159
0.00974822
0.00975466
0.00974059
0.00977874
0.00975394
0.00939059
0.00958705
0.00970793
0.00965762
0.01013875
0.00981569
0.01021171
0.00978184
0.00978184
0.00977826
0.00977445
0.00979590
0.01017094
0.01011992
0.00992155
0.00990868
0.00987029
0.00981379
0.00977564
0.00969052
0.00978255
0.00980186
0.00978756
0.00968170
0.00977969
0.00972390
0.00978327
0.00977373
0.00977397
0.00978160
0.00979996
0.00978541
0.00978327
0.00973320
0.00965357
0.00978255
0.00978303
0.00979757
0.00978279
0.00977969
0.00976038
0.00977588
0.00978804
0.00979233
0.00980616
0.00977492
0.00976467
0.00977302
0.00977778
0.00976014
0.00976777
0.00975800
0.00977230
0.00979304
0.01021934
0.01018548
0.00978994
0.00976896
0.00977945
0.00976944
0.00975657
0.00974607
0.00975013
0.00984526
0.00974441
0.00975275
0.00972700
0.00972128
0.00974202
0.00976181
0.00977635
0.00970531
0.00975704
0.00975704
0.00974131
0.00955105
0.00970364
0.00977015
0.00975299
0.00974178
0.00974727
0.00977397
0.00976276
0.00975680
0.00971079
0.00975084
0.00967598
0.00973272
0.00974131
0.00977707
0.00977039
0.00958085
0.00973916
