0.01443481
0.01621532
0.01363754
0.01318073
0.01257992
0.01256657
0.01255655
0.01294422
0.01255774
0.01273012
0.01258135
0.01270056
0.01271844
0.01241422
0.01241064
0.01238894
0.01242065
0.01243377
0.01259899
0.01240325
0.01242828
0.01239705
0.01251340
0.01254153
0.01242304
0.01225090
0.01227713
0.01250648
0.01253176
0.01242352
0.01242113
0.01249146
0.01259589
0.01254249
0.01250529
0.01247883
0.01256347
0.01247907
0.01245308
0.01251936
0.01255417
0.01249146
0.01252460
0.01257896
0.01265168
0.01260638
0.01248002
0.01383305
0.01402426
0.01280999
0.01264071
0.01239491
0.01264596
0.01283741
0.01290941
0.01274776
0.01268005
0.01278114
0.01274920
0.01255727
0.01268816
0.01241684
0.01231909
0.01245522
0.01245022
0.01252508
0.01254153
0.01244330
0.01239896
0.01254129
0.01256704
0.01246905
0.01245522
0.01245713
0.01258564
0.01258922
0.01255870
0.01248288
0.01255846
0.01257205
0.01258588
0.01263285
0.01260042
0.01256919
0.01230359
0.01268101
0.01311874
0.01290679
0.01265335
0.01261377
0.01245379
0.01227045
0.01259542
0.01264119
0.01275849
0.01274133
0.01271200
0.01270604
0.01267123
0.01265049
0.01259470
0.01260328
0.01279616
0.01279211
0.01265597
0.01263905
0.01258826
0.01265621
0.01245475
0.01249027
0.01254272
0.01246881
0.01252460
0.01248932
0.01256394
0.01254344
0.01244164
0.01210546
0.01256561
0.01254249
0.01241899
0.01243091
0.01251411
0.01251149
0.01243091
0.01238275
0.01390696
0.01312995
0.01261401
0.01270771
0.01280475
0.01272798
0.01262617
0.01266646
0.01263118
0.01268244
0.01258230
0.01275277
0.01281142
0.01277995
0.01256561
0.01263690
0.01254487
0.01243711
0.01249719
0.01247716
0.01245952
0.01244664
0.01242471
0.01252913
0.01225495
0.01243472
0.01241779
0.01250219
0.01249170
0.01242423
0.01245642
0.01254463
0.01260400
0.01227975
0.01258421
0.01274490
0.01274133
0.01263571
0.01257253
0.01315475
0.01299357
0.01242876
0.01254630
0.01266718
0.01267862
0.01245165
0.01255417
0.01262832
0.01241827
0.01240206
0.01252365
0.01274657
0.01270938
0.01258349
0.01263380
0.01270556
0.01266289
0.01226091
0.01248193
0.01279712
0.01274490
0.01249051
0.01263642
0.01276636
0.01258373
0.01249909
0.01233101
0.01259303
0.01253033
0.01242471
0.01247621
0.01252317
0.01256037
0.01246023
0.01224828
0.01255965
0.01256132
0.01246905
0.01248145
0.01363158
0.01313376
0.01249146
0.01239967
0.01248288
0.01260781
0.01251602
0.01257658
0.01264405
0.01259375
0.01252961
0.01231027
0.01260400
0.01260519
0.01252627
0.01258492
0.01266956
0.01260567
0.01255918
0.01254702
0.01257777
0.01252151
0.01256347
0.01258254
0.01264071
0.01254416
0.01253867
0.01259065
0.01246238
0.01267719
0.01265526
0.01256466
0.01254272
0.01254606
0.01268005
0.01268101
0.01256967
0.01264977
0.01268482
0.01305509
0.01312089
0.01267815
0.01274133
0.01271009
0.01232910
0.01274014
0.01263857
0.01269364
0.01272464
0.01272702
0.01261020
0.01170921
0.01246214
0.01242590
0.01244307
0.01243043
0.01252151
0.01243758
0.01242614
0.01243329
0.01246309
0.01235938
0.01237297
0.01228738
0.01242328
0.01243258
0.01237082
0.01239967
0.01261497
0.01261926
0.01261568
0.01249695
0.01254606
0.01259542
0.01254869
0.01256204
0.01258612
0.01261663
0.01251674
0.01376343
0.01316071
0.01262474
0.01250815
0.01244760
0.01243138
0.01253629
0.01249933
0.01247573
0.01244926
0.01255131
0.01250935
0.01243711
0.01251864
0.01251674
0.01219797
0.01246738
0.01251578
0.01254535
0.01263452
0.01258063
0.01267600
0.01279998
0.01273465
0.01275516
0.01264501
0.01263714
0.01269245
0.01279736
0.01262784
0.01261044
0.01264691
0.01264524
0.01269269
0.01267529
0.01262689
0.01253200
0.01232243
0.01245880
0.01296377
0.01189375
0.01244450
0.01254082
0.01250124
0.01262760
0.01261568
0.01253104
0.01250768
0.01228070
0.01245809
0.01256323
0.01255989
0.01258755
0.01261020
0.01272225
0.01265597
0.01272225
0.01278496
0.01272416
0.01264048
0.01262736
0.01263142
0.01269627
0.01264524
0.01274657
0.01255560
0.01269364
0.01271486
0.01261902
0.01242208
