400.000,48.000,87.000,319.000
393.096,50.323,88.668,315.636
383.471,54.964,90.342,310.904
351.343,67.613,90.567,306.501
318.552,73.114,91.166,302.094
267.870,83.543,90.494,297.769
236.560,88.080,90.012,298.997
205.820,98.124,89.428,302.154
180.147,115.646,90.288,304.615
174.936,128.857,90.117,308.699
178.777,134.855,89.758,309.207
185.704,137.639,88.647,311.882
194.373,139.742,88.172,312.825
205.097,134.844,88.232,315.603
239.091,127.964,88.352,320.651
272.434,121.681,89.404,324.250
301.452,113.984,90.307,325.957
311.697,105.065,91.888,326.025
343.815,100.288,92.262,323.754
356.271,96.290,93.810,326.346
387.574,93.131,94.147,327.978
394.130,88.283,95.943,332.334
398.660,84.630,97.625,334.713
398.832,86.330,99.028,335.465
397.241,84.328,98.855,335.362
394.200,82.123,99.938,336.172
391.485,81.887,100.810,335.192
389.327,85.268,102.118,334.766
385.718,87.442,103.093,336.183
381.013,97.674,103.934,338.469
376.906,106.067,104.789,342.541
374.242,117.376,105.988,342.246
366.421,115.195,105.230,344.779
359.315,104.286,105.790,350.607
366.388,99.351,107.517,354.566
398.059,101.669,107.994,355.375
405.447,105.658,113.256,354.405
466.244,106.357,113.157,354.512
505.768,114.607,116.197,363.889
504.000,111.339,116.288,368.112
476.578,118.860,117.503,365.623
445.191,116.340,116.295,361.370
416.675,109.498,114.845,359.339
410.335,101.875,112.283,361.965
399.448,105.019,112.134,368.646
388.055,121.302,111.826,371.676
374.160,131.522,110.874,365.232
363.835,137.336,110.554,360.830
365.353,136.684,109.708,357.375
370.897,136.288,108.693,354.835
377.619,138.673,110.011,350.816
411.910,139.133,111.758,347.354
450.039,134.049,112.154,346.397
459.973,132.709,112.238,350.152
463.951,117.724,110.208,358.287
463.642,90.139,108.980,364.082
463.713,62.413,107.961,365.431
434.635,55.200,107.263,359.049
399.545,56.855,107.453,350.513
376.438,61.268,106.971,345.750
372.099,68.281,107.121,350.014
371.512,80.764,105.614,347.450
351.430,87.609,104.834,341.588
345.025,94.153,103.904,335.467
341.707,94.948,103.667,333.715
339.048,99.370,101.586,330.803
310.841,91.953,98.731,330.456
278.524,89.689,97.515,330.452
246.240,84.018,97.368,326.533
249.874,74.073,96.785,328.460
277.507,61.054,99.001,329.976
283.258,54.408,101.288,328.021
281.489,62.225,101.201,323.564
278.966,70.171,101.350,317.444
285.603,76.743,101.352,315.495
289.363,81.888,102.883,313.623
282.060,90.661,102.952,308.448
258.739,94.488,103.214,306.173
260.901,93.483,104.182,304.418
266.378,93.923,103.561,302.245
270.172,98.128,103.287,302.291
272.990,92.662,102.215,304.517
270.153,85.924,103.547,305.391
270.171,74.792,103.065,303.009
244.856,74.156,103.417,301.646
237.532,83.518,104.183,299.626
235.539,81.592,104.785,299.001
237.232,71.437,105.558,298.389
228.411,67.686,107.170,294.987
227.510,80.107,104.946,296.401
234.314,95.163,101.102,294.403
288.395,106.576,97.974,292.852
291.600,109.402,97.107,289.875
269.897,113.719,95.225,288.423
245.433,121.564,94.579,289.144
222.775,129.466,93.850,289.761
219.591,145.230,92.009,287.376
216.306,155.411,89.408,289.170
221.934,163.415,86.853,285.163
270.147,163.127,86.412,284.543
294.335,143.980,85.891,282.349
315.923,133.113,86.520,279.728
321.706,114.731,86.573,284.084
323.743,89.194,84.987,286.525
301.277,69.346,85.308,281.943
257.945,50.401,85.647,278.785
214.344,49.862,85.388,274.633
168.611,59.346,83.510,273.683
162.029,65.432,82.953,271.828
187.041,68.435,82.675,271.215
233.764,80.362,81.213,271.299
245.088,93.594,81.507,271.733
251.204,96.093,82.249,270.644
258.832,97.727,82.032,270.045
267.535,98.532,82.807,270.334
250.671,107.885,81.358,271.895
228.428,112.816,81.371,270.800
231.622,115.680,80.215,271.581
295.415,117.423,80.466,268.345
319.222,124.550,82.017,269.000
317.022,124.664,82.618,269.487
318.332,125.867,83.321,268.988
326.508,120.797,84.454,269.149
331.158,122.064,84.369,270.517
307.475,124.314,83.209,267.998
286.156,118.490,84.433,269.832
307.007,121.607,83.439,267.743
332.010,132.093,84.234,270.181
331.767,131.530,83.342,271.717
309.851,134.320,83.432,273.146
306.527,137.691,82.275,274.310
285.773,137.181,81.481,273.599
260.300,143.761,80.318,273.070
233.370,151.474,80.362,274.810
206.833,151.627,79.696,274.209
183.724,150.751,79.473,276.654
185.986,148.346,80.727,276.993
211.695,143.691,81.193,273.282
239.655,138.957,80.934,270.083
268.844,135.955,80.624,269.367
297.037,131.594,80.661,266.641
325.375,125.571,81.180,266.655
333.372,114.487,82.541,272.894
334.056,105.560,81.258,273.522
294.265,96.449,80.904,274.161
252.184,90.224,81.175,274.037
208.936,83.106,81.307,271.195
183.617,82.096,80.432,268.033
160.818,87.989,80.376,269.037
163.584,96.473,79.896,267.742
172.572,106.229,79.184,267.382
199.550,115.589,78.146,267.625
223.879,119.042,77.887,264.666
248.505,120.869,78.208,263.569
255.688,119.856,78.757,264.652
257.526,120.618,78.948,265.463
254.819,121.007,80.042,267.272
254.072,121.909,81.164,267.119
262.130,124.603,81.359,266.112
308.629,123.001,81.622,262.966
332.490,111.309,84.352,261.154
339.567,104.806,89.338,258.510
347.192,100.331,91.306,258.420
346.806,98.461,90.689,256.813
324.593,97.563,88.429,256.165
285.244,97.394,86.677,256.118
245.163,97.927,85.183,256.320
215.513,100.514,86.632,252.839
211.227,105.633,86.712,254.593
218.982,112.173,88.613,256.084
219.540,120.864,89.746,257.653
218.085,126.181,90.140,258.165
220.195,130.127,90.866,257.636
216.152,133.231,90.125,255.460
194.545,131.728,87.746,255.862
168.232,127.697,87.475,254.349
164.571,126.300,88.362,256.676
172.320,126.654,88.961,260.228
202.616,126.016,88.114,258.135
229.238,119.775,87.775,258.136
238.777,121.233,87.794,258.776
245.905,122.305,87.960,259.152
257.252,120.049,88.128,259.289
266.909,117.581,87.542,259.692
262.757,122.360,85.046,257.782
236.090,124.872,84.405,257.252
230.399,133.372,82.977,259.026
226.766,145.669,82.912,257.692
252.251,148.562,81.818,253.499
283.738,151.342,83.449,248.949
305.955,153.843,83.231,247.723
311.842,147.039,82.657,248.370
323.365,137.903,82.709,248.862
323.334,131.888,81.277,244.918
264.770,122.996,80.323,240.879
223.401,114.619,79.767,238.160
200.861,120.470,79.072,237.937
195.901,130.842,77.191,244.638
200.041,145.662,76.180,244.502
240.561,149.772,76.077,240.443
283.295,153.129,75.346,242.119
292.035,159.081,75.577,244.463
315.026,158.417,75.763,241.827
343.283,161.992,75.599,241.624
352.441,165.895,75.043,242.181
351.185,167.628,75.262,239.666
332.366,167.298,75.148,237.574
310.178,166.416,74.870,236.240
274.999,162.756,75.213,236.204
253.017,154.266,75.629,235.713
250.159,145.801,75.151,236.578
289.496,136.295,73.253,233.926
329.914,132.233,72.867,233.409
369.193,135.167,73.697,233.619
406.427,137.695,73.543,233.510
445.580,139.220,73.054,233.356
470.216,142.744,72.302,238.916
476.306,140.138,70.889,243.357
478.838,132.374,69.816,247.145
462.568,126.705,70.740,245.389
426.239,120.707,71.714,241.722
388.718,119.246,73.424,238.355
332.629,124.305,74.102,236.174
294.511,129.544,74.363,235.521
272.910,133.903,74.396,237.903
249.939,141.097,75.466,241.145
245.879,149.595,76.169,243.325
265.863,155.430,76.590,243.390
290.084,158.176,76.930,244.479
312.923,153.670,77.709,246.293
312.791,146.664,77.883,249.264
293.549,142.438,78.795,251.450
270.420,134.923,79.784,250.974
228.970,129.470,81.221,249.233
167.400,124.751,81.649,246.754
121.624,127.321,81.576,248.192
95.809,128.478,82.680,251.168
92.254,126.490,84.086,255.485
95.777,124.480,84.040,256.523
124.240,121.130,83.692,259.214
154.354,121.239,83.967,259.485
182.086,117.863,83.482,258.958
210.857,115.076,83.108,258.786
240.935,114.763,83.798,257.338
267.392,112.321,84.532,257.300
277.565,108.668,85.185,260.046
284.331,107.063,85.678,259.776
280.434,102.134,84.982,260.735
241.546,96.960,84.268,260.516
219.162,92.386,83.575,260.733
195.238,91.739,82.691,260.868
166.345,92.654,82.185,262.238
155.836,96.464,81.259,263.232
157.815,102.787,80.694,262.657
182.734,108.907,80.049,261.140
211.826,116.166,80.755,259.681
241.473,125.401,81.038,258.925
265.834,136.209,80.417,260.306
269.286,141.996,79.714,260.122
276.413,144.069,80.361,263.989
271.331,146.150,80.410,263.783
246.691,142.165,81.354,264.408
226.949,139.200,82.895,267.480
230.721,137.733,83.543,267.830
258.435,129.994,82.931,270.680
267.767,123.486,84.013,271.979
248.798,120.137,84.043,269.697
238.571,120.120,83.542,269.920
237.060,117.491,84.240,272.138
231.706,116.333,83.621,271.284
185.465,115.946,82.878,267.935
135.477,117.996,82.848,265.853
112.057,121.062,85.195,265.618
103.625,125.226,85.467,264.659
80.044,131.101,86.270,263.699
82.434,136.242,86.258,264.320
108.951,136.181,83.608,268.151
137.649,129.092,82.316,274.111
169.529,127.419,81.974,277.318
190.858,117.940,82.037,281.166
199.056,101.908,81.340,290.335
205.517,92.304,79.973,297.691
202.766,85.619,80.337,293.839
157.029,88.005,79.878,294.523
134.007,86.312,79.593,296.195
137.155,92.184,79.115,299.617
142.813,104.250,80.482,300.053
188.624,108.333,82.645,300.098
217.695,112.193,85.699,300.377
240.546,112.691,86.336,300.420
242.081,121.171,86.896,298.846
266.275,123.906,86.947,301.153
269.066,124.557,87.507,305.743
245.939,126.955,86.970,309.221
247.770,131.780,87.828,313.635
297.769,132.008,87.943,318.551
322.640,123.109,88.693,323.132
323.415,114.207,88.752,328.146
325.877,106.472,89.757,332.379
327.743,101.984,91.252,331.189
301.616,90.827,92.824,328.206
246.409,84.375,95.174,321.663
189.932,94.809,95.043,320.405
159.460,103.061,93.500,323.377
131.924,117.925,93.259,327.757
104.009,129.453,92.765,329.098
100.557,139.482,92.001,328.493
99.717,145.030,91.548,329.080
124.689,148.262,93.151,325.313
154.382,149.922,94.895,324.520
182.951,144.283,96.241,324.017
211.237,138.012,96.771,323.227
238.473,137.258,96.171,321.259
242.730,133.579,95.201,322.605
245.920,119.064,94.493,322.658
239.223,112.057,93.573,316.803
208.847,109.836,92.322,313.488
181.600,107.360,91.447,311.167
176.472,110.554,90.437,308.887
178.344,111.433,89.565,309.268
205.449,117.373,88.923,306.631
234.537,124.984,88.685,302.863
261.785,124.279,88.251,302.718
287.182,124.565,88.519,302.908
290.288,123.021,88.491,301.464
291.447,120.598,88.096,299.562
293.761,114.109,87.605,298.346
296.847,107.888,86.721,295.221
296.955,108.071,86.558,293.742
299.007,104.989,87.527,292.754
324.390,96.681,91.402,290.424
351.358,92.624,89.366,288.406
345.212,99.089,86.822,282.931
337.292,98.576,84.287,281.785
