139.000,112.000,51.000,36.000
138.910,113.847,50.918,36.032
139.818,115.397,51.212,36.216
139.507,116.885,51.122,36.350
139.165,117.701,51.102,36.411
139.221,119.235,51.407,36.510
138.970,119.955,51.602,36.537
138.387,120.065,51.661,36.474
138.418,120.065,51.973,36.382
138.140,119.635,51.993,36.301
137.897,120.148,52.059,36.406
138.464,119.566,52.187,36.334
136.792,119.966,52.025,36.291
136.994,119.032,51.872,36.215
136.307,119.326,51.756,36.156
136.484,119.324,51.878,36.109
136.539,118.692,51.935,36.046
135.755,117.521,51.710,36.020
136.170,117.277,51.887,36.033
136.329,117.086,51.762,35.821
136.149,116.585,51.489,35.756
135.977,116.085,51.551,35.674
136.094,114.951,51.509,35.723
136.390,114.384,51.521,35.736
136.748,114.181,51.707,35.775
136.951,112.859,51.625,35.816
137.461,113.006,51.548,35.859
137.373,112.908,51.327,35.789
138.113,111.315,51.322,35.985
138.819,110.990,51.361,35.957
138.960,110.917,51.278,35.922
139.274,109.618,51.167,36.165
140.643,109.434,51.308,36.291
140.259,109.356,51.583,36.293
140.966,108.858,51.686,36.417
140.989,109.216,51.967,36.587
142.798,108.860,52.028,36.643
144.305,108.277,52.233,36.594
146.644,106.546,52.247,36.676
147.869,106.498,52.453,36.570
150.477,106.506,52.733,36.557
153.298,106.922,53.341,36.463
155.256,107.011,53.770,36.568
157.801,107.152,54.288,36.749
160.629,108.023,54.886,37.064
161.959,109.071,55.270,37.492
164.320,110.113,55.643,37.863
165.679,110.519,55.855,38.081
167.521,109.995,55.922,38.271
169.528,108.712,56.161,38.521
171.324,107.183,56.355,38.680
173.092,104.493,56.427,38.878
175.967,103.010,56.902,38.928
177.329,102.462,57.104,38.978
178.111,100.423,57.324,39.116
178.749,100.124,57.630,39.240
178.468,98.202,57.796,39.122
179.958,97.398,57.960,39.218
180.836,96.699,58.175,39.257
181.426,96.975,58.598,39.424
181.027,97.462,59.119,39.475
181.408,98.342,59.526,39.658
182.247,98.499,59.822,39.747
182.893,99.470,60.095,39.987
183.613,99.469,60.215,40.248
182.461,99.507,60.301,40.308
181.833,99.732,60.484,40.375
181.690,100.747,60.580,40.505
182.921,100.823,60.617,40.642
182.838,100.453,60.519,40.664
182.573,100.152,60.401,40.627
182.387,100.395,60.558,40.674
181.624,100.359,60.472,40.525
181.756,100.266,60.462,40.517
181.125,100.399,60.387,40.448
179.727,100.522,60.357,40.400
179.542,100.624,60.167,40.401
178.398,100.724,60.013,40.329
178.456,100.549,59.679,40.291
177.132,100.748,59.641,40.251
177.088,100.462,59.286,40.416
176.065,99.487,58.882,40.323
175.271,99.661,58.574,40.331
174.598,99.302,58.299,40.270
173.526,99.377,57.903,40.265
172.805,98.780,57.508,40.272
171.454,98.705,57.406,40.229
171.178,97.920,57.515,40.140
169.791,97.718,57.841,39.874
168.372,97.077,58.062,39.701
167.565,97.891,58.537,39.652
166.507,98.801,58.917,39.712
165.568,99.003,59.294,39.681
164.856,99.781,59.506,39.697
164.445,99.985,59.723,39.803
164.523,100.088,59.606,40.006
164.683,100.655,59.328,40.196
165.267,101.195,59.039,40.541
165.100,102.272,58.613,40.784
166.007,101.685,58.213,41.083
165.909,102.151,57.858,41.258
166.115,101.716,57.550,41.430
165.668,100.992,57.381,41.290
164.765,100.050,57.314,41.194
163.689,99.818,57.475,40.830
162.111,100.051,57.952,40.668
161.004,100.947,58.551,40.630
159.824,100.996,58.918,40.509
159.347,101.411,59.501,40.560
158.803,101.482,59.651,40.573
159.281,101.688,59.577,40.675
159.811,101.772,59.319,40.806
159.749,101.985,58.790,40.835
160.072,102.777,58.630,40.915
160.099,102.262,58.251,41.013
158.844,101.959,57.901,40.961
159.609,100.496,57.853,41.018
159.622,99.638,57.721,40.843
159.845,99.577,57.746,40.814
159.037,99.001,57.650,40.624
159.721,98.057,57.566,40.586
159.395,97.484,57.715,40.486
158.952,96.833,57.812,40.327
159.338,95.748,57.781,40.229
158.653,94.314,57.884,40.148
158.640,92.780,57.947,39.931
158.151,91.773,57.991,39.804
158.950,90.130,57.170,40.477
159.028,89.078,56.483,41.101
159.637,87.375,56.177,41.430
159.630,86.732,56.048,41.708
159.963,85.101,55.945,41.920
161.224,84.461,55.922,42.066
161.394,83.679,55.841,42.293
161.748,83.336,55.817,42.320
162.307,82.075,55.730,42.350
162.888,80.972,55.541,42.487
163.633,80.298,55.566,42.729
164.482,79.206,55.498,42.975
165.328,78.418,55.436,43.210
165.836,77.621,55.464,43.532
166.294,76.906,55.566,43.758
166.623,76.323,55.695,43.839
166.874,75.610,55.829,43.816
167.498,75.740,56.025,43.806
167.303,75.389,56.098,43.845
167.081,74.671,56.199,43.811
167.484,74.568,56.483,43.745
167.469,74.222,56.530,44.081
167.555,73.768,56.490,44.239
167.463,74.106,56.694,44.267
167.162,73.946,56.760,44.349
166.370,73.584,56.776,44.366
166.248,72.998,56.702,44.149
167.164,72.247,56.486,44.025
167.306,72.517,56.429,43.728
167.211,72.524,56.454,43.564
168.320,72.655,56.360,43.511
168.431,72.589,56.022,43.440
169.485,72.370,55.768,43.528
169.625,72.678,55.715,43.297
169.380,72.426,55.536,43.192
169.133,72.178,55.364,43.082
169.220,72.464,55.318,42.964
169.562,72.316,55.172,43.001
169.842,72.416,55.011,43.034
170.108,72.528,54.878,43.041
170.040,71.896,54.837,42.975
170.298,72.015,54.717,42.969
170.091,72.452,54.857,43.020
170.347,72.573,54.743,43.010
170.020,73.284,54.926,43.270
169.945,74.693,55.328,43.500
169.520,74.865,55.545,43.616
168.875,74.682,55.780,43.609
168.820,75.153,55.893,43.750
168.419,75.597,56.035,44.240
168.212,75.906,56.138,44.695
167.406,76.007,56.231,45.296
167.569,76.630,56.370,45.846
167.430,76.401,56.448,46.034
167.383,76.956,56.820,46.626
167.195,77.205,57.293,47.243
167.136,77.467,57.718,47.989
167.157,78.157,58.507,48.561
166.816,79.733,58.937,49.082
165.991,80.573,59.445,49.618
165.215,82.166,59.989,49.905
164.820,84.030,60.521,49.748
163.869,85.347,60.833,49.761
164.616,86.547,61.089,49.749
164.188,88.148,61.298,49.879
164.340,89.478,61.389,49.586
163.825,91.674,61.493,49.260
163.546,93.019,61.262,48.961
164.062,93.754,61.137,48.815
164.188,94.768,60.889,48.630
164.487,94.641,60.904,48.705
164.686,96.319,60.932,48.432
164.077,96.943,60.712,48.438
164.985,97.677,60.706,48.562
164.363,98.640,60.788,48.541
164.741,99.865,60.813,48.462
164.302,99.998,60.695,48.617
164.703,101.367,60.795,48.736
163.905,102.895,60.978,48.854
164.688,104.132,61.105,49.099
164.532,104.446,61.176,49.240
164.717,104.600,61.250,49.377
165.317,106.031,61.059,49.757
164.812,106.274,61.125,49.937
164.939,107.336,60.973,50.104
164.960,108.579,60.907,50.319
165.024,110.198,61.024,50.512
164.274,111.419,61.235,50.662
165.025,112.753,61.296,50.879
164.356,113.110,61.331,51.025
164.152,114.205,61.376,51.516
164.483,116.209,61.354,52.079
164.107,117.100,61.459,52.661
163.810,118.302,61.484,53.217
164.147,119.073,61.616,53.786
164.548,119.710,61.755,54.375
164.236,119.779,61.762,54.992
163.904,120.132,61.759,55.435
163.930,120.584,61.837,55.883
163.178,120.715,61.870,56.173
162.892,121.138,61.908,56.451
163.453,121.262,61.767,56.849
163.581,121.037,61.774,57.310
163.183,121.891,61.828,57.347
162.677,121.958,61.885,57.443
162.752,121.624,61.911,57.841
163.046,121.903,61.849,58.257
163.216,121.631,61.824,58.642
163.471,121.819,61.788,58.808
162.893,121.524,61.842,58.756
163.197,122.064,61.832,59.044
162.880,121.338,61.885,59.128
163.151,121.620,61.970,59.256
163.379,120.588,62.231,59.027
163.599,119.375,62.309,58.697
163.489,118.444,62.047,58.528
163.014,116.899,61.773,57.974
163.767,115.732,61.501,57.116
163.495,113.990,61.076,56.282
163.585,111.359,60.623,55.378
163.749,110.064,60.221,54.339
164.405,108.725,59.830,53.633
164.711,107.496,59.369,52.919
165.413,106.954,59.004,52.175
165.669,105.724,58.751,51.631
165.400,105.632,58.569,51.178
165.893,105.591,58.422,50.861
165.802,104.878,58.147,50.597
166.062,105.003,58.108,50.267
165.255,104.006,57.835,49.979
164.788,104.432,57.741,49.748
164.862,103.147,57.501,49.647
163.637,103.001,57.130,49.690
163.110,103.069,56.834,49.890
163.503,101.455,56.387,50.346
163.599,100.911,56.091,50.512
164.142,99.433,55.776,50.939
163.734,98.350,55.572,51.265
165.217,97.908,55.465,51.660
165.645,96.158,55.415,52.005
166.056,95.139,55.506,52.247
166.693,94.285,55.656,52.552
167.416,93.574,55.404,52.840
167.849,92.388,55.024,53.040
169.325,90.874,54.825,53.232
169.383,90.748,54.906,53.497
170.512,90.208,54.906,53.357
171.537,89.793,54.907,53.395
172.007,89.381,55.047,53.465
172.123,88.961,55.121,53.458
172.619,89.356,55.080,53.437
172.849,88.358,55.126,53.684
174.521,88.408,55.125,53.799
175.104,88.550,55.153,54.014
175.315,88.264,55.246,54.231
175.515,87.944,55.373,54.311
176.043,87.675,55.413,54.562
175.822,88.747,55.726,54.440
175.789,88.546,55.815,54.631
175.627,88.128,55.961,54.758
175.187,87.611,56.157,55.036
175.154,87.417,56.244,55.365
175.593,86.927,56.120,55.441
175.345,86.858,56.275,55.486
175.235,87.222,56.431,55.436
175.080,87.752,56.624,55.370
174.989,87.602,56.668,55.562
174.676,88.059,56.757,55.410
173.976,88.771,56.926,55.457
174.318,88.750,56.714,55.314
173.793,89.210,56.853,55.470
173.542,89.461,56.894,55.475
172.977,89.764,56.948,55.396
173.064,90.005,56.839,55.557
173.077,89.919,56.879,55.559
172.199,89.808,56.889,55.816
172.361,89.931,56.831,55.531
172.186,89.216,56.847,55.516
171.792,88.893,56.974,55.546
172.346,89.016,56.965,55.524
172.051,88.378,56.880,55.543
172.266,88.544,56.910,55.373
171.870,88.193,56.959,55.396
172.247,87.055,57.046,55.299
171.585,86.915,57.241,55.179
171.912,86.691,56.986,54.964
171.811,86.416,56.938,55.001
171.374,86.271,56.973,55.047
171.650,86.327,57.019,55.298
171.405,86.750,57.113,54.892
171.453,86.510,57.160,54.901
170.436,86.369,57.264,54.852
170.707,86.464,57.422,55.016
171.560,85.732,57.582,54.949
171.931,85.425,57.723,54.954
172.332,85.079,57.848,55.473
172.613,83.642,57.903,55.718
172.674,82.955,58.266,56.081
173.015,82.239,58.518,56.251
173.406,81.331,58.789,56.158
173.903,80.216,58.768,56.557
173.905,79.419,59.050,56.866
174.314,78.862,59.052,57.183
174.465,78.522,59.374,57.677
174.158,77.867,59.496,58.076
174.185,78.104,59.794,58.387
174.145,77.382,60.080,58.869
174.580,77.011,60.186,59.467
174.563,76.304,60.391,60.049
175.214,76.070,60.563,60.835
175.971,75.586,60.692,61.494
176.121,75.353,60.893,61.899
175.672,74.932,61.434,62.232
175.496,74.008,61.831,62.711
175.488,74.354,62.218,62.785
175.164,73.826,62.324,63.133
175.327,74.665,62.588,63.305
174.455,74.232,62.818,63.540
174.082,73.954,63.004,63.850
174.069,75.200,63.179,63.628
173.603,75.291,63.377,63.263
173.355,74.622,63.630,63.707
173.366,75.626,63.925,63.999
172.578,75.806,64.134,63.914
173.217,76.635,64.271,63.879
173.260,76.665,64.346,63.613
172.955,77.266,64.490,63.225
172.504,77.810,64.501,62.998
172.893,77.562,64.481,63.072
173.328,77.486,64.538,63.184
173.097,78.074,64.781,62.784
174.057,77.814,64.738,62.996
174.080,78.052,64.911,62.602
174.309,76.754,64.748,63.150
175.063,76.414,64.894,63.250
174.968,75.117,64.780,63.791
175.171,75.027,65.096,63.885
175.884,75.026,65.163,64.233
176.495,74.768,65.050,64.716
176.082,73.672,64.952,64.983
176.240,74.704,64.937,64.897
177.056,74.326,65.119,64.868
177.264,73.775,64.917,65.236
177.720,74.289,64.798,65.291
178.431,73.663,64.636,65.361
178.628,74.068,64.619,65.325
178.879,73.377,64.569,65.263
178.774,72.498,64.549,65.272
178.848,72.737,64.703,65.142
179.091,73.308,64.870,64.953
179.753,73.849,64.794,64.848
180.264,73.494,64.790,65.059
180.944,73.087,64.789,65.260
181.350,73.607,64.881,65.289
181.238,73.903,64.822,65.574
181.686,73.613,64.844,65.563
181.453,73.822,64.850,65.506
182.165,73.732,64.882,65.606
182.284,74.033,65.049,65.354
182.459,74.072,65.120,65.485
182.026,74.295,65.162,65.514
182.431,74.102,65.286,65.533
182.469,74.566,65.309,65.614
182.594,75.348,65.299,65.667
182.789,76.053,65.453,65.260
182.861,75.054,65.391,65.500
182.536,74.596,65.512,65.542
183.158,75.331,65.542,65.770
183.938,74.966,65.576,65.686
183.875,74.683,65.638,66.099
183.225,75.272,65.841,65.651
183.213,74.297,65.878,66.018
183.617,74.534,65.823,66.242
182.905,75.055,66.147,65.808
183.290,75.254,66.238,65.671
183.650,75.363,66.323,65.754
183.327,76.119,66.400,65.548
183.462,75.525,66.264,65.613
183.220,76.337,66.385,65.514
184.233,75.295,66.039,65.897
183.943,76.278,66.297,65.580
183.951,76.015,66.220,65.472
183.878,75.818,66.202,65.456
183.760,75.523,66.216,65.371
184.080,74.591,66.205,65.900
183.664,75.017,66.133,66.155
184.333,74.428,66.192,66.451
184.079,74.918,66.402,66.084
183.731,75.373,66.443,66.434
183.870,75.181,66.484,66.195
183.746,75.735,66.615,65.893
183.690,75.700,66.450,66.076
184.326,75.099,66.402,66.381
183.528,74.609,66.494,66.267
183.814,74.705,66.671,66.086
184.156,74.880,66.787,65.886
183.560,74.053,66.709,65.853
183.739,74.492,66.848,65.814
184.033,74.953,66.925,65.770
184.549,74.360,66.799,65.771
184.285,74.323,66.796,65.779
184.029,74.386,66.789,65.795
184.484,75.049,66.912,65.764
184.493,74.314,66.868,65.868
184.704,74.690,66.906,65.954
185.013,74.179,66.901,66.294
185.515,74.320,66.874,66.783
185.829,75.503,67.134,66.455
186.363,76.333,67.183,66.193
186.645,75.462,67.226,66.460
186.212,75.491,67.309,66.153
185.542,75.175,67.209,66.032
184.904,75.420,66.960,65.959
184.680,74.247,66.833,66.044
183.973,74.176,66.694,65.947
183.411,74.122,66.560,65.824
182.768,73.268,66.240,66.411
181.822,73.523,65.989,66.578
181.075,73.214,65.737,66.638
181.176,73.682,65.616,67.062
180.356,73.466,65.307,67.271
179.740,74.077,65.241,67.144
179.425,74.335,65.137,67.302
179.099,75.030,65.124,67.354
178.697,75.709,65.015,67.168
177.682,74.868,65.145,67.113
177.307,75.555,64.891,66.904
177.026,74.796,64.582,67.023
176.665,74.716,64.663,67.204
176.666,76.140,64.711,66.746
175.916,75.921,64.905,66.608
175.661,76.602,65.076,66.303
175.576,77.248,65.144,65.989
175.869,77.456,64.941,65.763
175.439,78.151,65.348,65.227
174.970,78.452,65.615,64.951
175.170,78.529,65.688,64.806
174.931,78.764,65.780,64.717
175.364,77.962,65.829,64.625
175.311,78.378,65.735,64.530
176.113,78.089,65.576,64.604
176.712,79.718,65.100,64.334
177.013,80.189,64.910,63.909
176.910,79.697,64.878,63.511
177.983,79.851,64.728,63.837
177.826,80.233,64.651,63.746
179.104,80.424,64.376,63.657
179.445,81.109,64.525,63.235
180.160,82.099,64.730,62.619
180.591,82.443,64.553,62.345
181.644,83.466,64.708,61.627
182.168,83.323,64.736,61.140
182.456,83.315,64.423,61.078
183.030,83.306,64.309,60.945
183.623,84.316,64.506,60.526
184.634,84.306,64.637,60.107
185.477,84.730,64.571,59.986
186.582,84.776,64.563,59.747
187.531,84.643,64.514,59.515
188.035,84.999,64.567,59.223
189.069,85.078,64.579,58.807
189.884,85.083,64.704,58.639
190.671,84.962,64.920,58.597
190.994,84.751,65.226,58.484
192.127,84.858,65.381,58.750
192.784,85.129,65.458,58.545
193.594,85.458,65.400,58.264
194.831,85.370,65.264,57.925
195.928,85.882,65.187,57.458
196.428,86.679,65.095,57.014
196.807,86.919,65.162,56.568
197.009,87.308,64.946,56.059
197.219,87.883,64.591,55.571
197.257,88.329,64.288,55.292
197.548,88.347,64.000,55.165
196.604,88.508,63.715,54.925
196.216,88.282,63.584,54.937
194.896,87.866,63.364,55.057
193.719,88.001,63.137,54.937
192.150,87.523,63.046,54.889
190.682,86.964,63.051,55.098
189.224,86.420,63.050,55.241
188.238,85.127,63.084,55.789
187.127,83.322,63.027,56.512
185.578,83.272,62.780,56.802
184.496,82.164,62.790,57.143
184.126,80.986,62.711,58.147
183.007,79.780,62.787,58.977
181.966,78.510,62.905,59.904
181.756,77.129,62.916,61.199
181.464,75.588,63.044,62.264
181.530,75.384,63.186,62.721
180.947,74.882,63.343,63.427
180.723,73.593,63.268,64.267
180.849,73.488,63.294,64.646
180.413,74.707,63.452,64.649
179.467,74.209,63.731,64.770
179.329,73.407,63.744,65.218
178.243,72.960,63.937,65.294
178.088,72.256,63.919,65.561
177.158,71.843,63.882,65.410
176.830,70.802,63.895,65.274
176.145,71.559,63.849,64.856
175.466,71.283,63.839,63.905
175.469,70.454,63.646,62.925
176.000,70.039,63.020,62.438
175.720,70.252,62.321,61.695
175.878,69.999,61.587,61.106
176.516,70.301,61.235,60.558
176.483,70.591,60.956,60.183
176.644,69.617,60.942,59.737
176.524,70.451,60.570,59.593
176.625,70.516,60.502,59.427
177.778,69.556,60.352,59.249
177.553,70.350,60.298,58.789
178.332,70.140,59.951,58.262
178.267,69.961,59.839,57.710
178.150,69.977,59.718,57.147
177.906,69.503,59.707,56.604
178.623,70.111,59.567,56.170
178.843,70.281,59.386,55.949
178.575,69.740,59.248,55.623
179.021,70.012,59.102,55.662
178.844,70.779,59.095,55.743
178.652,70.947,59.210,56.004
178.853,72.080,59.377,56.162
178.606,71.594,59.590,56.862
178.271,71.555,60.039,57.740
178.479,73.530,60.153,58.357
177.456,73.074,61.038,59.090
177.616,74.273,61.687,59.797
176.909,74.347,62.314,60.529
176.504,74.696,62.578,61.421
175.843,76.838,63.054,61.934
175.950,77.755,63.452,62.837
175.314,80.395,64.118,62.515
174.724,83.363,64.464,62.045
174.098,87.566,64.737,61.105
173.499,92.328,65.133,59.544
172.761,94.963,65.329,57.990
171.831,97.407,65.601,56.750
171.245,99.202,65.723,55.707
171.083,101.185,65.773,55.006
171.003,104.031,65.505,54.796
170.250,106.024,65.333,54.645
170.313,108.739,64.989,54.647
169.980,111.023,64.596,54.570
169.539,113.248,64.375,54.421
169.203,116.274,64.147,54.330
168.571,118.036,64.057,54.389
167.978,118.795,64.090,54.632
167.051,120.089,64.152,55.044
165.538,120.695,64.295,55.259
164.874,121.567,64.297,55.460
164.205,121.989,64.482,55.930
163.929,121.143,64.351,55.991
163.049,120.596,64.301,55.838
162.156,119.868,64.213,55.442
162.149,119.309,64.002,54.966
160.452,119.252,64.041,54.527
160.430,118.641,63.779,54.151
159.640,117.495,63.567,53.780
158.780,117.072,63.704,53.506
158.524,116.879,63.755,53.204
158.600,115.943,63.824,53.030
157.724,115.163,63.595,52.947
158.030,114.084,63.397,52.816
158.716,115.849,63.437,52.697
159.877,117.398,63.572,52.618
159.760,117.931,63.659,52.706
159.923,116.757,63.459,52.815
159.505,114.326,62.880,52.743
158.752,111.318,62.334,52.734
156.236,107.785,61.933,52.497
153.256,106.999,62.116,52.294
151.436,107.020,62.182,52.308
149.178,108.179,62.612,52.361
148.947,109.759,63.140,52.459
148.854,111.011,63.413,52.589
149.217,111.987,63.847,52.830
150.608,112.484,64.060,52.879
151.959,113.327,64.281,52.817
153.121,114.094,64.438,52.807
153.780,113.778,64.103,53.316
154.274,112.563,63.942,53.529
153.958,110.246,63.329,53.421
153.187,108.174,62.835,53.368
152.453,105.219,62.877,53.380
152.096,103.824,62.980,53.153
150.472,102.924,63.195,53.061
150.075,102.265,63.230,53.050
149.792,101.735,63.259,52.974
149.036,100.613,63.427,53.086
147.896,99.988,63.595,52.986
147.327,100.475,63.603,53.074
146.809,100.193,63.441,53.143
147.342,101.014,63.398,53.320
147.003,99.530,62.883,53.449
146.094,98.566,62.735,53.411
146.118,96.941,62.845,53.604
144.463,95.364,62.973,53.452
143.977,93.034,63.291,53.722
142.396,92.743,64.346,53.881
142.899,92.656,65.238,54.265
143.137,92.265,65.805,54.563
144.242,92.251,66.089,55.162
144.512,93.815,66.500,55.376
144.065,94.411,66.578,55.790
144.216,93.698,66.374,56.112
143.358,93.275,66.397,56.260
143.329,91.582,66.204,56.473
142.137,91.096,66.318,56.373
140.822,88.766,66.228,56.071
139.151,88.079,66.326,55.479
138.743,88.041,66.476,55.243
139.572,88.417,66.817,55.319
139.529,88.637,67.276,55.264
139.445,90.013,67.721,55.356
140.670,91.807,68.005,55.672
140.105,94.644,68.255,56.442
139.308,94.975,68.116,56.720
140.961,95.003,67.688,56.806
141.024,94.433,67.349,56.980
140.752,94.736,67.038,57.195
139.541,94.865,66.832,57.364
139.230,93.404,66.591,56.996
138.419,92.496,66.643,56.819
137.061,91.610,66.839,56.432
136.933,90.747,66.972,55.934
137.153,92.143,67.876,56.150
138.282,92.514,68.205,56.248
139.346,93.223,68.699,56.562
142.243,93.988,68.964,56.804
143.058,95.217,69.011,57.095
144.378,95.294,69.020,57.428
144.342,95.119,68.977,57.570
142.983,96.302,68.933,57.595
142.318,95.238,68.366,57.449
139.953,93.770,68.237,57.039
138.335,93.168,68.545,56.732
136.879,93.842,68.808,56.485
134.038,95.196,69.331,56.319
132.132,97.535,69.234,56.401
131.293,99.079,68.956,56.522
131.733,100.518,68.434,57.156
132.951,101.454,68.070,57.408
134.711,101.294,67.781,57.628
134.102,101.381,67.732,57.566
133.616,101.422,67.747,57.388
132.355,101.208,67.759,57.239
132.664,101.106,67.636,57.127
135.089,99.791,67.327,56.943
136.617,99.055,67.142,57.335
137.494,99.505,67.255,57.678
139.200,99.911,67.490,57.862
141.192,99.711,67.636,58.179
142.530,99.192,67.574,58.457
144.369,98.515,67.824,58.652
146.642,97.916,67.908,59.064
147.362,98.886,68.273,58.831
146.387,97.836,68.306,59.054
143.744,97.905,68.054,59.045
141.632,96.857,68.057,59.544
137.983,97.103,68.309,59.591
135.989,99.371,68.578,59.706
135.612,101.033,68.426,59.719
135.811,103.714,68.326,59.785
136.404,104.540,68.219,59.734
134.957,104.944,68.517,59.603
133.756,106.140,68.628,59.598
133.084,106.398,68.593,59.686
131.503,107.059,68.783,60.012
129.670,107.054,69.125,60.175
128.827,108.004,69.363,60.528
128.475,106.769,69.432,60.270
128.308,107.106,69.839,60.314
129.178,105.978,69.897,60.462
128.366,105.136,70.177,60.215
127.412,103.747,70.378,60.156
125.335,101.918,70.489,60.408
122.311,98.862,70.305,60.432
119.583,96.064,70.285,60.742
115.790,94.749,70.291,61.006
112.336,92.505,70.170,61.155
107.408,91.207,70.075,61.228
102.936,91.278,70.267,61.357
98.815,90.573,70.390,61.082
96.553,88.800,70.485,60.746
96.054,88.461,70.572,60.142
96.211,88.379,70.828,59.643
96.380,87.973,71.010,59.107
95.418,87.933,71.219,58.786
93.342,88.032,71.529,58.730
92.282,88.685,72.004,58.419
91.351,88.026,72.213,58.198
91.203,88.232,72.869,58.171
90.716,87.865,73.379,58.253
90.788,87.938,73.971,58.375
91.145,87.687,74.311,58.552
90.751,88.437,74.792,58.680
90.129,88.885,74.987,58.953
89.170,88.628,75.301,59.142
87.899,87.196,75.419,59.405
84.745,87.526,75.116,59.456
82.813,88.458,74.878,59.371
79.269,87.159,74.075,59.711
75.930,87.226,73.670,59.608
72.739,86.446,73.124,59.517
71.223,86.779,72.729,59.806
72.712,87.597,72.545,59.595
76.225,88.581,72.760,59.280
81.567,90.134,73.422,59.733
88.668,89.936,74.088,60.449
94.396,92.341,75.185,61.135
97.542,93.921,76.074,61.960
96.977,94.283,77.119,62.382
95.133,94.207,77.473,62.890
92.711,93.555,77.249,62.915
91.393,92.469,76.805,63.018
91.211,91.646,76.264,62.833
92.799,91.816,75.937,62.699
94.906,92.369,75.583,62.768
97.323,92.838,75.301,63.253
101.188,93.265,75.179,63.899
104.163,94.324,75.337,64.519
106.811,94.173,75.413,64.869
109.900,94.185,75.453,64.839
113.198,93.865,75.539,64.806
117.182,93.991,75.636,65.330
121.301,94.517,76.060,66.057
125.309,95.904,76.904,66.403
128.203,95.941,77.786,66.117
129.339,96.620,78.383,65.553
130.342,96.092,78.413,65.327
130.361,96.411,78.437,64.752
132.015,96.618,78.130,64.701
134.956,95.731,77.786,64.923
139.129,94.581,77.660,65.666
145.343,93.665,77.733,66.310
150.813,93.263,78.549,66.952
154.633,93.009,79.702,67.587
158.383,92.733,80.959,68.578
161.028,92.290,82.174,69.690
164.318,92.155,83.352,70.675
168.205,93.596,84.481,71.393
173.095,93.339,85.344,72.260
176.653,94.154,85.820,72.915
181.215,94.863,86.634,73.243
185.649,96.115,87.024,73.515
189.783,96.257,87.489,73.971
193.340,96.543,87.764,73.929
196.822,96.599,88.073,73.723
200.752,96.418,88.633,73.384
203.588,96.494,88.914,73.170
206.980,96.524,89.286,72.685
209.225,95.846,89.361,72.284
211.862,96.319,89.804,71.904
213.655,95.942,89.967,71.634
214.562,96.774,90.203,71.220
214.880,97.097,90.421,71.136
215.546,96.364,90.742,71.126
215.993,96.861,90.713,70.993
215.517,96.051,90.728,70.861
215.199,96.672,90.656,70.850
214.998,96.111,90.446,70.589
215.092,95.859,90.538,70.422
215.424,95.683,90.578,70.250
215.279,97.044,90.314,70.472
213.965,96.839,90.321,70.632
211.136,96.175,90.105,70.727
207.582,95.578,89.850,71.131
204.099,94.702,89.419,71.291
201.108,93.632,88.931,71.305
198.055,92.409,88.595,71.503
197.332,91.633,88.297,71.583
197.229,92.484,88.303,71.818
196.889,93.863,88.016,72.293
194.833,95.001,87.615,72.389
191.708,94.663,87.416,72.360
187.381,93.055,86.767,72.800
182.832,91.873,86.255,73.540
177.672,90.770,86.052,74.123
171.078,88.415,85.917,74.710
165.916,86.548,85.554,75.946
162.393,85.504,85.677,76.773
158.112,85.612,85.667,77.594
155.124,85.600,85.865,77.525
151.169,85.316,86.118,77.518
147.917,86.491,86.264,77.022
143.858,87.055,86.398,75.810
140.425,88.134,86.329,74.607
137.661,88.556,86.395,73.483
135.251,89.243,86.342,72.166
132.554,91.060,86.153,71.044
129.191,91.248,85.591,70.057
126.999,90.829,85.139,69.194
123.780,92.743,84.843,68.369
122.439,93.057,84.156,67.915
121.016,93.647,83.548,67.518
119.523,95.644,83.037,67.298
117.501,97.384,82.674,67.246
115.922,98.946,82.196,67.074
113.447,99.226,82.137,67.214
111.634,98.694,81.922,67.691
109.328,97.194,82.146,67.841
107.872,95.978,82.364,67.802
105.486,96.843,82.673,67.961
103.167,96.831,83.279,67.944
101.888,97.285,83.542,68.269
101.041,97.306,83.597,68.527
100.910,95.591,83.591,68.612
100.897,94.218,83.566,68.252
101.807,93.195,83.174,68.276
103.041,93.302,83.087,68.326
103.059,94.466,83.199,68.298
102.967,96.321,83.558,68.352
103.657,100.451,84.043,68.711
103.261,103.199,84.458,69.828
102.763,105.906,85.057,70.660
101.790,108.199,85.639,71.381
99.621,108.207,86.284,71.799
98.927,106.740,86.885,71.996
98.549,103.022,86.662,72.469
99.788,96.017,85.774,72.725
99.829,91.745,85.722,72.520
101.551,85.597,85.547,71.873
101.120,81.443,85.986,71.118
101.724,77.732,86.202,70.502
103.082,77.420,86.573,70.184
105.497,77.013,86.927,69.781
107.834,79.288,87.933,69.530
109.406,83.027,88.702,69.466
110.295,88.807,89.393,69.984
110.530,94.304,89.439,70.792
108.919,99.631,89.284,72.104
107.512,102.113,89.369,73.437
106.576,103.611,89.527,74.531
106.307,101.645,89.864,75.425
105.750,98.839,89.965,76.126
105.565,96.176,90.074,76.599
104.193,93.698,90.621,76.976
103.150,90.595,91.340,76.958
103.084,85.846,91.573,77.007
104.707,80.382,91.615,76.686
104.215,76.142,91.984,76.325
104.732,72.587,92.630,75.995
104.897,72.277,93.683,75.893
106.568,73.225,94.461,75.885
107.433,76.379,95.340,76.577
109.800,81.931,96.128,77.062
112.202,87.409,97.031,77.736
113.667,90.235,97.282,78.623
114.842,91.147,97.762,78.675
116.154,90.185,98.096,78.805
116.663,87.100,98.310,78.907
117.275,83.546,98.652,79.120
118.226,79.343,99.226,79.654
118.100,76.135,100.033,80.150
117.492,72.873,100.657,80.679
116.710,70.579,101.822,81.584
114.265,69.809,102.989,81.782
114.382,67.422,103.747,82.360
113.706,65.943,104.482,82.552
113.076,64.611,105.177,82.460
113.601,62.434,105.534,82.216
112.958,60.529,106.074,81.676
113.069,60.028,106.492,81.893
112.754,62.029,107.325,82.081
113.990,63.014,107.759,82.652
114.943,66.020,108.424,83.474
115.206,73.378,109.042,84.375
115.085,78.625,109.650,85.756
115.963,82.180,109.991,87.828
114.832,84.616,110.368,89.283
113.000,85.045,110.841,89.915
112.146,83.108,110.870,90.561
112.510,80.747,111.364,90.833
113.082,77.924,111.426,91.319
113.604,72.905,111.439,91.826
114.567,69.573,111.837,92.414
114.928,66.484,112.426,92.597
115.440,62.894,112.360,92.345
116.193,59.851,112.298,91.399
117.507,58.270,112.273,90.882
116.713,60.217,112.844,90.804
117.088,62.489,113.522,91.002
117.545,69.676,114.083,91.668
116.452,76.588,114.530,92.842
114.370,86.153,114.484,95.036
113.510,97.370,114.213,96.835
112.269,106.421,114.372,98.010
110.126,108.937,114.858,99.435
108.447,105.469,114.658,101.229
107.206,97.889,114.511,103.269
106.412,88.313,115.400,104.300
106.179,78.401,115.952,103.731
107.544,68.991,116.344,103.056
108.257,62.058,117.062,101.524
108.241,58.506,118.055,99.826
108.100,58.266,119.428,98.866
106.409,59.284,120.609,98.290
103.895,63.390,121.875,98.271
102.033,70.133,123.062,99.084
98.820,81.254,124.181,99.850
96.207,90.822,124.923,101.847
94.078,98.349,125.269,103.649
92.087,105.537,126.208,105.414
88.260,106.772,126.880,107.483
87.019,101.925,127.235,109.080
85.679,92.827,127.326,110.766
85.623,81.705,127.419,111.645
85.233,68.428,127.687,111.661
84.205,58.492,129.530,109.419
82.627,54.398,130.915,107.604
80.282,54.346,132.487,106.899
77.162,57.799,134.500,106.995
74.635,64.107,135.887,107.723
73.791,74.318,137.682,108.850
72.260,86.953,139.040,110.351
71.050,95.541,140.254,113.356
68.458,100.779,141.381,114.887
66.355,97.920,141.574,115.626
65.740,91.565,141.136,116.716
67.429,81.685,140.205,118.464
69.001,68.322,139.111,120.743
72.432,54.552,139.005,120.106
73.403,43.167,139.916,117.785
72.420,36.875,141.243,115.768
70.870,34.424,142.529,113.987
68.584,33.868,143.904,113.570
66.160,36.942,145.161,113.051
63.537,44.083,146.094,112.731
61.442,52.869,146.711,113.141
61.293,64.732,147.435,113.894
59.316,76.584,148.299,115.050
58.084,87.102,149.191,117.233
55.311,95.150,150.046,119.860
51.850,96.889,149.975,121.247
51.336,93.084,148.941,121.806
51.578,86.634,147.842,122.955
52.275,76.516,146.773,124.820
54.096,64.040,145.787,125.837
56.471,50.319,145.902,125.451
56.857,39.212,146.877,123.329
55.899,33.047,148.009,121.615
54.892,33.360,149.939,120.981
52.973,35.542,151.865,120.639
51.430,42.760,153.928,120.942
50.117,53.906,156.100,121.910
48.676,68.917,158.239,122.642
48.073,82.639,160.084,125.199
44.729,95.493,160.990,128.715
40.900,105.109,162.243,131.095
37.280,106.850,162.317,131.855
36.001,102.382,161.649,132.604
36.685,93.629,160.928,133.235
38.439,82.227,160.261,133.692
41.347,70.022,159.248,135.379
45.726,55.975,159.012,136.163
47.921,44.007,160.100,135.258
48.675,36.234,162.046,133.688
48.001,34.538,164.776,133.121
46.340,37.011,167.931,133.288
45.024,45.780,170.691,134.309
44.193,57.122,173.362,135.785
43.606,70.222,174.961,137.613
42.453,83.857,176.957,140.613
39.708,95.118,179.643,142.596
36.990,100.110,181.352,143.160
33.739,97.892,181.168,143.329
34.827,87.944,180.034,144.037
36.477,76.182,179.275,145.222
39.921,60.940,177.796,146.334
43.113,48.050,177.997,147.263
46.109,33.919,177.719,147.665
47.393,23.085,178.997,146.241
45.767,18.144,181.428,145.511
45.128,19.387,183.175,144.967
41.071,27.244,185.522,144.578
40.249,39.384,186.923,145.204
39.124,54.212,187.839,146.201
37.628,67.490,188.878,148.386
34.870,76.713,189.586,151.405
33.340,79.417,190.051,152.156
31.141,76.672,189.154,152.940
30.038,67.058,187.386,153.758
31.640,55.528,185.623,153.606
36.640,45.358,184.290,153.489
40.396,31.385,182.814,154.159
43.845,19.704,182.678,152.608
44.310,8.893,184.061,150.272
42.310,5.032,185.215,148.413
42.680,6.865,186.040,147.449
39.123,12.925,187.465,146.224
37.556,26.190,189.243,145.475
36.691,42.281,191.010,145.855
37.042,57.064,191.375,147.716
36.493,74.160,192.467,150.557
34.789,84.090,194.057,153.365
32.162,89.199,195.873,154.433
31.877,87.994,196.015,154.411
32.696,80.374,194.226,155.154
34.853,70.566,192.243,156.064
37.687,57.748,191.207,155.875
38.269,46.516,190.881,155.190
38.697,36.217,190.605,154.911
38.976,30.949,191.337,154.724
39.444,29.359,192.284,154.507
38.577,33.788,193.272,155.179
39.030,43.636,194.902,155.648
38.904,55.402,196.975,156.638
37.111,67.951,199.064,159.570
34.541,76.647,201.306,161.451
32.681,78.248,201.962,161.723
33.109,73.152,200.266,162.272
33.567,65.745,198.881,161.958
35.087,56.876,198.150,161.457
36.882,48.077,196.077,160.164
39.554,41.561,194.094,159.262
40.878,37.513,193.023,158.213
42.338,37.155,191.998,156.496
44.040,39.501,191.567,155.195
43.474,51.570,192.113,154.553
40.956,70.216,193.489,155.079
38.749,84.061,194.054,155.977
36.005,89.345,195.279,155.487
35.275,86.243,193.715,155.165
35.670,80.944,191.386,155.080
39.741,71.305,188.455,154.706
44.354,60.791,186.384,153.729
50.377,50.990,183.846,155.270
56.123,39.676,180.634,156.073
60.630,30.342,177.574,155.602
62.871,23.213,175.367,153.746
64.123,17.417,174.535,150.455
66.359,21.107,174.098,146.996
66.791,32.284,174.272,144.668
67.723,43.869,174.007,143.286
68.373,51.610,173.629,142.096
70.765,57.388,172.444,141.703
75.253,60.313,170.070,141.383
77.696,56.613,167.012,141.087
81.412,50.501,163.794,139.885
85.311,40.706,160.162,139.542
89.865,29.740,156.580,138.710
93.473,20.136,153.143,136.640
95.962,13.824,150.828,133.511
99.230,14.215,149.106,129.521
102.017,22.239,147.818,126.363
103.463,34.041,146.571,123.541
104.821,49.596,145.644,120.457
105.711,64.704,145.145,119.581
104.622,74.475,145.454,120.809
103.233,82.147,145.899,123.785
102.743,84.953,145.181,125.806
103.870,79.180,144.787,128.106
107.422,70.157,142.982,128.740
110.480,61.550,141.851,127.708
114.421,50.168,140.520,127.523
118.125,38.914,138.900,126.591
121.376,29.023,137.009,124.366
123.766,21.825,135.691,120.926
124.849,19.699,134.913,116.738
126.768,22.860,133.708,113.454
126.858,30.664,133.190,110.880
127.670,42.100,132.784,108.929
129.767,58.274,132.792,106.749
131.841,69.660,132.015,107.847
132.946,76.438,131.733,110.948
132.111,84.023,133.078,114.151
130.585,85.462,133.967,117.707
131.563,79.331,133.212,120.057
132.286,71.125,131.904,120.024
134.360,60.361,130.774,118.907
137.536,50.159,128.859,116.976
140.210,40.868,126.910,115.371
141.619,32.826,125.716,113.981
143.229,26.346,124.508,111.289
144.002,24.843,123.979,108.115
144.726,26.203,123.196,105.156
144.638,31.881,122.221,102.717
143.606,41.342,121.620,100.606
144.682,53.713,120.986,98.172
145.682,64.406,119.643,97.922
147.112,72.619,118.586,99.265
148.322,78.346,117.643,102.103
146.598,83.023,117.968,104.059
146.190,80.873,117.652,105.477
146.049,74.803,116.570,105.754
146.342,67.692,115.119,104.800
146.125,61.437,114.469,102.638
146.353,56.442,114.604,99.981
146.449,50.233,114.371,98.376
146.438,45.269,114.073,96.720
146.714,41.450,113.840,95.502
146.952,40.152,113.131,93.890
146.425,42.084,112.528,92.455
145.990,46.477,111.892,91.436
146.254,53.600,111.338,90.148
147.237,60.824,109.897,89.876
147.352,68.584,109.177,90.761
148.266,73.090,108.309,92.618
148.818,75.760,107.404,94.848
148.062,74.211,106.535,96.120
147.547,71.465,106.018,96.056
147.205,68.363,105.099,94.595
146.761,63.396,104.552,92.948
146.202,59.075,104.706,90.919
146.361,54.323,104.885,89.381
146.809,51.937,105.041,87.902
147.439,51.879,104.726,86.675
147.038,55.530,104.773,85.508
147.398,60.329,104.180,85.258
150.042,67.981,102.828,85.904
150.727,73.240,101.848,87.809
149.059,80.158,101.362,90.002
147.702,89.214,102.349,89.726
147.894,94.754,102.874,88.857
149.242,91.427,101.746,88.558
149.876,85.688,100.681,88.433
152.373,76.763,99.313,89.577
155.160,68.931,97.774,89.890
159.229,64.567,96.289,89.302
161.575,63.166,95.506,87.248
163.989,62.523,94.669,85.156
166.843,62.356,93.800,83.125
168.264,62.812,92.719,81.328
169.336,65.185,91.171,80.892
171.361,69.098,89.965,81.101
172.219,72.148,88.782,82.080
172.057,76.735,88.016,83.267
171.994,82.652,87.993,83.166
172.637,86.944,87.733,82.353
172.354,85.051,86.865,81.105
173.009,78.426,85.465,80.365
174.398,71.641,84.119,79.874
175.907,67.466,82.705,78.656
176.441,65.343,81.546,76.852
177.899,64.444,80.522,74.933
178.063,65.174,79.468,73.322
179.341,66.618,78.428,72.219
180.284,69.044,77.686,71.535
181.033,71.741,76.936,72.071
181.059,74.847,76.287,73.024
181.162,78.867,76.132,73.538
181.763,83.790,75.940,72.725
181.180,84.125,75.456,71.808
180.897,80.196,74.467,71.180
180.084,76.287,73.443,70.657
180.034,71.512,72.294,70.522
179.838,69.632,71.347,70.398
178.726,69.448,70.233,70.266
177.361,70.272,69.223,69.862
174.933,72.151,68.406,69.649
172.462,72.637,68.331,69.733
169.981,74.191,68.809,69.462
169.416,77.469,69.053,69.051
170.113,82.494,69.042,68.073
172.603,87.311,68.793,66.677
177.550,91.283,68.832,65.049
183.987,93.565,68.747,63.565
189.152,94.617,69.171,62.065
193.650,95.660,69.707,60.707
197.625,96.422,70.098,59.590
200.958,98.089,70.800,58.871
203.665,101.304,71.637,57.895
206.651,104.236,73.782,54.957
208.638,106.540,73.886,54.451
209.385,107.968,75.279,52.459
210.396,109.314,76.134,50.920
211.632,109.716,76.563,49.834
212.417,109.631,76.509,49.185
212.454,109.701,76.283,49.105
211.933,109.699,75.572,48.906
210.662,109.723,74.851,48.779
209.206,109.003,74.124,48.456
206.509,107.969,73.333,48.216
202.992,107.433,72.358,47.884
200.427,107.415,71.706,47.694
197.261,106.640,71.005,47.470
193.281,105.914,70.120,47.062
190.038,105.054,69.442,46.744
186.050,103.895,68.725,46.222
180.939,102.174,68.047,45.594
176.868,101.327,67.584,45.226
173.081,99.772,66.911,44.759
170.120,98.551,66.088,44.453
167.410,98.477,65.016,44.078
165.376,97.069,63.940,43.737
164.019,95.936,63.270,43.328
162.339,94.951,62.453,42.951
161.601,94.933,61.775,42.741
160.940,94.585,61.236,42.482
160.303,95.191,60.704,42.273
159.860,95.513,60.125,42.065
160.070,94.831,59.553,41.849
159.824,95.320,59.098,41.575
159.738,95.474,58.754,41.293
159.430,95.770,58.411,41.121
159.423,96.488,58.333,41.130
159.749,97.035,58.149,40.945
160.875,97.280,58.165,40.803
161.346,98.189,58.259,40.683
161.767,98.593,58.119,40.593
162.310,99.135,58.197,40.648
163.810,100.510,58.544,40.736
164.339,101.172,58.751,40.665
166.065,101.353,58.798,40.553
167.816,102.297,58.904,40.646
168.314,103.646,59.286,40.853
169.575,105.364,59.456,41.292
170.996,107.311,59.526,41.566
172.759,109.307,59.488,41.897
174.577,110.960,59.485,41.972
177.238,112.262,59.439,41.606
179.138,113.733,59.188,41.416
179.697,116.690,59.007,41.442
182.353,118.588,58.961,41.038
184.915,119.722,58.782,40.457
185.683,121.479,58.441,40.129
187.431,122.347,58.095,39.676
190.673,124.420,57.664,39.469
192.309,125.945,57.178,39.023
193.896,127.690,56.593,38.699
196.334,128.575,56.014,38.256
198.396,129.233,55.382,37.817
199.761,130.324,54.907,37.444
201.434,130.248,54.353,37.032
202.062,129.307,53.883,36.721
204.215,128.031,53.308,36.494
206.276,127.766,52.818,36.073
208.445,126.871,52.413,35.806
210.246,126.104,51.977,35.528
212.013,126.389,51.587,35.160
214.025,126.398,51.074,34.850
215.503,126.279,50.638,34.530
216.750,125.979,50.142,34.214
217.633,127.026,49.826,33.979
219.062,127.051,49.355,33.745
220.349,128.244,49.081,33.677
220.533,128.629,48.794,33.385
221.169,129.109,48.427,33.176
221.668,129.743,48.084,32.929
222.076,130.687,47.918,32.736
222.502,130.522,47.625,32.312
223.757,130.263,47.274,32.124
224.071,129.893,46.953,31.800
224.459,129.778,46.688,31.608
224.388,128.948,46.350,31.224
224.729,128.420,46.002,30.897
225.949,128.317,45.707,30.723
226.803,126.451,45.389,30.452
227.712,125.143,45.101,30.218
228.044,123.212,44.802,30.126
228.283,122.039,44.513,30.008
228.390,121.891,44.249,29.857
228.860,121.785,44.005,29.899
228.659,121.347,43.855,29.751
228.977,121.784,43.571,29.650
229.771,122.245,43.462,29.603
229.023,122.568,43.150,29.421
228.937,122.842,42.868,29.314
228.720,123.952,42.734,29.316
227.710,123.769,42.549,29.124
227.909,124.158,42.382,29.133
227.713,124.971,42.213,29.069
229.333,124.864,42.191,29.044
231.143,125.575,42.192,29.169
231.626,125.491,42.045,29.068
231.482,125.522,41.923,29.017
231.170,125.597,41.843,28.872
228.038,125.305,41.511,28.760
225.194,125.350,41.270,28.572
222.675,125.644,41.012,28.443
219.240,125.504,40.693,28.141
216.199,125.637,40.302,27.916
214.352,124.803,39.256,28.787
211.964,124.408,38.391,29.275
209.418,124.085,37.556,29.431
207.685,124.642,37.127,29.608
206.245,124.352,36.770,29.735
205.036,124.635,36.459,29.732
204.254,124.503,36.247,29.780
203.981,124.534,36.243,29.789
203.352,124.263,36.080,29.766
203.617,124.296,35.976,29.773
203.491,125.108,36.079,29.766
204.136,125.721,36.201,29.594
204.749,124.201,36.168,29.732
205.193,124.878,36.339,29.683
205.446,125.237,36.326,29.678
206.368,124.105,36.333,29.757
206.970,124.902,36.473,29.745
207.102,123.868,36.511,29.861
207.863,122.911,36.482,29.963
208.431,123.294,36.701,29.976
209.315,124.230,36.783,29.982
210.847,125.021,37.163,29.850
211.310,128.047,37.578,29.668
212.378,129.888,37.930,29.773
212.200,133.037,38.229,29.632
212.062,135.589,38.612,29.622
211.907,137.535,38.877,29.755
211.061,138.933,38.887,29.962
210.857,140.801,38.825,30.160
210.708,141.037,38.690,30.243
209.905,141.383,38.533,30.309
211.027,141.483,38.661,30.530
212.844,140.914,38.719,30.933
213.420,140.814,38.788,31.140
214.757,141.258,39.005,31.272
215.695,141.568,39.229,31.450
216.958,140.949,39.400,31.680
217.860,140.908,39.763,31.919
218.846,140.510,40.045,32.090
219.776,139.710,40.418,32.304
220.044,139.160,40.952,32.364
220.379,139.286,41.931,32.482
221.365,140.651,42.786,32.494
221.422,144.316,43.483,32.450
220.530,149.354,43.961,32.501
218.612,157.489,44.171,32.829
215.911,170.012,43.852,33.828
