123.000,87.000,132.000,176.000
121.170,87.270,132.864,179.939
121.699,85.748,133.507,183.108
122.070,85.145,134.053,185.096
122.552,84.102,134.414,186.659
124.421,83.349,134.106,187.955
125.437,81.744,134.258,189.056
126.818,81.953,134.689,189.819
128.497,81.193,135.779,190.078
130.329,81.712,136.431,190.064
130.951,81.362,137.076,190.073
132.037,80.822,137.704,190.234
133.801,81.425,138.042,190.599
134.776,79.461,138.135,190.549
135.649,80.647,138.131,190.739
137.850,80.647,138.170,191.531
139.343,80.581,138.187,191.830
139.229,80.407,138.363,191.894
141.049,80.556,138.287,191.983
141.281,79.260,138.438,192.662
140.015,79.129,138.261,193.128
141.055,78.453,138.438,193.549
140.151,78.785,138.521,194.109
138.382,78.706,138.744,194.872
135.674,77.502,139.017,195.826
133.058,77.675,139.418,196.284
130.456,76.839,139.661,196.660
128.939,76.212,139.760,197.044
127.638,75.954,139.787,197.405
126.484,75.689,139.906,197.406
125.344,74.685,140.403,197.588
124.793,75.978,141.036,197.724
124.688,76.490,141.569,197.915
125.185,76.101,142.476,197.801
126.522,77.145,143.136,197.858
126.677,77.691,143.575,197.869
127.099,77.411,144.140,197.943
127.488,77.278,144.514,198.071
127.811,77.616,145.130,198.027
128.135,77.390,145.245,198.011
128.815,77.461,145.602,198.765
128.387,77.062,145.677,199.111
128.505,76.849,146.392,199.713
128.035,76.964,147.193,200.413
129.092,77.174,147.924,201.154
128.798,77.563,148.367,201.566
130.453,77.412,149.036,202.007
131.096,76.522,149.348,202.604
131.501,76.688,149.591,203.169
131.708,75.645,149.974,203.236
132.364,75.604,149.913,203.573
133.672,75.802,150.223,203.880
134.932,75.110,150.607,204.150
135.669,74.705,150.853,204.194
136.659,73.463,150.917,204.010
137.588,74.447,150.611,203.947
138.313,73.449,150.332,203.494
137.937,72.603,150.145,203.568
138.570,72.335,149.896,203.070
138.508,72.817,150.137,202.754
138.318,72.442,149.789,202.997
137.414,72.658,149.806,202.683
137.033,72.635,149.697,202.721
135.641,72.144,149.689,202.505
135.656,72.303,149.680,202.276
134.060,72.012,149.943,201.870
133.434,72.253,150.088,202.113
132.902,72.308,150.407,202.081
132.218,72.110,150.509,201.886
132.245,72.922,150.457,201.754
131.799,72.940,150.210,201.322
131.257,72.646,150.188,201.396
132.226,73.096,150.183,201.547
132.476,73.129,150.001,201.850
132.703,72.126,149.957,201.927
133.543,71.451,150.345,201.644
133.979,71.138,150.667,201.948
133.545,70.909,151.089,202.350
133.254,71.081,151.894,202.156
133.744,71.981,153.027,202.006
133.455,72.356,153.789,201.777
134.396,72.670,154.088,201.740
134.978,72.561,154.580,201.911
135.949,74.305,154.961,201.676
136.550,74.620,155.095,201.353
136.964,75.570,155.210,200.993
137.108,75.582,155.315,200.801
138.097,77.580,155.305,200.843
138.187,76.980,155.600,200.739
138.762,77.745,155.553,200.855
139.567,77.894,155.565,200.541
140.386,77.340,155.687,200.614
141.357,77.802,155.734,200.317
141.595,78.808,155.896,200.539
141.425,78.384,155.778,200.437
142.052,79.089,155.872,200.664
142.527,79.392,156.162,200.291
142.025,78.434,156.259,200.244
141.998,78.428,156.164,200.432
141.791,78.275,156.096,200.716
141.600,78.188,155.811,201.018
141.211,78.014,155.454,201.046
141.670,76.902,154.981,201.062
142.452,76.998,154.620,201.120
142.784,75.550,154.114,201.261
144.419,76.221,153.694,201.366
144.414,77.303,152.823,201.603
144.979,76.220,152.169,201.233
145.535,77.073,151.544,201.373
146.339,76.424,150.925,201.289
147.240,76.062,150.294,201.893
148.886,75.894,149.617,202.066
150.229,75.287,149.121,201.889
152.190,74.457,148.756,201.442
153.801,75.694,148.283,200.807
157.466,74.819,147.654,200.208
160.252,75.405,146.864,200.163
162.185,74.993,146.315,199.889
166.033,74.604,145.778,199.733
169.626,74.669,145.303,199.022
173.212,73.021,145.050,198.499
176.522,72.176,144.620,198.332
181.671,71.050,143.904,198.209
185.128,70.025,143.246,197.839
188.966,69.071,142.693,197.674
193.411,68.166,141.885,197.228
198.192,67.031,141.334,197.197
202.351,65.132,141.034,196.923
206.320,63.422,140.370,195.908
210.666,62.023,139.835,195.563
215.436,62.166,139.089,194.530
220.341,60.659,138.456,193.556
224.193,60.483,137.846,192.933
228.695,59.074,137.366,192.156
233.916,58.996,137.036,191.585
238.266,58.909,135.622,191.175
241.756,60.524,134.154,190.823
245.605,61.848,133.628,189.806
250.442,62.660,133.430,189.484
253.145,63.487,133.972,188.920
255.518,65.147,134.718,189.481
258.668,65.123,135.999,189.751
262.834,65.069,136.127,189.700
268.044,66.151,136.282,189.148
271.458,65.977,136.233,189.138
277.615,66.671,135.916,188.979
283.295,68.642,134.899,188.830
289.802,68.998,134.382,188.690
295.788,70.672,133.520,188.160
301.421,70.810,132.667,187.661
307.988,72.759,132.178,187.764
314.228,72.219,131.762,187.436
322.099,73.110,131.719,187.503
329.139,72.814,131.770,186.955
335.975,72.176,131.710,186.780
343.440,72.025,131.946,186.724
349.664,71.651,131.916,186.335
356.799,70.807,132.165,185.570
363.723,69.953,132.384,185.040
369.846,70.016,132.413,184.235
374.766,69.156,132.593,184.002
380.674,68.330,132.629,184.070
387.564,68.800,132.791,183.353
391.698,69.413,132.528,182.902
397.680,69.993,132.486,182.622
400.170,69.484,132.318,182.426
403.806,69.190,131.890,182.457
406.392,69.763,131.590,182.553
409.890,69.428,131.242,182.563
411.726,70.537,131.236,182.535
413.907,71.345,131.183,182.084
416.237,74.105,131.104,181.770
417.667,75.433,131.393,181.559
419.008,76.393,131.550,181.568
420.541,78.323,131.666,181.526
421.503,79.463,131.704,181.972
421.376,80.950,131.766,182.268
420.773,81.276,131.198,182.368
420.540,82.539,131.348,182.426
419.786,83.418,131.338,182.461
418.899,83.398,131.274,182.773
416.739,83.649,131.526,182.372
414.687,83.461,131.730,182.246
412.310,83.050,131.718,182.242
409.541,83.309,132.127,182.316
407.249,83.616,132.274,182.146
406.681,83.063,132.118,182.558
405.348,82.899,132.170,182.510
403.330,82.648,132.293,182.582
402.049,83.014,131.984,182.940
400.054,82.821,132.230,182.936
399.249,82.285,132.174,182.779
397.067,82.129,132.277,183.323
395.526,82.961,132.321,183.614
393.578,82.597,132.322,183.741
392.875,84.077,132.305,183.793
393.417,84.329,132.283,184.216
392.443,85.117,132.625,183.648
391.485,86.006,132.614,183.819
391.751,88.268,133.140,184.102
390.007,89.521,133.399,184.679
388.427,91.113,134.403,184.558
386.836,94.578,135.141,184.811
383.023,99.649,135.629,186.419
379.965,100.835,135.305,186.140
377.154,107.845,135.441,187.604
373.692,108.085,135.846,188.486
368.979,111.325,136.469,189.630
365.826,116.450,136.609,191.130
364.650,119.679,136.193,193.059
363.333,122.424,135.796,194.153
363.684,127.046,135.663,191.826
361.734,129.897,136.176,188.936
359.888,132.146,136.904,186.715
358.399,134.100,137.426,184.803
356.512,134.524,138.181,182.737
354.814,138.870,139.070,181.155
352.664,140.492,139.546,180.347
352.126,142.560,139.346,179.886
351.980,142.986,138.820,179.580
351.168,145.480,138.814,178.901
351.428,147.744,138.312,178.548
351.392,149.469,137.768,178.787
351.622,151.272,137.475,179.127
352.235,152.990,137.239,179.643
351.597,156.169,136.726,179.259
352.231,156.961,136.398,179.354
352.908,159.693,135.860,179.538
353.428,161.697,135.545,179.316
354.145,163.851,135.042,179.518
354.635,164.898,134.728,179.368
354.480,165.794,134.376,179.085
355.224,167.443,134.270,179.323
355.115,167.187,133.769,178.951
355.921,167.941,133.634,178.847
354.786,168.574,133.227,179.075
355.709,168.103,132.765,179.046
354.200,168.675,132.644,178.998
354.157,169.114,132.497,178.814
354.031,168.082,132.338,178.752
352.916,169.946,132.384,178.518
352.528,169.867,132.346,178.752
351.700,169.833,132.520,178.892
350.324,170.030,132.242,178.462
349.408,169.446,132.261,178.295
347.632,168.246,132.312,178.273
347.215,167.955,132.795,178.381
345.739,165.025,133.097,178.336
345.100,164.368,133.620,178.315
344.456,162.600,133.994,178.588
343.341,162.603,134.457,178.654
341.610,160.772,134.879,178.623
341.060,158.885,135.137,178.939
340.096,159.389,135.325,179.156
338.887,157.332,135.935,179.212
336.224,155.800,136.334,179.878
335.130,155.039,136.664,179.875
333.426,154.675,136.957,180.232
330.886,155.179,137.369,180.875
327.835,154.749,137.946,181.525
324.325,153.523,138.776,182.671
321.404,154.310,139.236,183.822
317.505,154.757,139.463,185.145
313.520,154.967,140.314,186.125
309.234,154.700,141.074,187.161
305.137,155.377,141.828,188.793
301.398,156.545,142.483,190.227
297.289,156.829,143.388,191.403
293.638,158.132,144.540,192.435
289.472,159.571,145.779,193.516
285.527,159.221,146.285,194.390
281.724,159.804,147.255,194.835
278.677,158.557,147.754,196.023
274.289,158.279,148.256,197.346
269.789,157.904,148.658,197.732
265.658,155.261,148.884,198.601
260.730,153.351,148.645,199.346
256.228,151.877,148.498,200.391
251.051,149.839,148.590,201.292
245.052,149.217,148.741,202.162
239.735,146.701,149.447,202.451
235.180,144.570,150.145,202.863
230.496,142.292,151.160,202.973
226.458,139.815,152.089,203.461
222.423,137.574,153.152,204.239
217.723,134.705,153.852,205.225
214.081,131.317,154.647,205.754
210.397,128.594,155.361,206.674
207.010,125.041,155.821,207.312
202.840,122.204,156.479,207.747
199.293,118.635,157.359,208.846
196.249,116.594,157.701,210.744
194.510,114.386,158.389,212.765
192.401,110.732,158.812,214.463
191.042,109.772,159.309,215.360
188.576,107.380,159.927,216.317
187.426,105.694,160.881,217.416
185.179,104.925,161.555,219.012
182.586,103.641,162.316,220.073
181.164,101.078,162.945,221.310
179.431,102.082,163.371,222.346
177.035,100.637,164.081,222.657
175.509,101.728,164.710,223.063
173.015,98.997,164.514,223.276
172.312,99.277,164.492,223.143
169.670,99.090,164.081,223.197
166.978,98.006,163.899,222.747
165.707,97.038,163.632,221.984
162.855,95.565,163.648,221.292
162.068,96.130,163.243,220.883
159.735,93.629,162.430,219.950
159.334,93.058,161.826,219.548
157.070,93.306,161.035,219.362
156.442,91.730,160.411,219.093
155.276,90.631,159.397,217.951
153.708,89.426,158.434,216.693
152.963,89.835,157.311,216.172
151.598,89.309,156.887,215.499
149.251,87.725,156.774,214.844
147.718,86.860,156.694,214.495
146.725,86.799,156.655,214.131
144.122,85.764,156.324,213.525
143.374,85.026,156.275,213.307
144.198,85.727,156.517,213.222
142.521,84.108,156.365,213.539
142.749,83.845,156.327,213.635
141.811,81.436,156.568,213.432
141.213,80.141,156.108,213.230
141.436,79.331,155.688,212.665
140.572,77.973,155.335,212.421
139.832,77.140,154.990,212.104
139.558,77.366,154.362,212.793
139.565,77.506,153.785,212.815
139.771,77.507,152.974,212.553
139.485,77.665,151.974,213.128
140.461,78.337,151.382,213.358
138.338,77.954,150.964,213.544
138.650,80.844,150.417,213.430
139.264,81.497,149.994,212.938
138.722,82.579,149.659,212.785
139.109,82.936,149.343,212.134
140.284,83.601,149.213,211.511
141.178,84.194,149.387,211.112
142.919,83.720,149.814,209.803
144.137,85.313,150.202,208.751
145.158,85.746,150.815,207.923
145.808,86.185,152.056,206.547
147.535,88.458,152.762,205.521
149.573,89.550,153.889,205.120
151.266,89.727,154.663,205.390
153.166,90.840,154.635,205.656
155.955,91.240,154.849,205.380
158.699,91.477,154.884,204.956
159.775,92.875,155.070,204.369
162.435,92.673,155.387,203.576
162.217,93.769,155.714,202.739
164.426,95.004,155.660,202.541
165.089,94.934,156.048,202.373
164.950,96.090,156.830,202.503
164.054,95.629,158.017,202.468
155.600,93.654,163.273,200.171
151.793,93.677,168.314,199.230
148.146,95.935,171.604,198.784
147.494,96.076,174.554,200.036
150.469,96.419,176.046,202.171
154.252,95.305,176.359,204.211
157.643,94.315,174.911,208.532
159.522,90.797,173.764,212.032
159.711,88.625,173.196,212.572
159.076,87.757,171.907,211.219
158.104,87.145,170.700,209.786
157.544,84.919,169.545,208.734
158.803,85.447,167.806,208.005
159.011,85.274,167.002,207.481
159.661,83.463,165.435,207.214
160.244,82.121,164.482,206.185
162.352,82.588,162.780,205.324
162.639,82.265,161.578,204.380
165.864,82.704,160.128,203.171
167.054,84.038,159.335,202.316
169.169,84.094,158.794,201.651
171.948,85.150,158.024,201.225
174.160,85.784,156.766,201.602
175.900,85.862,155.986,201.637
177.178,87.140,155.059,201.184
177.872,88.037,154.566,200.838
178.062,89.257,154.299,200.753
178.545,90.885,154.292,200.678
178.578,91.224,154.357,200.547
179.834,91.481,154.202,200.531
179.836,92.123,154.136,200.635
180.263,93.281,154.050,200.762
182.056,92.995,153.773,201.175
182.254,93.696,153.506,201.164
182.500,94.364,153.273,200.799
182.514,93.856,153.017,200.425
182.055,94.083,153.034,199.959
182.750,94.741,152.837,199.697
182.526,95.679,152.790,199.538
182.789,96.239,152.767,199.426
182.601,96.629,152.614,199.650
182.073,96.685,152.676,199.427
182.539,96.846,152.551,199.752
182.059,96.022,152.258,199.669
182.199,96.243,152.139,199.261
183.265,96.060,151.957,199.563
183.239,96.747,151.955,199.686
183.549,95.887,151.873,199.520
184.679,94.663,151.791,199.133
184.384,94.784,151.467,198.508
184.302,94.495,151.363,197.751
185.388,94.677,151.316,197.468
185.025,95.206,151.103,197.101
185.662,95.034,151.067,196.948
185.235,94.598,150.772,196.237
186.089,95.043,150.881,195.825
186.050,94.686,150.607,195.265
187.187,94.324,150.707,195.107
185.923,93.706,150.534,194.671
186.752,93.751,150.552,194.612
186.830,94.887,150.498,194.548
186.464,94.962,150.408,194.712
186.530,95.485,150.377,194.949
187.038,95.596,150.387,194.892
186.030,94.922,150.328,194.666
187.061,95.534,150.373,194.762
186.884,95.598,150.233,195.265
185.680,94.497,150.125,195.728
185.824,95.374,149.915,196.240
186.567,94.906,149.973,196.586
186.797,95.684,149.946,197.119
186.241,95.478,149.952,197.093
186.857,95.576,150.110,197.085
187.212,95.516,149.953,197.132
186.921,95.226,149.847,196.785
187.295,96.030,149.680,196.819
186.719,95.947,149.647,196.416
187.027,97.212,149.847,196.215
187.003,97.805,149.919,196.043
187.096,97.872,150.039,195.699
187.151,98.358,150.009,195.348
186.991,97.721,150.048,195.205
186.619,98.519,150.104,195.273
187.121,98.190,150.041,195.301
186.985,99.405,150.080,195.275
186.946,98.718,150.028,195.415
187.491,99.361,149.906,194.991
187.738,99.858,150.018,194.780
187.456,100.938,150.017,194.962
188.095,100.372,150.066,194.844
188.044,100.349,150.122,194.810
187.970,100.620,150.177,194.910
188.188,100.895,150.007,195.421
187.904,100.666,149.924,195.674
188.345,100.840,149.773,195.964
188.405,100.816,149.485,196.373
188.257,101.328,149.485,196.650
188.434,100.207,149.556,196.832
187.760,101.103,149.505,197.055
187.808,101.551,149.551,197.455
187.798,102.075,149.539,197.863
187.806,100.175,149.552,198.196
187.813,102.138,149.632,198.222
187.978,101.430,149.623,198.120
188.580,102.680,149.737,197.999
189.596,101.597,149.907,197.802
189.066,103.925,150.106,197.773
189.310,102.320,150.251,197.264
189.633,103.631,150.718,197.361
190.178,103.039,150.736,197.187
189.205,103.387,150.663,197.453
190.099,102.764,150.710,197.256
190.523,103.217,150.884,197.044
191.906,104.545,151.252,197.237
191.885,104.779,150.910,197.105
193.076,104.597,150.900,196.920
193.918,105.371,151.194,196.636
194.700,105.045,151.053,196.723
195.595,106.111,151.106,196.913
195.534,106.085,150.886,197.312
196.522,105.740,150.809,197.118
197.000,105.193,150.702,197.164
198.042,104.614,150.711,197.132
199.542,105.245,150.887,197.017
199.978,104.890,150.702,197.409
201.028,105.185,150.859,196.958
203.515,104.835,150.704,196.446
205.449,105.494,150.793,196.371
207.720,107.116,150.946,196.360
209.202,106.459,150.819,195.688
212.600,107.130,151.083,195.876
215.414,107.450,150.883,195.450
218.124,107.599,150.871,195.092
220.184,108.463,150.950,195.677
222.403,108.524,150.688,195.417
225.363,108.179,150.415,195.328
227.085,108.635,150.684,195.153
229.776,109.029,150.693,195.372
231.406,109.017,150.692,195.225
232.893,109.243,150.696,195.433
233.802,110.734,150.883,195.759
235.364,109.520,150.713,195.351
236.817,110.243,150.916,195.348
238.679,110.824,151.000,195.236
239.546,110.552,151.009,195.248
241.539,109.991,150.907,194.620
244.927,109.671,150.710,194.138
246.118,110.595,150.651,194.705
247.069,110.900,150.636,194.720
248.141,109.524,150.701,194.599
249.578,110.249,150.828,194.563
252.172,108.869,150.831,194.275
253.010,108.034,150.692,194.933
254.666,106.726,150.932,194.790
257.625,105.447,151.104,194.499
258.501,104.757,151.387,194.944
260.402,103.562,151.658,195.086
262.132,102.900,151.899,194.983
263.927,103.219,152.040,195.370
265.434,102.033,152.429,195.711
267.674,101.737,152.418,195.443
269.567,101.183,152.658,195.040
270.893,99.710,153.012,194.955
272.999,99.140,153.021,194.908
275.374,98.748,153.054,195.167
277.670,97.008,153.251,195.062
280.748,94.875,153.008,195.055
282.483,94.027,153.367,195.578
284.915,93.381,153.543,195.752
287.111,91.209,153.864,195.910
289.802,89.459,153.903,196.871
292.068,88.668,154.432,197.143
293.722,86.278,155.375,197.530
296.460,84.862,155.937,198.163
297.750,85.156,156.893,199.109
299.709,82.818,157.391,200.949
300.724,81.835,158.274,202.183
302.612,81.497,159.099,203.532
302.478,79.520,160.599,205.088
302.765,77.587,161.797,206.586
303.034,77.293,163.542,207.237
301.322,77.327,165.237,208.651
300.385,77.688,166.722,210.572
299.866,77.808,167.928,212.424
297.783,77.033,168.980,214.445
295.134,77.965,169.861,216.669
292.286,79.997,171.011,218.145
288.906,82.822,171.979,219.824
285.616,84.095,172.581,221.809
281.839,86.269,173.191,223.055
279.240,86.831,173.928,224.688
274.313,86.253,174.062,226.789
273.093,86.841,173.451,228.833
270.544,86.790,174.581,231.012
267.000,87.962,175.990,232.288
263.135,90.364,177.748,232.857
258.591,93.390,178.796,233.379
254.197,96.024,179.648,234.222
250.327,97.699,180.772,235.168
246.358,101.776,182.519,236.749
244.777,103.402,184.344,237.443
240.060,105.383,186.157,238.353
236.159,105.198,187.313,240.387
232.515,106.218,187.951,242.479
232.489,106.785,187.422,243.465
233.436,104.702,185.960,244.770
234.085,97.150,183.183,245.508
230.144,87.608,181.248,245.522
227.452,74.381,180.659,247.045
226.032,60.673,180.132,247.593
225.532,48.561,179.220,248.150
225.893,34.648,177.758,247.880
227.421,22.895,176.006,247.493
226.569,13.078,174.853,245.856
223.887,7.409,174.089,243.428
221.670,5.369,172.706,240.168
220.328,4.643,172.066,237.028
220.967,5.020,171.868,233.595
218.119,3.807,170.807,229.478
214.641,4.597,169.457,226.059
215.526,5.134,167.731,223.948
213.940,3.603,166.264,221.480
213.598,6.410,164.680,219.655
212.258,7.995,163.140,217.591
209.066,10.512,162.223,215.044
208.844,14.060,160.712,213.043
206.216,18.557,159.176,211.067
206.956,20.589,157.401,208.910
203.207,23.472,156.744,206.907
203.247,26.387,155.939,205.371
202.105,27.571,155.108,203.872
200.608,28.055,154.567,201.708
198.056,29.336,154.303,200.090
195.751,30.262,153.935,198.419
193.929,31.376,153.503,197.307
192.868,32.249,153.321,195.811
191.483,33.633,152.798,194.891
188.775,34.694,152.883,193.416
186.610,35.133,152.745,191.760
184.121,35.944,152.463,190.448
180.594,39.629,152.310,189.369
177.839,41.752,151.818,189.149
175.337,44.532,151.261,189.158
172.854,48.191,150.390,188.930
170.984,51.007,149.675,189.673
169.407,52.690,149.045,190.000
168.426,53.746,148.609,190.023
166.985,55.679,148.168,190.428
166.914,57.513,148.260,190.630
165.925,58.489,148.264,190.915
165.949,60.139,147.904,191.468
167.271,62.634,147.184,192.059
167.811,66.179,145.933,192.365
167.884,69.348,145.058,192.149
165.188,72.797,145.073,191.734
163.542,76.495,144.923,191.160
161.830,80.380,144.817,190.664
160.470,84.078,144.790,190.570
159.326,88.475,144.467,190.189
158.023,91.688,144.393,190.303
157.020,94.905,144.027,190.428
156.475,96.702,143.794,189.740
156.461,97.482,143.963,189.795
158.190,97.940,143.716,189.714
160.167,98.660,143.208,189.368
163.970,99.960,142.984,189.035
167.346,101.200,142.361,188.172
171.537,102.446,141.926,187.958
174.360,104.239,141.324,187.748
177.133,105.936,140.568,187.167
179.198,107.736,140.333,186.869
181.614,110.283,140.193,186.872
182.855,112.530,140.459,186.703
182.506,112.571,141.009,186.712
180.905,111.787,141.559,187.411
179.118,110.138,142.301,187.686
178.948,109.160,142.391,188.979
176.724,106.866,142.411,189.029
175.794,102.944,142.854,190.691
174.312,99.065,143.444,191.565
171.142,94.251,144.465,192.064
168.043,91.303,145.295,192.362
164.038,89.130,146.598,192.067
161.270,89.994,148.184,191.996
157.806,91.399,149.035,191.937
155.468,90.668,149.785,192.247
151.149,91.665,151.001,191.683
149.998,91.657,151.865,191.949
147.902,91.725,152.205,191.529
146.422,92.520,153.223,190.691
147.782,94.444,152.412,190.250
150.183,95.995,151.771,190.669
152.906,95.440,151.111,191.319
157.365,94.704,150.647,191.226
161.226,94.467,150.633,190.567
164.702,93.797,151.513,189.741
167.484,93.363,152.562,189.116
169.788,92.343,153.831,188.666
172.374,92.644,155.045,188.548
173.481,93.406,155.722,189.480
174.339,92.991,156.685,190.069
175.609,91.653,157.666,190.619
178.672,92.041,157.120,191.921
179.882,89.118,157.785,193.902
182.243,86.514,157.799,196.480
183.431,85.836,157.933,198.288
183.335,83.504,157.919,199.522
182.743,82.522,157.988,200.093
182.707,81.344,158.070,200.583
182.313,82.400,158.841,201.275
182.386,83.312,160.582,202.374
181.174,84.047,162.705,203.246
179.261,83.320,165.181,203.102
179.006,84.166,167.891,202.448
178.225,83.738,170.162,201.748
178.224,82.769,171.596,201.804
179.398,81.742,173.020,202.067
185.349,81.171,174.363,202.456
189.849,78.473,175.601,203.382
195.326,75.812,177.305,203.967
200.698,73.615,178.529,204.635
204.718,70.817,179.736,205.501
208.145,68.833,181.868,207.344
211.381,69.494,183.566,208.986
214.161,72.529,185.267,210.870
217.696,72.973,186.760,213.882
219.022,73.730,188.771,215.330
217.792,72.904,191.188,216.606
216.518,71.443,193.234,217.744
212.746,69.020,193.708,218.177
209.205,65.510,195.013,219.410
204.388,60.325,197.428,219.281
195.894,59.010,201.687,219.044
188.535,57.490,204.523,218.893
181.492,57.937,206.687,218.616
174.489,58.225,207.639,219.659
167.371,59.813,209.768,220.424
160.019,60.863,211.727,220.912
153.223,61.384,214.096,221.726
147.644,63.941,215.281,221.695
146.331,66.351,216.099,222.844
153.462,65.956,214.586,225.804
155.216,64.928,214.951,228.104
157.457,66.006,214.926,229.857
158.549,67.159,214.737,232.592
164.897,69.318,213.122,236.415
169.305,71.060,211.643,239.383
177.913,73.273,209.884,241.300
188.243,78.784,208.963,244.971
198.388,78.988,206.387,248.769
206.117,82.545,204.908,249.984
216.292,82.553,203.421,251.112
223.740,85.276,203.422,251.953
229.997,87.046,203.754,253.267
237.148,82.637,203.287,252.339
242.937,76.385,202.303,251.557
247.792,72.904,202.816,251.999
252.587,68.294,203.589,251.598
251.864,62.521,205.534,250.284
254.573,59.396,205.864,250.388
256.934,57.288,205.932,251.201
254.910,55.012,205.306,250.115
251.089,55.652,202.162,249.774
253.241,57.017,201.000,248.747
249.904,61.249,200.302,245.610
252.785,70.213,197.211,244.481
252.834,77.371,192.807,243.198
251.473,84.908,187.597,240.356
248.551,88.633,182.002,236.592
246.582,92.368,178.144,233.608
240.404,95.923,175.531,229.915
238.270,99.104,174.427,227.650
233.292,106.008,174.276,224.855
231.081,110.175,174.594,222.072
228.733,111.637,175.140,219.699
226.424,110.472,174.316,217.419
230.671,112.670,173.795,216.396
238.238,111.813,173.396,215.395
246.753,113.151,173.285,213.896
253.970,113.028,173.173,211.355
264.075,114.717,172.448,209.063
271.758,118.584,171.866,206.697
280.464,121.493,170.594,204.430
290.374,123.370,169.885,202.150
301.143,126.763,169.293,199.976
309.664,129.069,169.375,197.935
330.819,133.469,170.805,195.973
333.668,138.588,170.914,194.026
338.327,141.624,169.847,192.487
342.572,143.432,168.993,192.118
348.368,146.308,167.836,191.503
352.843,150.151,166.935,190.782
357.609,154.163,166.123,189.968
362.829,157.386,165.583,189.736
369.585,157.995,164.707,189.617
375.207,159.965,164.151,188.970
379.958,163.374,162.675,187.523
384.757,165.124,162.268,186.083
388.674,166.783,162.065,185.013
390.498,170.674,162.628,184.258
394.792,171.480,162.831,183.977
397.906,174.274,163.609,183.646
400.889,176.920,163.408,182.486
403.632,180.021,161.920,182.515
404.451,180.723,159.795,183.027
407.003,181.391,157.231,182.238
409.080,179.971,154.516,182.556
410.870,181.229,152.324,182.315
411.301,182.282,151.083,180.807
410.430,182.747,150.006,179.735
410.058,183.903,148.676,178.882
408.206,185.044,147.543,178.653
406.997,186.200,146.768,178.314
404.832,186.100,146.399,177.185
403.886,186.457,146.128,175.879
403.148,186.826,145.024,175.042
400.489,188.570,144.716,173.526
398.020,188.705,143.787,172.801
395.223,187.451,142.543,171.524
392.140,188.381,142.784,169.765
388.220,189.417,142.493,168.204
387.020,187.842,142.191,167.014
386.207,189.987,141.298,165.586
384.163,190.326,141.027,164.568
382.088,189.993,140.713,163.773
382.782,191.761,140.186,162.548
381.161,191.736,139.474,162.045
380.856,192.717,138.369,161.510
378.790,192.915,137.126,161.584
378.274,195.748,136.033,160.525
375.739,196.840,135.552,159.208
374.610,198.971,134.017,158.491
374.943,200.043,132.555,157.881
372.752,199.472,131.457,157.477
372.445,200.017,129.938,157.281
371.287,199.448,128.771,157.107
368.137,199.309,127.883,157.025
364.658,197.958,126.715,157.427
363.879,197.808,125.340,157.606
362.719,196.819,123.650,158.050
361.467,196.104,122.464,158.230
361.459,195.279,121.648,158.333
359.649,195.725,120.850,157.679
360.594,195.806,119.068,157.836
359.343,195.958,118.024,157.653
357.086,194.863,117.175,156.874
355.545,193.352,116.934,156.655
353.859,192.224,116.574,156.546
353.927,191.951,115.664,156.103
352.555,190.911,115.400,155.820
351.442,192.000,114.753,156.280
351.748,191.657,114.078,155.579
349.770,192.253,114.189,155.335
350.384,191.657,113.688,155.160
349.519,192.339,113.850,154.987
349.201,191.452,113.686,154.869
348.230,192.228,113.854,154.577
348.198,191.863,113.708,154.661
347.617,191.518,113.761,154.645
348.407,193.123,113.477,154.281
347.362,193.051,113.728,153.800
346.915,194.059,113.406,153.929
346.213,195.000,113.497,153.954
346.371,195.786,112.964,153.978
345.219,196.415,113.106,153.502
343.311,195.339,113.153,152.825
342.202,195.406,113.028,152.447
340.657,194.264,113.178,152.176
338.979,193.463,113.211,151.964
336.981,192.892,113.245,151.178
333.244,191.232,113.852,151.110
328.115,189.637,115.104,150.564
323.400,187.984,115.936,150.636
317.503,185.515,117.073,150.677
310.359,184.577,117.685,151.114
303.713,184.437,118.234,151.133
296.736,185.479,118.607,151.118
291.590,185.736,118.517,150.922
286.286,187.938,118.088,150.764
282.724,189.004,118.094,150.570
276.607,189.535,117.996,150.467
273.121,188.897,118.015,150.549
269.130,188.547,117.892,150.994
266.150,188.495,117.736,151.457
263.274,187.618,117.414,151.625
261.776,186.216,117.573,151.405
261.341,185.586,117.016,151.494
260.782,184.298,117.150,151.836
260.148,183.496,117.367,152.300
260.180,183.404,116.944,152.595
260.237,182.229,117.002,153.022
261.115,182.142,116.403,153.300
260.429,179.034,116.981,153.682
259.961,176.786,117.455,154.039
258.499,173.856,118.162,154.820
257.465,170.190,119.706,155.342
255.066,165.377,121.468,156.151
252.627,161.679,123.109,156.804
250.479,157.488,125.182,157.349
247.594,154.566,127.384,158.409
244.077,152.152,129.181,159.006
240.176,148.887,130.629,159.670
237.407,147.422,131.593,160.221
232.699,144.442,132.534,160.854
228.239,140.013,133.416,161.824
222.759,136.273,134.697,163.326
217.987,135.900,136.503,163.269
212.939,133.287,138.600,164.865
209.288,134.019,139.887,165.716
205.779,133.115,140.747,166.942
203.054,134.200,141.663,168.361
201.227,135.642,141.870,169.778
199.073,137.679,142.052,170.504
197.404,139.836,142.482,170.828
194.405,139.710,142.418,170.751
192.412,137.943,143.440,171.145
191.426,136.983,144.595,171.772
187.681,137.028,145.294,173.966
184.892,135.509,145.335,176.001
181.345,134.459,145.847,178.834
177.058,132.125,145.923,181.693
172.868,128.865,145.623,184.364
170.557,123.261,145.900,185.926
165.393,119.316,146.761,187.570
163.750,116.162,146.951,188.953
163.491,111.642,146.940,190.230
164.630,108.641,147.814,192.013
164.521,105.487,148.661,194.275
168.808,101.411,149.543,195.876
173.097,99.885,150.311,196.287
179.832,97.735,151.129,196.964
186.896,95.486,151.872,197.746
195.352,93.516,154.101,198.833
207.188,91.855,156.631,198.677
216.949,90.343,157.610,197.330
224.850,86.346,159.239,196.810
236.247,85.010,160.074,198.152
241.709,83.175,162.126,200.111
245.622,78.691,163.674,201.565
247.677,79.166,164.932,203.091
246.200,77.840,166.152,202.417
245.793,77.504,167.223,202.624
244.255,75.638,169.850,202.785
238.739,73.159,171.272,202.902
233.685,69.559,172.047,203.403
227.657,68.039,172.760,203.570
221.539,66.204,173.309,203.762
213.990,65.397,174.398,204.480
205.704,64.811,176.331,205.886
197.676,63.707,179.104,208.900
190.596,61.932,182.892,212.322
185.933,60.900,186.651,217.443
182.778,60.240,190.134,221.323
179.089,60.155,193.942,226.114
172.204,60.456,197.023,230.548
168.256,61.659,201.618,233.087
167.076,61.995,205.748,236.367
169.316,60.586,209.348,239.963
169.498,62.234,214.614,242.630
170.352,60.531,220.221,244.902
169.284,60.242,225.163,246.389
166.731,57.270,228.231,250.288
163.783,54.347,229.562,254.515
159.747,51.610,230.467,257.495
157.790,50.593,231.240,259.989
158.026,49.230,232.911,262.880
159.629,49.562,235.265,266.093
161.013,51.166,240.091,268.919
161.819,50.795,244.743,272.306
158.522,50.615,247.838,276.938
157.230,48.243,248.891,282.320
158.002,49.941,248.783,286.816
161.280,49.768,246.063,291.638
165.150,51.417,241.842,294.633
167.193,54.000,237.515,297.543
169.425,55.994,232.903,297.367
177.854,56.696,227.825,296.793
184.218,60.441,225.576,292.603
188.857,65.110,224.980,289.394
198.729,69.412,226.003,284.481
207.262,73.071,228.114,278.315
216.547,82.005,230.038,271.443
261.176,91.656,227.616,267.953
297.993,101.213,224.230,264.484
305.556,104.698,221.980,263.394
321.523,111.066,220.612,259.972
335.634,117.590,218.296,257.304
346.322,121.987,216.701,256.009
352.188,127.473,213.244,254.387
361.540,128.492,209.516,251.227
372.838,132.172,206.957,247.845
381.190,135.802,204.714,244.592
387.665,138.109,202.094,241.517
393.951,139.773,201.284,238.559
400.121,144.441,201.161,235.222
403.566,151.677,201.726,230.711
403.030,156.777,202.377,227.975
401.434,161.272,202.692,225.622
403.035,167.360,202.066,223.554
404.227,175.247,201.265,222.319
402.503,182.926,202.163,220.682
398.851,187.141,201.475,221.374
396.010,195.032,200.754,220.844
392.756,200.949,200.182,220.765
389.104,210.660,199.912,219.172
380.703,232.247,198.255,219.377
372.585,235.410,196.483,219.921
364.277,240.199,194.448,219.984
358.214,251.939,192.993,217.051
350.024,264.367,189.519,213.712
344.584,277.597,186.696,209.099
341.068,286.107,183.419,204.129
338.240,292.193,178.637,199.476
334.315,295.408,174.831,195.405
333.816,300.382,171.287,191.983
332.469,303.096,168.130,188.978
330.935,310.411,164.799,185.403
331.225,316.990,161.475,180.761
335.343,322.360,158.434,176.317
338.580,326.293,155.788,172.314
341.998,328.913,153.055,169.270
345.015,330.632,150.614,166.038
349.616,332.472,148.393,163.018
353.377,332.786,146.682,160.251
357.004,332.370,145.612,157.800
362.270,331.910,143.885,156.949
366.511,327.822,141.154,156.159
370.467,322.296,138.753,156.424
375.572,315.270,135.654,157.783
380.354,307.359,132.869,159.259
385.709,300.561,130.231,159.991
388.109,293.970,128.503,159.391
391.006,289.414,126.815,158.780
392.629,285.435,125.280,157.652
393.061,283.684,123.639,156.487
393.784,281.039,122.307,155.497
394.625,278.162,120.521,153.870
395.021,276.357,118.724,152.081
394.406,276.070,117.216,149.677
394.796,275.585,115.422,147.684
394.727,276.033,113.651,145.738
395.556,276.241,111.550,143.161
397.352,275.181,109.973,141.237
398.171,276.530,108.637,140.009
399.777,275.271,107.325,137.516
400.606,275.589,106.149,135.197
400.678,276.019,105.659,133.112
401.738,276.098,104.700,131.290
402.313,276.214,103.821,130.148
403.289,276.268,103.124,129.353
403.342,275.659,102.447,128.852
403.561,273.676,101.692,128.077
404.418,270.547,101.120,127.753
403.938,269.679,100.834,126.657
402.340,266.471,100.202,125.496
401.405,265.786,99.781,125.046
399.230,264.455,99.152,124.383
396.625,263.442,98.719,124.218
394.328,261.649,98.829,124.353
391.057,259.584,98.807,123.982
388.092,258.198,98.743,124.174
384.742,256.277,98.766,124.072
380.968,254.489,98.901,123.868
378.157,253.248,98.551,124.508
374.782,252.752,98.130,124.992
373.306,250.821,97.683,125.762
370.475,249.697,97.460,126.085
368.507,248.389,97.215,126.611
366.247,247.751,96.772,126.848
364.282,245.788,96.806,127.098
362.585,243.622,96.738,127.616
361.477,242.779,96.713,127.712
360.669,239.941,96.786,128.196
360.769,238.770,96.911,128.377
362.139,237.424,96.859,128.840
362.713,236.509,97.053,129.285
363.642,234.930,97.256,129.443
363.986,233.703,97.395,129.685
364.394,231.557,97.435,129.759
365.687,230.027,97.326,129.851
366.520,227.629,97.256,129.930
367.174,225.682,97.244,130.077
367.217,224.002,97.519,130.366
368.039,222.698,97.447,130.657
367.774,219.964,97.645,130.849
367.918,218.209,97.619,130.696
367.830,215.901,97.514,130.825
366.867,213.290,97.831,130.628
365.495,211.687,97.834,130.254
363.945,209.794,97.976,129.907
361.454,208.181,98.048,129.721
359.649,206.684,98.056,129.807
357.717,205.125,98.068,129.587
356.972,204.709,98.061,129.410
355.041,202.612,98.066,129.449
353.423,200.623,98.191,129.376
352.468,199.015,98.161,129.391
351.542,197.401,98.152,129.541
351.029,194.583,98.072,129.449
349.313,193.367,98.165,129.228
348.826,192.997,98.052,129.172
346.910,189.734,98.240,128.869
346.483,189.013,98.154,128.595
345.268,187.146,98.254,128.716
343.897,185.124,98.233,128.382
341.807,184.707,98.196,127.978
340.407,183.729,98.484,127.825
338.020,183.436,98.712,127.686
336.155,182.280,98.848,127.944
333.253,180.841,99.003,128.229
329.823,180.402,99.157,128.457
326.672,179.344,99.096,128.917
322.717,178.195,99.434,128.830
318.378,177.717,99.305,128.703
315.263,177.506,99.520,129.041
311.721,176.671,99.484,129.294
308.663,177.383,99.708,129.440
305.703,175.993,99.857,129.439
302.885,176.292,100.194,129.298
299.660,175.457,100.298,129.323
296.628,174.453,100.100,130.204
294.103,172.999,99.982,130.926
290.814,171.810,99.664,131.100
288.101,170.275,99.673,131.336
286.163,169.840,99.897,131.782
281.980,168.450,100.252,132.725
277.888,167.609,100.548,133.608
274.918,166.706,100.618,134.031
270.980,166.696,100.670,134.275
268.602,165.797,100.546,134.904
265.398,165.825,100.688,135.874
261.325,166.604,100.886,136.530
256.440,166.069,101.166,136.341
251.804,166.246,102.438,136.208
247.377,167.447,104.447,136.200
243.621,165.736,106.157,136.524
239.982,166.266,107.299,136.426
237.821,164.944,107.665,136.541
234.984,164.486,107.664,136.786
232.088,164.756,107.535,136.858
230.328,162.412,106.925,136.872
227.227,162.516,106.565,136.538
224.871,160.539,106.374,136.136
222.887,160.913,106.558,135.921
220.700,160.022,106.956,135.405
218.755,159.585,106.821,135.264
217.093,159.476,106.872,135.081
214.857,158.366,106.751,134.890
212.690,158.531,106.605,135.079
211.518,158.224,106.699,135.472
209.842,158.485,106.877,135.939
208.388,158.063,107.464,135.921
206.868,156.937,108.829,135.573
205.978,157.617,110.135,134.926
206.494,157.736,111.636,135.038
209.079,158.716,112.702,135.733
213.012,158.369,112.530,137.039
216.933,158.158,112.065,138.079
221.406,157.966,111.491,138.152
222.784,156.860,111.814,137.230
225.744,158.754,112.388,136.388
229.053,159.271,112.662,135.842
232.594,158.566,112.855,135.229
236.138,158.435,113.150,134.975
238.383,158.066,113.478,135.401
240.318,157.659,113.894,135.988
241.260,157.509,114.524,136.405
241.252,158.751,114.793,137.009
240.690,158.236,115.598,137.576
241.340,157.315,116.268,138.062
241.523,157.513,117.851,138.911
240.753,155.512,119.247,139.673
239.496,155.820,120.683,140.777
237.688,153.960,122.231,141.961
235.273,152.076,122.930,143.147
232.642,147.611,123.836,144.626
230.157,142.152,124.756,145.857
227.156,136.078,125.229,147.473
224.346,129.923,126.106,148.643
221.130,124.878,126.986,149.208
215.940,120.546,127.866,149.809
212.537,117.405,129.211,150.881
207.725,116.634,130.392,152.074
202.258,117.932,130.790,152.212
196.995,121.218,132.213,152.538
