340.000,358.000,18.000,55.000
338.107,360.309,18.445,54.824
337.312,359.859,19.393,54.728
335.192,361.171,20.105,54.504
333.851,361.492,20.611,54.501
332.573,360.913,20.931,54.674
331.161,360.410,21.173,54.710
329.300,359.945,21.990,54.241
324.178,359.237,22.642,53.429
322.696,359.112,22.770,52.935
321.212,359.422,22.575,52.524
319.847,360.042,22.354,52.487
315.653,360.532,21.407,53.210
314.500,360.533,20.966,53.252
310.933,362.101,19.845,53.602
311.018,363.087,19.223,53.630
309.651,363.837,18.537,54.456
307.470,364.556,18.252,55.249
305.221,365.414,18.456,55.860
303.283,365.900,18.915,56.455
302.656,365.953,19.877,56.264
302.237,366.707,20.370,56.400
301.631,368.144,20.866,56.370
301.006,369.704,21.457,56.038
300.313,371.137,22.258,55.207
299.226,371.895,22.307,55.283
297.686,371.843,22.328,54.918
296.830,372.768,21.832,55.271
295.582,374.450,21.254,55.208
295.419,374.684,20.652,55.346
295.560,375.025,19.839,55.490
295.222,375.515,19.032,55.595
294.737,376.488,18.180,56.140
295.093,376.882,17.749,56.572
295.902,377.674,17.702,56.529
295.621,378.348,18.257,56.413
295.204,378.210,19.155,56.212
295.314,378.808,20.000,55.666
295.505,378.984,20.523,55.445
295.524,379.939,21.331,54.598
294.032,379.069,21.966,54.275
292.817,378.511,22.245,54.116
292.464,378.646,22.059,53.624
292.203,377.790,21.513,53.126
291.855,377.036,20.654,52.755
290.800,376.977,19.717,52.985
290.349,377.056,18.886,53.248
290.225,376.652,18.291,53.274
289.620,375.608,17.970,53.524
290.014,375.681,17.699,54.653
290.108,374.750,17.774,55.016
290.356,374.673,18.210,55.549
289.755,375.204,19.187,55.980
288.267,375.541,20.112,56.063
287.107,375.591,20.945,56.015
286.655,376.362,21.625,55.809
285.483,377.089,22.358,55.793
284.441,378.515,22.990,55.741
283.552,379.182,23.030,55.760
282.515,380.196,23.008,55.534
280.926,381.189,22.836,55.627
279.690,382.601,22.148,55.673
278.312,383.915,21.404,55.797
277.108,384.792,20.695,55.378
276.042,385.326,20.092,55.558
274.400,385.425,19.278,56.450
273.655,384.914,18.992,56.145
272.064,384.226,18.569,56.493
271.662,383.492,18.934,56.152
270.727,382.394,19.525,56.132
269.391,381.184,20.014,56.251
268.669,379.879,20.631,55.755
268.531,378.743,21.804,54.642
268.316,376.737,22.678,53.775
267.329,374.823,23.057,53.702
265.749,373.143,23.084,53.728
264.843,371.885,22.637,53.964
263.240,371.143,21.817,54.414
262.721,370.089,20.783,54.901
262.621,369.217,19.914,55.498
262.840,368.918,19.412,55.293
263.220,369.559,18.633,55.550
263.058,370.736,17.951,56.669
263.099,371.463,17.647,57.174
262.885,371.677,17.631,57.340
261.297,370.894,17.872,57.584
258.784,369.588,18.407,57.766
257.599,368.863,19.087,57.757
255.283,366.523,20.542,57.265
253.529,366.016,21.751,56.670
252.185,366.611,22.117,56.626
250.129,367.574,22.617,56.502
249.346,368.171,22.507,56.436
248.612,368.367,22.432,55.935
248.870,367.180,22.216,55.355
247.647,366.378,21.730,54.738
246.964,366.494,20.988,54.262
247.112,365.145,20.385,53.835
246.912,364.166,19.471,54.126
246.492,363.120,18.589,54.401
246.877,363.885,17.985,55.021
246.375,364.560,17.542,55.412
245.875,363.463,17.379,56.174
244.207,362.035,17.669,56.195
243.012,361.108,18.119,56.158
242.678,362.366,18.794,55.562
241.183,363.956,19.183,54.877
239.760,364.630,19.501,54.550
238.836,364.780,19.794,54.346
238.243,365.920,19.659,54.146
237.507,365.848,19.398,53.776
237.280,365.106,19.113,53.192
238.703,364.238,18.853,52.636
239.875,362.975,18.601,51.965
245.252,360.899,18.288,51.296
248.927,356.515,17.847,50.512
250.069,352.313,17.532,50.611
250.082,349.979,17.077,51.539
248.892,351.355,16.924,52.155
248.746,351.215,16.887,52.452
249.100,349.526,17.238,53.102
250.354,350.232,17.938,52.892
251.235,351.957,18.681,52.375
252.128,352.863,19.416,52.003
253.903,353.863,20.487,51.057
255.348,353.690,21.119,50.888
257.115,352.968,21.707,50.479
257.794,353.073,21.919,50.573
258.803,352.329,22.138,50.802
258.563,352.693,22.021,51.197
257.541,353.592,21.614,51.530
258.624,353.996,21.204,51.820
258.736,353.572,20.661,52.314
259.521,353.646,20.080,52.645
260.277,354.243,19.382,53.050
261.345,353.398,18.813,52.893
260.986,351.097,18.242,53.072
260.720,349.809,17.739,53.285
260.660,348.865,17.397,53.462
261.483,348.087,17.332,53.693
261.154,347.707,17.489,53.461
261.727,347.099,18.002,53.209
259.439,347.189,18.225,53.111
257.678,347.180,18.546,53.203
257.963,348.226,18.943,52.914
258.263,348.197,19.240,52.814
258.663,348.053,19.312,52.752
258.729,349.528,19.180,53.041
257.449,351.785,18.704,53.542
256.061,354.490,18.269,53.701
254.676,356.411,17.961,53.268
252.079,357.513,17.984,52.726
246.990,358.610,17.678,52.552
244.996,359.739,17.478,52.062
242.938,359.159,17.260,51.668
242.152,358.659,17.036,51.624
241.699,358.619,16.788,52.317
241.359,357.652,16.720,53.382
241.191,357.255,16.913,53.580
239.344,357.686,17.222,54.142
237.878,358.817,17.845,54.772
236.611,359.658,18.777,55.159
234.419,360.986,19.595,55.644
233.097,361.365,20.707,56.301
231.855,360.108,21.731,57.046
230.720,360.038,22.528,57.746
229.473,361.622,22.715,58.665
228.222,361.055,23.437,58.877
226.722,360.257,23.827,59.388
224.499,358.504,24.095,59.818
222.956,357.315,23.814,60.658
221.150,354.674,23.582,61.231
220.395,351.616,23.372,61.999
218.528,347.319,22.744,62.969
217.598,344.772,22.225,63.834
216.466,344.492,21.614,65.178
214.762,345.112,21.235,67.083
212.262,344.319,21.106,68.628
213.401,343.133,21.859,69.364
211.765,342.564,22.924,70.680
209.805,342.299,24.130,71.487
208.303,343.337,25.166,72.372
207.045,344.169,26.293,73.302
205.816,345.216,27.301,74.302
204.693,345.387,27.979,75.405
202.815,345.124,28.251,76.282
201.140,346.727,27.676,77.954
199.249,347.326,27.060,79.115
197.561,347.935,26.642,80.469
194.877,347.862,26.535,81.000
191.768,347.476,26.239,81.435
189.475,348.023,26.156,82.653
186.496,349.646,26.036,85.223
184.195,348.700,26.401,87.677
183.192,347.114,27.318,89.189
180.222,349.106,28.094,91.725
177.435,353.507,29.411,93.576
175.412,353.925,31.883,94.483
172.749,353.382,34.009,95.098
169.553,352.344,35.729,96.829
166.931,351.263,36.916,98.882
165.028,352.350,37.296,101.393
163.346,354.960,37.293,103.747
160.204,355.182,37.606,105.334
157.590,354.148,37.212,107.288
157.281,354.540,36.675,110.595
156.921,355.709,36.460,113.992
154.585,357.377,36.836,115.393
152.110,356.499,37.437,115.663
150.725,357.112,38.118,116.564
146.589,360.922,38.763,119.337
144.950,362.092,39.843,120.185
143.482,359.593,41.053,121.825
140.055,359.922,42.953,123.976
135.222,357.627,44.777,126.683
130.779,348.528,47.177,131.116
125.828,343.823,50.051,134.285
120.454,346.457,54.787,134.492
118.315,344.887,58.760,133.386
117.420,339.984,61.509,131.963
122.173,339.642,59.716,132.454
132.509,340.451,58.263,133.429
142.694,341.675,56.527,133.404
148.210,336.985,53.747,135.310
162.712,331.560,51.609,135.992
175.357,328.697,49.473,137.916
181.174,327.652,47.993,141.038
187.131,332.860,47.600,145.172
199.436,335.946,47.975,148.913
200.395,339.483,50.856,151.974
198.574,343.205,56.012,151.972
198.456,343.475,61.364,150.930
198.961,345.232,64.988,152.033
199.450,348.042,67.598,153.866
201.126,353.482,69.036,155.496
202.924,360.065,69.488,156.936
204.679,358.961,69.548,159.752
210.118,360.835,68.410,163.455
215.597,362.760,66.189,167.649
221.893,365.601,64.275,171.465
228.566,369.035,63.200,173.725
235.537,366.807,62.280,176.844
238.102,359.597,61.035,178.781
238.188,354.959,59.872,184.155
232.808,342.352,59.838,187.209
227.557,331.994,61.684,189.884
221.908,322.425,65.062,191.859
217.428,309.976,69.418,192.006
215.934,300.238,75.511,189.898
213.807,293.730,80.601,188.807
215.652,293.750,81.647,190.462
217.259,290.085,82.414,190.809
221.305,281.951,82.495,188.970
226.384,284.645,78.977,192.306
232.687,288.964,75.328,194.045
238.337,288.585,71.845,195.418
244.452,286.423,69.530,195.917
252.914,285.564,67.715,196.130
257.772,288.630,65.376,199.348
262.420,289.049,64.190,202.200
266.622,291.405,64.032,204.200
267.091,294.027,65.894,205.633
262.973,298.356,69.014,207.316
260.103,299.658,72.438,206.858
253.611,295.425,78.201,203.148
248.329,293.342,82.685,200.615
242.764,295.234,86.625,197.947
237.986,292.456,89.883,194.736
234.774,289.541,91.969,192.476
231.749,289.052,90.782,192.458
231.770,289.566,88.839,193.105
234.386,288.073,85.759,194.654
244.035,288.594,81.491,197.357
251.371,283.404,77.528,199.114
258.681,274.150,74.384,198.484
263.273,269.045,70.555,202.177
269.009,262.259,68.848,201.993
282.127,255.710,67.482,201.740
281.299,248.804,68.934,202.640
279.704,248.000,71.173,203.778
278.131,254.127,72.743,202.782
279.494,258.015,75.004,199.913
283.490,262.395,77.021,196.296
286.015,266.419,77.711,195.529
287.871,269.910,76.904,195.175
288.085,271.410,76.570,194.314
290.893,269.236,74.519,194.085
291.806,268.996,72.901,192.846
288.656,270.309,70.025,191.993
282.312,273.086,67.859,191.081
278.250,274.035,65.656,191.240
273.054,274.308,64.011,194.076
271.589,269.297,63.488,195.842
267.957,265.943,64.297,195.328
264.968,263.088,66.490,194.913
247.781,262.060,70.122,196.047
244.353,264.925,72.321,197.493
240.883,265.483,75.396,197.575
237.753,267.915,77.819,197.163
234.869,275.096,82.922,192.682
233.611,274.523,85.882,188.934
233.591,275.265,86.795,187.919
232.948,274.422,84.826,189.951
232.550,274.050,83.124,192.416
230.287,270.163,81.816,191.501
227.228,265.807,79.415,191.979
222.505,260.018,76.616,190.769
224.911,255.572,74.164,193.890
228.413,260.837,74.402,194.110
245.928,267.911,72.078,195.991
250.102,273.325,71.492,194.962
253.351,275.897,72.344,193.961
255.511,288.918,74.699,190.064
262.508,301.090,76.415,188.256
275.543,318.159,76.409,188.516
277.257,328.101,76.345,188.041
282.290,331.761,75.784,186.798
285.181,336.222,74.768,186.792
286.782,344.267,73.540,185.792
288.746,348.538,72.356,183.593
292.188,354.671,69.546,182.866
293.284,355.802,68.139,180.985
295.094,356.745,66.674,179.366
295.618,359.675,65.495,180.628
296.404,363.894,64.660,181.663
294.039,368.275,64.766,183.017
291.105,374.860,66.149,183.553
285.976,378.028,68.518,184.432
282.707,378.231,70.859,185.485
279.096,379.138,72.327,186.515
274.481,385.654,73.726,186.315
269.954,393.422,75.424,185.595
266.230,396.807,78.462,183.016
266.773,396.227,78.305,181.848
265.688,394.306,77.402,180.572
263.857,389.255,75.971,180.909
263.951,381.908,73.540,182.751
262.818,377.196,70.724,184.108
261.761,371.780,67.894,184.729
262.699,361.288,65.736,185.337
264.541,349.462,63.455,187.468
268.171,344.995,61.944,187.772
271.049,342.494,61.746,188.321
272.328,343.584,62.815,187.638
272.286,345.916,64.690,187.933
271.638,346.558,66.945,188.557
270.006,350.446,69.141,189.491
269.475,355.590,70.516,191.044
268.250,356.206,71.759,190.918
267.499,357.722,74.207,189.624
251.984,368.979,74.089,191.939
251.203,375.587,73.389,192.680
248.296,371.022,72.391,192.332
247.375,371.885,71.063,192.299
247.764,371.439,69.276,192.491
248.538,386.398,67.528,186.639
250.841,384.924,65.993,181.005
252.806,386.155,64.869,175.004
255.318,388.935,64.144,169.719
266.767,389.714,63.359,164.457
264.692,388.315,65.399,160.806
252.494,385.868,67.785,152.878
303.668,406.180,66.209,151.250
315.027,410.719,64.414,146.434
327.119,405.644,64.780,143.002
351.044,417.972,62.435,140.535
364.212,419.366,60.686,138.797
378.505,423.381,58.870,137.542
401.477,425.966,59.595,134.721
414.556,426.657,60.599,133.904
382.227,387.103,58.712,138.795
394.610,374.759,56.271,148.490
401.936,364.917,55.113,155.580
417.418,358.286,53.692,160.092
432.539,353.542,50.812,164.844
436.613,346.371,47.360,169.697
439.146,345.934,45.013,173.326
439.699,347.541,44.274,174.927
439.735,349.856,44.380,174.407
439.107,364.651,44.304,172.274
437.827,377.530,44.745,166.034
438.102,375.615,44.799,162.645
439.418,374.981,44.168,160.944
438.728,366.598,43.323,162.856
436.803,361.496,43.974,164.590
430.050,363.794,46.066,164.121
410.456,368.468,48.640,164.134
392.870,369.207,49.744,163.725
382.718,365.766,50.518,164.153
363.644,367.587,51.178,165.741
353.261,368.318,52.095,167.479
342.948,366.028,53.055,169.418
332.211,366.601,54.936,170.984
322.206,369.556,57.162,173.053
316.536,369.999,60.091,173.451
310.561,367.269,62.495,174.291
305.031,369.507,64.585,174.377
297.594,371.404,68.599,172.501
292.040,369.011,70.641,172.509
285.495,368.052,71.565,172.634
278.933,369.853,71.540,174.450
275.193,372.072,70.236,176.036
273.647,376.174,67.916,178.216
271.534,378.652,65.765,176.797
272.448,378.335,62.595,176.165
272.524,379.026,59.390,177.895
273.597,380.029,55.810,180.965
276.251,382.077,54.151,182.578
276.023,383.919,53.922,182.769
275.952,384.136,56.110,180.415
274.120,384.677,59.174,177.817
274.813,387.161,61.604,176.971
275.461,385.583,64.833,174.170
276.704,381.216,67.113,172.649
275.053,378.163,69.217,171.509
273.970,372.315,70.038,172.057
275.361,366.179,68.144,175.390
274.075,364.229,65.994,176.837
274.709,360.374,64.182,179.148
273.577,357.749,62.367,179.307
272.783,356.400,61.110,178.227
271.107,354.985,59.019,179.385
269.346,353.176,58.235,182.085
268.542,347.935,59.524,184.508
267.565,346.390,59.274,191.000
264.468,347.588,59.761,195.424
261.812,355.606,61.797,196.889
259.141,360.910,65.026,197.654
255.230,361.929,67.259,198.243
252.961,363.491,69.471,197.472
251.009,365.446,70.128,198.593
250.352,361.665,69.733,199.031
252.286,354.327,69.111,200.268
254.477,348.729,69.132,200.716
253.610,348.474,68.340,199.717
252.116,350.356,68.105,197.817
251.317,347.007,67.717,195.881
248.710,348.815,67.320,194.331
245.658,351.359,66.877,192.072
232.753,349.587,65.704,189.521
231.402,352.532,65.138,187.620
227.691,355.286,65.278,184.311
223.408,352.887,66.871,180.787
219.196,338.376,69.806,176.614
216.754,329.468,73.018,172.909
219.602,318.524,74.494,168.520
226.846,307.848,75.262,165.321
244.363,297.562,74.593,166.037
250.079,283.773,74.070,165.912
269.051,267.861,71.085,167.174
283.687,258.230,69.395,166.764
288.610,255.901,66.515,167.786
293.786,258.817,63.870,168.735
297.560,261.381,61.886,169.434
299.489,263.407,60.321,170.648
301.461,266.256,60.010,172.417
300.718,268.776,60.582,173.030
298.842,275.349,61.539,174.099
296.364,284.801,63.071,173.796
292.476,289.818,64.842,173.597
289.690,292.274,67.650,172.214
288.932,294.366,70.000,170.175
289.607,295.377,71.742,167.732
292.570,293.817,72.937,164.552
295.228,290.801,72.603,162.751
296.149,290.172,72.260,162.076
297.095,291.728,70.689,163.013
298.291,293.255,68.914,163.708
301.534,295.825,68.131,164.151
304.808,297.217,67.202,164.495
318.792,294.842,65.498,165.145
332.510,292.378,64.115,166.079
339.128,288.933,64.005,167.574
352.709,289.195,63.823,168.299
356.310,289.686,65.960,167.400
359.914,290.579,68.293,165.523
364.185,290.182,70.157,164.543
370.113,289.678,70.740,164.341
375.399,296.369,70.859,164.201
375.020,299.519,71.506,163.895
369.232,299.694,70.540,164.565
365.632,306.164,68.894,165.196
366.873,307.923,67.540,164.901
371.367,311.404,65.169,166.254
376.940,317.894,62.775,166.708
385.180,321.378,61.446,165.721
391.067,323.831,60.214,164.951
395.435,325.358,58.906,166.360
400.441,332.591,59.588,166.709
403.838,334.651,59.908,166.878
405.058,330.629,61.757,167.166
403.028,327.465,64.112,167.698
388.065,328.156,68.127,165.707
368.226,327.009,70.263,164.993
350.829,329.205,70.743,165.381
335.313,330.574,71.042,165.458
316.442,327.117,72.782,166.058
302.607,317.741,70.808,168.713
287.967,309.761,67.794,172.459
283.675,308.646,64.945,175.425
268.024,311.166,62.885,179.785
265.930,318.592,61.207,184.031
261.549,326.294,60.238,185.330
258.572,334.728,60.134,184.436
252.345,340.449,60.210,183.966
249.695,351.648,60.749,183.407
250.164,365.122,61.209,178.276
249.114,366.920,64.336,173.796
253.573,363.957,68.140,168.309
257.656,349.304,70.324,162.601
255.795,338.331,71.991,158.627
250.729,335.299,72.249,156.198
232.605,329.798,71.595,154.141
213.326,325.379,70.218,154.511
210.485,322.684,67.747,155.591
208.927,312.924,65.365,153.627
211.267,305.446,63.170,153.148
213.510,303.150,62.894,153.349
216.524,301.373,62.937,152.341
232.976,294.083,62.466,150.319
249.148,289.875,62.362,148.740
263.811,281.929,62.845,148.126
267.048,278.200,65.666,146.967
279.513,273.342,68.349,146.934
291.373,274.278,70.263,149.412
291.270,275.383,73.518,150.882
303.425,274.481,75.351,152.777
306.057,280.476,75.515,154.108
306.681,288.046,74.976,154.871
306.040,296.281,74.553,154.724
308.216,302.362,73.590,154.522
307.974,304.744,73.188,154.609
306.970,307.341,72.511,153.724
307.167,308.798,70.776,153.847
309.674,303.379,67.380,154.905
325.369,297.242,63.937,154.630
337.952,289.470,61.894,156.813
351.231,286.253,60.378,159.757
363.776,283.780,60.443,161.609
374.612,282.870,61.501,162.558
385.166,285.581,61.937,163.694
386.899,290.428,63.747,163.053
400.542,292.537,66.995,158.644
411.753,291.804,67.236,155.304
410.060,287.147,67.684,152.289
410.605,284.989,67.273,150.854
412.148,292.125,66.138,149.465
413.628,299.818,64.738,147.813
425.977,293.885,60.286,150.461
425.896,292.285,56.843,151.855
425.736,292.216,55.238,151.124
427.800,295.999,52.861,149.904
428.228,300.953,52.111,149.816
426.571,303.916,52.134,152.467
424.831,306.710,52.538,154.414
411.564,311.803,54.547,152.268
397.713,315.264,56.400,151.172
381.964,321.482,56.817,148.824
366.913,327.337,57.882,148.309
361.207,330.739,58.902,148.077
344.197,333.645,60.743,147.107
337.633,334.227,62.162,146.716
330.620,334.764,64.587,145.432
322.346,337.618,66.125,144.583
316.263,338.069,65.544,144.706
311.202,339.586,63.912,145.466
305.814,342.917,61.484,147.175
304.184,347.491,59.360,149.998
303.425,349.619,58.534,150.902
301.995,344.526,58.442,148.637
300.023,339.599,58.424,145.963
301.299,337.018,58.635,146.980
301.357,332.355,59.268,148.160
302.127,327.670,60.324,148.306
299.276,323.714,61.610,148.310
294.974,320.785,62.371,148.550
290.452,320.717,61.530,149.427
285.027,320.262,61.088,149.749
278.866,317.166,60.238,149.100
271.889,317.622,58.722,150.435
254.883,321.425,57.372,150.893
248.978,324.224,55.416,151.838
236.529,324.858,54.189,151.496
222.831,320.646,53.466,150.424
215.700,318.685,52.523,149.122
202.612,320.700,52.121,150.080
187.993,317.076,52.263,150.346
182.694,315.412,51.754,150.845
175.683,315.550,52.350,149.312
160.313,317.758,54.256,148.576
154.776,317.824,54.975,149.142
148.007,315.641,55.877,150.823
140.490,317.932,57.948,150.060
133.734,316.124,60.284,149.405
126.972,312.886,61.933,147.854
111.862,309.965,63.393,149.383
106.028,309.850,67.160,149.157
101.231,309.108,69.850,147.735
97.930,304.606,71.421,148.338
95.875,306.429,71.949,148.986
93.088,308.111,71.478,150.557
92.369,308.477,68.022,155.014
90.974,307.326,64.794,158.887
91.445,310.193,65.103,159.396
91.613,314.980,65.516,159.202
104.301,318.539,65.379,160.271
107.514,314.654,65.609,162.301
119.568,317.386,64.345,162.126
122.296,312.921,64.380,162.297
126.784,311.720,63.671,161.372
138.132,313.948,62.735,159.882
142.021,313.707,62.959,157.475
145.710,314.227,61.692,155.436
149.840,312.646,60.314,154.692
154.765,309.032,58.862,155.747
156.082,306.043,57.438,156.193
158.089,303.376,56.405,156.212
159.338,300.075,56.123,156.311
161.810,299.143,56.332,157.704
163.050,297.303,56.718,158.705
165.907,296.454,57.843,159.909
168.203,296.496,58.904,159.762
171.534,297.109,61.125,157.704
170.809,300.904,62.681,157.425
170.723,302.789,64.498,156.367
171.679,304.583,66.097,155.530
174.224,307.138,67.350,154.413
176.414,309.493,68.295,153.044
180.410,308.787,68.168,152.626
186.416,309.502,66.374,153.374
190.614,312.491,64.693,153.197
193.131,314.496,62.658,153.292
196.453,314.395,61.233,154.029
200.371,313.301,59.087,154.841
202.910,317.154,57.487,154.637
203.160,319.776,56.332,154.189
204.965,319.904,55.577,154.895
206.628,319.122,57.026,153.387
206.898,321.599,59.097,151.983
206.451,326.513,60.585,150.506
204.253,326.659,62.016,149.638
204.561,328.729,63.190,148.807
204.947,333.954,63.760,148.911
207.561,335.761,64.122,148.340
209.210,333.617,63.476,147.953
211.325,330.298,62.672,148.114
215.061,331.563,60.646,147.985
218.990,328.504,58.448,149.409
223.612,320.836,56.567,149.353
227.837,313.939,55.024,150.710
232.505,309.297,53.081,154.456
237.256,306.969,52.447,157.064
238.337,308.792,53.000,158.978
238.855,307.894,54.992,159.817
239.278,303.471,57.474,161.588
237.366,305.505,59.630,162.366
236.780,308.088,62.168,162.597
235.619,308.708,64.147,162.499
233.225,305.606,67.877,163.157
232.266,306.402,70.370,161.700
231.579,307.805,71.564,161.542
229.009,300.591,71.401,161.634
228.792,295.073,70.839,160.471
225.493,294.690,69.514,162.010
221.969,295.579,67.996,164.054
222.391,286.238,65.211,167.818
224.047,284.875,62.452,170.622
233.330,283.062,60.518,173.215
242.483,284.564,59.422,174.027
250.938,286.802,58.476,176.483
251.738,291.226,58.642,177.613
261.255,295.670,60.048,175.832
266.209,298.769,61.406,172.355
280.399,298.284,63.300,169.922
284.380,296.441,65.799,167.055
297.555,295.331,66.419,165.594
299.851,292.226,67.654,163.685
312.262,285.998,66.482,162.909
312.816,287.524,64.363,161.980
313.876,289.185,61.861,161.246
315.128,289.891,59.719,158.503
324.595,291.231,58.426,154.482
322.735,290.018,57.275,151.252
319.966,292.641,56.134,150.269
317.925,293.224,54.941,151.021
306.165,296.312,56.676,147.845
296.723,292.888,59.059,145.663
287.186,299.715,61.685,141.346
286.245,289.892,63.992,140.177
274.537,288.304,66.474,137.721
264.442,287.709,67.410,137.519
262.577,291.659,68.503,138.903
262.460,286.068,70.214,137.749
261.126,276.201,70.579,139.436
258.625,277.931,70.691,140.503
258.076,278.808,70.129,141.716
257.690,282.770,68.541,142.725
257.518,285.306,66.189,143.647
258.337,286.495,63.693,146.255
261.561,286.003,61.579,147.948
263.092,289.695,60.771,148.916
263.046,293.276,60.359,149.320
262.154,313.819,61.333,146.467
251.716,322.583,60.352,143.951
254.009,324.611,60.218,143.048
252.597,333.346,61.990,139.043
251.496,333.736,63.914,136.698
251.072,329.759,65.241,134.821
251.300,326.372,66.630,134.042
249.801,324.101,67.510,134.604
248.781,318.503,67.489,134.595
248.279,313.587,67.222,134.531
248.605,313.816,65.860,134.045
249.146,303.810,64.385,134.403
249.512,299.707,62.298,135.112
250.780,294.428,59.457,137.732
252.553,281.277,57.320,141.427
255.824,281.463,55.597,144.316
259.548,281.760,54.493,146.561
262.771,273.114,53.961,149.278
263.851,275.823,54.659,151.392
262.366,278.523,56.055,151.883
260.793,278.764,59.457,151.257
269.944,267.730,61.032,152.822
267.777,268.858,63.573,150.619
268.653,272.432,65.728,148.415
271.046,276.944,65.464,148.203
272.700,276.164,65.121,146.296
273.514,271.716,64.642,143.718
274.904,268.849,63.647,140.629
276.226,269.482,62.295,138.271
277.734,270.825,59.926,138.203
289.075,276.797,57.408,138.450
289.332,281.006,55.362,138.053
300.677,276.284,52.926,139.404
299.229,269.481,51.510,141.481
276.103,271.706,50.815,141.127
263.439,285.936,50.602,141.691
250.348,290.476,50.431,142.521
248.589,283.843,50.024,145.118
224.060,287.801,50.482,144.852
199.787,276.776,50.812,147.372
187.489,265.596,50.792,148.929
187.661,278.551,50.489,152.099
185.018,285.446,51.112,152.539
170.632,281.118,51.656,154.395
157.633,277.253,51.549,156.330
154.642,284.164,51.714,156.672
143.634,276.565,52.060,156.744
145.084,270.292,52.274,157.036
147.013,266.351,52.548,155.575
148.541,271.484,53.071,153.510
148.529,258.484,53.435,154.006
150.376,257.227,53.080,154.288
152.701,256.939,53.357,154.774
153.988,257.246,53.174,153.947
155.440,256.562,53.573,151.976
156.739,253.367,53.949,151.809
155.597,249.153,55.188,151.295
157.210,244.253,55.625,152.771
157.977,250.575,56.167,153.834
160.127,249.356,56.789,154.517
160.552,260.916,57.142,153.901
162.454,260.126,57.366,153.468
163.323,259.859,57.298,153.899
164.147,264.044,57.449,152.083
164.413,265.286,57.817,150.629
163.179,277.683,57.574,147.490
153.197,276.770,57.314,146.294
156.209,286.231,56.617,145.396
156.315,287.981,56.134,143.175
157.860,297.841,55.364,141.115
158.541,309.330,54.447,140.000
158.646,316.305,53.122,138.442
158.598,318.931,52.675,136.824
158.885,318.641,52.299,135.916
168.015,318.873,51.648,135.899
166.576,320.183,51.118,135.030
165.477,319.931,50.573,135.836
166.573,319.770,50.340,134.886
168.258,317.326,49.828,134.431
170.776,313.782,49.328,134.003
180.573,309.523,48.886,133.673
188.526,305.495,48.630,133.571
189.334,303.091,49.316,133.951
190.914,297.088,49.846,133.796
192.835,301.862,49.714,133.504
202.928,298.356,48.722,133.366
202.800,292.236,47.793,134.459
202.580,284.104,47.587,136.519
202.653,276.582,47.083,138.126
204.160,270.156,47.172,139.256
