110.000,111.000,37.000,116.000
112.937,110.363,37.266,114.829
113.006,108.975,37.583,114.783
113.695,110.313,37.681,113.373
112.054,110.178,38.053,112.158
112.379,113.541,37.780,110.056
112.533,117.337,37.422,109.029
112.066,115.258,37.186,108.695
112.055,113.988,36.956,107.953
113.822,112.696,36.602,107.315
115.235,113.277,36.352,107.515
118.335,115.126,36.133,106.778
120.208,117.311,35.550,105.617
123.756,119.436,34.731,104.481
123.172,119.459,34.410,103.203
124.301,118.282,33.816,102.436
124.826,117.559,33.496,102.888
123.857,119.184,33.199,101.893
121.967,121.431,33.201,99.883
118.962,122.266,32.804,99.050
115.138,123.963,32.477,98.043
112.365,124.328,32.157,96.578
109.959,123.757,31.801,95.550
107.580,123.534,31.546,94.686
106.938,121.570,31.469,94.567
105.657,122.526,31.234,94.010
105.699,122.836,30.887,93.256
105.162,124.695,30.542,92.813
104.278,123.410,30.055,92.234
101.733,119.375,29.773,92.071
99.958,116.575,29.535,91.202
98.870,114.430,29.400,91.229
97.830,114.477,29.187,89.796
96.948,113.893,28.829,88.662
97.142,112.539,28.192,87.143
99.798,111.899,27.817,86.520
99.657,111.046,27.607,86.002
99.459,107.031,27.388,85.159
97.510,105.297,27.091,83.902
96.310,105.252,26.875,82.737
90.558,104.886,27.581,81.341
81.081,105.851,27.489,81.206
77.332,106.682,27.314,80.696
76.222,105.109,27.177,80.151
77.090,108.095,26.956,80.249
76.191,113.046,27.036,80.233
65.159,113.642,27.969,79.257
68.623,113.216,27.648,78.293
70.210,107.118,27.270,76.651
71.496,98.417,26.323,74.129
72.586,94.133,25.859,73.188
74.789,91.837,25.261,72.753
83.166,91.685,24.734,74.067
85.521,103.968,24.747,76.238
95.069,121.543,24.841,77.399
105.017,131.574,25.154,77.706
107.187,133.752,25.313,77.684
114.185,127.342,25.368,77.239
122.746,108.083,26.018,75.806
131.134,103.048,26.236,76.699
132.848,104.308,26.847,77.608
133.689,110.519,26.515,79.424
134.363,123.967,26.468,79.980
121.957,138.627,26.749,78.911
103.082,148.047,26.471,78.717
103.328,137.283,26.456,77.041
96.374,122.692,25.995,73.809
94.088,118.465,25.770,72.167
93.473,115.209,25.971,72.556
91.586,118.855,26.003,72.920
93.358,126.440,25.593,73.771
103.474,134.956,25.419,74.407
106.205,131.073,25.600,73.762
120.377,114.109,25.387,72.588
129.738,104.560,25.714,71.781
138.296,92.273,25.575,71.883
137.964,89.529,25.992,72.581
136.174,99.461,26.215,72.141
130.827,115.502,26.292,72.271
124.235,120.944,25.882,73.139
98.500,124.306,25.866,74.405
98.188,116.856,25.929,72.037
89.254,107.569,25.863,71.914
89.775,105.715,26.262,72.565
92.952,113.691,25.493,74.473
93.927,118.205,25.064,74.828
108.809,124.781,24.847,74.855
119.093,126.870,24.504,75.549
121.199,122.925,24.207,74.194
130.261,111.184,24.360,73.035
137.976,108.812,24.587,73.040
139.020,108.064,24.911,73.191
138.703,114.517,24.708,73.762
141.145,127.454,24.521,73.770
136.432,134.867,24.451,73.769
122.422,132.510,24.739,73.203
122.398,126.019,24.568,71.728
120.319,122.384,24.508,70.860
117.527,119.037,24.762,71.549
114.643,118.931,24.791,72.261
113.376,119.915,24.598,73.235
115.802,121.860,24.346,74.112
119.259,128.246,24.324,73.813
119.626,131.102,24.262,74.936
116.154,130.518,24.662,74.358
114.281,117.437,24.616,72.824
116.621,114.684,24.333,72.433
115.124,113.959,24.293,72.046
113.785,115.404,24.211,71.534
115.618,123.372,24.060,71.342
107.243,125.801,24.072,71.573
92.292,117.008,24.138,72.132
94.392,103.590,24.231,70.917
80.326,87.343,24.232,70.842
72.470,84.851,24.620,70.448
70.180,85.629,24.403,70.523
69.354,92.568,23.944,71.843
77.795,100.300,23.699,71.461
105.126,115.282,23.836,71.881
119.532,114.498,23.906,72.511
128.118,111.940,23.980,71.708
159.068,99.693,24.006,69.586
179.957,102.515,23.895,69.831
183.629,110.482,23.404,70.108
190.285,117.632,23.488,70.685
189.397,123.201,23.432,71.787
183.233,127.950,23.233,72.780
152.749,133.364,23.098,73.443
144.769,128.386,23.320,73.603
132.779,117.647,23.878,73.059
125.938,116.685,23.931,72.715
123.279,116.665,24.027,72.581
117.471,119.168,24.001,71.960
120.249,122.874,23.846,73.086
127.540,129.670,23.967,73.963
128.946,131.447,24.038,73.543
136.084,118.378,23.922,73.155
136.770,105.666,24.025,72.554
146.004,96.476,24.698,70.290
148.468,91.802,24.491,69.025
150.266,90.605,24.434,69.737
151.360,96.867,24.135,70.084
138.383,107.034,24.104,69.958
125.265,108.602,24.513,69.228
117.209,105.516,24.552,70.098
115.904,93.816,24.175,70.294
110.227,88.875,23.840,70.802
118.165,88.037,24.015,70.967
122.436,92.079,23.837,71.000
126.722,95.784,23.507,70.918
135.705,101.014,23.302,71.400
143.414,107.291,23.306,72.453
145.992,111.892,23.373,72.237
154.066,103.393,23.288,71.819
157.006,98.860,23.006,71.085
156.574,95.278,23.154,71.207
153.902,95.924,23.364,71.931
148.753,104.523,23.126,72.743
141.324,116.195,22.915,72.535
121.455,120.281,22.928,72.211
116.157,113.211,23.022,71.119
109.639,104.597,23.076,71.181
108.310,96.008,22.955,71.378
117.594,95.553,22.711,70.905
125.469,99.221,22.854,71.107
140.913,109.093,23.121,69.749
149.549,110.985,23.127,70.570
158.062,116.014,23.090,70.321
165.705,110.935,22.849,69.832
179.317,93.287,22.482,69.602
187.060,89.252,22.603,69.261
181.058,90.423,22.687,69.893
180.126,94.283,22.619,70.242
178.302,103.696,22.801,70.099
159.925,106.603,23.000,70.446
151.866,108.738,23.246,70.733
132.837,100.221,23.409,70.358
118.662,91.395,23.685,71.093
117.175,90.841,23.718,71.175
116.261,95.536,23.754,71.515
119.608,101.102,23.652,71.392
129.730,110.647,23.804,70.168
150.250,115.849,23.198,70.587
159.609,113.083,23.178,69.703
167.198,106.972,23.053,68.499
181.240,96.743,23.292,67.613
181.877,94.276,23.074,68.664
173.994,99.229,23.048,69.609
171.909,104.606,23.264,70.586
158.932,117.133,23.324,71.082
140.189,119.627,23.261,69.354
126.742,116.188,23.277,69.719
109.190,99.968,23.181,68.909
99.337,89.301,23.778,69.748
98.063,87.281,23.715,70.146
100.369,88.732,23.421,70.364
104.408,90.323,23.141,69.923
113.934,98.279,22.777,69.401
123.823,99.802,22.748,67.847
137.303,87.464,22.759,67.941
150.010,74.820,22.307,67.553
157.013,71.411,22.421,67.672
157.900,67.551,22.362,68.226
155.009,68.412,22.602,68.436
148.749,84.774,22.368,70.819
131.289,100.818,22.278,70.748
107.405,109.710,22.316,70.336
104.341,110.461,22.678,69.586
89.794,102.799,23.106,69.656
74.948,99.030,23.476,70.188
78.353,100.718,23.223,69.247
77.910,102.592,23.549,68.341
88.327,109.416,23.043,66.493
96.031,109.112,22.562,65.807
99.816,109.162,22.128,64.707
114.765,96.757,21.879,63.969
134.130,78.157,21.706,62.465
148.014,71.343,21.370,62.260
149.229,75.276,20.941,63.304
150.555,82.888,20.632,64.293
144.723,95.479,20.457,66.272
121.292,99.861,20.526,65.998
108.010,99.156,20.743,66.326
89.029,87.329,21.000,66.071
75.907,85.571,21.295,65.112
67.703,84.061,21.637,65.036
66.128,87.752,21.806,65.017
68.272,97.594,21.698,64.403
86.134,102.103,21.519,64.060
99.529,100.324,21.281,63.135
103.432,100.200,21.223,62.107
125.442,93.764,21.003,61.520
147.218,82.973,20.853,60.550
152.794,78.072,20.815,61.084
147.999,86.950,20.178,63.407
137.114,102.307,20.166,64.001
126.324,108.204,19.906,66.023
100.219,114.736,19.854,66.015
94.137,113.996,19.609,65.938
83.355,105.948,19.307,65.954
81.463,99.718,19.441,66.441
87.693,94.764,19.345,65.804
94.282,93.954,19.433,65.218
101.269,97.472,19.671,63.809
118.537,100.448,19.507,63.883
119.184,95.127,19.429,63.217
121.715,92.552,19.619,62.620
133.481,82.176,19.195,62.468
139.528,76.272,18.776,62.154
141.020,71.454,18.406,61.935
