163.000,44.000,47.000,164.000
163.697,40.210,51.720,164.037
163.877,36.950,55.541,165.195
162.923,32.584,57.290,167.469
161.894,33.131,58.135,168.759
161.582,31.972,58.900,170.737
160.137,25.254,58.251,176.305
159.934,22.167,57.375,182.391
159.925,17.003,55.700,188.858
159.789,10.001,52.468,201.096
160.105,3.350,50.488,211.215
159.520,-1.735,50.109,218.938
160.109,-0.816,50.785,222.845
160.338,-0.574,52.002,225.130
160.067,0.325,53.458,227.169
160.861,4.554,55.735,225.904
161.744,9.981,57.806,222.851
160.758,16.963,59.685,218.388
160.582,19.751,61.018,215.453
160.355,33.940,62.835,206.737
161.303,47.149,65.523,198.029
161.915,51.302,67.280,192.769
161.523,54.261,68.768,187.157
161.563,58.086,70.665,181.031
160.192,57.705,72.445,175.493
158.256,60.250,73.663,171.281
157.833,62.388,73.705,168.189
154.206,65.269,73.729,165.597
149.001,63.716,74.561,162.628
142.810,64.786,75.716,159.536
136.816,63.816,76.313,157.757
130.185,61.354,77.008,155.927
125.040,57.128,78.633,154.959
123.612,53.625,80.717,155.563
122.765,52.061,81.079,156.034
124.920,48.370,81.372,156.980
126.301,46.333,82.897,158.586
127.581,40.298,83.504,161.482
128.832,33.223,83.336,166.472
132.121,28.739,84.471,170.293
134.540,35.188,84.088,168.438
136.113,45.065,78.439,162.666
138.635,49.808,73.889,157.358
137.928,54.337,68.854,151.891
140.395,55.835,63.980,148.911
142.590,57.504,60.366,145.387
145.698,60.024,57.367,144.266
143.085,65.344,56.437,144.891
142.071,68.287,56.762,144.760
142.076,69.717,58.207,144.258
141.249,72.201,60.208,144.095
140.897,74.416,61.915,144.124
139.576,75.577,62.892,144.101
138.147,77.200,63.861,144.138
137.791,78.494,64.597,144.004
135.558,80.526,64.822,143.983
133.000,82.251,65.399,143.967
128.953,81.550,65.534,145.041
124.570,80.384,65.938,146.029
119.206,77.865,65.610,147.355
111.258,75.157,66.272,147.360
107.399,71.780,66.496,149.130
101.182,68.170,66.995,151.784
97.294,65.431,68.647,154.586
94.145,65.042,70.404,158.505
91.263,66.524,72.665,161.948
92.665,68.262,75.015,165.441
92.016,70.875,77.682,166.756
91.052,70.662,79.618,167.593
88.675,74.178,80.050,166.869
90.403,72.966,79.814,165.932
93.591,72.304,78.311,162.008
97.322,70.155,76.154,158.870
99.068,69.155,74.515,155.072
100.084,71.341,73.567,152.695
101.186,64.877,72.866,149.620
101.812,63.914,72.121,147.410
105.582,59.962,70.270,144.703
106.223,63.389,69.761,141.490
106.937,63.645,69.430,137.686
107.593,67.341,69.054,134.770
107.831,69.534,67.641,132.601
111.273,71.834,65.309,131.089
112.597,76.288,65.853,126.943
114.007,76.972,65.486,123.547
115.697,77.767,64.973,120.730
115.591,78.426,64.549,118.141
118.521,79.625,63.756,116.299
120.999,79.227,63.029,114.591
123.442,78.117,62.080,113.116
125.649,77.152,61.254,112.421
127.402,79.289,60.516,111.523
127.088,80.121,60.191,110.413
127.687,82.606,60.005,109.770
128.248,86.605,59.840,108.763
126.330,92.871,60.570,107.571
125.898,95.514,60.935,107.084
129.611,98.213,61.083,108.669
132.876,99.515,62.205,110.621
135.593,100.427,64.204,111.670
138.350,99.969,65.945,114.098
140.491,97.556,69.397,116.251
141.761,97.298,71.824,117.770
145.158,92.522,71.691,121.121
148.030,89.282,72.396,124.215
149.991,88.470,73.819,124.716
153.547,88.926,74.022,123.347
155.416,87.058,70.790,122.764
156.353,86.766,68.329,121.570
155.718,89.421,66.552,119.726
154.585,91.970,65.354,117.505
154.098,91.743,63.837,115.631
150.583,92.726,63.644,114.784
145.558,93.518,66.153,114.737
147.720,93.829,65.872,117.834
146.771,93.505,65.986,119.494
144.495,92.834,66.906,120.221
142.978,91.622,66.681,119.834
141.722,90.663,66.688,119.945
142.072,92.691,67.017,118.043
140.652,92.613,66.461,115.490
139.572,92.010,65.203,114.466
139.340,90.788,63.835,113.969
138.462,87.105,62.318,114.511
137.073,85.509,61.455,113.718
136.631,84.223,61.379,113.296
135.484,83.663,62.001,113.331
131.276,84.954,63.913,114.245
129.744,87.558,64.677,114.851
131.739,88.255,64.833,115.627
131.693,89.072,65.593,116.416
130.286,88.428,65.909,118.007
130.579,86.087,65.381,118.589
139.695,83.375,59.887,124.875
142.496,85.076,60.565,123.485
144.751,87.303,62.423,122.501
144.019,87.657,64.468,121.522
145.798,83.786,64.269,124.581
148.563,80.345,66.257,126.834
149.188,78.829,68.873,128.568
148.292,77.457,71.187,130.176
147.069,75.724,71.315,131.791
139.414,78.436,73.128,131.017
131.244,79.587,72.974,131.216
122.332,79.193,71.692,132.815
108.189,81.687,73.731,129.987
101.301,80.841,73.873,127.972
97.251,82.510,73.481,125.652
95.646,85.826,72.610,123.521
96.302,87.295,71.895,122.402
96.183,88.173,71.541,122.268
97.005,88.915,71.348,122.496
97.924,89.341,71.232,123.277
98.661,89.914,71.300,123.745
100.734,92.484,72.131,124.087
102.332,95.505,72.745,124.715
104.273,98.037,73.420,125.657
106.098,98.716,74.074,126.918
108.214,99.588,74.305,127.114
108.782,98.845,75.511,126.530
110.010,96.242,76.110,126.048
115.998,90.298,74.185,127.087
117.778,87.891,76.142,126.419
118.365,88.372,77.624,124.325
117.239,87.895,78.021,122.393
116.557,89.866,77.641,120.026
114.851,90.476,77.709,116.793
113.957,90.923,76.966,114.166
113.251,91.644,76.255,112.051
112.463,91.389,75.186,108.341
108.569,92.188,73.538,105.482
104.587,93.559,72.239,103.733
100.884,94.656,70.415,103.595
96.097,99.654,69.732,103.967
93.347,102.794,68.921,104.426
90.614,104.512,68.615,105.135
89.116,107.412,68.898,105.458
87.526,108.398,68.549,105.050
87.088,109.013,67.745,105.492
89.473,108.615,67.453,105.351
92.019,107.844,66.537,104.504
94.507,106.493,66.135,103.727
95.932,101.459,62.279,108.499
97.255,96.229,58.867,112.291
99.728,90.606,55.635,117.241
100.682,84.301,53.492,121.878
101.565,77.984,52.185,125.633
100.879,71.600,51.442,129.716
97.847,67.510,52.136,132.576
93.492,63.681,53.322,135.047
89.599,63.383,54.772,136.191
76.585,61.834,55.376,136.619
75.255,62.596,56.091,137.601
71.783,63.529,56.885,137.776
69.044,66.067,57.391,137.266
64.758,67.756,57.794,136.053
62.633,67.380,57.488,136.292
65.253,69.113,57.177,134.542
68.267,70.160,56.977,132.908
70.039,72.400,56.826,131.255
71.377,74.537,56.942,129.554
72.835,76.972,57.063,128.101
71.850,76.831,57.742,126.825
68.584,78.909,61.333,123.492
67.171,80.234,64.485,120.658
66.417,79.328,67.413,118.857
66.487,75.934,68.031,120.555
67.531,76.859,67.707,120.749
70.355,78.369,67.700,119.708
83.951,78.468,66.669,120.306
85.739,72.845,66.886,121.957
89.892,61.301,66.806,125.272
93.757,61.539,65.881,128.587
97.986,62.557,66.123,131.042
101.634,60.358,65.739,133.879
105.405,55.615,65.888,138.680
108.008,55.995,67.750,139.709
110.827,54.212,69.409,141.905
111.272,54.229,70.555,142.886
110.188,57.727,72.091,143.334
108.671,60.267,73.899,143.062
107.155,58.634,76.234,142.512
107.632,54.103,79.405,143.611
98.799,54.973,90.232,138.569
97.227,57.169,91.949,139.919
96.351,60.797,92.900,141.413
96.535,62.077,92.928,144.157
97.583,56.955,91.020,149.594
100.521,55.955,91.467,153.362
101.989,61.172,92.373,154.482
103.001,66.642,93.427,153.953
102.184,70.100,92.772,153.046
104.215,72.674,91.677,150.884
107.506,72.664,89.711,149.701
110.400,73.648,88.218,148.614
113.397,75.947,85.973,146.948
115.490,77.553,84.370,145.890
117.742,76.631,84.304,144.674
120.307,75.201,85.243,144.720
123.762,76.567,85.833,144.536
125.997,79.029,84.839,144.785
127.518,83.129,86.303,141.128
134.439,77.192,85.065,143.329
138.661,72.427,83.065,148.077
142.745,67.415,80.197,153.318
143.463,65.805,78.469,154.741
142.812,63.940,77.168,155.284
140.746,66.816,76.486,153.251
138.934,68.639,76.433,151.407
134.527,73.171,76.274,150.508
131.727,77.815,75.955,148.437
129.689,78.566,77.041,147.136
127.641,77.638,79.852,147.260
126.254,76.577,80.399,148.025
123.968,79.863,81.068,146.053
122.148,78.675,81.235,142.453
122.002,75.655,80.444,139.074
124.065,75.445,78.831,136.215
127.842,75.948,75.854,136.294
133.218,73.078,74.360,135.348
137.675,70.819,74.452,134.522
142.548,69.202,73.471,134.754
146.499,69.737,72.793,133.831
146.209,70.146,73.720,131.480
147.885,70.357,73.413,130.518
150.456,71.175,73.638,128.914
151.023,75.101,72.938,127.527
152.575,77.813,72.232,125.479
154.563,80.739,71.503,123.251
154.093,82.865,71.739,121.408
150.183,86.229,75.342,117.247
135.548,87.706,77.791,115.066
108.000,83.653,80.698,113.256
91.681,81.644,82.693,113.039
88.203,78.824,84.577,113.071
84.426,79.231,87.801,113.868
81.985,80.803,89.388,114.917
83.852,81.459,87.983,118.424
86.668,82.577,87.755,120.045
87.307,82.165,87.247,123.213
87.773,82.116,87.316,125.450
90.025,82.728,87.636,127.324
93.504,79.975,88.545,128.919
98.662,77.486,90.005,129.446
103.069,76.013,92.739,130.101
110.120,70.501,85.011,140.666
115.978,67.841,80.210,148.076
120.615,62.446,78.222,153.570
122.368,55.466,78.345,157.033
122.752,51.273,79.819,159.998
125.694,47.677,81.717,163.339
128.488,43.682,83.549,166.216
129.903,41.299,85.542,168.427
131.275,37.467,86.418,171.173
131.667,36.466,87.091,172.801
128.408,40.968,90.170,170.348
125.810,43.231,93.086,167.902
123.401,46.923,96.658,166.026
120.516,51.081,99.507,163.838
120.336,53.495,99.268,162.973
119.760,58.354,96.295,162.672
116.787,61.088,93.075,163.849
112.652,64.642,95.126,160.999
108.917,65.330,95.393,162.190
106.506,65.795,95.263,162.660
104.415,67.864,93.817,162.323
103.763,71.702,93.408,161.069
106.105,71.468,93.125,160.405
109.818,72.587,92.256,158.337
116.050,72.280,91.416,157.099
118.436,70.206,91.573,155.255
119.249,67.727,92.749,154.721
119.709,65.860,93.707,155.586
118.712,64.893,94.252,156.586
120.953,65.125,93.524,157.084
120.469,64.875,93.718,156.718
117.823,61.326,92.997,157.649
119.150,62.433,91.075,156.031
118.829,62.940,89.945,155.156
118.013,65.371,88.330,153.110
115.603,68.284,86.591,151.684
115.492,70.123,84.369,149.498
116.800,67.517,75.545,158.572
121.124,67.489,69.311,164.791
123.969,66.563,64.797,170.258
127.752,66.806,62.029,173.589
131.276,69.283,60.446,175.472
136.843,71.402,60.442,176.456
138.412,70.677,60.088,178.383
139.789,71.950,59.893,178.855
138.086,72.873,58.711,178.224
136.607,72.054,57.721,178.051
133.126,68.100,56.219,179.003
129.812,63.735,54.482,181.205
126.946,60.309,53.877,183.051
124.012,55.633,53.987,184.973
121.936,55.227,53.717,186.057
118.680,51.891,53.635,187.280
114.611,49.622,54.522,187.650
109.141,45.907,54.231,185.824
103.505,45.937,53.363,184.051
100.795,43.226,54.126,182.219
98.046,43.761,56.072,179.484
97.641,45.814,58.237,176.456
98.321,44.070,60.365,175.698
98.231,43.638,63.133,174.729
98.915,41.998,66.440,174.408
99.503,42.817,69.437,172.995
99.022,44.089,70.855,171.573
98.086,45.659,72.024,170.411
96.907,46.396,72.884,168.750
94.838,46.733,73.494,167.399
93.463,48.842,73.652,166.161
94.976,47.425,73.879,165.672
95.360,50.777,74.506,163.780
96.112,52.221,74.301,162.521
97.101,55.237,74.268,161.948
98.651,55.276,74.120,161.866
100.484,59.590,74.258,160.935
103.309,61.131,74.060,159.149
106.363,64.558,73.377,156.480
109.839,65.754,72.198,155.479
113.497,67.236,71.220,154.496
115.684,69.303,70.412,153.550
118.857,66.659,70.534,153.489
120.942,68.951,70.430,152.736
124.010,68.458,70.538,152.924
127.339,65.850,70.548,153.454
128.883,65.505,70.106,154.432
130.692,64.582,70.528,154.601
132.791,64.509,71.680,154.770
135.598,63.447,72.062,155.517
138.754,62.086,72.490,156.717
140.684,77.019,66.296,154.154
138.353,88.033,62.164,149.482
136.418,94.466,58.453,145.707
130.082,96.417,56.855,141.229
125.416,97.749,54.242,138.234
123.221,101.205,52.172,135.268
123.034,105.609,50.555,131.761
121.953,107.241,49.862,129.258
121.823,109.248,50.846,125.700
121.245,110.892,52.200,123.068
120.080,113.354,53.703,121.098
119.344,115.313,54.784,118.523
118.920,115.857,55.582,117.173
117.559,116.423,56.259,115.953
117.982,115.674,55.892,115.600
120.805,115.837,56.053,114.772
124.517,115.299,56.139,114.515
128.250,115.096,59.346,112.437
131.417,115.989,61.694,110.936
135.877,116.143,62.665,110.607
141.082,113.677,62.434,112.381
145.116,109.162,61.833,115.278
161.144,104.007,60.844,118.502
163.991,98.423,60.072,120.126
167.146,95.447,59.446,119.483
171.687,94.011,57.289,119.454
177.509,94.153,53.634,123.323
183.553,95.582,50.400,125.342
188.148,96.700,48.333,126.822
191.717,98.917,48.997,126.923
193.521,101.836,49.582,126.245
195.841,101.266,49.803,127.796
197.427,104.022,49.946,128.731
198.369,106.912,49.942,128.407
198.430,105.090,50.187,127.120
200.547,107.691,49.961,124.966
204.752,107.299,49.903,122.569
206.903,108.043,49.781,120.180
207.823,107.448,50.060,118.793
210.595,108.847,49.894,118.257
212.791,108.388,50.413,118.471
215.098,102.509,50.135,119.384
213.053,99.499,49.331,121.038
214.227,90.334,47.839,125.097
214.193,84.916,46.698,128.184
212.157,80.469,46.823,129.589
208.354,73.148,47.390,129.816
207.078,69.464,47.243,130.055
195.382,60.170,47.372,128.909
196.534,56.810,46.535,128.251
197.075,54.316,45.613,127.607
195.782,51.607,45.710,128.906
195.744,50.543,45.084,128.740
194.435,48.430,45.771,130.212
194.201,48.064,45.850,129.877
191.461,52.326,46.326,129.289
187.736,55.609,46.958,129.410
184.519,58.118,47.009,129.753
180.729,66.868,47.908,128.797
179.661,71.215,47.427,128.628
176.439,81.467,48.000,126.948
172.805,89.147,49.199,125.051
