162.000,188.000,34.000,84.000
160.951,185.581,33.932,84.760
161.225,183.503,33.832,85.655
160.978,183.439,34.772,85.992
159.909,181.638,35.715,86.584
159.463,181.551,36.358,87.262
158.827,180.594,37.435,87.981
157.950,179.828,37.433,88.648
157.429,179.364,38.417,89.050
155.609,179.813,38.715,89.395
156.075,180.049,38.187,89.837
155.941,181.936,37.442,90.113
156.447,182.122,36.450,89.724
157.265,183.588,36.063,89.217
157.496,183.103,35.517,88.625
158.918,184.419,35.292,88.480
158.893,185.271,35.761,87.861
158.250,186.218,36.227,87.241
158.360,187.598,36.065,87.444
158.649,189.368,36.045,86.954
159.338,189.855,35.405,86.849
161.064,190.103,34.677,86.677
162.257,190.864,34.231,85.801
161.290,192.041,34.256,84.007
161.141,192.483,34.268,83.157
160.662,192.817,34.909,81.968
161.049,192.830,35.371,81.156
162.425,193.513,35.647,81.401
163.804,194.463,35.935,81.805
165.906,195.673,35.443,82.585
167.600,196.840,34.857,83.150
166.982,196.332,34.866,83.661
166.802,196.709,34.864,85.271
165.950,195.328,35.010,86.685
165.441,194.786,35.418,86.265
164.179,193.431,36.590,85.147
163.828,192.425,37.606,83.680
162.156,191.846,38.637,83.186
160.396,192.000,39.105,83.258
159.066,192.468,38.994,83.518
157.222,193.928,38.666,83.337
157.348,194.698,38.318,82.909
155.790,194.733,39.197,81.454
155.085,195.426,40.122,80.896
153.863,196.630,41.392,80.164
153.173,197.201,42.321,79.115
152.006,197.282,42.147,79.326
150.943,198.024,41.722,80.094
149.882,197.924,41.140,80.361
149.124,196.984,41.303,80.348
147.785,196.549,42.077,80.568
146.281,195.829,42.420,81.096
146.345,194.011,42.434,81.561
146.983,192.637,41.751,81.876
147.102,189.675,40.528,82.565
148.014,188.111,39.335,83.164
148.031,187.756,39.374,83.658
148.357,188.376,40.340,83.120
146.899,186.756,40.251,83.979
144.486,185.188,40.339,84.537
141.954,186.078,40.290,86.489
140.422,185.589,40.165,87.098
139.658,185.090,39.755,88.197
137.973,186.096,39.197,88.127
136.941,186.844,39.611,88.248
136.739,187.181,39.757,88.746
137.178,188.190,39.920,88.660
137.656,188.654,39.734,88.568
137.960,188.212,39.682,88.660
137.811,187.290,40.103,88.657
137.597,185.814,40.855,88.299
137.363,185.767,41.804,88.386
136.414,184.848,42.894,88.986
135.067,183.367,44.198,89.523
141.448,191.445,44.047,91.003
142.194,189.310,44.468,92.033
144.673,189.280,42.599,95.289
146.012,190.294,42.235,95.344
153.935,182.713,42.501,94.796
156.116,182.749,42.067,95.145
159.876,182.985,40.335,96.782
162.800,182.398,39.011,97.597
169.789,183.901,39.796,96.055
170.261,183.870,40.224,95.269
178.414,185.119,40.381,95.062
180.868,184.161,39.960,96.122
184.540,183.648,38.123,98.720
186.958,183.418,38.304,98.744
189.137,183.277,38.885,97.449
190.676,182.408,39.902,96.415
192.527,182.395,41.383,95.066
193.878,183.026,42.537,95.199
195.308,182.688,43.323,95.140
195.953,183.119,44.302,95.532
195.267,184.256,44.953,95.052
195.402,185.032,46.030,94.447
195.619,185.317,47.592,93.973
196.056,185.837,48.387,93.683
195.212,185.897,48.835,93.711
195.520,185.161,48.866,93.698
195.715,184.334,48.930,94.288
195.923,183.734,48.677,95.263
196.362,182.489,48.422,96.275
196.755,182.308,47.984,96.914
197.797,182.662,47.907,97.299
199.518,181.641,47.513,98.109
200.684,180.341,48.101,98.295
200.591,179.519,49.136,98.786
201.461,177.913,49.796,99.952
202.734,175.052,50.261,101.590
204.333,173.403,51.012,102.700
205.289,171.025,51.553,104.336
206.581,169.815,52.524,105.829
208.578,168.325,53.210,107.776
209.789,165.868,53.669,109.677
211.323,164.675,54.234,111.240
213.497,162.942,54.789,112.887
214.701,161.766,55.379,113.847
216.509,162.302,55.417,115.071
216.673,161.506,55.887,116.119
218.229,160.934,56.159,116.581
219.076,159.972,56.730,117.670
220.145,158.781,57.120,118.628
220.208,157.453,57.683,119.313
219.962,157.069,58.690,120.155
219.540,157.683,59.304,120.400
219.528,157.506,59.905,119.161
219.042,157.040,60.242,119.750
218.821,158.072,60.227,120.044
219.255,157.991,60.042,119.272
219.917,152.102,59.887,119.103
219.534,153.450,59.772,120.510
219.840,153.981,59.484,120.827
218.639,154.731,59.503,120.571
219.184,155.084,59.420,120.723
219.040,155.161,59.281,120.939
218.729,155.151,58.982,121.053
218.059,155.314,58.975,121.037
217.685,155.079,59.281,121.278
218.148,153.862,59.320,121.404
218.034,153.887,59.303,121.226
218.876,153.465,59.440,121.978
219.004,153.650,59.528,122.326
219.438,153.430,59.751,122.988
218.556,152.394,60.046,123.358
218.367,152.521,60.132,123.696
218.192,152.033,60.226,123.479
217.722,153.209,60.175,122.443
217.710,153.962,60.438,122.505
218.104,153.320,60.550,122.601
217.452,152.348,60.997,122.695
217.922,151.966,61.932,122.282
218.919,150.017,61.536,122.881
219.661,151.872,61.236,122.206
220.619,153.563,60.413,122.001
221.582,153.508,59.669,121.939
222.542,154.846,58.231,121.211
223.611,155.434,57.499,119.651
233.407,157.933,56.777,120.409
231.991,159.027,56.246,120.476
232.645,157.786,54.297,123.551
232.598,158.235,52.795,125.188
233.699,154.131,50.896,126.701
233.414,151.876,49.687,127.063
233.508,151.934,48.257,128.796
232.584,150.243,47.536,129.664
232.440,148.436,47.243,128.833
231.861,147.646,46.804,130.053
232.600,147.644,46.020,130.575
223.166,148.951,45.748,130.544
223.958,149.919,45.349,130.820
224.179,149.710,45.001,131.323
225.469,150.327,45.026,131.840
228.991,152.018,44.476,131.369
232.642,151.367,43.660,131.532
236.031,145.306,43.653,131.360
237.655,147.272,44.226,131.087
228.671,146.669,44.000,132.478
206.478,149.981,43.757,132.597
207.748,150.838,42.838,132.413
219.752,146.237,42.468,131.373
219.502,147.513,42.509,130.625
220.324,149.051,42.393,129.719
220.527,150.219,42.269,128.669
219.861,149.424,42.238,128.892
218.908,145.077,41.470,130.616
217.936,144.910,41.062,131.738
215.970,144.721,40.945,132.686
214.954,145.087,41.038,132.649
214.691,145.962,41.375,132.433
214.091,147.665,41.443,132.013
212.788,148.445,41.780,130.744
210.376,150.578,42.257,128.230
208.314,152.091,42.536,126.940
206.808,155.170,43.345,124.806
205.266,156.380,43.710,121.773
202.783,156.250,44.094,119.220
200.799,157.610,44.683,117.412
199.028,158.077,46.085,115.198
196.724,158.411,46.059,113.866
194.920,158.352,46.047,113.001
193.736,160.518,45.691,113.019
192.361,159.678,45.432,112.757
191.735,162.080,44.789,112.461
192.193,165.010,45.042,110.838
192.268,164.735,45.120,109.774
183.365,166.537,44.918,108.129
183.710,168.864,44.982,106.250
183.278,170.452,45.321,105.078
182.048,172.312,45.641,103.649
173.306,175.813,45.258,101.995
174.099,177.379,44.604,100.897
175.464,178.854,42.663,101.935
176.024,178.298,41.355,101.747
175.077,178.595,42.327,100.037
174.456,178.677,43.571,97.857
173.651,179.005,44.781,96.202
173.200,179.109,45.651,95.293
173.310,177.644,46.281,95.125
173.473,177.957,46.723,94.785
173.691,178.243,47.271,94.706
174.458,178.075,47.158,94.654
175.814,178.367,46.744,93.962
176.369,176.781,46.285,94.616
177.647,175.060,45.727,94.895
179.166,172.663,45.496,95.318
181.311,170.345,45.204,95.718
182.054,167.333,44.886,96.956
180.892,165.391,45.111,98.035
180.339,165.825,45.548,99.247
178.888,165.890,46.039,100.199
178.527,167.145,46.087,102.147
178.507,166.749,45.883,104.319
178.630,166.408,45.750,107.875
177.928,166.621,45.502,110.293
178.684,164.677,45.366,112.453
180.478,163.591,45.271,113.406
180.964,163.763,45.496,114.382
180.940,161.109,45.927,115.919
181.045,159.611,46.490,116.850
181.511,156.702,47.352,118.289
182.276,155.357,48.070,120.812
182.610,155.896,48.362,122.018
183.696,155.563,48.421,122.451
184.404,157.713,48.494,122.585
186.167,159.683,48.303,122.693
189.116,156.938,46.301,124.523
191.440,158.540,45.178,126.172
192.852,156.634,44.457,127.589
193.688,153.850,43.817,128.458
194.649,153.055,42.861,128.209
195.857,151.572,41.423,128.763
195.466,150.288,41.395,128.274
185.655,149.347,42.151,129.077
197.077,148.016,41.800,130.066
196.989,142.148,41.597,131.236
197.110,146.498,42.754,131.039
197.232,147.803,43.875,132.194
188.915,141.011,44.183,132.489
188.862,141.530,43.352,133.350
190.372,144.919,43.314,134.002
190.367,139.921,43.222,134.762
188.686,136.866,44.269,136.154
190.133,143.151,44.669,136.622
191.995,138.102,44.924,134.979
193.962,142.395,44.880,133.436
196.697,143.461,44.843,134.272
198.186,145.158,45.079,137.556
199.961,146.049,46.574,138.126
201.114,148.172,47.968,137.384
200.032,150.755,51.309,134.591
198.674,150.554,53.593,131.275
200.401,150.993,54.696,130.145
201.858,150.587,55.447,130.399
214.069,152.159,55.216,130.028
215.843,151.898,55.557,127.142
219.668,151.347,52.658,128.235
221.696,153.001,50.091,129.413
223.801,147.928,47.538,131.951
226.881,150.127,45.945,134.269
231.038,146.663,45.298,133.779
234.734,150.813,47.558,130.769
235.886,147.999,49.258,127.593
235.644,142.217,48.681,126.907
237.654,138.409,48.239,128.089
239.519,142.645,47.663,129.056
241.616,143.642,46.288,131.172
243.394,143.212,44.650,134.634
244.053,144.415,44.664,135.771
246.048,144.672,44.494,135.495
247.372,147.257,44.121,137.710
246.952,150.093,44.299,138.819
247.661,152.470,43.781,138.662
249.234,149.845,43.439,139.298
251.836,150.089,43.499,139.965
252.912,148.304,44.071,140.443
252.603,147.793,45.457,140.884
252.660,147.048,46.473,142.286
254.090,144.612,47.064,143.392
253.838,147.171,46.854,145.335
253.478,147.707,45.628,149.522
253.089,146.165,43.974,153.587
250.914,145.071,43.175,153.997
241.832,144.052,42.889,153.770
243.759,149.224,42.645,153.051
243.633,154.031,43.102,151.816
243.155,157.621,43.573,151.355
242.082,142.813,43.650,152.201
242.001,149.286,43.700,151.949
242.753,153.585,43.732,151.261
242.732,154.378,44.064,149.595
242.889,155.746,44.984,147.037
243.117,155.599,46.000,146.131
234.123,148.632,46.021,146.545
235.780,152.359,45.744,147.977
227.138,143.110,45.508,150.394
228.569,146.117,45.313,151.926
230.076,148.105,45.474,151.617
231.166,141.045,46.100,148.400
232.688,146.282,46.398,145.237
231.428,148.246,45.729,144.719
230.157,146.291,44.850,143.825
228.351,142.699,44.247,143.636
226.828,142.021,43.187,145.675
224.907,142.085,43.127,146.335
224.392,141.269,43.742,146.252
224.513,140.289,44.046,146.754
225.040,138.192,45.408,144.875
224.766,137.443,45.776,144.136
223.268,137.603,45.516,144.185
222.332,136.965,44.923,143.882
221.831,139.517,44.303,144.132
221.659,142.280,44.556,143.321
221.645,141.903,45.682,140.460
222.341,141.912,46.233,137.527
222.013,148.238,46.899,137.128
235.306,145.263,45.872,136.232
236.791,140.375,45.159,137.260
237.873,141.690,44.751,138.560
240.155,149.507,45.088,139.219
251.062,148.669,45.580,139.538
250.384,149.165,46.076,138.681
252.771,148.656,46.254,137.962
254.927,148.707,46.181,136.861
255.415,148.283,46.742,136.198
265.645,148.283,48.040,135.319
265.781,152.385,48.574,134.984
268.147,157.115,50.171,133.232
260.902,148.799,49.366,134.097
264.187,143.995,48.525,135.469
267.258,142.385,48.275,137.935
271.069,143.834,47.754,140.205
271.439,145.672,46.529,144.237
272.976,149.109,45.923,143.332
275.041,149.979,45.947,143.610
276.378,148.898,46.470,144.561
277.110,147.880,46.935,144.897
253.691,114.330,47.549,144.190
253.974,119.013,48.941,142.232
276.939,140.016,48.896,143.610
276.802,147.567,49.428,143.769
276.296,141.762,49.371,144.603
275.951,135.509,49.377,148.214
275.881,137.073,48.945,149.240
285.755,138.953,48.505,151.134
284.096,140.827,49.070,150.807
284.270,148.381,49.323,152.478
285.125,145.707,49.121,154.398
287.221,144.635,49.042,155.595
289.901,141.565,48.010,158.446
291.366,140.504,48.106,160.830
293.455,138.472,48.693,162.468
305.626,135.702,48.459,164.490
304.100,132.653,48.981,166.510
303.547,132.958,50.257,166.600
304.668,135.145,49.875,168.438
306.806,137.028,49.577,170.352
306.395,136.750,50.758,170.558
304.672,135.114,52.439,170.903
317.639,131.820,52.269,171.739
318.776,137.337,51.921,172.708
319.649,133.858,51.204,173.161
321.053,133.520,49.953,174.585
322.699,131.389,49.238,176.280
323.575,130.174,49.110,179.195
325.280,128.499,48.609,184.098
327.372,126.516,48.551,189.606
329.950,125.454,49.240,190.919
331.466,125.282,50.287,192.010
332.544,124.936,51.073,192.531
333.502,124.930,51.566,192.769
334.358,128.241,51.932,192.264
334.639,126.699,52.327,192.481
333.291,125.988,52.265,192.585
333.469,125.589,52.084,194.051
332.934,125.192,52.507,194.745
332.473,124.945,52.697,195.268
332.407,121.377,52.786,196.272
333.032,119.327,53.654,195.830
334.064,117.861,54.722,193.652
