213.000,121.000,21.000,95.000
211.460,118.574,22.911,93.770
210.620,117.007,24.640,92.737
209.789,116.015,26.043,91.862
209.232,114.602,27.531,90.481
207.870,113.934,28.474,88.789
205.976,113.587,29.016,87.807
205.205,114.416,29.168,88.797
204.927,113.561,29.255,89.671
205.171,113.912,28.470,89.624
207.541,112.491,27.559,90.959
209.751,111.118,27.172,92.442
211.381,112.353,28.095,92.392
212.559,112.640,30.037,91.303
213.533,111.741,31.051,91.263
213.835,113.364,32.010,90.946
213.314,113.019,33.028,89.667
212.360,112.495,33.777,88.584
211.062,111.844,34.147,88.796
208.841,111.558,34.227,88.964
209.760,110.152,33.125,90.215
211.297,108.746,31.456,90.949
212.241,107.811,29.440,93.156
212.740,107.899,28.075,93.327
212.788,106.459,28.170,93.027
213.832,105.826,28.974,92.836
214.399,104.535,30.704,91.464
214.866,103.057,32.184,90.812
213.973,102.457,32.883,90.937
213.708,100.276,32.542,92.266
214.019,98.883,32.793,93.675
214.755,97.981,31.681,95.327
215.811,96.548,30.900,97.501
217.365,96.541,30.063,99.100
218.336,95.140,29.873,99.646
217.322,96.605,30.204,99.334
215.739,99.870,31.882,97.737
223.036,101.339,31.635,97.058
222.842,101.967,32.892,95.787
221.923,102.792,36.072,92.480
222.215,105.152,37.846,91.423
214.496,105.037,37.347,92.074
214.974,105.833,35.619,93.046
217.762,105.559,33.766,94.660
219.609,106.771,31.615,96.479
219.730,107.488,29.760,98.697
218.366,107.387,28.551,100.329
217.005,107.392,29.722,100.751
215.016,108.551,32.301,100.176
212.944,109.658,34.607,99.827
210.276,111.293,37.696,98.089
206.932,112.316,39.920,96.857
203.141,112.009,40.258,95.857
199.256,112.307,39.456,95.096
196.533,111.014,37.895,94.930
195.489,105.416,35.080,97.086
194.217,102.492,32.508,98.697
192.793,102.152,31.168,100.044
191.635,103.591,31.570,99.663
190.929,105.810,33.515,97.719
190.616,107.141,35.485,95.172
190.245,109.094,38.557,92.680
190.369,112.927,40.860,90.503
191.466,114.701,42.496,88.897
192.314,115.673,43.429,87.750
193.108,114.770,42.642,87.087
193.710,114.028,39.784,87.832
195.403,114.117,36.925,89.433
198.571,113.541,34.166,91.626
201.633,112.465,32.631,92.849
209.869,112.221,31.888,93.707
212.474,112.346,33.595,91.118
215.027,109.266,36.312,88.043
216.437,108.674,38.124,85.900
215.560,109.095,39.575,84.947
213.626,108.076,39.620,84.707
205.615,108.796,38.412,85.139
198.889,108.616,35.778,86.650
193.988,107.114,32.908,88.627
194.562,105.614,30.570,89.171
193.711,101.189,29.986,88.547
192.825,94.509,30.906,88.080
193.732,87.749,32.081,87.804
195.657,83.685,33.857,86.490
196.600,81.488,35.591,84.838
197.876,79.241,37.122,83.886
198.521,78.434,38.214,82.402
199.433,79.318,37.557,83.417
199.575,79.316,35.471,84.476
199.815,85.722,33.190,85.740
199.756,87.287,30.954,87.058
200.259,94.435,28.893,89.343
201.423,97.347,27.454,90.169
202.106,98.069,26.807,91.245
202.343,101.810,27.055,90.897
203.216,103.683,28.242,90.402
208.465,107.208,29.150,90.083
213.737,115.898,30.789,88.417
211.812,122.553,32.927,86.743
209.685,128.599,34.807,85.088
207.516,129.827,35.564,83.513
201.690,131.843,33.545,85.545
202.465,133.634,31.244,87.046
203.932,135.632,28.981,88.753
203.880,136.597,27.652,89.501
203.325,136.146,27.237,90.932
202.813,135.322,27.558,92.068
201.937,134.563,28.911,92.784
201.091,129.322,29.466,92.802
199.504,127.438,31.403,90.839
198.954,124.783,32.451,89.013
199.602,121.005,32.022,88.891
201.116,120.133,31.282,89.257
202.994,119.803,30.376,90.276
205.155,118.714,29.336,91.916
207.511,118.998,28.233,92.448
214.538,119.464,28.232,92.712
214.643,115.020,27.772,92.342
207.727,112.756,26.943,90.773
207.659,116.025,26.259,89.623
207.906,118.620,25.507,89.067
208.418,120.791,25.319,87.635
215.607,128.478,25.039,87.441
216.042,130.145,25.171,87.224
216.776,131.441,25.385,86.920
263.504,187.890,25.517,87.142
262.988,182.594,26.255,87.395
269.576,190.351,26.218,88.313
275.856,191.832,26.190,88.682
275.703,185.243,26.823,89.418
281.996,187.147,27.124,89.996
288.912,195.495,27.267,90.416
288.361,190.019,28.001,90.870
295.234,191.800,28.452,91.422
301.919,193.675,28.349,91.876
301.241,188.631,29.274,92.372
307.591,190.589,29.335,93.126
306.950,186.516,30.524,92.824
313.654,188.366,30.817,93.855
313.399,183.556,31.616,93.284
319.886,186.057,31.474,93.890
319.333,179.269,31.628,93.483
319.532,173.381,31.705,92.747
319.597,168.673,31.588,91.707
319.642,158.971,31.168,90.724
320.094,163.505,30.421,90.069
320.180,155.144,29.898,89.298
320.081,154.966,29.509,89.004
320.404,154.148,29.327,89.029
320.754,159.081,29.104,88.248
233.799,114.881,19.000,86.000
230.946,111.892,27.428,86.398
231.834,112.504,26.199,83.914
231.816,112.827,25.310,81.551
231.094,112.716,25.412,79.383
229.703,113.319,27.032,75.747
228.915,115.313,28.918,72.748
228.758,115.939,30.564,70.380
228.253,116.900,31.490,68.427
228.424,116.709,31.269,68.018
228.449,116.661,30.995,67.348
229.911,116.229,29.511,68.300
235.636,114.832,27.624,69.602
236.455,114.003,25.779,70.973
237.198,113.291,24.863,71.594
237.465,111.724,24.536,72.894
237.822,111.404,25.163,73.983
237.565,111.070,25.824,74.984
237.057,110.808,26.933,75.562
241.430,112.623,28.621,73.957
240.581,113.147,29.936,73.269
238.870,117.119,30.723,72.669
232.178,115.730,30.797,73.399
231.266,115.841,30.102,74.837
230.088,113.304,27.900,77.751
228.253,112.397,26.304,79.644
226.124,111.141,25.223,81.625
223.875,109.985,25.324,83.281
221.777,109.648,26.920,83.039
220.054,108.607,28.846,82.001
219.096,107.447,30.625,80.930
218.206,106.839,32.038,79.571
217.210,106.192,32.553,79.221
216.520,106.123,31.863,79.066
215.902,105.951,30.049,79.729
215.924,105.589,28.038,80.894
216.752,105.749,26.334,81.938
217.607,106.770,25.183,82.851
217.422,108.005,24.600,83.927
217.176,110.069,24.987,85.401
217.058,111.050,25.576,85.929
217.384,110.950,26.504,87.464
217.631,111.782,27.226,88.081
218.235,112.689,27.701,88.617
218.707,112.961,28.216,88.313
218.744,113.916,27.974,88.777
219.296,114.682,27.626,89.153
219.436,107.582,27.373,87.958
219.498,106.365,26.835,86.438
219.577,106.204,26.455,83.742
218.342,103.687,26.426,80.399
217.055,105.076,26.605,78.102
211.479,105.398,27.012,75.483
211.949,106.851,26.497,73.400
207.488,108.847,27.192,70.846
208.272,109.431,26.938,68.880
208.952,109.609,26.129,67.577
208.971,110.612,25.509,65.976
209.338,109.771,24.623,64.311
209.300,110.055,23.678,63.385
209.534,111.415,22.979,62.570
209.889,114.196,22.368,62.133
210.053,116.815,21.966,61.829
209.929,121.217,21.672,62.042
210.403,124.238,21.545,61.218
211.037,127.414,21.160,59.897
211.077,131.864,20.871,58.986
211.302,135.483,20.457,58.458
211.390,137.764,20.394,58.184
211.198,139.857,20.317,57.524
211.010,142.536,20.256,57.182
210.905,144.053,20.458,57.136
211.103,142.140,21.037,57.099
210.511,146.154,21.955,55.792
210.848,146.728,22.624,55.117
210.940,148.382,22.981,55.012
211.254,147.361,22.763,56.064
211.383,149.545,22.492,56.862
211.602,146.635,22.689,57.440
206.253,148.146,23.580,57.400
206.978,148.040,23.058,58.871
202.496,148.014,23.548,59.288
203.394,144.365,22.906,61.656
203.899,143.430,22.438,63.694
203.647,142.538,21.970,65.710
203.462,142.200,21.184,67.818
199.273,141.644,20.766,70.418
198.831,141.566,21.027,72.381
198.063,142.300,21.451,73.307
196.760,142.900,22.254,73.683
195.889,143.193,23.392,73.946
195.402,142.683,24.205,74.712
195.487,141.938,24.383,76.186
196.142,141.757,24.674,76.778
198.823,140.955,24.278,77.655
201.711,140.496,23.735,78.843
207.140,139.974,23.163,80.767
208.551,137.813,23.320,82.499
210.060,137.777,24.114,82.462
211.200,137.997,25.683,81.260
211.927,138.519,26.834,80.020
213.061,138.057,28.007,79.300
212.790,135.332,28.705,79.208
213.239,135.024,29.385,78.632
214.301,134.204,29.024,78.067
215.370,132.649,27.912,77.690
216.610,131.901,26.861,77.460
216.443,131.024,25.998,77.228
217.314,130.346,25.165,77.675
218.141,127.807,24.344,78.351
218.054,127.675,24.254,78.556
217.585,127.196,24.899,79.212
216.489,127.497,25.611,79.655
215.491,128.581,26.643,80.029
214.806,128.127,27.420,79.650
212.975,129.337,29.170,78.182
211.439,130.091,29.775,77.163
211.191,129.346,28.468,77.725
210.430,129.382,27.075,77.664
209.860,129.615,25.303,77.468
208.950,128.682,23.817,77.562
208.595,127.808,23.356,77.806
207.847,128.263,23.612,77.011
206.434,129.912,24.479,75.462
205.276,130.131,25.506,73.689
204.312,134.524,26.557,72.267
199.034,133.026,27.445,71.039
199.039,132.401,28.762,68.930
194.070,130.592,27.956,68.726
189.046,130.542,27.119,69.585
189.759,126.783,26.005,69.874
190.106,124.801,24.866,70.348
189.523,124.891,23.313,71.230
188.629,123.089,22.313,71.812
187.873,120.813,21.717,71.688
186.909,118.602,21.879,71.076
186.024,116.433,22.159,69.854
184.871,115.739,22.256,68.645
183.848,114.768,22.250,67.810
178.332,112.799,22.185,66.301
176.905,112.243,21.905,64.989
175.852,110.214,21.478,63.041
175.524,106.637,21.023,61.063
175.541,103.428,20.982,59.105
174.977,102.267,21.236,58.114
173.524,100.201,21.857,58.197
173.283,100.672,22.817,56.805
172.882,98.877,22.580,56.810
168.695,98.000,22.334,56.623
168.698,100.392,23.119,55.192
164.764,98.706,22.774,55.060
164.852,97.835,22.447,55.161
160.636,97.014,21.977,55.427
161.059,96.281,21.766,55.915
160.656,94.883,21.885,56.273
160.328,95.373,21.842,56.853
159.566,96.231,21.229,57.552
158.590,95.565,20.697,58.498
157.590,96.405,20.287,59.304
156.415,97.983,20.568,60.048
154.525,100.345,21.002,60.222
152.507,102.368,21.414,60.204
150.775,104.118,21.550,60.680
149.261,104.162,21.410,61.948
147.990,103.705,21.678,63.406
147.457,103.352,21.520,65.113
147.324,101.992,21.080,67.235
147.260,99.662,20.840,69.046
146.122,97.780,20.819,70.668
145.265,96.150,21.357,72.070
144.277,99.487,22.566,72.600
142.147,98.747,24.527,71.717
140.935,101.997,26.610,70.919
139.686,99.664,27.873,71.147
138.281,98.646,29.006,71.828
137.745,97.685,28.918,72.886
137.684,96.663,28.221,73.503
137.290,96.080,27.418,74.459
137.410,95.503,26.440,75.532
137.668,95.610,25.649,77.763
138.879,95.861,25.167,79.975
139.840,96.649,25.037,82.650
140.433,98.358,25.379,84.072
139.941,101.146,26.540,84.593
139.409,103.140,27.762,85.784
140.056,105.168,28.250,86.463
141.769,107.380,28.177,87.584
148.639,109.259,28.590,87.124
151.648,108.750,28.137,87.246
161.601,107.266,27.227,88.465
171.623,105.254,25.900,89.945
173.547,103.943,25.198,91.505
173.627,104.048,25.001,92.476
173.104,103.644,25.658,92.770
172.050,102.824,26.975,92.725
170.177,103.275,28.331,91.323
169.179,106.824,29.849,90.391
161.019,104.705,32.268,88.448
158.766,105.953,33.577,87.129
151.967,106.310,33.280,86.361
151.788,106.998,32.482,85.952
150.531,106.858,31.171,85.831
149.576,106.941,29.636,87.115
149.570,107.526,27.988,88.446
148.882,108.119,26.748,89.431
148.818,107.595,26.359,90.887
149.184,106.767,26.540,91.708
148.264,107.308,27.366,91.366
147.660,106.572,27.963,90.813
146.856,106.388,28.304,90.018
145.703,106.339,28.386,88.726
144.955,104.634,27.947,88.956
144.808,101.610,27.135,89.041
144.804,98.593,26.315,89.300
144.416,94.919,25.428,89.440
143.720,94.234,24.940,89.720
144.553,93.565,25.303,89.327
151.608,90.836,25.643,87.227
157.768,93.413,25.572,85.522
157.899,96.598,25.844,83.178
158.520,100.858,26.217,80.519
164.265,104.938,25.694,79.442
163.571,107.714,25.248,78.300
163.572,111.747,25.198,76.586
163.937,114.413,25.008,75.888
164.231,117.535,25.024,75.253
164.790,119.113,25.283,74.768
166.089,121.904,24.790,75.209
167.086,124.105,24.570,74.920
167.705,124.896,24.355,74.950
167.272,126.376,24.211,74.992
166.043,127.896,24.259,74.194
164.310,130.512,25.068,71.905
159.237,129.321,25.877,69.516
158.495,129.032,26.282,67.413
158.413,126.069,26.462,65.890
158.008,122.812,26.159,64.537
158.279,117.503,24.947,63.953
158.301,112.591,24.540,63.592
158.312,108.258,25.134,62.865
158.627,103.430,26.120,61.509
164.318,99.677,25.470,61.094
164.373,96.940,26.390,60.369
170.239,94.621,25.709,60.300
171.016,93.435,25.321,60.923
171.706,94.250,25.002,61.337
172.195,96.262,24.528,61.751
173.005,97.207,24.347,62.244
172.527,99.613,23.731,62.666
167.804,102.285,24.132,63.443
166.644,105.933,23.834,65.292
161.326,108.334,23.876,67.371
160.223,112.381,23.206,69.979
154.582,115.165,22.893,72.414
152.890,120.054,22.907,73.769
146.424,123.227,23.248,75.828
145.012,126.089,24.132,76.145
143.204,128.104,25.274,76.737
142.229,129.002,25.847,78.531
142.582,128.658,25.871,80.536
143.279,127.364,25.807,82.417
145.757,125.014,25.524,84.650
147.846,121.442,25.492,87.203
148.939,118.490,25.686,89.049
148.860,114.439,26.147,91.430
149.180,110.955,27.196,92.426
150.264,107.697,28.162,92.778
151.685,104.200,29.321,92.238
152.449,102.714,30.025,91.680
154.056,101.140,30.728,91.393
155.388,99.396,30.570,91.790
156.126,98.328,30.149,91.604
157.643,96.732,29.827,91.734
158.681,94.871,29.257,92.096
159.711,93.736,28.753,92.312
160.284,92.510,28.426,92.749
160.342,92.813,28.360,92.972
159.935,93.179,28.613,92.785
158.491,94.505,29.468,93.013
157.085,94.489,30.410,92.973
155.979,95.298,31.557,91.878
154.231,95.915,32.814,91.135
151.798,96.174,33.098,91.066
149.802,95.481,32.547,90.977
147.390,95.004,31.687,90.680
145.064,94.071,30.708,91.235
143.914,94.192,30.216,90.303
142.256,92.136,29.470,91.484
141.722,91.107,29.000,91.701
141.745,87.889,28.765,92.901
142.357,82.809,28.726,94.389
143.074,79.060,29.110,94.212
144.588,76.234,28.907,93.588
144.920,76.101,28.787,92.445
145.844,76.504,28.747,92.260
146.433,75.145,28.682,91.825
147.124,75.394,28.880,91.032
148.669,74.766,28.743,90.935
151.865,73.207,28.766,91.455
161.002,74.414,27.884,92.591
163.050,77.592,27.282,93.603
163.944,83.540,26.649,94.654
164.325,89.302,26.603,94.003
165.109,93.693,27.232,93.493
165.131,98.494,27.579,93.117
165.638,100.305,28.196,92.046
165.906,101.327,28.431,91.163
166.349,102.100,28.006,91.245
166.991,103.919,27.648,90.874
166.816,106.481,27.037,91.110
166.426,107.389,26.708,91.939
166.272,107.277,26.378,92.943
165.759,107.414,26.666,93.763
163.914,109.511,27.317,93.191
162.100,115.394,28.001,94.171
161.017,119.779,28.809,94.335
159.580,119.658,29.252,94.089
158.419,119.762,29.294,94.210
157.679,124.260,29.084,95.477
150.640,121.692,28.942,95.800
150.340,119.774,28.901,94.979
150.199,118.745,28.240,93.844
150.748,117.227,27.650,93.592
151.507,116.830,27.212,92.458
152.068,115.937,26.737,91.978
152.873,116.786,26.470,90.949
152.803,117.160,26.163,90.070
153.472,116.864,25.898,88.875
153.741,116.973,25.722,87.680
154.105,117.191,25.435,86.509
154.919,116.121,25.333,85.235
155.635,114.843,25.023,83.543
155.281,115.265,25.174,81.569
155.720,113.891,24.963,80.535
156.022,111.407,24.468,80.121
156.043,109.017,24.694,79.313
155.464,107.253,25.434,78.691
155.667,104.889,26.084,78.284
157.101,101.615,26.966,77.649
158.697,100.355,27.725,76.315
160.336,100.055,28.017,75.296
161.883,98.353,28.243,74.902
162.363,97.203,28.804,74.352
163.343,96.172,29.125,73.498
163.920,96.500,29.536,73.289
164.794,95.126,29.409,73.666
165.462,93.454,29.147,74.998
164.772,93.451,28.599,76.543
164.046,93.406,27.821,77.967
164.674,93.832,27.286,79.343
165.099,93.974,27.504,80.529
165.753,93.747,28.005,80.896
166.096,94.153,28.583,80.515
166.716,93.078,29.207,80.843
167.384,92.895,29.334,81.069
167.930,91.770,28.453,81.680
168.543,90.731,27.828,81.924
168.848,90.640,27.741,81.765
168.109,89.392,26.824,82.797
166.981,89.172,26.063,83.513
164.997,89.548,25.979,83.354
163.133,90.874,26.193,82.822
160.962,91.300,26.625,82.017
158.717,92.230,26.922,80.759
156.544,92.942,27.408,79.856
153.997,94.050,27.565,79.585
151.976,93.564,27.215,80.093
145.387,91.310,27.780,79.912
144.492,90.959,27.538,78.978
142.998,89.492,26.928,79.261
141.458,88.348,26.139,80.687
140.149,87.221,25.315,82.457
139.189,86.602,24.467,83.421
137.729,86.645,24.687,83.546
136.022,86.705,25.429,83.239
135.130,86.087,26.375,82.602
134.582,86.884,26.834,82.664
134.477,86.316,27.074,82.890
133.599,86.023,27.082,82.976
133.027,86.552,26.320,82.743
133.609,86.853,25.960,81.852
133.370,87.372,25.331,81.578
132.699,87.915,24.440,83.004
133.411,90.694,24.299,83.683
134.751,95.173,24.868,83.435
135.651,101.171,26.174,81.857
136.808,107.292,27.216,80.149
143.723,113.120,27.782,79.045
150.830,115.496,28.112,78.529
152.397,118.162,28.555,77.882
152.610,120.167,28.821,77.910
153.287,120.225,28.463,77.977
153.118,118.598,27.785,77.664
152.318,115.402,26.986,78.131
151.576,112.813,26.423,78.451
152.355,109.411,25.597,78.793
152.818,102.957,25.406,79.225
152.145,98.334,25.641,79.169
152.064,97.879,26.443,78.413
151.776,96.266,27.539,77.291
151.105,94.847,28.107,76.573
150.958,93.872,28.370,75.678
150.285,93.293,28.149,75.211
148.615,93.046,27.745,74.496
140.645,92.531,27.053,75.096
133.634,90.417,26.034,77.111
128.106,88.574,25.858,79.627
121.836,85.794,26.335,82.188
116.501,98.805,25.902,84.072
118.473,99.096,25.692,85.207
139.721,96.636,25.852,86.376
160.557,88.585,26.727,86.808
188.861,86.209,27.112,87.227
223.858,83.286,27.310,87.471
245.468,80.358,28.341,88.632
238.458,83.433,28.245,89.093
230.921,87.070,28.132,90.242
244.956,82.306,28.571,91.017
258.028,91.980,29.296,90.402
258.152,81.045,29.622,91.621
258.530,77.595,29.529,94.969
257.882,82.055,28.726,98.332
250.334,86.545,29.097,100.374
256.693,102.044,29.242,101.668
263.292,108.457,29.863,102.452
262.439,113.683,30.408,102.947
238.424,110.240,30.527,105.160
229.361,124.308,30.795,107.867
212.049,137.010,31.760,110.907
201.871,140.860,33.384,113.994
192.196,141.225,35.113,117.930
190.004,142.082,34.966,120.721
180.608,133.502,35.589,125.196
178.974,124.035,36.418,130.153
179.363,110.724,38.044,135.528
179.864,100.595,40.931,137.883
179.460,93.266,44.327,137.433
181.158,87.869,46.136,136.645
191.479,93.114,46.672,137.533
192.025,90.895,47.995,136.617
192.130,90.828,47.983,136.264
192.098,90.718,47.298,136.446
191.750,99.819,46.905,136.334
183.244,101.543,45.633,136.634
182.641,102.370,44.514,137.045
181.801,103.296,43.662,138.136
179.463,106.767,42.875,137.124
