0.02726245
0.04256248
0.04255152
0.04237819
0.04265141
0.04227090
0.04232574
0.04238391
0.04231906
0.04236746
0.04247308
0.04238200
0.04228115
0.04236507
0.04240990
0.04233217
0.04231954
0.04229736
0.04239154
0.04230452
0.04240346
0.04206181
0.04242849
0.04223800
0.04238462
0.04247284
0.04237390
0.04231286
0.04244208
0.04221296
0.04236865
0.04233551
0.04242134
0.04231453
0.04242182
0.04251122
0.04243994
0.04236364
0.04236341
0.04225588
0.04243398
0.04243135
0.04235077
0.04231143
0.04245257
0.04237032
0.04244614
0.04238105
0.04226780
0.04251838
0.04234338
0.04223490
0.04222798
0.04237890
0.04224920
0.04244733
0.04234147
0.04211617
0.04224539
0.04232979
0.04218268
0.04236555
0.04240108
0.04220986
0.04237366
0.04248452
0.04221296
0.04207516
0.04239798
0.04222822
0.04221106
0.04233956
0.04217052
0.04219007
0.04245186
0.04214120
0.04210877
0.04219747
0.04210472
0.04229426
0.04212189
0.04204702
0.04225850
0.04235721
0.04212427
0.04235721
0.04238701
0.04210114
0.04222274
0.04226947
0.04186440
0.04226518
0.04224873
0.04215264
0.04225039
0.04218221
0.04207563
0.04216528
0.04226279
0.04217744
0.04228115
0.04222178
0.04215097
0.04231262
0.04219079
0.04224181
0.04230952
0.04222727
0.04214621
0.04225254
0.04216576
0.04207826
0.04223967
0.04204059
0.04240847
0.04224324
0.04230380
0.04218531
0.04226995
0.04226208
0.04207253
0.04218149
0.04217577
0.04220033
0.04223347
0.04224753
0.04217577
0.04220510
0.04227424
0.04217148
0.04211736
0.04206419
0.04217124
0.04200482
0.04210067
0.04209948
0.04186583
0.04201508
0.04214096
0.04209638
0.04221678
0.04204035
0.04209685
0.04201889
0.04193759
0.04218531
0.04229474
0.04203749
0.04207063
0.04205418
0.04197049
0.04208493
0.04204512
0.04219604
0.04209256
0.04195142
0.04201531
0.04212189
0.04211783
0.04222298
0.04214835
0.04213691
0.04210925
0.04217577
0.04211283
0.04216242
0.04209256
0.04220724
0.04234433
0.04209161
0.04215574
0.04212379
0.04218340
0.04214382
0.04217052
0.04218602
0.04214668
0.04226422
0.04211211
0.04215169
0.04191637
0.04217386
0.04205513
0.04193878
0.04211426
0.04212117
0.04229975
0.04227138
0.04223371
0.04232955
0.04218221
0.04229569
0.04218054
0.04219627
0.04214263
0.04224682
0.04227638
0.04220438
0.04235983
0.04224133
0.04224229
0.04231882
0.04229736
0.04199839
0.04229045
0.04227662
0.04234314
0.04226089
0.04225135
0.04253125
0.04224658
0.04222655
0.04212904
0.04223895
0.04232740
0.04227996
0.04232788
0.04246736
0.04239011
0.04246449
0.04240417
0.04253817
0.04245949
0.04251432
0.04248905
0.04239964
0.04241848
0.04243183
0.04243207
0.04230404
0.04241109
0.04245114
0.04245925
0.04248190
0.04248881
0.04236722
0.04246688
0.04247046
0.04237151
0.04238391
0.04248929
0.04243231
0.04245138
0.04244232
0.04256916
0.04241300
0.04244828
0.04246569
0.04243469
0.04248071
0.04252315
0.04248166
0.04247046
0.04244137
0.04248643
0.04247546
0.04255915
0.04236579
0.04239917
0.04249358
0.04240870
0.04243040
0.04251766
0.04239964
0.04241610
0.04245043
0.04245996
0.04244447
0.04248810
0.04233766
0.04229546
0.04243541
0.04246831
0.04251146
0.04245543
0.04242611
0.04250383
0.04242301
0.04243231
0.04247952
0.04243875
0.04253936
0.04251409
0.04248548
0.04236770
0.04245567
0.04245949
0.04242826
0.04250050
0.04267454
0.04248977
0.04243350
0.04252982
0.04251218
0.04250336
0.04247499
0.04263067
0.04224443
0.04253674
0.04253364
0.04242492
0.04242992
0.04247355
0.04224372
0.04244351
0.04248810
0.04246306
0.04238844
0.04247570
0.04239726
0.04241681
0.04239631
0.04240847
0.04242945
0.04246116
0.04245639
0.04239964
0.04252172
0.04244256
0.04237199
0.04229426
0.04244494
0.04243612
0.04241323
0.04242587
0.04248476
0.04229045
0.04243946
0.04247570
0.04251432
0.04228687
0.04248881
0.04254532
0.04238153
0.04246354
0.04250097
0.04238749
0.04245830
0.04250336
0.04254842
0.04252696
0.04250050
0.04239154
0.04246283
0.04258275
0.04251266
0.04252768
0.04251504
0.04257655
0.04241681
0.04251862
0.04250622
0.04240704
0.04223156
0.04240274
0.04227352
0.04227591
0.04229307
0.04225421
0.04231548
0.04226303
0.04222822
0.04235411
0.04228687
0.04231834
0.04231906
0.04216409
0.04227710
0.04233694
0.04223347
0.04233623
0.04224396
0.04228473
0.04225421
0.04224706
0.04226589
0.04212666
0.04226494
0.04223013
0.04216385
0.04223752
0.04230738
0.04221606
0.04224968
0.04225874
0.04223776
0.04233503
0.04236436
0.04215336
0.04209423
0.04228377
0.04225802
0.04222560
0.04228210
0.04238272
0.04248834
0.04251337
0.04253101
0.04247189
0.04244590
0.04246593
0.04240441
0.04248905
0.04239035
0.04236531
0.04238868
0.04242063
0.04250312
