0.03708816
0.05835772
0.05829954
0.05794024
0.05811906
0.05821776
0.05826426
0.05834818
0.05825496
0.05829263
0.05811977
0.05816197
0.05803180
0.05811691
0.05806684
0.05829763
0.05834079
0.05827332
0.05815864
0.05833983
0.05845094
0.05842161
0.05823088
0.05836082
0.05836225
0.05844402
0.05835748
0.05835891
0.05825973
0.05841732
0.05823898
0.05859137
0.05851793
0.05849099
0.05846715
0.05855989
0.05829573
0.05857992
0.05850792
0.05875468
0.05868602
0.05887580
0.05880165
0.05894637
0.05886817
0.05906463
0.05868268
0.05884695
0.05885625
0.05884671
0.05863166
0.05870605
0.05885577
0.05901670
0.05881810
0.06101918
0.05942035
0.05907536
0.05885124
0.05853939
0.05830312
0.05882406
0.05875540
0.05883431
0.05866003
0.05891180
0.05892563
0.05922818
0.05892611
0.05889916
0.05893421
0.05911589
0.05890274
0.05905938
0.05881953
0.05881143
0.05883837
0.05868387
0.05859900
0.05867767
0.05850482
0.05862999
0.05877113
0.05889606
0.05870008
0.05874372
0.05868745
0.05861664
0.05837035
0.05874276
0.05889511
0.05905271
0.05890632
0.05907559
0.05904245
0.06056023
0.05958176
0.06258512
0.06045985
0.06102061
0.06136799
0.06138849
0.06142688
0.06160235
0.06129384
0.05941606
0.05885649
0.05890727
0.05887771
0.05927539
0.05895638
0.05917144
0.05907035
0.05909705
0.05893707
0.05908489
0.05896616
0.05902672
0.05908442
0.05907202
0.05910325
0.05910611
0.05904603
0.05916834
0.05915880
0.05938172
0.05930519
0.05950165
0.05938196
0.05960107
0.05936766
0.05959892
0.05962610
0.05951691
0.05930305
0.05925870
0.05929232
0.05998659
0.05962849
0.05903268
0.05898738
0.05901742
0.05899405
0.05902839
0.05894566
0.05910826
0.05906200
0.05918670
0.05930614
0.05911279
0.05905652
0.05904746
0.05886102
0.05906844
0.05888820
0.05894613
0.05879593
0.05922890
0.05880713
0.05899143
0.05880237
0.05896330
0.05881643
0.05895734
0.05882812
0.05885816
0.05895042
0.05905128
0.05897713
0.05892181
0.05880451
0.05871367
0.05884457
0.05907845
0.05894732
0.05900264
0.05912948
0.05902362
0.05891085
0.05902934
0.05878210
0.05889463
0.05872846
0.05878115
0.05873489
0.05889535
0.05893111
0.05893970
0.05889559
0.05899262
0.05895329
0.05874896
0.05871129
0.05898404
0.05890203
0.05906701
0.05897498
0.05913591
0.05901933
0.05915046
0.05906749
0.05919051
0.05909228
0.05918646
0.05910182
0.05935669
0.05918193
0.05914211
0.05895972
0.05901241
0.05897498
0.05909467
0.05883050
0.05895686
0.05901098
0.05899596
0.05882335
0.05893111
0.05895710
0.05903602
0.05886745
0.05894232
0.05884552
0.05886674
0.05884004
0.05889988
0.05868626
0.05914736
0.05877566
0.05888009
0.05880570
0.05909514
0.05889082
0.05898881
0.05892825
0.05906415
0.05892658
0.05910444
0.05890250
0.05900073
0.05892444
0.05903792
0.05889630
0.05911875
0.05894232
0.05899239
0.05880976
0.05907750
0.05965948
0.05922556
0.05904937
0.05915022
0.05920267
0.05915689
0.05905652
0.05915999
0.05911040
0.05907202
0.05879331
0.05901194
0.05904365
0.05927491
0.05924654
0.05941319
0.05906224
0.05927014
0.05930185
0.05937433
0.05929017
0.05928373
0.05941391
0.05959034
0.05933166
0.05926943
0.05919695
0.05920887
0.05935335
0.05897546
0.05899048
0.05941153
0.05947351
0.05955338
0.05954933
0.05964971
0.05933046
0.05925488
0.05946708
0.05934143
0.05917168
0.05929255
0.05943823
0.05951619
0.05901361
0.05908895
0.05946159
0.05962181
0.05946755
0.05938792
0.05940104
0.05973506
0.05960584
0.05948138
0.05963182
0.05970550
0.05976963
0.05951571
0.05936885
0.05948901
0.05952287
0.05949497
0.05970025
0.05952120
0.05959582
0.05954528
0.05980444
0.05960226
0.05967569
0.05946660
0.05925035
0.05930710
0.05946803
0.05936265
0.05955386
0.05923629
0.05929399
0.05922151
0.05920792
0.05906630
0.05929041
0.05918288
0.05932450
0.05899668
0.05911970
0.05916357
0.05927682
0.05913329
0.05921006
0.05912113
0.05938411
0.05921078
0.05918407
0.05906272
0.05925846
0.05907393
0.05929661
0.05897593
0.05912495
0.05898571
0.05907226
0.05887294
0.05904460
0.05885172
0.05900025
0.05881262
0.05896735
0.05889153
0.05916476
0.05893850
0.05926228
0.05910492
0.05917931
0.05912328
0.05934334
0.05919361
0.05934167
0.05931211
0.05948710
0.05949879
0.05922222
0.05941868
0.05989313
0.05945301
0.05953097
0.05934000
0.05949402
0.05951691
0.05947256
0.05933404
0.05955982
0.05935526
