0.03732491
0.05896926
0.05847001
0.05867434
0.05838728
0.05831647
0.05823970
0.05828071
0.05816507
0.05822253
0.05810070
0.05813122
0.05852413
0.05849385
0.05863738
0.05856538
0.05852485
0.05868292
0.05854392
0.05800080
0.05832434
0.05816269
0.05828333
0.05820155
0.05826592
0.05812716
0.05832028
0.05819726
0.05846238
0.05826688
0.05842566
0.05843472
0.05852747
0.05825472
0.05869484
0.05825686
0.05813074
0.05791759
0.05791497
0.05764389
0.05795646
0.05652499
0.05676818
0.05816388
0.05855823
0.05821323
0.05827975
0.05817270
0.05823445
0.05798554
0.05813885
0.05783463
0.05766511
0.05793929
0.05795264
0.05772781
0.05785918
0.05780530
0.05807447
0.05777693
0.05799651
0.05765033
0.05790734
0.05791163
0.05807996
0.05789781
0.05803275
0.05807662
0.05812812
0.05799079
0.05837631
0.05713344
0.05697393
0.05706382
0.05684710
0.05809021
0.05819511
0.05812144
0.05802631
0.05807185
0.05802870
0.05794764
0.05786490
0.05822086
0.05806470
0.05797887
0.05802441
0.05800223
0.05786824
0.05802202
0.05772662
0.05784011
0.05784106
0.05806684
0.05792689
0.05814099
0.05808735
0.05827522
0.05795383
0.05798745
0.05786085
0.05791855
0.05792785
0.05789852
0.05774522
0.05806994
0.05782700
0.05773950
0.05750990
0.05750108
0.05753374
0.05752611
0.05743718
0.05757380
0.05727410
0.05720377
0.05691409
0.05756950
0.05743623
0.05767488
0.05725622
0.05736065
0.05744100
0.05770326
0.05749989
0.05756283
0.05752444
0.05772662
0.05754614
0.05767870
0.05758071
0.05766892
0.05751586
0.05762053
0.05734777
0.05751038
0.05734277
0.05755281
0.05743957
0.05745220
0.05735707
0.05748010
0.05743361
0.05752945
0.05738711
0.05752254
0.05735731
0.05732918
0.05688739
0.05691028
0.05712676
0.05735421
0.05712748
0.05716753
0.05731940
0.05734420
0.05731463
0.05757570
0.05727053
0.05741715
0.05730939
0.05739689
0.05721617
0.05736160
0.05730486
0.05754638
0.05725431
0.05738616
0.05741477
0.05767226
0.05746365
0.05737567
0.05739212
0.05757666
0.05736542
0.05745912
0.05716157
0.05729008
0.05737996
0.05735779
0.05724168
0.05751824
0.05738187
0.05731511
0.05750537
0.05748701
0.05714107
0.05738640
0.05722833
0.05743051
0.05725718
0.05736065
0.05713248
0.05725145
0.05707455
0.05722928
0.05701256
0.05693817
0.05667043
0.05706501
0.05706358
0.05708289
0.05712032
0.05701041
0.05684972
0.05704355
0.05681038
0.05766797
0.05678010
0.05706143
0.05686736
0.05699444
0.05688429
0.05683184
0.05657363
0.05667734
0.05632138
0.05645156
0.05634522
0.05651283
0.05649543
0.05675387
0.05676436
0.05712199
0.05696607
0.05703902
0.05699682
0.05699492
0.05689597
0.05706811
0.05683637
0.05705070
0.05685592
0.05695391
0.05663300
0.05648303
0.05633473
0.05644011
0.05641794
0.05655575
0.05640721
0.05686712
0.05670810
0.05699706
0.05687737
0.05708122
0.05688143
0.05712152
0.05686474
0.05688953
0.05662227
0.05668736
0.05645823
0.05671263
0.05655289
0.05705166
0.05685210
0.05712819
0.05686808
0.05704331
0.05685401
0.05707598
0.05686760
0.05701232
0.05687857
0.05696130
0.05688429
0.05688739
0.05690789
0.05705619
0.05673003
0.05676174
0.05642486
0.05652905
0.05638242
0.05655432
0.05643034
0.05666566
0.05667448
0.05684781
0.05674791
0.05685973
0.05663538
0.05687714
0.05635214
0.05656505
0.05640602
0.05663490
0.05666661
0.05698848
0.05687857
0.05717039
0.05684757
0.05707026
0.05686712
0.05705357
0.05694771
0.05708528
0.05684781
0.05683613
0.05676246
0.05690503
0.05658221
0.05668926
0.05662131
0.05643654
0.05648136
0.05663252
0.05644011
0.05675721
0.05666423
0.05710912
0.05705976
0.05705595
0.05703425
0.05703998
0.05693793
0.05692053
0.05672550
0.05690670
0.05686378
0.05705142
0.05714083
0.05734873
0.05713201
0.05709243
0.05711079
0.05712962
0.05715036
0.05712366
0.05712628
0.05714417
0.05711889
0.05728316
