0.02883768
0.04978943
0.04965544
0.04883313
0.04793143
0.04778242
0.04718518
0.04741907
0.04763865
0.04738522
0.04762602
0.04748344
0.04760170
0.04750896
0.04753304
0.04745150
0.04748869
0.04733038
0.04763961
0.04746389
0.04740453
0.04740810
0.04767585
0.04717708
0.04740024
0.04725170
0.04721880
0.04730892
0.04749680
0.04710984
0.04734325
0.04738259
0.04701996
0.04741263
0.04721427
0.04721117
0.04723287
0.04727936
0.04695272
0.04681921
0.04722285
0.04715991
0.04710126
0.04713011
0.04711342
0.04705310
0.04704428
0.04710603
0.04702854
0.04700804
0.04706645
0.04727483
0.04694366
0.04698348
0.04696631
0.04709148
0.04706097
0.04690266
0.04690886
0.04684186
0.04697609
0.04706359
0.04683757
0.04690886
0.04698396
0.04692221
0.04689622
0.04682755
0.04692006
0.04696202
0.04685903
0.04691386
0.04682231
0.04676104
0.04704976
0.04696393
0.04703641
0.04639077
0.04605365
0.04610515
0.04626513
0.04615331
0.04622436
0.04618263
0.04628134
0.04610515
0.04646921
0.04631233
0.04600286
0.04609942
0.04591441
0.04624629
0.04628634
0.04628682
0.04595709
0.04625678
0.04615784
0.04620123
0.04605818
0.04615736
0.04623938
0.04610109
0.04609418
0.04609179
0.04616809
0.04625082
0.04621577
0.04620147
0.04613853
0.04623628
0.04616284
0.04603124
0.04620934
0.04605103
0.04618359
0.04616046
0.04620838
0.04607487
0.04605794
0.04614282
0.04612923
0.04595113
0.04599094
0.04605174
0.04610085
0.04614353
0.04605389
0.04590702
0.04621959
0.04595900
0.04630089
0.04600120
0.04601192
0.04615736
0.04595613
0.04618287
0.04627228
0.04607749
0.04604602
0.04614806
0.04613376
0.04609895
0.04608965
0.04609728
0.04611945
0.04599905
0.04622030
0.04610348
0.04570246
0.04617453
0.04598427
0.04604053
0.04603076
0.04596686
0.04593372
0.04610825
0.04584980
0.04598069
0.04589796
0.04618597
0.04600596
0.04608393
0.04603267
0.04585075
0.04586339
0.04609346
0.04635692
0.04592443
0.04587436
0.04577470
0.04577398
0.04591179
0.04597473
0.04590392
0.04587197
0.04603052
0.04598713
0.04612684
0.04604435
0.04598594
0.04612541
0.04597187
0.04607749
0.04610038
0.04589367
0.04598713
0.04588914
0.04594278
0.04594374
0.04611158
0.04593301
0.04586554
0.04574060
0.04588771
0.04603362
0.04592443
0.04588413
0.04576826
0.04609990
0.04589915
0.04603004
0.04593396
0.04607749
0.04595923
0.04589248
0.04575801
0.04589272
0.04588699
0.04592824
0.04589987
0.04615855
0.04601717
0.04607296
0.04607320
0.04589844
0.04605174
0.04611468
0.04598331
0.04615998
0.04594159
0.04584169
0.04581022
0.04609275
0.04580855
0.04597330
0.04603672
0.04605961
0.04593110
0.04588699
0.04574037
0.04590750
0.04616570
0.04590893
0.04588151
0.04600906
0.04587054
0.04587102
0.04591131
0.04597926
0.04579258
0.04604578
0.04595470
0.04611850
0.04581881
0.04596257
0.04609156
0.04589009
0.04589558
0.04582477
0.04586291
0.04613924
0.04586363
0.04605055
0.04589367
0.04579782
0.04584694
0.04580569
0.04588628
0.04595566
0.04584312
0.04585886
0.04591680
0.04577541
0.04597664
0.04589605
0.04591298
0.04593229
0.04608488
0.04604578
0.04589772
0.04582810
0.04580736
0.04589558
0.04583573
0.04596710
0.04590821
0.04588127
0.04584289
0.04590631
0.04582024
0.04584360
0.04605770
0.04588270
0.04572129
0.04581237
0.04604459
0.04588175
0.04607368
0.04578924
0.04575801
0.04592919
0.04615188
0.04574728
0.04579329
0.04591060
0.04607010
0.04585910
0.04607868
0.04563451
0.04586005
0.04610205
0.04605746
0.04564381
0.04655695
0.04584026
0.04586053
0.04598594
0.04587007
0.04609227
0.04575658
0.04598188
0.04597282
0.04589581
0.04585791
0.04583621
0.04579258
0.04582620
0.04611778
0.04593420
0.04579616
0.04578042
0.04579997
0.04636288
0.04584098
0.04575896
0.04567409
0.04576778
0.04581046
0.04580259
0.04580212
0.04588413
0.04573655
0.04571676
0.04576659
0.04595423
0.04561186
0.04555249
0.04568911
0.04577184
0.04571629
0.04575014
0.04582143
0.04565907
0.04582953
0.04570794
0.04568911
0.04571533
0.04577184
0.04583073
0.04593277
0.04589272
0.04580402
0.04591966
0.04563212
0.04564023
0.04571700
0.04562831
0.04575038
0.04592943
0.04577780
0.04599094
0.04562974
0.04565763
0.04582310
0.04575300
0.04590344
0.04593015
0.04586101
0.04570270
0.04550838
0.04593277
0.04574752
0.04601574
0.04584765
0.04575586
0.04597449
0.04579210
0.04562759
0.04567838
0.04583883
0.04572153
0.04570127
0.04591203
0.04585052
0.04581332
0.04574776
0.04573250
0.04588866
0.04565525
0.04572153
0.04582524
0.04559112
0.04597020
0.04587364
0.04568148
0.04606891
0.04577041
0.04592752
0.04572868
0.04583263
0.04571724
0.04591799
0.04564476
0.04585838
0.04570961
0.04581833
0.04586172
0.04581022
0.04549837
0.04599524
0.04561782
0.04574037
0.04589295
0.04581618
0.04584980
0.04602122
0.04563880
0.04570270
0.04578471
0.04604387
0.04577732
0.04581952
0.04579449
0.04574585
0.04610229
0.04571724
0.04568267
0.04582787
0.04573822
0.04571295
0.04593801
0.04580760
0.04562378
0.04598308
0.04590988
0.04557061
0.04567361
0.04572201
0.04572797
0.04554009
0.04575849
0.04567122
0.04589272
0.04581165
0.04575920
0.04592824
0.04556394
0.04569173
0.04594779
0.04559088
0.04588580
0.04572177
0.04564452
0.04584980
0.04567695
0.04570651
0.04569864
0.04553938
0.04576087
0.04562259
0.04564333
0.04575038
0.04563308
0.04567099
0.04576302
0.04575968
0.04583478
0.04581714
0.04596639
0.04563427
0.04588747
0.04572940
0.04572201
0.04575658
0.04588151
0.04575467
0.04569912
0.04576993
0.04592752
0.04550815
0.04596305
0.04582286
0.04578209
0.04581285
0.04583836
0.04569912
0.04579401
0.04559302
0.04574680
0.04576874
0.04593420
0.04574251
0.04583740
0.04556060
0.04570460
0.04580784
0.04585314
0.04574656
0.04604459
0.04557419
0.04589200
0.04542041
0.04576707
0.04573250
0.04582882
0.04559660
0.04574418
0.04555345
0.04581857
0.04575419
0.04577780
0.04572940
0.04582953
0.04575658
0.04592586
0.04613757
0.04583359
0.04583979
0.04562879
0.04578519
0.04588962
0.04567432
0.04588866
0.04537892
0.04572463
0.04569650
0.04566669
0.04579473
0.04591918
0.04559207
0.04568338
0.04578376
0.04589462
0.04589343
0.04565215
0.04571915
0.04573035
0.04559088
0.04569268
0.04585433
0.04591417
0.04580474
0.04569149
0.04584622
0.04585886
0.04586554
0.04573202
0.04558706
0.04590654
0.04578710
0.04576564
0.04577374
0.04577065
0.04578185
0.04560757
0.04577184
0.04583573
0.04570341
0.04567456
0.04583025
0.04582262
0.04574752
0.04574037
0.04577827
0.04567289
0.04589581
0.04576588
0.04573226
0.04561901
0.04559970
0.04565811
0.04577065
0.04582548
0.04565573
0.04600835
0.04587603
0.04589200
0.04593134
0.04577255
0.04590845
0.04557872
0.04558063
0.04580855
0.04567075
0.04570818
0.04578853
0.04593325
0.04568958
0.04574800
0.04583001
0.04539466
0.04570413
0.04566026
0.04571438
0.04587889
0.04566360
0.04562378
0.04553342
0.04613948
0.04581118
0.04556060
0.04586291
0.04563975
0.04568219
0.04573369
0.04576755
0.04570436
0.04561543
0.04567146
0.04561281
0.04577017
0.04576015
0.04555225
0.04577374
0.04582262
0.04574251
0.04586506
0.04564905
0.04592133
0.04567122
0.04568911
0.04571581
0.04573202
0.04571104
0.04578733
0.04589581
0.04568338
0.04590321
0.04576993
0.04554510
0.04564524
0.04594922
0.04605174
0.04584479
0.04557371
0.04564047
0.04579067
0.04570723
0.04569530
0.04559469
0.04595447
0.04597211
0.04583430
0.04566383
0.04592538
0.04564095
0.04566312
0.04585147
0.04572368
0.04584575
0.04568744
0.04580021
0.04566646
0.04578733
0.04605126
0.04562473
0.04547930
0.04593539
0.04579329
0.04571056
0.04573464
0.04562879
0.04589152
0.04587865
0.04588127
0.04577804
0.04582214
0.04584885
0.04575539
0.04567170
0.04576421
0.04571986
0.04572988
0.04575801
0.04583144
0.04562616
0.04585648
0.04583263
0.04558372
0.04566574
0.04577589
0.04573441
0.04566193
0.04573679
0.04583311
0.04578114
0.04597878
0.04569530
0.04555750
0.04559636
0.04617310
0.04567099
0.04572129
0.04582906
0.04561305
0.04580903
0.04560709
0.04576874
0.04572892
0.04578400
0.04586315
0.04563713
0.04573917
0.04584074
0.04575276
0.04554486
0.04603553
0.04573750
0.04566526
0.04561186
0.04578137
0.04572439
0.04591680
0.04584932
0.04562974
0.04573584
0.04565620
0.04581881
0.04593563
0.04579139
0.04575276
0.04569244
0.04588461
0.04571986
0.04574132
0.04561234
0.04637766
0.04554129
0.04586101
0.04586625
0.04566336
0.04587960
0.04556561
0.04578853
0.04577208
0.04575014
0.04585934
0.04581094
0.04573798
0.04569197
0.04577971
0.04567099
0.04570317
0.04574656
0.04592037
0.04570723
0.04572344
0.04561496
0.04594398
0.04610062
0.04577136
0.04571533
0.04585242
0.04567742
0.04575801
0.04573011
0.04583907
0.04572797
0.04593110
0.04579878
0.04595423
0.04575562
0.04585266
0.04583287
0.04566884
0.04588151
0.04584956
0.04564762
0.04582000
0.04583836
0.04565930
0.04592776
0.04587913
0.04573798
0.04580855
0.04572868
0.04590559
0.04589677
0.04571247
0.04574823
0.04589295
0.04584956
0.04603314
0.04565525
0.04586530
0.04590106
0.04583073
0.04581738
0.04581261
0.04568362
0.04577851
0.04563189
0.04566550
0.04576588
0.04579735
0.04585123
0.04575896
0.04573655
0.04596543
0.04583502
0.04593801
0.04577398
0.04555011
0.04563141
0.04587507
0.04583573
0.04581189
0.04591036
0.04594970
0.04588318
0.04578400
0.04585648
0.04574370
0.04563332
0.04584312
0.04578900
0.04573011
0.04585028
0.04575324
0.04611182
0.04612303
0.04590201
0.04569077
0.04593062
0.04563856
0.04610062
0.04586625
0.04602170
0.04570508
0.04560137
0.04583025
0.04598069
0.04577041
0.04590344
0.04581642
0.04579997
0.04587269
0.04582977
0.04575753
0.04585910
0.04575467
0.04626846
0.04569697
0.04572392
0.04585695
0.04570198
0.04572701
0.04571104
0.04588723
0.04576707
0.04580355
0.04576135
0.04582596
0.04566765
0.04559088
0.04566908
0.04576850
0.04566789
0.04579186
0.04596591
0.04585624
0.04581904
0.04575872
0.04574251
0.04580522
0.04584980
0.04582000
0.04583883
0.04572320
0.04567337
0.04562688
0.04585862
0.04579115
0.04576826
0.04573941
0.04579186
0.04597998
0.04601574
0.04574275
0.04577780
0.04591370
0.04558563
0.04577136
0.04584646
0.04583526
0.04602385
0.04576492
0.04570413
0.04564548
0.04576921
0.04569149
0.04574084
0.04563975
0.04556561
0.04574537
0.04589415
0.04583549
0.04573655
0.04584002
0.04568005
0.04582882
0.04580069
0.04593277
0.04578590
0.04582763
0.04578233
0.04579544
0.04574227
0.04565215
0.04579425
0.04566598
0.04585481
0.04588699
0.04581261
0.04591513
0.04573965
0.04591179
0.04626346
0.04575777
0.04578495
0.04575539
0.04593730
0.04587102
0.04579091
0.04604602
0.04598284
0.04584932
0.04586434
0.04588056
0.04584074
0.04561257
0.04569316
0.04569745
0.04571939
0.04584932
0.04587460
0.04583931
0.04565072
0.04586864
0.04583931
0.04577255
0.04576206
0.04583859
0.04564714
0.04586291
0.04587030
0.04594445
0.04564428
0.04588652
0.04609942
0.04571676
0.04578686
0.04579258
0.04597044
0.04585099
0.04599690
0.04560089
0.04577661
0.04590607
0.04609227
0.04599476
0.04580331
0.04608965
0.04574943
0.04596019
0.04587984
0.04581857
0.04599333
0.04588890
0.04587412
0.04574108
0.04582024
0.04569697
0.04585671
0.04563713
0.04571342
0.04572296
0.04589677
0.04576159
0.04594684
0.04587865
0.04604387
0.04579115
0.04581428
0.04574537
0.04568362
0.04586077
0.04581475
0.04574776
0.04602909
0.04584718
0.04594135
0.04580402
0.04581714
0.04580951
0.04600549
0.04591870
0.04591131
0.04585934
0.04609132
0.04592872
0.04578805
0.04590297
0.04590535
0.04608083
0.04567218
0.04592490
0.04593635
0.04587936
0.04596543
0.04587841
0.04601383
0.04595900
0.04584622
0.04599619
0.04592586
0.04579163
0.04572248
0.04600978
0.04588866
