0.03666139
0.05950236
0.05952191
0.05946445
0.05943727
0.05967021
0.05951977
0.05951667
0.05959415
0.05959296
0.05954623
0.05937457
0.05950308
0.05953407
0.05938911
0.05959034
0.05953240
0.05964828
0.05973005
0.05956841
0.05962729
0.05971146
0.05945849
0.05955505
0.05969191
0.06151080
0.05994725
0.05969119
0.05960202
0.05966568
0.06138802
0.05969167
0.05966759
0.05961537
0.05952787
0.06032372
0.05953622
0.05947638
0.05960274
0.05962586
0.05946779
0.05964947
0.05962181
0.05960226
0.05951905
0.05943227
0.05958748
0.05975914
0.05976343
0.05956912
0.05949855
0.05974579
0.05956316
0.05962896
0.05974245
0.05962873
0.05968428
0.05970120
0.05950570
0.05977917
0.05962110
0.05960941
0.05974555
0.05971670
0.05954146
0.05967331
0.05975699
0.05964375
0.05969644
0.05978703
0.05970430
0.05970478
0.05978680
0.05968094
0.05974770
0.05979323
0.05961394
0.05971050
0.05965590
0.05982685
0.05976486
0.05979347
0.05979443
0.05961919
0.05957818
0.05977917
0.05977941
0.05984879
0.05984139
0.05975032
0.05980468
0.05985522
0.05983400
0.05990744
0.05994749
0.05994558
0.06007838
0.05982232
0.06010818
0.05997038
0.05990648
0.05988574
0.05999112
0.05996871
0.05994177
0.06006908
0.06009126
0.05987334
0.06001139
0.05998802
0.06009865
0.06025791
0.06020856
0.06021404
0.05998993
0.06009007
0.06002355
0.06010818
0.06008959
0.06016779
0.06020808
0.06014729
0.05996585
0.06019711
0.06019831
0.06026912
0.06025791
0.06027174
0.06026030
0.06017494
0.06024170
0.06048465
0.06031656
0.06033778
0.06055069
0.06047344
0.06046200
0.06041074
0.06047487
0.06065655
0.06056333
0.06051660
0.06058884
0.06076026
0.06063581
0.06073904
0.06065392
0.06083298
0.06086063
0.06074739
0.06099105
0.06084585
0.06075931
0.06085753
0.06090474
0.06097054
0.06111670
0.06103444
0.06045437
0.06053281
0.06153321
0.06123805
0.06091714
0.06106114
0.06113172
0.06134439
0.06117845
0.06121230
0.06118298
0.06123233
0.06139159
0.06136990
0.06148267
0.06164122
0.06152177
0.06154966
0.06159186
0.06164050
0.06167531
0.06176901
0.06183410
0.06170702
0.06191611
0.06182837
0.06198502
0.06193399
0.06216717
0.06216860
0.06216335
0.06220269
0.06223536
0.06240058
0.06262398
0.06258845
0.06237960
0.06257653
0.06269622
0.06262469
0.06279182
0.06287575
0.06290221
0.06285405
0.06293821
0.06298780
0.06284332
0.06309104
0.06309032
0.06298876
0.06306624
0.06317878
0.06305099
0.06308508
0.06276584
0.06303692
0.06302452
0.06310081
0.06319690
0.06311297
0.06313419
0.06320739
0.06306338
0.06332588
0.06326008
0.06344914
0.06330323
0.06329536
0.06348753
0.06345487
0.06346440
0.06340098
0.06334209
0.06357217
0.06344128
0.06338763
0.06359267
0.06341577
0.06360102
0.06352377
0.06362271
0.06358647
0.06331396
0.06321263
0.06307769
0.06335330
0.06335306
0.06331110
0.06320524
0.06320930
0.06316018
0.06321859
0.06311917
0.06294227
