0.02828765
0.05135179
0.05091643
0.05014920
0.04879880
0.04863620
0.04845929
0.04861307
0.04855537
0.04859066
0.04876471
0.04849768
0.04881001
0.04866672
0.04843998
0.04862595
0.04866672
0.04896069
0.04850650
0.04853392
0.04868293
0.04899311
0.04887056
0.04859924
0.04866242
0.04859185
0.04862952
0.04852724
0.04873562
0.04877210
0.04864526
0.04867625
0.04866982
0.04872751
0.04869819
0.04872465
0.04876280
0.04874277
0.04875660
0.04869294
0.04878187
0.04857540
0.04870582
0.04877090
0.04867506
0.04863477
0.04886103
0.04887414
0.04857469
0.04866886
0.04868197
0.04910636
0.04897761
0.04883790
0.04881191
0.04860663
0.04882169
0.04853129
0.04888439
0.04905534
0.04879236
0.04886746
0.04874492
0.04868650
0.04869986
0.04884291
0.04875302
0.04875302
0.04880095
0.04885983
0.04860163
0.04874301
0.04869103
0.04883957
0.04870272
0.04853678
0.04881001
0.04914761
0.04872966
0.04866529
0.04889989
0.04877305
0.04866815
0.04889464
0.04887629
0.04882693
0.04869175
0.04863453
0.04889870
0.04872203
0.04874992
0.04886222
0.04882860
0.04875422
0.04875183
0.04871058
0.04886127
0.04883146
0.04874682
0.04861164
0.04888272
0.04881811
0.04876804
0.04887891
0.04876304
0.04888964
0.04870772
0.04869914
0.04882765
0.04882002
0.04887867
0.04879165
0.04885578
0.04885364
0.04880095
0.04899502
0.04897809
0.04900122
0.04887033
0.04878545
0.04894400
0.04873490
0.04879212
0.04866219
0.04877853
0.04881048
0.04884553
0.04873776
0.04896474
0.04897118
0.04886031
0.04885793
0.04894233
0.04912472
0.04878283
0.04877377
0.04898262
0.04890013
0.04881334
0.04882169
0.04878330
0.04893804
0.04909968
0.04883051
0.04891372
0.04903865
0.04870605
0.04886293
0.04885554
0.04903197
0.04862523
0.04860783
0.04896593
0.04895258
0.04867959
0.04884744
0.04892397
0.04904580
0.04873347
0.04877019
0.04885602
0.04887533
0.04873347
0.04897594
0.04874873
0.04880238
0.04866600
0.04863405
0.04855037
0.04877901
0.04866457
0.04891276
0.04880929
0.04910660
0.04876375
0.04892015
0.04893231
0.04893708
0.04877973
0.04879951
0.04889178
0.04895592
0.04889536
0.04889464
0.04888511
0.04886580
0.04854822
0.04870701
0.04885244
0.04872680
0.04872084
0.04904866
0.04891348
0.04863834
0.04875398
0.04861069
0.04872656
0.04873109
0.04859400
0.04864860
0.04838443
0.04842544
0.04844260
0.04858732
0.04857445
0.04854250
0.04836917
0.04980111
0.04865170
0.04846787
0.04858971
0.04845762
0.04840684
0.04869986
0.04858470
