0.03326440
0.05582500
0.05534625
0.05510402
0.05524921
0.05494976
0.05541778
0.05525517
0.05556488
0.05533075
0.05507851
0.05554318
0.05542159
0.05534077
0.05525374
0.05555415
0.05529475
0.05517340
0.05528140
0.05530882
0.05540466
0.05528307
0.05532718
0.05528712
0.05527854
0.05548573
0.05549049
0.05555058
0.05534267
0.05539632
0.05522633
0.05483770
0.05512142
0.05531096
0.05538511
0.05522060
0.05526876
0.05531621
0.05557966
0.05549026
0.05541515
0.05545926
0.05543303
0.05565095
0.05543256
0.05528092
0.05506134
0.05507994
0.05505180
0.05490828
0.05498838
0.05489039
0.05453229
0.05477142
0.05463934
0.05485010
0.05484271
0.05462718
0.05487704
0.05459452
0.05469179
0.05464983
0.05454946
0.05482244
0.05463147
0.05470419
0.05442238
0.05456829
0.05454016
0.05452752
0.05467319
0.05476379
0.05468416
0.05486488
0.05472732
0.05482912
0.05475950
0.05483723
0.05485916
0.05482936
0.05491138
0.05482912
0.05479622
0.05503130
0.05486012
0.05489683
0.05478287
0.05503130
0.05504608
0.05499125
0.05492878
0.05496454
0.05501962
0.05503917
0.05502057
0.05513144
0.05497241
0.05503392
0.05521321
0.05523562
0.05512595
0.05513000
0.05514669
0.05489349
0.05517602
0.05520177
0.05511284
0.05517030
0.05513549
0.05545402
0.05520701
0.05554795
0.05537605
0.05562067
0.05552006
0.05562901
0.05552626
0.05557156
0.05557513
0.05542707
0.05552506
0.05546522
0.05544424
0.05545735
0.05552173
0.05577588
0.05559349
0.05562115
0.05551624
0.05564404
0.05542612
0.05554819
0.05569267
0.05536509
0.05523896
0.05532289
0.05532670
0.05528498
0.05545425
0.05564165
0.05569196
0.05578852
0.05581713
0.05603075
0.05583024
0.05604219
0.05552626
0.05581141
0.05561113
0.05579829
0.05540323
0.05560303
0.05540204
0.05540347
0.05528474
0.05526280
0.05533028
0.05535054
0.05538058
0.05543613
0.05540252
0.05566192
0.05548072
0.05561447
0.05553484
0.05568600
0.05547929
0.05531144
0.05544138
0.05568457
0.05545998
0.05551624
0.05530620
0.05525708
0.05517626
0.05523109
0.05516887
0.05517793
0.05487967
0.05512905
0.05475903
0.05506444
0.05509233
0.05510569
0.05506968
0.05495334
0.05511117
0.05508709
0.05498552
0.05500746
0.05502129
0.05505538
0.05469561
0.05504632
0.05503893
0.05521727
0.05509233
0.05473995
0.05477619
0.05465245
0.05487537
0.05483198
0.05467391
0.05467010
0.05440927
0.05440402
0.05432558
0.05429077
0.05423665
0.05452561
0.05419040
0.05446792
0.05432630
0.05437565
0.05432105
0.05427980
0.05412793
0.05418491
0.05401516
0.05430222
0.05408955
0.05426121
0.05416369
0.05406284
0.05390525
0.05391526
0.05379415
0.05406117
0.05387235
0.05395293
0.05376124
0.05386138
0.05356860
0.05364442
0.05366802
0.05360842
0.05360532
0.05380869
0.05358052
0.05377555
0.05373931
0.05346799
0.05353045
0.05375648
0.05352855
0.05367327
0.05368137
0.05353475
0.05350161
0.05369449
0.05354261
0.05380559
0.05398369
0.05361629
0.05377674
0.05380440
0.05366468
0.05359292
0.05381560
0.05359411
0.05359554
0.05359745
0.05361104
0.05351710
0.05375051
0.05361438
0.05370998
0.05355644
0.05364013
0.05353808
0.05345607
0.05339551
0.05372477
0.05359626
0.05367446
0.05357075
0.05386949
0.05362844
0.05378914
0.05385375
0.05382967
0.05399060
0.05404019
0.05393195
0.05365753
0.05380654
0.05389690
0.05381870
0.05393052
0.05356908
0.05385590
0.05385256
0.05371594
0.05397725
0.05383492
0.05386257
0.05368161
0.05377078
0.05381441
0.05368972
0.05383658
0.05384612
0.05370665
0.05362892
0.05356336
0.05383348
0.05368447
0.05385709
0.05390072
0.05390549
0.05402923
0.05395269
0.05391526
0.05397964
0.05429173
0.05414295
0.05426526
0.05435681
0.05488133
0.05435801
0.05368257
0.05344653
0.05358601
0.05342126
0.05446267
0.05440021
0.05429888
0.05419755
0.05449867
0.05427814
0.05464578
0.05433345
0.05373001
0.05356097
0.05472445
0.05455470
0.05487609
0.05469203
0.05471277
0.05475497
0.05487180
0.05488944
0.05483675
0.05489373
0.05481911
0.05481815
0.05482054
0.05486608
0.05471063
0.05463099
0.05472207
0.05466461
0.05476522
0.05487871
0.05480313
0.05472922
0.05477786
0.05472636
0.05470157
0.05460787
0.05471110
0.05493307
0.05494571
0.05484533
0.05470371
0.05465317
0.05456185
0.05445504
0.05438113
0.05435443
0.05434084
0.05434251
0.05429053
0.05430913
0.05422354
0.05426955
0.05421400
0.05413723
0.05403018
0.05391097
0.05398631
0.05392075
0.05395412
0.05381751
0.05379653
0.05388045
0.05368304
0.05379891
0.05405307
0.05403948
0.05388069
0.05395055
0.05402851
0.05393696
0.05402088
0.05382657
0.05378366
0.05398440
0.05392313
0.05364990
0.05391884
0.05358577
0.05357575
0.05346251
0.05372477
0.05349779
0.05370927
0.05367208
0.05341458
0.05370283
0.05367684
0.05359101
0.05357504
0.05373406
0.05360126
0.05368710
0.05350709
0.05357671
0.05370712
0.05358458
0.05355072
0.05359411
0.05356431
0.05349278
0.05365634
0.05356026
0.05356336
0.05348849
0.05351067
0.05362964
0.05342245
0.05354452
0.05344820
0.05368161
0.05353975
0.05356407
0.05349755
0.05355978
0.05329394
0.05354619
0.05344462
0.05343580
0.05345917
0.05350327
0.05342317
0.05342388
0.05346775
0.05362296
0.05370140
0.05340648
0.05328250
0.05349207
0.05359650
0.05353928
0.05323553
0.05336761
0.05326796
0.05309677
0.05339837
0.05314755
0.05324960
0.05320024
0.05307269
0.05318594
0.05321193
0.05328465
0.05317354
0.05306578
0.05331063
0.05312514
0.05322123
0.05324578
0.05343294
0.05323744
0.05320358
0.05323982
0.05348086
0.05334520
0.05331850
0.05350280
0.05321097
0.05322623
0.05348110
0.05371022
0.05357313
0.05329490
0.05359268
0.05350900
0.05333519
0.05325437
0.05348563
0.05334473
0.05338931
0.05334711
0.05355549
0.05323553
0.05333090
0.05326080
0.05361104
0.05318069
0.05350542
0.05331564
0.05328202
0.05324721
0.05329227
0.05342698
0.05353999
0.05370188
0.05303359
0.05350304
0.05319905
0.05339360
0.05317688
0.05318189
0.05338049
0.05313110
0.05317378
0.05291677
0.05298710
0.05347300
0.05323648
0.05318594
0.05321050
0.05344605
0.05329704
0.05360579
0.05339098
0.05334401
0.05337071
0.05363870
0.05352378
0.05359674
0.05340123
0.05328584
0.05335855
0.05343485
0.05336022
0.05308366
0.05319262
0.05294633
0.05316782
0.05312014
0.05305815
0.05294180
0.05316234
0.05289555
0.05311966
0.05306053
0.05337667
0.05297041
0.05309391
0.05318546
0.05299067
0.05298424
0.05316472
0.05323505
0.05307746
0.05303836
0.05319834
0.05310750
0.05294466
0.05338717
0.05319881
0.05330014
0.05321956
0.05337691
0.05320001
0.05326915
0.05348849
0.05333352
0.05350995
0.05360985
0.05337691
0.05380774
0.05349874
0.05370808
0.05331898
0.05343747
0.05334377
0.05328846
0.05330014
0.05301023
0.05294704
0.05318642
0.05287385
0.05298066
0.05295658
0.05313706
0.05275083
0.05277586
0.05289865
0.05281043
0.05278087
0.05255103
0.05273056
0.05250549
0.05242419
0.05227661
0.05241537
0.05232573
0.05235648
0.05232191
0.05227256
0.05251002
0.05250978
0.05243373
0.05430889
0.05241156
0.05241871
0.05244970
0.05212092
0.05233812
0.05243015
0.05237889
0.05239320
0.05237103
0.05231714
0.05227685
0.05219126
0.05199409
0.05218625
0.05240583
0.05215788
0.05201650
0.05226350
0.05229998
0.05216789
0.05207872
0.05230546
0.05260730
0.05245876
0.05239248
0.05248475
0.05249357
0.05242085
0.05258179
0.05255795
0.05250549
0.05242586
0.05227852
0.05245399
0.05237818
0.05239654
0.05196428
0.05228209
0.05226159
0.05242658
0.05220795
0.05237579
0.05234289
0.05222940
0.05225897
0.05258036
0.05230331
0.05218220
0.05220294
0.05244064
0.05222702
0.05245471
0.05205798
0.05244970
0.05219603
0.05234575
0.05215025
0.05250478
0.05217409
0.05230451
0.05203462
0.05233574
0.05212665
0.05219579
0.05212545
0.05230832
0.05219889
0.05228114
0.05202198
0.05222344
0.05218005
0.05221653
0.05202270
0.05215096
0.05200601
0.05214834
0.05195141
0.05205584
0.05192590
0.05196476
0.05180192
0.05207968
0.05213904
0.05214119
0.05201030
0.05205131
0.05194378
0.05197930
0.05189562
0.05197763
0.05196118
0.05209899
0.05213094
0.05212593
0.05203176
0.05207419
0.05203509
0.05197287
0.05197406
0.05209899
