0.02748084
0.05242300
0.05052185
0.05061626
0.04937673
0.04907465
0.04904485
0.04913926
0.04918122
0.04906297
0.04911113
0.04909325
0.04923248
0.04924917
0.04929256
0.04916191
0.04928994
0.04922295
0.04921579
0.04938912
0.04944706
0.04931521
0.04924798
0.04933310
0.04937673
0.04934311
0.04926133
0.04933810
0.04946423
0.04938459
0.04932189
0.04947615
0.04933810
0.04933715
0.04916739
0.04942536
0.04941416
0.04950428
0.04922414
0.04938054
0.04922342
0.04940987
0.04924250
0.04915690
0.04928374
0.04923511
0.04904604
0.04920769
0.04915333
0.04927278
0.04921579
0.04940867
0.04891062
0.04932284
0.04918122
0.04926157
0.04927945
0.04934216
0.04920554
0.04947066
0.04932976
0.04935551
0.04927897
0.04927158
0.04926944
0.04931045
0.04913831
0.04912066
0.04915261
0.04921937
0.04917622
0.04904318
0.04892778
0.04895473
0.04906917
0.04910636
0.04909873
0.04896569
0.04910278
0.04909229
0.04914355
0.04920459
0.04914689
0.04915571
0.04942608
0.04914975
0.04920435
0.04907060
0.04923725
0.04904389
0.04892564
0.04900098
0.04917502
0.04892921
0.04898381
0.04917860
0.04910517
0.04898500
0.04900861
0.04904151
0.04932070
0.04898739
0.04908609
0.04913568
0.04918551
0.04898167
0.04916024
0.04909348
0.04913616
0.04900861
0.04909849
0.04907060
0.04914618
0.04899001
0.04912186
0.04907274
0.04925561
0.04889321
0.04923534
0.04911113
0.04875350
0.04911637
0.04908419
0.04900432
0.04924846
0.04901338
0.04914284
0.04913020
0.04912043
0.04892635
0.04913235
0.04884648
0.04916239
0.04900861
0.04902506
0.04903245
0.04917789
0.04891205
0.04901719
0.04902124
0.04903889
0.04893279
0.04903078
0.04901552
0.04922056
0.04902220
0.04915142
0.04903817
0.04899693
0.04909611
0.04888773
0.04893947
0.04942274
0.04891300
0.04910517
0.04904675
0.04905224
0.04900527
0.04899597
0.04920363
0.04900336
0.04885101
0.04869080
0.04871821
0.04867125
0.04861283
0.04865766
0.04888821
0.04905558
0.04908824
0.04893994
0.04898810
0.04902458
0.04898262
0.04891562
0.04908872
0.04901934
0.04895639
0.04889441
0.04903173
0.04910016
0.04900002
0.04886794
0.04895401
0.04888582
0.04899740
0.04880643
0.04896784
0.04890347
0.04895592
0.04892445
0.04900718
0.04887295
0.04891253
0.04885173
0.04891610
0.04886436
0.04885554
0.04881096
0.04884648
0.04892755
0.04898763
0.04869294
0.04900646
0.04896498
0.04906011
0.04890513
0.04906273
0.04909444
0.04900169
0.04896140
0.04906511
0.04904819
0.04890060
0.04878235
0.04900050
0.04896402
0.04871964
0.04882288
0.04893160
0.04906988
0.04896116
0.04892588
0.04913306
0.04888630
0.04903221
0.04903674
0.04896235
0.04887009
0.04908276
0.04890704
0.04931211
0.04885435
0.04877234
0.04879451
0.04870391
0.04886508
0.04879594
0.04885602
0.04884410
0.04888773
0.04891586
0.04888868
0.04883027
0.04890728
0.04899454
0.04905224
0.04909611
0.04880357
0.04885793
0.04885697
0.04884195
0.04876447
0.04878879
0.04880738
0.04887962
0.04876137
0.04876256
0.04888535
0.04880595
0.04890299
0.04894924
0.04905772
0.04910016
0.04890537
0.04915667
0.04895425
0.04900503
0.04893422
0.04910469
0.04893994
0.04907751
0.04878521
0.04896665
0.04881668
0.04893398
0.04882360
0.04893494
0.04873514
0.04885674
0.04890704
0.04919672
0.04896784
0.04912782
0.04877901
0.04908037
0.04888892
0.04890847
0.04885602
0.04878640
0.04889655
0.04879808
0.04865479
0.04871893
0.04871297
0.04861832
0.04862618
0.04894137
0.04879928
0.04898620
0.04897904
0.04901099
0.04890633
0.04905891
0.04894066
