0.03325033
0.05077505
0.05060720
0.05066156
0.05073237
0.05062580
0.05062604
0.05065513
0.05064774
0.05050683
0.05070257
0.05079174
0.05072570
0.05063486
0.05063176
0.05066776
0.05062580
0.05065417
0.05051231
0.05078578
0.05067921
0.05062819
0.05061030
0.05048060
0.05089593
0.05081630
0.05055666
0.05056930
0.05030870
0.05067301
0.05085111
0.05050707
0.05066609
0.05048561
0.05061579
0.05077529
0.05057788
0.05071545
0.05076718
0.05059218
0.05068564
0.05069542
0.05085349
0.05043507
0.05057573
0.05051994
0.05060291
0.05084705
0.05087161
0.05053496
0.05067945
0.05066562
0.05095553
0.05075455
0.05067754
0.05065870
0.05082417
0.05066919
0.05063438
0.05066848
0.05071640
0.05060530
0.05053854
0.05053163
0.05144930
0.05085301
0.05061650
0.05075598
0.05045390
0.05064249
0.05070710
0.05060625
0.05079556
0.05057549
0.05068994
0.05081105
0.05064511
0.05082440
0.05068278
0.05072927
0.05070066
0.05041909
0.05061150
0.05064988
0.05075121
0.05071998
0.05061722
0.05069065
0.05074239
0.05067611
0.05063200
0.05072474
0.05063891
0.05057955
0.05071568
0.05088615
0.05065966
0.05069613
0.05071139
0.05072594
0.05061221
0.05084491
0.05061483
0.05063796
0.05070853
0.05033088
0.05058098
0.05073047
0.05074763
0.05066872
0.05068254
0.05078936
0.05052519
0.05064082
0.05050015
0.05070782
0.05057287
0.05066514
0.05057192
0.05064607
0.05053473
0.05067515
0.05054331
0.05050159
0.05067849
0.05063510
0.05062938
0.05061364
0.05057406
0.05069947
0.05056667
0.05058885
0.05070591
0.05060244
0.05058479
0.05056381
0.05044127
0.05055952
0.05058646
0.05068612
0.05061793
0.05062962
0.05053520
0.05068493
0.05054593
0.05065536
0.05057645
0.05068636
0.05061626
0.05067873
0.05050707
0.05069375
0.05057168
0.05062008
0.05060506
0.05066395
0.05080795
0.05063343
0.05060291
0.05058265
0.05059814
0.05053186
0.05050731
0.05062842
0.05045676
0.05050373
0.05062056
0.05054665
0.05047655
0.05059266
0.05044532
0.05063748
0.05030608
0.05049491
0.05046773
0.05056643
0.05044508
0.05046177
0.05038214
0.05048966
0.05046105
0.05057335
0.05042195
0.05065203
0.05048537
0.05056906
0.05053926
0.05049872
0.05039907
0.05060482
0.05045629
0.05053163
0.05029845
0.05046892
0.05045485
0.05045056
0.05050230
0.05050993
0.05034208
0.05049777
0.05044293
0.05050969
0.05026841
0.05053711
0.05049491
0.05078292
0.05041051
0.05041242
0.05049944
0.05047536
0.05057788
0.05055213
0.05049634
0.05039001
0.05034018
0.05046821
0.05043435
0.05044889
0.05039978
0.05046606
0.05034351
0.05043340
0.05034089
0.05043602
0.05046082
0.05049133
0.05043244
0.05058384
0.05040073
0.05048442
0.05042720
0.05093861
0.05040574
0.05080366
0.05041409
0.05038047
0.05042052
0.05029392
0.05042696
0.05048156
0.05047393
0.05066776
0.05060101
0.05056190
0.05048180
0.05064964
0.05052447
0.05072284
0.05054855
0.05078030
0.05056238
0.05064583
0.05075574
0.05070186
0.05055642
0.05062699
0.05076599
0.05068302
0.05065489
0.05066252
0.05064225
0.05066133
0.05065870
0.05065823
0.05077124
0.05064106
0.05072117
0.05073428
0.05046988
0.05066013
0.05053067
0.05060768
0.05051112
0.05063891
0.05054092
0.05070186
0.05054879
0.05052757
0.05058861
0.05057883
0.05050850
0.05060506
0.05060315
0.05067086
0.05052876
0.05064273
0.05057359
0.05065250
0.05054641
0.05062056
0.05051565
0.05092168
0.05069041
0.05074239
0.05077696
0.05069780
0.05047560
0.05064869
0.05066013
0.05063486
0.05051947
0.05070329
0.05059314
0.05059361
0.05061150
0.05063105
0.05059409
0.05073786
0.05051041
0.05078816
0.05057645
0.05074930
0.05068684
0.05076694
0.05067348
0.05061889
0.05068469
0.05067348
0.05062461
0.05072951
0.05073714
0.05062938
0.05066156
0.05070210
0.05066991
0.05087352
0.05069184
0.05079198
0.05024409
0.05043721
0.05076289
0.05063558
0.05054736
0.05086255
0.05067992
0.05093265
0.05025673
0.04999804
0.05007148
0.05009294
0.05005741
0.05017710
0.04996347
0.05001140
0.04998732
0.05025363
0.05008245
0.05008268
0.05001211
0.05021429
0.05008960
0.05012107
0.05001950
0.05029273
0.05013442
0.04998040
0.05002165
0.05030394
0.05012846
0.05003858
0.05024600
0.05016112
0.05014873
0.05005836
0.04999137
0.05032444
0.05007339
0.05002260
0.05012298
0.05009937
0.05028892
0.05003381
0.04991460
0.05028129
0.05020332
0.05007648
0.04990292
0.05017567
0.05025101
0.04999566
0.05003858
0.05012488
0.05008698
0.05004740
0.05008554
0.05025649
0.05004573
0.05006647
0.04998636
0.05036330
0.05002761
0.04997993
0.04996896
0.05028677
0.05014920
0.05019283
0.04998446
0.05031729
0.05035639
0.05015302
0.05027938
0.05049205
0.05042458
0.05041575
0.05035830
0.05079532
0.05042100
0.05041289
0.05041265
0.05055666
0.05047560
0.05031490
0.05049181
0.05059004
0.05054331
0.05037808
0.05039716
0.05065870
0.05058718
0.05051112
0.05062461
0.05087757
0.05056047
0.05043054
0.05067444
0.05071020
0.05042028
0.05046797
0.05043316
0.05070353
0.05064368
0.05044699
0.05057812
0.05073738
0.05063224
0.05050588
0.05064392
0.05070925
0.05055857
0.05061746
0.05056977
0.05067515
0.05057120
0.05059481
0.05049658
0.05064297
0.05054021
0.05039191
0.05052590
0.05072808
0.05052066
0.05051160
0.05045819
0.05075717
0.05065417
0.05062437
0.05053425
0.05074525
0.05059242
0.05042481
0.05047727
0.05080867
0.05073166
0.05056190
0.05048203
0.05072689
0.05046105
0.05033469
0.05037332
0.05077982
0.05059886
0.05052543
0.05051470
0.05060697
0.05056477
0.05070353
0.05051947
0.05061769
0.05052519
0.05040836
0.05050564
0.05063677
0.05056667
0.05064631
0.05062914
0.05045533
0.05049706
0.05066943
0.05062079
0.05068326
0.05058241
0.05064344
0.05055547
0.05068350
0.05054879
0.05062842
0.05049920
0.05075502
0.05058670
0.05063009
0.05057955
0.05070806
0.05065370
0.05065131
0.05052614
0.05052161
0.05063272
0.05070138
0.05062866
0.06198931
0.05059171
0.05053425
0.05051899
0.05070615
0.05058980
0.05066276
0.05041146
0.05086756
0.05049872
0.05084968
0.05053115
0.05078673
0.05061173
0.05070877
0.05054879
0.05076480
0.05062890
0.05051422
0.05047846
0.05073190
0.05063462
0.05052280
0.05056739
0.05081987
0.05068755
0.05055022
0.05052662
0.05067992
0.05069137
0.05068588
0.05054021
0.05073810
0.05066347
0.05064487
0.05048466
0.05075860
0.05058837
0.05058861
0.05059266
0.05073500
0.05050731
0.05056477
0.05050898
0.05079389
0.05070639
0.05069733
0.05052757
0.05077267
0.05084920
0.05061436
0.05071616
0.05071807
0.05042720
0.05044222
0.05049920
0.05063534
0.05047250
0.05050015
0.05052948
0.05064416
0.05056357
0.05065918
0.05051422
0.05066013
0.05050397
0.05064440
0.05046201
0.05056214
0.05057526
0.05058718
0.05049515
0.05070281
0.05047107
0.05066633
0.05051517
0.05070043
0.05071497
0.05068517
0.05056763
0.05067539
0.05066156
0.05075073
0.05073380
0.05062819
0.05057216
0.05067158
0.05085039
0.05060530
0.05067635
0.05044889
0.05038857
0.05066848
0.05055380
0.05054688
0.05047941
0.05069137
0.05054021
0.05056190
0.05048871
0.05057836
0.05061650
0.05055189
0.05065250
0.05054951
0.05051613
0.05037260
0.05059981
0.05057907
0.05047131
0.05053163
0.05052924
0.05068088
0.05049777
0.05062151
0.05039263
0.05059481
0.05054498
0.05063462
0.05051875
0.05058217
0.05058765
0.05067396
0.05074072
0.05077720
0.05045366
0.05082226
0.05065989
0.05062056
0.05060220
0.05068398
0.05064988
0.05070019
0.05059814
0.05086684
0.05068517
0.05074406
0.05049920
0.05082035
0.05066967
0.05071378
0.05058026
0.05074835
0.05064654
0.05084109
0.05065227
0.05081701
0.05039239
0.05054760
0.05068564
0.05071521
0.05057573
0.05077028
0.05068302
0.05068064
0.05072117
0.05069089
0.05063534
