0.02759027
0.04257774
0.04302883
0.04307342
0.04293299
0.04281974
0.04313946
0.04293180
0.04283977
0.04286432
0.04305363
0.04300666
0.04306388
0.04294729
0.04294896
0.04310966
0.04299212
0.04305267
0.04294252
0.04301238
0.04291964
0.04306960
0.04294872
0.04304242
0.04269910
0.04280591
0.04300976
0.04281569
0.04308796
0.04269791
0.04241252
0.04261684
0.04236913
0.04247522
0.04261255
0.04250479
0.04269266
0.04308653
0.04294372
0.04292512
0.04292989
0.04297900
0.04297900
0.04291582
0.04302764
0.04297161
0.04275990
0.04297137
0.04300594
0.04278803
0.04268932
0.04299855
0.04302001
0.04331660
0.04305434
0.04295444
0.04299593
0.04302621
0.04293847
0.04289937
0.04290557
0.04293299
0.04284000
0.04298282
0.04279542
0.04253125
0.04275513
0.04298639
0.04308033
0.04301906
0.04291964
0.04304194
0.04279399
0.04299545
0.04296303
0.04288507
0.04297137
0.04289746
0.04332042
0.04302216
0.04296088
0.04284024
0.04298592
0.04296780
0.04268789
0.04289699
0.04286003
0.04296803
0.04292679
0.04302287
0.04297018
0.04303598
0.04325557
0.04294205
0.04290438
0.04295397
0.04296875
0.04301476
0.04289269
0.04291940
0.04300237
0.04289603
0.04291606
0.04342794
0.04294395
0.04289079
0.04294276
0.04290056
0.04298997
0.04303050
0.04286051
0.04293203
0.04287767
0.04273200
0.04236913
0.04242969
0.04265833
0.04245830
0.04261351
0.04251766
0.04252529
0.04256511
0.04250479
0.04261875
0.04256582
0.04265428
0.04254770
0.04264736
0.04264021
0.04265451
0.04244399
0.04258943
0.04264688
0.04259419
0.04250121
0.04267883
0.04271722
0.04249549
0.04253507
0.04276037
0.04269004
0.04249167
0.04251075
0.04259968
0.04265213
0.04269981
0.04244876
0.04262996
0.04271340
0.04251552
0.04241109
0.04265332
0.04252148
0.04255462
0.04254341
0.04263949
0.04255939
0.04248142
0.04248118
0.04259062
0.04254580
0.04250216
0.04271412
0.04297185
0.04301071
0.04284692
0.04290414
0.04303765
0.04298878
0.04299974
0.04289460
0.04301643
0.04314494
0.04313135
0.04315853
0.04304671
0.04312611
0.04327130
0.04303503
0.04277992
0.04313898
0.04300857
0.04311013
0.04292369
0.04331136
0.04333472
0.04327226
0.04326439
0.04348516
0.04334474
0.04338098
0.04345369
0.04338527
0.04327273
0.04349732
0.04348683
0.04353809
0.04339814
0.04344702
0.04355049
0.04342532
0.04339266
0.04338336
0.04358935
0.04362988
0.04333305
0.04354310
0.04362059
0.04365468
0.04366136
0.04373980
0.04371476
0.04365516
0.04377055
0.04389000
0.04389572
0.04385877
0.04385853
0.04396200
0.04394245
0.04405642
0.04398513
0.04396081
0.04393768
0.04404402
0.04408669
0.04421258
0.04426312
0.04412174
0.04424548
0.04413605
0.04419374
0.04420376
0.04431987
0.04416370
0.04439378
0.04439187
0.04451084
0.04455924
0.04445982
0.04464436
0.04473257
0.04470730
0.04479551
0.04457545
0.04474401
0.04462385
0.04460454
0.04476476
0.04486227
0.04481983
0.04483819
0.04493952
0.04473472
0.04496169
0.04484534
0.04478884
0.04485965
0.04506898
0.04487586
0.04498267
0.04489303
0.04488993
0.04495239
0.04491854
0.04493833
0.04480743
0.04492593
0.04482412
0.04482961
0.04459214
0.04492974
0.04489684
0.04506707
0.04499674
0.04494357
0.04501176
0.04495597
0.04509711
0.04520583
0.04497051
0.04517841
0.04497528
0.04515481
0.04488659
0.04492831
0.04502368
0.04518247
0.04505801
0.04497647
0.04511499
0.04515767
0.04499507
0.04515123
0.04502940
0.04520035
0.04507685
0.04511952
0.04508448
0.04503846
0.04499602
0.04504609
0.04488468
0.04506874
0.04506111
0.04510975
0.04464793
0.04467416
0.04489708
0.04501295
0.04521513
0.04523396
0.04509401
0.04503369
0.04504585
0.04503751
0.04500198
0.04516077
0.04508281
0.04508233
0.04502439
0.04503751
0.04505348
0.04491305
0.04496574
0.04504824
0.04497433
0.04496908
0.04500031
0.04497337
0.04488802
0.04487801
0.04474092
0.04496288
0.04476881
0.04500723
0.04499483
0.04502654
0.04488039
0.04499412
0.04494500
0.04488587
0.04503942
0.04497862
0.04514408
0.04502273
0.04496384
0.04502487
0.04487371
0.04492664
0.04512262
0.04512167
0.04498816
0.04503703
0.04492021
0.04509282
0.04472184
0.04502559
0.04486227
0.04507089
0.04498100
0.04510355
0.04498196
0.04512072
0.04476070
0.04480171
0.04494786
0.04493046
0.04481196
0.04475904
0.04469681
0.04465365
0.04465008
0.04502296
0.04484105
0.04487181
0.04465294
0.04470372
0.04457092
0.04456973
0.04473019
0.04476666
0.04449630
0.04476547
0.04466748
0.04464173
0.04447103
0.04463124
0.04464769
0.04465270
0.04469705
0.04467678
0.04472876
0.04453158
0.04475212
0.04477644
0.04484630
0.05841327
0.04474998
0.04462957
0.04474735
0.04491854
0.04472041
0.04473138
0.04476476
0.04463196
0.04437900
0.04473758
0.04497409
0.04465294
0.04478049
0.04487228
0.04465199
0.04459238
0.04474330
0.04488420
0.04477191
0.04476547
0.04492593
0.04482508
0.04489183
0.04462790
0.04466438
0.04475164
0.04478073
0.04485559
0.04478478
0.04451561
0.04468060
0.04468012
0.04476261
0.04479003
0.04469800
0.04472995
0.04473233
0.04472756
0.04469061
0.04471040
0.04471278
0.04464817
0.04458570
0.04455400
0.04474664
0.04472208
0.04474854
0.04476237
0.04470348
0.04484892
0.04472756
0.04486632
0.04469728
0.04478407
0.04466391
0.04486871
0.04479861
0.04470253
0.04476619
0.04469895
0.04469848
0.04471874
0.04477000
0.04454207
0.04480791
0.04488087
0.04461408
0.04439712
0.04474521
0.04471922
0.04467821
0.04479480
0.04475427
0.04468679
0.04454684
0.04460144
0.04464388
0.04464889
0.04470515
0.04474139
0.04458070
0.04451966
0.04462600
0.04454541
0.04464316
0.04467010
0.04457045
0.04460335
0.04445314
0.04451823
0.04474783
0.04467440
0.04472160
0.04475164
0.04465246
0.04447627
0.04470253
0.04464126
0.04463148
0.04473662
0.04479098
0.04461122
0.04452586
0.04465246
0.04470587
0.04470253
0.04469419
0.04459906
0.04447174
0.04453707
0.04458356
0.04476619
0.04461312
0.04445028
0.04446435
0.04427028
0.04438329
0.04432583
0.04431820
0.04447436
0.04449558
0.04440379
0.04446292
0.04452610
0.04461026
0.04457426
0.04465437
0.04452777
0.04518008
0.04469752
0.04489326
0.04465318
0.04454398
0.04478097
0.04455304
0.04460168
0.04451728
0.04471993
0.04457879
0.04448819
0.04466057
0.04460979
0.04439759
0.04461908
0.04448891
0.04456758
0.04462075
0.04452968
0.04447293
0.04448366
0.04457879
0.04434562
0.04467058
0.04432654
0.04472446
0.04429150
0.04453683
0.04459286
0.04463506
0.04449487
0.04458690
0.04448414
0.04440737
0.04463768
0.04453921
0.04460001
0.04440713
0.04453230
0.04439020
0.04457331
0.04466414
0.04472423
0.04455519
0.04453206
0.04461837
0.04456139
0.04460692
0.04455018
0.04461694
0.04452848
0.04451370
0.04452085
0.04447770
0.04445958
0.04453492
0.04442883
0.04435706
0.04422951
0.04432702
0.04462743
0.04456568
0.04444313
0.04456043
0.04451036
0.04429030
0.04473567
0.04458213
0.04463768
0.04480505
0.04465914
0.04483438
0.04451013
0.04460931
0.04461932
0.04450655
0.04455376
0.04448175
0.04457569
0.04454303
0.04438639
0.04452372
0.04446673
0.04452562
0.04453325
0.04445195
0.04474974
0.04456306
0.04453993
0.04459596
0.04443049
0.04445004
0.04449105
0.04456282
0.04456329
0.04456735
0.04453230
0.04439545
0.04420400
0.04444075
0.04434514
0.04439974
0.04433751
0.04429388
0.04433370
0.04435849
0.04438758
0.04423952
0.04417181
0.04421210
0.04422164
0.04430079
0.04434776
0.04416203
0.04429579
0.04426122
0.04420733
0.04431677
0.04431343
0.04412842
0.04436064
0.04425478
0.04410338
0.04431558
0.04431915
0.04435968
0.04434538
0.04433727
0.04430389
0.04433179
0.04434848
0.04429746
0.04412031
0.04419208
0.04430485
0.04435062
0.04437685
0.04426646
0.04420614
0.04422021
0.04421139
0.04426289
0.04428577
0.04429841
0.04420733
0.04438376
0.04448462
0.04431367
0.04442477
0.04456043
0.04439163
0.04459453
0.04434276
0.04439116
0.04438138
0.04440808
0.04453754
0.04442453
0.04436445
0.04448390
0.04442668
0.04444838
0.04450274
0.04441857
0.04444122
0.04454970
0.04447722
0.04449487
0.04448390
0.04447985
0.04444146
0.04429650
0.04450798
0.04433274
0.04444408
0.04436088
0.04446125
0.04426932
0.04438233
0.04448676
0.04442716
0.04435182
0.04439163
0.04433537
0.04452705
0.04450178
0.04445910
0.04446530
0.04438710
0.04435611
0.04439187
0.04441428
0.04443383
0.04443908
0.04450178
0.04428172
0.04453945
0.04452205
0.04450870
0.04441571
0.04434013
0.04436970
0.04439092
0.04438019
0.04443502
0.04448605
0.04440689
0.04448128
0.04446864
0.04440475
0.04469633
0.04449463
0.04430199
0.04418898
0.04401755
0.04412508
0.04421473
0.04426169
0.04399586
0.04425454
0.04431748
0.04436564
0.04439116
0.04423761
0.04432201
0.04423285
0.04425740
0.04434347
0.04441881
0.04434085
0.04430437
0.04421663
0.04428744
0.04420972
0.04409242
0.04427123
0.04429126
0.04423928
0.04432607
0.04427958
0.04435277
0.04445553
0.04449701
0.04428101
0.04415250
0.04422212
0.04419041
0.04441595
0.04425144
0.04411316
0.04422474
0.04428673
0.04425383
0.04408121
0.04414272
0.04405975
0.04410505
0.04417777
0.04423857
0.04414010
0.04411840
0.04412460
0.04423761
0.04417658
0.04412770
