0.03078890
0.05178261
0.05171943
0.05082297
0.04946852
0.04938936
0.04935861
0.04921055
0.04934669
0.04932761
0.04931378
0.04917574
0.04937100
0.04945946
0.04953980
0.04923344
0.04939437
0.04934478
0.04918647
0.04921126
0.04916739
0.04904366
0.04911327
0.04901791
0.04884458
0.04901934
0.04905725
0.04898143
0.04916477
0.04921412
0.04904199
0.04894924
0.04913306
0.04901552
0.04903078
0.04895544
0.04903746
0.04908609
0.04888320
0.04882669
0.04883909
0.04895949
0.04861164
0.04882407
0.04900241
0.04897785
0.04869437
0.04873967
0.04867482
0.04884386
0.04867482
0.04869175
0.04881716
0.04899287
0.04871154
0.04868650
0.04888415
0.04874063
0.04868627
0.04875660
0.04882669
0.04877138
0.04864168
0.04904056
0.04877400
0.04869485
0.04852509
0.04873395
0.04856610
0.04858851
0.04867053
0.04858518
0.04866338
0.04876852
0.04865766
0.04860020
0.04872203
0.04863906
0.04871297
0.04854226
0.04875922
0.04857635
0.04871154
0.04876828
0.04866934
0.04850030
0.04863715
0.04866004
0.04871440
0.04866576
0.04868412
0.04871035
0.04866481
0.04867792
0.04856777
0.04841757
0.04865909
0.04864025
0.04858208
0.04866409
0.04869342
0.04850650
0.04846668
0.04857326
0.04869699
0.04855180
0.04873013
0.04851174
0.04865527
0.04855204
0.04842234
0.04848981
0.04840446
0.04849982
0.04864550
0.04854631
0.04837966
0.04861021
0.04864502
0.04833627
0.04855514
0.04858899
0.04847455
0.04837060
0.04847002
0.04864907
0.04858780
0.04844594
0.04846358
0.04841185
0.04847527
0.04828405
0.04845643
0.04843521
0.04857945
0.04847765
0.04855537
0.04839802
0.04836297
0.04842377
0.04850197
0.04837227
0.04842305
0.04845214
0.04860020
0.04844832
0.04843760
0.04853845
0.04845715
0.04835749
0.04856849
0.04837632
0.04838181
0.04841971
0.04835796
0.04839301
0.04853415
0.04832530
0.04849529
0.04849482
0.04836988
0.04805398
0.04847169
0.04842043
0.04837155
0.04826975
0.04830003
0.04842329
0.04846191
0.04832363
0.04831481
0.04841924
0.04831815
0.04853106
0.04826331
0.04838395
0.04842949
0.04832435
0.04832315
0.04847860
0.04836011
0.04828739
0.04833221
0.04868460
0.04852223
0.04860020
0.04832816
0.04848146
0.04824662
0.04843831
0.04831886
0.04851007
0.04833603
0.04832387
0.04842353
0.04831672
0.04802203
0.04832006
0.04836845
0.04845595
0.04815149
0.04838681
0.04822636
0.04837489
0.04824924
0.04860306
0.04848194
0.04821801
0.04821277
0.04832125
0.04824662
0.04843116
0.04834986
0.04832268
0.04809499
0.04844928
0.04829383
0.04831219
0.04816413
0.04834557
0.04822135
0.04829907
0.04828906
0.04807496
0.04807496
0.04812932
0.04835629
0.04831409
0.04833984
0.04821420
0.04832530
0.04833341
0.04826593
0.04850221
0.04813933
0.04815745
0.04832792
0.04836607
0.04822087
0.04860306
0.04862928
0.04845881
0.04833579
0.04826832
0.04832792
0.04828119
0.04838729
0.04835057
0.04805827
0.04820967
