0.02932596
0.05177450
0.05088258
0.05075765
0.05087829
0.05080223
0.05099130
0.05090761
0.05062056
0.05078864
0.05088329
0.05081987
0.05079293
0.05078936
0.05089307
0.05073619
0.05068755
0.05082321
0.05083275
0.05091453
0.05078006
0.05077004
0.05090785
0.05087709
0.05071235
0.05088186
0.05089140
0.05077791
0.05078411
0.05069423
0.05073214
0.05064440
0.05068398
0.05095172
0.05071759
0.05078864
0.05078888
0.05078769
0.05085921
0.05094838
0.05074239
0.05086589
0.05066872
0.05086136
0.05099726
0.05070090
0.05055594
0.05070615
0.05050898
0.05075479
0.05069137
0.05060649
0.05068874
0.05065632
0.05066061
0.05076456
0.05060101
0.05074787
0.05070782
0.05067849
0.05065489
0.05068827
0.05072999
0.05085754
0.05063748
0.05078816
0.05076575
0.05063343
0.05070639
0.05068183
0.05049801
0.05055213
0.05066252
0.05051684
0.05056334
0.05064297
0.05055618
0.05055285
0.05048537
0.05044079
0.05065823
0.05046916
0.05062485
0.05050731
0.05046797
0.05032229
0.05045962
0.05045843
0.05033755
0.05056024
0.05057693
0.05037522
0.05055428
0.05051279
0.05071783
0.05043411
0.05048013
0.05046225
0.05042791
0.05033159
0.05039573
0.05059981
0.05045104
0.05039120
0.04987979
0.04992390
0.05019164
0.05002999
0.04940414
0.04994106
0.05021429
0.05041981
0.04981923
0.04957294
0.04953480
0.04965448
0.04957747
0.04948878
0.04941630
0.04982519
0.04996681
0.04987001
0.04950428
0.04966164
0.04964852
0.04964471
0.04965782
0.04958987
0.04978347
0.04971552
0.04982257
0.04962087
0.04974461
0.04979444
0.04960752
0.04939699
0.04937267
0.04939961
0.04953027
0.04950738
0.04967237
0.06401062
0.04967618
0.04955864
0.04961252
0.04950714
0.04931450
0.04955578
0.04955173
0.04943562
0.04954171
0.04959941
0.04966688
0.04982710
0.04957032
0.04962921
0.04957438
0.04973221
0.04976058
0.04960465
0.04969549
0.04970860
0.04960990
0.04960871
0.04940939
0.04960489
