0.02135730
0.04275680
0.04177976
0.04177022
0.04173088
0.04183698
0.04164147
0.04178214
0.04158783
0.04178953
0.04164124
0.04174161
0.04174519
0.04171467
0.04174328
0.04166865
0.04180837
0.04158378
0.04170179
0.04144216
0.04180455
0.04139113
0.04166269
0.04157281
0.04159784
0.04170704
0.04167771
0.04173565
0.04155564
0.04164910
0.04151535
0.04177713
0.04166341
0.04173207
0.04152942
0.04167914
0.04177403
0.04156351
0.04178548
0.04155850
0.04172254
0.04155183
0.04163694
0.04174948
0.04154754
0.04165339
0.04161739
0.04186869
0.04151130
0.04167032
0.04148149
0.04174566
0.04163647
0.04170156
0.04179120
0.04161048
0.04156804
0.04152751
0.04152417
0.04173040
0.04161334
0.04147530
0.04165030
0.04149699
0.04181337
0.04176712
0.04170752
0.04169130
0.04166055
0.04171324
0.04165840
0.04178500
0.04155326
0.04179645
0.04124951
0.04176402
0.04167438
0.04163051
0.04166484
0.04159784
0.04175234
0.04159236
0.04150581
0.04146242
0.04166985
0.04158854
0.04161382
0.04168987
0.04160047
0.04167914
0.04164433
0.04167676
0.04160929
0.04169893
0.04150963
0.04168677
0.04150295
0.04166484
0.04140329
0.04172659
0.04154968
0.04154515
0.04160380
0.04183078
0.04163003
0.04156137
0.04162908
0.04147434
0.04171467
0.04120660
0.04170728
0.04157066
0.04155493
0.04159260
0.04150009
0.04163599
0.04160881
0.04171824
0.04173207
0.04165244
0.04144049
0.04164243
0.04154325
0.04169273
0.04172683
0.04154158
0.04153895
0.04145074
0.04159594
0.04163098
0.04169369
0.04128242
0.04168081
0.04162478
0.04163957
0.04164433
0.04165149
0.04164219
0.04134941
0.04176140
0.04159904
0.04168892
0.04141355
0.04163384
0.04155993
0.04169345
0.04163313
0.04159307
0.04152203
0.04156470
0.04155207
0.04151917
0.04167891
0.04143882
0.04182148
0.04144311
0.04150772
0.04145765
0.04159236
0.04151464
0.04159188
0.04152369
0.04172325
0.04167557
0.04158258
0.04162359
0.04155135
0.04142356
0.04147339
0.04158640
0.04144263
0.04173946
0.04147363
0.04157329
0.04176593
0.04160404
0.04175234
0.04155827
0.04163361
0.04119682
0.04158783
0.04145384
0.04168177
0.04159188
0.04161477
0.04158759
0.04150343
0.04164290
0.04158783
0.04173660
0.04159617
0.04168630
0.04157686
0.04169178
0.04149723
0.04158258
0.04161072
0.04165745
0.04163790
0.04161644
0.04156685
0.04154634
0.04174876
0.04138517
0.04154110
0.04148436
0.04160309
0.04151511
0.04153514
0.04165220
0.04171157
0.04170084
0.04158902
0.04178929
0.04143691
0.04160786
0.04158592
0.04162145
0.04133201
0.04163551
0.04146814
0.04173040
0.04159307
0.04165220
0.04158092
0.04170346
0.04172826
0.04165339
0.04173017
0.04163909
0.04158235
0.04156399
0.04161334
0.04168558
0.04167128
0.04168844
0.04166245
0.04170847
0.04164147
0.04172826
0.04153466
0.04165387
0.04158092
0.04165077
0.04164338
0.04165936
0.04163337
0.04154611
0.04171658
0.04148841
0.04147935
0.04160070
0.04171658
0.04171371
0.04160643
0.04155993
0.04165816
0.04168200
0.04151678
0.04165268
0.04156065
0.04164863
0.04150462
0.04154968
0.04144359
0.04159307
0.04159021
0.04162383
0.04162121
0.04160523
0.04159617
0.04153490
0.04172587
0.04147601
0.04164362
0.04139829
0.04166603
0.04143810
0.04155064
0.04143429
0.04167390
0.04160976
0.04158258
0.04151654
0.04150820
0.04161406
0.04146242
0.04153180
0.04149222
0.04166293
0.04152274
0.04158354
0.04163456
0.04160333
0.04157090
0.04199719
0.04172063
0.04147673
0.04164243
0.04150176
0.04170322
0.04159594
0.04165697
0.04149318
0.04159760
0.04174280
0.04161239
0.04159403
0.04144096
0.04172945
0.04156876
0.04177666
0.04168749
