0.02654147
0.04351449
0.04284811
0.04282641
0.04293013
0.04279923
0.04287100
0.04283881
0.04280853
0.04286432
0.04294157
0.04264283
0.04292846
0.04281998
0.04275680
0.04290366
0.04261589
0.04269576
0.04290819
0.04279780
0.04283595
0.04292822
0.04290366
0.04272056
0.04284811
0.04302764
0.04290485
0.04295683
0.04285312
0.04302168
0.04290986
0.04305267
0.04293108
0.04286122
0.04266119
0.04281092
0.04297185
0.04296541
0.04285097
0.04279900
0.04294562
0.04281282
0.04270315
0.04287124
0.04279256
0.04289985
0.04286718
0.04282641
0.04297948
0.04283500
0.04276800
0.04286242
0.04286528
0.04280996
0.04297590
0.04284739
0.04289293
0.04289627
0.04279518
0.04286146
0.04279494
0.04278493
0.04290438
0.04303384
0.04293966
0.04284120
0.04325581
0.04272604
0.04282403
0.04277945
0.04281116
0.04299068
0.04279709
0.04283190
0.04277325
0.04271317
0.04280424
0.04310274
0.04272223
0.04287076
0.04283047
0.04272771
0.04278541
0.04273129
