0.03578067
0.05561113
0.05568814
0.05576181
0.05554390
0.05562544
0.05548072
0.05560803
0.05570316
0.05563903
0.05545640
0.05563474
0.05520892
0.05565906
0.05559230
0.05555296
0.05566406
0.05552959
0.05558372
0.05548358
0.05559230
0.05568695
0.05555439
0.05571032
0.05536056
0.05562878
0.05539823
0.05554509
0.05576277
0.05551386
0.05560350
0.05552316
0.05557704
0.05546880
0.05551767
0.05569315
0.05549645
0.05553341
0.05548406
0.05578065
0.05545878
0.05573487
0.05582333
0.05570102
0.05545282
0.05557585
0.05564356
0.05559587
0.05553794
0.05569816
0.05563259
0.05561399
0.05539393
0.05549359
0.05544138
0.05571032
0.05561209
0.05549622
0.05556345
0.05545640
0.05555987
0.05541897
0.05569625
0.05552340
0.05560374
0.05562854
0.05554771
0.05551600
0.05550075
0.05549502
0.05564594
0.05554223
0.05566716
0.05575895
0.05564427
0.05539727
0.05557227
0.05558252
0.05564284
0.05561209
0.05548811
0.05549240
0.05565310
0.05549073
0.05585051
0.05565071
0.05569410
0.05542040
0.05566597
0.05546284
0.05568385
0.05549502
0.05564475
0.05550313
0.05575681
0.05543017
0.05551076
0.05558991
0.05550766
0.05566430
0.05551863
0.05546093
0.05568671
0.05548263
0.05561447
0.05560780
0.05559373
0.05557179
0.05536580
0.05566216
0.05553412
0.05576038
0.05549121
0.05551291
0.05558205
0.05559778
0.05545163
0.05554724
0.05541849
0.05568147
0.05556560
0.05580211
0.05549073
0.05580306
0.05550909
0.05560899
0.05559826
0.05553460
0.05564070
0.05577111
0.05551815
0.05565405
0.05537939
0.05574322
0.05538416
0.05555725
0.05560374
0.05569553
0.05560470
0.05558896
0.05560255
0.05561781
0.05545092
0.05575156
0.05547309
0.05572224
0.05548620
0.05577159
0.05538392
0.05571938
0.05557442
0.05564332
0.05553961
0.05561519
0.05561042
0.05565000
0.05550122
0.05570436
0.05566454
0.05561185
0.05545950
0.05566549
0.05533266
0.05552793
0.05554748
0.05557060
0.05555677
0.05551648
0.05557942
0.05552936
0.05540538
0.05550718
0.05573130
0.05558658
0.05544710
0.05575418
0.05554318
0.05574989
0.05551624
0.05566835
0.05563974
0.05554700
0.05561352
0.05548954
0.05543303
0.05570674
0.05547380
0.05562043
0.05544019
0.05547237
0.05543113
0.05544472
0.05568719
0.05559134
0.05558348
0.05540371
0.05560279
0.05568981
0.05560946
0.05551934
0.05556369
0.05544376
0.05559492
0.05553150
0.05547500
0.05570006
0.05560255
0.05568528
0.05558681
0.05555415
0.05563664
0.05547500
0.05551720
0.05562115
0.05561972
0.05555797
0.05551529
0.05550647
0.05546021
0.05550313
0.05554247
0.05551195
0.05557728
0.05540609
0.05568242
0.05544996
0.05556655
0.05556893
0.05563378
0.05549645
0.05545807
0.05559397
0.05555844
0.05574751
0.05565715
0.05576348
0.05565786
0.05555773
0.05582595
0.05549979
0.05567908
0.05551076
0.05568981
0.05566883
0.05553508
0.05597234
0.05554748
0.05550480
0.05570483
0.05546260
0.05574250
0.05544066
0.05548501
0.05546165
0.05573893
0.05545902
0.05580401
0.05551124
0.05545115
0.05536461
0.05544615
0.05555081
0.05573010
0.05546379
0.05566835
0.05537891
0.05565953
0.05544114
0.05562186
0.05545139
0.05563903
0.05544996
0.05547571
0.05553699
0.05536771
0.05548739
0.05558157
0.05548024
0.05571771
0.05552745
0.05579209
0.05546355
0.05551314
0.05560565
0.05552769
0.05558419
0.05545902
0.05580401
0.05555868
0.05547500
0.05558014
0.05572510
0.05548620
0.05529356
0.05555725
0.05586147
0.05569148
0.05558491
0.05545449
0.05561423
0.05558109
0.05566096
0.05544519
0.05574703
0.05557418
0.05555081
0.05547619
0.05549312
0.05543756
0.05558300
0.05545545
0.05568743
0.05539894
0.05577040
0.05535936
0.05556512
0.05559945
0.05554509
0.05544567
0.05542231
0.05529642
0.05541849
0.05537629
0.05449653
0.05426216
0.05529404
0.05498672
0.05516171
0.05488515
0.05492783
0.05509830
0.05488729
0.05527925
0.05494380
0.05497146
0.05490780
0.05487919
0.05485296
0.05489206
0.05490208
0.05466771
0.05476952
0.05457687
0.05482888
0.05458546
0.05462885
0.05473018
0.05472016
0.05469298
0.05455375
0.05466342
0.05448484
0.05453920
0.05459261
0.05456829
0.05456901
0.05453372
0.05440402
0.05443072
0.05443859
0.05461216
0.05460000
0.05453682
0.05445409
0.05437517
0.05424762
0.05453157
0.05429101
0.05408382
0.05414677
0.05426145
0.05412173
0.05409980
0.05424166
0.05411577
0.05419803
0.05411983
0.05391502
0.05418134
0.05422449
0.05429029
0.05436349
0.05378985
0.05431175
0.05424833
0.05331326
0.05372787
0.05457616
0.05464244
0.05459857
0.05459142
0.05463314
0.05449843
0.05468082
0.05455947
0.05472016
0.05462003
0.05484509
0.05483985
0.05498624
0.05476832
0.05541420
0.05513573
0.05519009
0.05525303
0.05534196
0.05554652
0.05566287
0.05580854
0.05569100
0.05612421
0.05598927
0.05636001
0.05633759
0.05659986
0.05654454
0.05727744
0.05675554
0.05699730
0.05704236
0.05698037
0.05712628
0.05694962
0.05709171
0.05737710
0.05714440
0.05724049
0.05704665
0.05713749
0.05738235
0.05721855
0.05706024
0.05707264
0.05716729
0.05710411
0.05718637
0.05697465
0.05693460
0.05720377
0.05703545
0.05685091
0.05686402
0.05671740
0.05673289
0.05644250
0.05656791
0.05663705
0.05630898
0.05615783
0.05599809
0.05585098
0.05610085
0.05604267
0.05589795
0.05570197
0.05581856
0.05577540
0.05561137
0.05571294
0.05573225
0.05570412
0.05569553
0.05559826
0.05583954
0.05556226
0.05562091
0.05570602
0.05558848
0.05560255
0.05531669
0.05578446
0.05544066
0.05554271
0.05546427
0.05552769
0.05549359
0.05542684
0.05552578
0.05584979
0.05560660
0.05556655
0.05549884
0.05546451
0.05551624
0.05542541
0.05567455
0.05557323
0.05569792
0.05548954
0.05572295
0.05544233
0.05553126
0.05556369
0.05560684
0.05551815
0.05548167
0.05557299
0.05551124
0.05551839
0.05563307
0.05553198
0.05565524
0.05548167
0.05573750
0.05534554
0.05544305
0.05568385
0.05578613
0.05579162
0.05561113
0.05566955
0.05559349
0.05533290
0.05555320
0.05553460
0.05566096
0.05566978
0.05559325
0.05557728
0.05563688
0.05549550
0.05558014
0.05549812
0.05536938
0.05559731
0.05546021
0.05575442
0.05574846
0.05560613
0.05561018
0.05557346
0.05558944
0.05563068
0.05568504
0.05558467
0.05573988
0.05556154
0.05578327
0.05577326
0.05554652
0.05570579
0.05568218
0.05593538
0.05552006
0.05575585
0.05557132
0.05558038
0.05561805
0.05571127
0.05565119
0.05567193
0.05578327
0.05565643
0.05560827
0.05553675
0.05570507
0.05559802
0.05558944
0.05554938
0.05564117
0.05543399
0.05565071
0.05567050
0.05561519
0.05567527
0.05559754
0.05578423
0.05550504
0.05567622
0.05576849
0.05550385
0.05561137
0.05554533
0.05564260
0.05550265
0.05559349
0.05559278
0.05549645
0.05556631
0.05558753
0.05568099
0.05565286
0.05565143
0.05550671
0.05548143
0.05556822
0.05553293
0.05559993
0.05564189
0.05565524
0.05555010
0.05534434
0.05553246
0.05535007
0.05564952
0.05560017
0.05563784
0.05557275
0.05523801
0.05562735
0.05558252
0.05559158
0.05563498
0.05545044
0.05551505
0.05533433
0.05560136
0.05526614
0.05532026
0.05542660
0.05550432
0.05546188
0.05541492
0.05550265
0.05531263
0.05561328
0.05555844
0.05549216
0.05582905
0.05553579
0.05557442
0.05554342
0.05554891
0.05564117
0.05547690
0.05553555
0.05523157
0.05560589
0.05532908
0.05555630
0.05556870
0.05548167
0.05553484
0.05539036
0.05563712
0.05556631
0.05548906
0.05549884
0.05547833
0.05554986
0.05534244
0.05543756
0.05542159
0.05551124
0.05557299
0.05544877
0.05550551
0.05534840
0.05555248
0.05547309
0.05547523
0.05534983
0.05540347
0.05547166
0.05546856
0.05564404
0.05557323
0.05571318
0.05562139
0.05566955
0.05571485
0.05578542
0.05566192
0.05538273
0.05551410
0.05576825
0.05551124
0.05569816
0.05552292
0.05565763
0.05575109
0.05590558
0.05550408
0.05552292
0.05564189
0.05561876
0.05563498
0.05549860
0.05554867
0.05557370
0.05552530
0.05564189
0.05560446
0.05560207
0.05567002
0.05564404
0.05560112
0.05571222
0.05552554
0.05567956
0.05566835
0.05559254
0.05569482
0.05560350
0.05552149
0.05555081
0.05557585
0.05550504
0.05539513
0.05553627
0.05561614
0.05546379
0.05562258
0.05571318
0.05560303
0.05553365
0.05552030
0.05558753
0.05573130
0.05575156
0.05576229
0.05571270
0.05565166
0.05560851
0.05554104
0.05546093
0.05556679
0.05562210
0.05561543
0.05558252
0.05555201
0.05574656
0.05558419
0.05551314
0.05554223
0.05546069
0.05513906
0.05553341
0.05430484
0.05338454
0.05451274
0.05441070
0.05437040
0.05503464
0.05504203
0.05522895
0.05510855
0.05516601
0.05545497
0.05533981
0.05543017
0.05531001
0.05542231
0.05536675
0.05543470
0.05548310
0.05544615
0.05559444
0.05540490
0.05560517
0.05531764
0.05554032
0.05545473
0.05550551
0.05572557
0.05542803
0.05586720
0.05529785
0.05533957
0.05547762
0.05547523
0.05545855
0.05537915
0.05543590
0.05537653
0.05552745
0.05531096
0.05550981
0.05525064
0.05544710
0.05541611
0.05530167
0.05541134
0.05546999
0.05539083
0.05548644
0.05521894
0.05539536
0.05514240
0.05532336
0.05533862
0.05538082
0.05537653
0.05537343
0.05562353
0.05560589
0.05566406
0.05573153
0.05560327
0.05559969
0.05556321
0.05553389
0.05543137
0.05558991
0.05564189
0.05548286
0.05552363
0.05530787
0.05547571
0.05542731
0.05551052
0.05548692
0.05537462
0.05549192
0.05537343
0.05546570
0.05532813
0.05537486
0.05554223
0.05545139
0.05546093
0.05525041
0.05567646
0.05529618
0.05548954
0.05546904
0.05558896
0.05550718
0.05545306
0.05559897
0.05547595
0.05546689
0.05564880
0.05540800
0.05552316
0.05538988
0.05566287
0.05535603
0.05555844
0.05564189
0.05599642
0.05548024
0.05549383
0.05559778
0.05545068
0.05549312
0.05552244
0.05535197
0.05552006
0.05550981
0.05549288
0.05552459
0.05555463
0.05551505
0.05551791
0.05544472
0.05541492
0.05538917
0.05535245
0.05535746
0.05544019
0.05563927
0.05546761
0.05542278
0.05546284
0.05543828
0.05492997
0.05548596
0.05547142
0.05557489
0.05540633
0.05549812
0.05552101
0.05580640
0.05564857
0.05592871
0.05569410
0.05579662
0.05576253
0.05569744
0.05542064
0.05551648
0.05545187
0.05555868
0.05531287
0.05547619
0.05552149
0.05568981
0.05550361
0.05592299
0.05562449
0.05583715
0.05562663
0.05590606
0.05593991
0.05620122
0.05596185
0.05607033
0.05614209
0.05675364
0.05676889
0.05639434
0.05634880
0.05636573
0.05631113
0.05640602
0.05664182
0.05644560
0.05660248
0.05646753
0.05652356
0.05641246
0.05657434
0.05670261
0.05648470
0.05705786
0.05691361
0.05680919
0.05666304
0.05655456
0.05687094
0.05690336
0.05689478
0.05633879
0.05681443
0.05675197
0.05694818
0.05669427
0.05692339
0.05696344
0.05652404
0.05688691
0.05663109
0.05672193
0.05673265
0.05689144
0.05703807
0.05672693
0.05707192
0.05685234
0.05774021
0.05744386
0.05771184
0.05955839
0.05951309
0.05956078
0.05927753
0.05962396
0.05953574
0.05854464
0.05717015
0.05704999
0.05705547
0.05685282
0.05688167
0.05707073
0.05705309
0.05695677
0.05710769
0.05717516
0.05710483
0.05692720
0.05705070
0.05690002
0.05687928
0.05699944
0.05704784
0.05704236
0.06111121
0.10024405
0.09973454
0.06329489
0.05679679
0.05676222
0.05666375
0.05659008
0.05660844
0.05669022
0.05685377
0.05676723
0.05674911
0.05671930
0.05705094
0.05688047
0.05611348
0.05647016
0.05641437
0.05633521
0.05651426
0.05619812
0.05637240
0.05626678
0.05625010
0.05625010
0.05642343
0.05640292
0.05636883
0.05632901
0.05615664
0.05639815
0.05634403
0.05642843
0.05666971
0.05623889
0.05646491
0.05617666
0.05642653
0.05640101
0.05660748
0.05644035
0.05635166
0.05636954
0.05632496
0.05639768
0.05645871
0.05624056
0.05626822
0.05615187
0.05633259
0.05678701
0.05639625
0.05641103
0.05621481
0.05634141
0.05623198
0.05646539
0.05625367
0.05627728
0.05642581
0.05603600
0.05641007
0.05609751
0.05622840
0.05616212
0.05616856
0.05622649
0.05603313
0.05629325
0.05620241
0.05626583
0.05616474
0.05627823
0.05648136
0.05620456
0.05634189
0.05639577
0.05633831
0.05617809
0.05643821
0.05637074
0.05616498
0.05638885
0.05620551
0.05632353
0.05631089
0.05616689
0.05641961
0.05624104
0.05632329
0.05636358
0.05614591
0.05615973
0.05617881
0.05629635
0.05612946
0.05632901
0.05600762
0.05617261
0.05635142
0.05630064
0.05668688
0.05626631
0.05646920
0.05624914
0.05638957
0.05626011
0.05630350
0.05619073
0.05621099
0.05616379
0.05611515
0.05623531
0.05625296
0.05621910
0.05612516
0.05627489
0.05647564
0.05617976
0.05616879
0.05623388
0.05624032
0.05638599
0.05616784
0.05653763
0.05618978
0.05633330
0.05629635
0.05630374
0.05627799
0.05636168
0.05635619
0.05639100
0.05674314
0.05683351
0.05698252
0.05673575
0.05693102
0.05699444
0.05674696
0.05707979
0.05683088
0.05670953
0.05634737
0.05636787
0.05619216
0.05592299
0.05622649
0.05597043
0.05588317
0.05575085
0.05580664
0.05588126
0.05543256
0.05534959
0.05536461
0.05510569
0.05411506
0.05415177
0.05500102
0.05483270
0.05485463
0.05490994
0.05486274
0.05482101
0.05477643
0.05488467
0.05499721
0.05490899
0.05499339
0.05466795
0.05459976
0.05465031
0.05469179
0.05461597
0.05480862
0.05470157
0.05456877
0.05467057
0.05437493
0.05457520
0.05474925
0.05449438
0.05460095
0.05439425
0.05456734
0.05446196
0.05462408
0.05456257
0.05446196
0.05460715
0.05440116
0.05446577
0.05448174
0.05440331
0.05438209
0.05438638
0.05455160
0.05447984
0.05447030
0.05441594
0.05441642
0.05447197
0.05428624
0.05468321
0.05441761
0.05437732
0.05436015
0.05467677
0.05455637
0.05447006
0.05456376
0.05426407
0.05437279
0.05446362
0.05431175
0.05445743
0.05444956
0.05454612
0.05431223
0.05449700
0.05429888
0.05422187
0.05439281
0.05444169
0.05443025
0.05433989
0.05417538
0.05434656
0.05433464
0.05446458
0.05428147
0.05446029
0.05433488
0.05435610
0.05445600
0.05447125
0.05444694
0.05446982
0.05442882
0.05448961
0.05439973
0.05437756
0.05457067
0.05424261
0.05449748
0.05458021
0.05448222
0.05463648
0.05451965
0.05437493
0.05436230
0.05461216
0.05426884
0.05433202
0.05437613
0.05434346
0.05448413
0.05445147
0.05436087
0.05426455
0.05437112
0.05435395
0.05464125
0.05430937
0.05424643
0.05445385
0.05431867
0.05435729
0.05418944
0.05429077
0.05435801
0.05422091
0.05456877
0.05420828
0.05430532
0.05416965
0.05419469
0.05423045
0.05437589
0.05457568
0.05459690
0.05444479
0.05441952
0.05454612
0.05449748
0.05451083
0.05455828
0.05446863
0.05458260
0.05466270
0.05471730
0.05477476
0.05443072
0.05426264
0.05439734
0.05448914
0.05452490
0.05460048
0.05420637
0.05443716
0.05424953
0.05449843
0.05454779
0.05456161
0.05441689
0.05437732
0.05465841
0.05474043
0.05457211
0.05443549
0.05436230
0.05461550
0.05460858
0.05460906
0.05467677
0.05433083
0.05457520
0.05450583
0.05449247
0.05450726
0.05438447
0.05449414
0.05448580
0.05431986
0.05418491
0.05444050
0.05450082
0.05453682
0.05442977
0.05437183
0.05440307
0.05426526
0.05447197
0.05463576
0.05441666
0.05446649
0.05435872
0.05415416
0.05433345
0.05432367
0.05433583
0.05452728
0.05435276
0.05433941
0.05428267
0.05448484
0.05419779
0.05434537
0.05426216
0.05451465
0.05424929
0.05423474
0.05436802
0.05438995
0.05437422
0.05438733
0.05447316
0.05429983
0.05422115
0.05451083
0.05447865
0.05477262
0.05426025
0.05447054
0.05421901
0.05431437
0.05438566
0.05466652
0.05446124
0.05443072
0.05427241
0.05435610
0.05441380
0.05453157
0.05447602
0.05434918
0.05435061
0.05447507
0.05437064
0.05425835
0.05447125
0.05433893
0.05431199
0.05452156
0.05448294
0.05448198
0.05428815
0.05411911
0.05415797
0.05438137
0.05439830
0.05440593
0.05412030
0.05392265
0.05428672
0.05432463
0.05445528
0.05440927
0.05415297
0.05435085
0.05437922
0.05460334
0.05469918
0.05431437
0.05436802
0.05423021
0.05423403
0.05446720
0.05447149
0.05450869
0.05426717
0.05443811
0.05441666
0.05464768
0.05471754
0.05439758
0.05437446
0.05444336
0.05438399
0.05410624
0.05451560
0.05448556
0.05467868
0.05441999
0.05429769
0.05435991
0.05444050
0.05438209
0.05436492
0.05425549
0.05440164
0.05442619
0.05440640
0.05448294
0.05444264
0.05448484
0.05450797
0.05467510
0.05462742
0.05448675
0.05447030
0.05462265
0.05441189
0.05452085
0.05448747
0.05447125
0.05454040
0.05441999
0.05459166
0.05455470
0.05482888
0.05457306
0.05471587
0.05486012
0.05479860
0.05498195
0.05474925
0.05496216
0.05505013
0.05505919
0.05505466
0.05508280
0.05506063
0.05491662
0.05493641
0.05545259
0.05536509
0.05517697
0.05502844
0.05520582
0.05508113
0.05514956
0.05519414
0.05509281
0.05506611
0.05505037
0.05510426
0.05495286
0.05494428
0.05496740
0.05490160
0.05496860
0.05492306
0.05394530
0.05394959
0.05489540
0.05537701
0.05481815
0.05502391
0.05485559
0.05493832
0.05478525
0.05471539
0.05383158
0.05380130
0.05473375
0.05462646
0.05484414
0.05433059
0.05447769
0.05457401
0.05469036
0.05370069
0.05370617
0.05475497
0.05455852
0.05461025
0.05483556
0.05456257
0.05451465
0.05436063
0.05446100
0.05434966
0.05461812
0.05437112
0.05444098
0.05436301
0.05427790
0.05430436
0.05434752
0.05423760
0.05409098
0.05416322
0.05415678
0.05426598
0.05423665
0.05414248
0.05419278
0.05425882
0.05414009
0.05427408
0.05416727
0.05401230
0.05390644
0.05416536
0.05427790
0.05417609
0.05427098
0.05413604
0.05428910
0.05419779
0.05408549
0.05446172
0.05407619
0.05414033
0.05421972
0.05396581
0.05409384
0.05405927
0.05401039
0.05415225
0.05408573
0.05418396
0.05398393
0.05426311
0.05415964
0.05412531
0.05413723
0.05400681
0.05400777
0.05416989
0.05394316
0.05398321
0.05416369
0.05407381
0.05403590
0.05410743
0.05405259
0.05405354
0.05420113
0.05420589
0.05438209
0.05404735
0.05411530
0.05418420
0.05423999
0.05404520
0.05418658
0.05434060
0.05412769
0.05403209
0.05431390
0.05403233
0.05426860
0.05415988
0.05414724
0.05412436
0.05415964
0.05423641
0.05441976
0.05447817
0.05455828
0.05434299
0.05450869
0.05451369
0.05466366
0.05448842
0.05452490
0.05430913
0.05423641
0.05433941
0.05434513
0.05407929
0.05426693
0.05425692
0.05425858
0.05425978
0.05398536
0.05409336
0.05414462
0.05404305
0.05414152
0.05396628
0.05399990
0.05389929
0.05398893
0.05412745
0.05392885
0.05397725
0.05385089
0.05383563
0.05392146
0.05373168
0.05368161
0.05405569
0.05387878
0.05377483
0.05368519
0.05385113
0.05385995
0.05399919
0.05384803
0.05363822
0.05375504
0.05377960
0.05381703
0.05383134
0.05368328
0.05390978
0.05395579
0.05387568
0.05381918
0.05356240
0.05378866
0.05387855
0.05383348
0.05378819
0.05369353
0.05385637
0.05383611
0.05385852
0.05387211
0.05364203
0.05377412
0.05388165
0.05375051
0.05378485
0.05369902
0.05379915
0.05386615
0.05381107
0.05381060
0.05376959
0.05377984
0.05382824
0.05389285
0.05400300
0.05369711
0.05376339
0.05368757
0.05390906
0.05380344
0.05403590
0.05371904
0.05368972
0.05378413
0.05367279
0.05404568
0.05396867
0.05391669
0.05375457
0.05370402
0.05375648
0.05371213
0.05378389
0.05369234
0.05364466
0.05354762
0.05365300
0.05389237
0.05375886
0.05386972
0.05365109
0.05372119
0.05383134
0.05366397
0.05368710
0.05373788
0.05356431
0.05374837
0.05359077
0.05400109
0.05366111
0.05380845
0.05369759
0.05380511
0.05378866
0.05375051
0.05379081
0.05398583
0.05370855
0.05370808
0.05389857
0.05382752
0.05388618
0.05387974
0.05387449
0.05380321
0.05377889
0.05408907
0.05397749
0.05391240
0.05374360
0.05393887
0.05383873
0.05386591
0.05394530
0.05398679
0.05389524
0.05391550
0.05393362
0.05413294
0.05390882
0.05394411
0.05391741
0.05384755
0.05391526
0.05387926
0.05388689
0.05393577
0.05389047
0.05392098
0.05379844
0.05369496
0.05384564
0.05375218
0.05389476
0.05382228
0.05389547
0.05400777
0.05393267
0.05391550
0.05382943
0.05396152
0.05410647
0.05390644
0.05384541
0.05395603
0.05386901
0.05390549
0.05386877
0.05389404
0.05406237
0.05376077
0.05386353
0.05394697
0.05397177
0.05369759
0.05380130
0.05397868
0.05386090
0.05374742
0.05412459
0.05382133
0.05410886
0.05384493
0.05383992
0.05361366
0.05389762
0.05375886
0.05378342
