0.03074217
0.05179310
0.05153561
0.05139089
0.05150604
0.05146599
0.05151486
0.05137277
0.05136991
0.05144072
0.05140972
0.05148482
0.05139542
0.05138731
0.05145550
0.05162120
0.05158710
0.05148149
0.05151629
0.05147004
0.05144668
0.05142307
0.05134940
0.05126023
0.05141401
0.05130982
0.05121255
0.05123568
0.05124378
0.05137801
0.05114532
0.05135036
0.05137491
0.05126572
0.05145192
0.05147362
0.05120707
0.05135655
0.05128956
0.05153155
0.05125785
0.05131269
0.05123520
0.05122757
0.05141973
0.05123329
0.05101633
0.05130982
0.05118322
0.05127621
0.05117726
0.05121589
0.05120993
0.05113149
0.05099010
0.05122161
0.05136967
0.05131388
0.05131054
0.05133295
0.05144811
0.05151725
0.05143785
0.05150700
0.05156398
0.05173492
0.05149698
0.05134821
0.05139637
0.05135369
0.05157852
0.05157042
0.05146384
0.05134964
0.05139160
0.05143332
0.05156088
0.05148792
0.05156636
0.05165243
0.05150700
0.05145288
0.05139637
0.05167413
0.05179071
0.05157590
0.05166960
0.05178022
0.05181551
0.05185771
0.05190372
0.05173492
0.05184746
0.05174708
0.05174303
0.05176306
0.05185390
0.05196905
0.05186248
0.05185699
0.05212426
0.05200267
0.05189204
0.05189872
0.05195522
0.05183816
0.05187869
0.05187082
0.05193114
0.05201626
0.05198646
0.05180430
0.05200768
0.05192375
0.05184674
0.05200624
0.05185771
0.05196857
0.05191398
0.05183220
0.05177164
0.05181408
0.05186844
0.05173326
0.05106258
0.05118704
0.05112219
0.05109119
0.05192947
0.05193400
0.05185390
0.05212975
0.05100608
0.05113244
0.05196571
0.05173826
0.05188680
0.05188799
0.05187154
0.05187130
0.05191374
0.05186319
0.05198979
0.05173421
0.05179071
0.05195236
0.05188465
0.05190182
0.05184984
0.05186987
0.05190611
0.05192423
0.05193973
0.05209708
0.05209064
0.05187559
0.05196047
0.05210924
0.05201411
0.05215979
0.05195594
0.05181384
0.05190921
0.05185437
0.05191159
0.05189037
0.05178046
0.05176520
0.05177045
0.05185413
0.05171847
0.05182743
0.05179191
0.05173492
0.05147123
0.05168629
0.05175233
0.05141544
0.05177999
0.05172586
0.05172920
0.05170679
0.05172992
0.05178833
0.05189705
0.05159974
0.05158472
0.05166960
0.05166125
0.05144048
0.05157661
0.05172396
0.05160117
0.05157518
0.05152845
0.05139184
0.05196428
0.05153227
0.05140424
0.05138564
0.05158901
0.05162477
0.05162907
0.05157804
0.05169415
0.05160427
0.05158687
0.05155468
0.05165172
0.05164742
0.05186248
0.05157256
0.05147076
0.05160308
0.05180073
0.05145812
0.05158329
0.05142927
0.05148315
0.05157447
0.05154324
0.05157709
0.05152369
0.05134940
0.05150175
0.05169845
0.05164361
0.05151320
0.05140972
0.05139661
0.05160213
0.05154586
0.05142593
0.05140281
0.05155730
0.05144715
0.05155492
0.05130506
0.05131841
0.05137730
0.05142307
0.05166364
0.05145860
0.05155492
0.05153298
0.05142999
0.05154157
0.05147076
0.05152154
0.05134201
0.05142331
0.05151629
0.05181503
0.05163884
0.05165291
0.05163407
0.05168700
0.05173516
0.05193901
0.05172610
0.05171371
0.05184817
0.05183554
0.05162477
0.05167913
0.05160260
0.05160213
0.05161071
0.05165315
0.05162191
0.05166221
0.05173969
0.05156803
0.05170751
0.05175614
0.05176139
0.05174828
0.05177712
0.05170870
0.05185604
0.05159807
0.05159378
0.05202270
0.05167532
0.05174685
0.05180979
0.05196357
0.05183172
0.05167007
0.05165863
0.05185795
0.05168438
0.05174494
0.05173063
0.05164528
0.05178404
0.05174136
0.05178452
0.05175066
0.05174065
0.05164576
0.05167651
0.05164623
0.05169821
0.05182672
0.05159855
0.05159020
0.05180407
0.05173540
0.05173707
0.05171156
0.05182171
0.05189681
0.05186343
0.05169535
0.05180764
0.05187845
0.05176520
0.05190301
0.05168295
0.05166054
0.05200076
0.05188966
0.05176258
0.05171442
0.05186200
0.05200052
0.05193281
0.05194354
0.05180097
0.05183554
0.05181122
0.05197215
0.05205321
0.05198026
0.05191946
0.05187130
0.05180907
0.05160427
0.05171156
0.05186224
0.05172563
0.05170989
0.05175757
0.05186224
0.05181479
0.05164146
0.05179644
0.05183649
0.05169797
0.05162048
0.05174637
0.05164003
0.05176210
0.05163598
0.05149126
0.05147886
0.05149603
0.05151033
0.05155182
0.05147457
0.05158544
0.05131888
0.05128813
0.05141735
0.05155492
0.05140615
0.05136728
0.05129218
0.05145955
0.05152416
0.05150914
0.05118251
0.05132198
0.05134511
0.05133271
0.05140901
0.05127549
0.05123115
0.05115223
0.05133724
0.05123973
0.05130219
0.05094266
0.05116296
0.05116773
0.05117464
0.05121779
0.05128098
0.05133510
0.05125833
0.05128026
0.05127573
0.05127072
0.05123997
0.05118632
0.05119157
0.05126786
0.05120945
0.05144620
0.05120444
0.05151987
0.05140400
0.05125475
0.05131984
0.05150175
0.05134797
0.05135751
0.05129504
0.05132890
0.05141497
0.05121517
0.05135965
0.05143738
0.05157113
0.05154586
0.05143380
0.05163050
0.05164981
0.05169630
0.05165553
0.05184746
0.05170035
0.05169106
0.05159450
0.05173278
0.05176258
0.05180311
0.05194592
0.05186009
0.05168128
0.05184078
0.05194068
0.05185819
0.05191922
0.05184197
0.05177855
0.05186415
0.05180740
0.05184579
0.05178261
0.05179763
0.05158091
0.05157876
0.05158138
0.05157542
0.05163193
0.05189133
0.05140352
0.05133128
0.05152154
0.05151963
0.05162859
0.05164266
0.05156875
0.05152655
0.05131698
0.05138254
0.05161762
0.05139852
0.05140519
0.05148220
0.05150008
0.05160570
0.05150914
0.05167699
0.05161738
0.05147457
0.05135250
0.05165267
0.05164552
0.05161142
0.05155158
0.05162454
0.05185008
0.05164456
0.05181408
0.05165911
0.05186367
0.05166101
0.05190396
0.05183816
0.05182767
0.05195379
0.05177951
0.05165553
0.05185080
0.05182838
0.05177546
0.05183959
0.05172753
0.05177736
0.05183816
0.05176759
0.05200505
0.05182648
0.05203557
0.05194831
0.05187440
0.05179358
0.05186272
0.05202627
0.05188847
0.05180025
0.05182266
0.05175853
0.05180311
0.05170321
0.05178165
0.05193710
0.05190372
0.05176449
0.05197215
0.05187345
0.05194616
0.05179787
0.05187130
0.05190706
0.05196476
0.05191684
0.05116010
0.05134273
0.05216050
0.05219316
0.05205083
0.05201101
0.05216742
0.05217123
0.05215788
0.05200362
0.05200553
0.05206752
0.05204058
0.05129623
0.05111504
0.05222797
0.05187035
0.05193424
0.05197072
0.05197096
0.05190468
0.05211663
0.05196762
0.05210924
0.05186796
0.05177665
0.05200338
0.05205798
0.05184221
0.05182266
0.05196285
0.05177426
0.05174875
0.05176711
0.05182219
0.05173707
0.05174422
0.05179191
0.05183148
0.05173588
0.05156207
0.05164552
0.05178165
0.05177712
0.05195761
0.05191588
0.05186629
0.05181670
0.05166125
0.05170298
0.05189276
0.05194139
0.05183125
0.05176759
0.05192924
0.05186558
0.05175066
0.05164242
0.05174685
0.05180597
0.05187178
0.05187058
0.05187631
0.05200481
0.05182171
0.05187297
0.05180979
0.05179763
0.05177903
0.05187178
0.05197453
0.05180240
0.05157852
0.05175614
0.05186486
0.05177617
0.05154538
0.05177402
0.05180717
0.05179214
0.05153942
0.05175710
0.05180526
0.05168962
0.05164218
0.05159736
0.05156446
0.05167389
0.05161285
0.05157709
0.05142593
0.05136347
0.05136490
0.05150485
0.05150723
0.05139208
0.05147004
0.05140376
0.05136538
0.05152702
0.05146480
0.05131507
0.05162263
0.05120730
0.05134606
0.05132198
0.05134773
0.05116272
0.05124354
0.05110049
0.05099726
0.05099988
0.05123925
0.05116653
0.05122447
0.05123997
0.05113769
0.05135179
0.05119228
0.05106521
0.05125380
0.05103469
0.05100942
0.05100441
0.05129671
0.05107164
0.05122304
0.05121064
0.05098724
0.05116272
0.05105424
0.05098987
0.05119467
0.05112243
0.05119729
0.05141354
0.05142117
0.05135846
0.05142045
0.05118728
0.05118895
0.05112910
0.05141258
0.05128455
0.05133867
0.05125809
0.05130267
0.05131412
0.05130076
0.05120087
0.05134535
0.05152464
0.05130410
0.05145240
0.05136132
0.05135179
0.05136800
0.05132198
0.05122185
0.05157518
0.05142450
0.05133653
0.05131960
0.05112600
0.05104208
0.05120659
0.05118227
0.05129576
0.05125785
0.05115366
0.05143142
0.05126023
0.05159378
0.05144596
0.05130625
0.05141187
0.05144072
0.05125785
0.05134583
0.05137944
0.05154324
0.05134678
0.05129671
0.05141139
0.05135107
0.05131936
0.05145621
0.05112433
0.05133414
0.05119157
0.05131674
0.05142283
0.05125785
0.05123043
0.05119514
0.05117130
0.05118346
0.05120587
0.05133772
0.05113578
0.05107856
0.05124950
0.05126762
0.05133033
0.05133200
0.05120063
0.05121708
0.05143690
0.05133414
0.05149102
0.05142117
0.05132079
0.05136323
0.05136395
0.05148649
0.05129457
0.05126595
0.05131245
0.05130076
0.05121112
0.05129313
0.05120778
0.05101323
0.05133510
0.05124378
0.05154610
0.05141068
0.05142641
0.05138326
0.05135942
0.05132937
0.05149245
0.05152082
0.05155420
0.05145502
0.05151367
0.05124569
0.05131054
0.05153942
0.05141783
0.05135965
0.05148816
0.05174828
0.05192232
0.05184269
0.05168033
0.05159712
0.05181098
0.05174589
0.05172801
0.05186701
0.05180025
0.05170822
0.05184126
0.05164790
0.05182409
0.05168891
0.05194163
0.05175662
0.05160642
0.05163288
0.05167842
0.05152202
0.05155683
0.05142617
0.05131412
0.05119586
0.05128455
0.05133128
0.05127859
0.05119395
0.05095363
0.05109167
0.05103874
0.05121756
0.05100536
0.05115032
0.05096650
0.05084372
0.05107689
0.05097437
0.05090213
0.05087996
0.05089569
0.05089378
0.05102706
0.05097079
0.05088878
0.05083680
0.05081344
0.05079603
0.05091023
0.05075192
0.05078506
0.05071783
0.05074954
0.05075240
0.05085731
0.05088878
0.05069876
0.05080056
0.05067086
0.05080962
0.05069494
0.05067444
0.05079818
0.05068707
0.05077100
0.05066562
0.05082607
0.05077553
0.05074763
0.05072355
0.05071497
0.05062342
0.05065703
0.05051541
0.05074620
0.05058217
0.05056715
0.05060625
0.05066133
0.05063438
0.05063391
0.05058408
0.05059361
0.05064917
0.05071092
0.05062532
0.05060506
0.05070257
0.05068183
0.05070925
0.05072594
0.05061841
0.05070758
0.05091476
0.05068898
0.05063939
0.05070996
0.05060768
0.05074883
0.05060744
0.05060577
0.05067420
0.05068421
0.05063939
0.05083966
0.05060387
0.05070782
0.05069137
0.05061865
0.05071735
0.05082536
0.05079269
0.05078435
0.05071068
0.05070043
0.05061245
0.05076289
0.05041814
0.05065036
0.05049562
0.05058980
0.05053973
0.05059409
0.05064964
0.05051255
0.05053139
0.05061412
0.05084014
0.05058026
0.05067635
0.05053258
0.05069709
0.05036497
0.05078053
0.05057621
0.05072117
0.05053186
0.05062056
0.05078554
0.05059147
0.05060244
0.05053973
0.05061340
0.05057430
0.05054975
0.05075955
0.05051422
0.05063653
0.05066395
0.05042696
0.05048370
0.05031776
0.05044508
0.05062652
0.05045772
0.05063438
0.05048394
0.05064631
0.05047870
0.05051827
0.05048752
0.05045128
0.05058074
0.05054569
0.05060196
0.05060148
0.05051589
0.05065584
0.05035806
0.05038381
0.05047274
0.05042744
0.05054331
0.05055785
0.05058241
0.05044365
0.05042648
0.05045938
0.05043554
0.05076575
0.05045176
0.05052662
0.05056596
0.05030012
0.05034113
0.05037403
0.05039287
0.05038691
0.05038023
0.05041432
0.05044937
0.05038691
0.05036211
0.05044341
0.05037880
0.05034852
0.05042863
0.05042863
0.05052209
0.05049896
0.05060434
0.05057836
0.05045056
0.05040669
0.05028820
0.05052447
0.05045891
0.05039167
0.05041432
0.05038428
0.05038643
0.04999948
0.05006862
0.05048943
0.05037689
0.05047011
0.05045509
0.05054736
0.05061197
0.05054259
0.05047917
0.05057526
0.05050611
0.05039620
0.05052972
0.05032873
0.05048966
0.05056214
0.05043459
0.05049491
0.05036926
0.05055165
0.05032825
0.05057526
0.05062723
0.05060959
0.05055165
0.05056715
0.05052972
0.05060911
0.05052185
0.05046296
0.05067444
0.05054665
0.05056190
0.05046940
0.05013442
0.05041313
0.05054951
0.05046535
0.05016518
0.05026507
0.05036449
0.05024791
0.05028915
0.05048943
0.05037332
0.05041623
0.05046988
0.05021501
0.05023837
0.05004644
0.04991221
0.04990530
0.05009556
0.04986358
0.04956508
0.05023980
0.05010056
0.04981327
0.04978037
0.05043960
0.05086756
0.05086637
0.05048943
0.05078459
0.05057120
0.05080152
0.05073380
0.05072284
0.05085874
0.05083990
0.05061221
0.05077147
0.05058789
0.05083966
0.05069113
0.05129695
0.05080128
0.05073166
0.05062604
0.05065250
0.05064034
0.05073500
0.05046463
0.05066586
0.05060697
0.05067134
0.05070090
0.05069113
0.05061126
0.05084324
0.05065203
0.05071163
0.05068374
0.05070782
0.05074000
0.05067945
0.05078435
0.05084658
0.05080175
0.05082107
0.05075264
0.05087042
0.05060005
0.05065346
0.05079007
0.05082464
0.05080175
0.05078602
0.05088592
0.05074215
0.05076241
0.05088949
0.05087948
0.05084777
0.05076528
0.05072975
0.05093718
0.05072737
0.05063415
0.05081725
0.05067730
0.05065441
0.05070806
0.05065012
0.05080509
0.05070376
0.05057740
0.05070472
0.05070543
0.05076408
0.05051303
0.05054283
0.05059600
0.05054498
0.05060768
0.05049610
0.05044580
0.05048275
0.05035114
0.05054355
0.05047131
0.05061865
0.05050230
0.05049968
0.05041456
0.05040407
0.05053592
0.05036736
0.05032587
0.05044580
0.05038452
0.05040789
0.05038571
0.05038285
0.05033302
0.05030942
0.05029535
0.05034041
0.05043626
0.05046844
0.05026507
0.05052137
0.05048442
0.05053234
0.05050230
0.05047584
0.05054307
0.05045724
0.05056858
0.05056286
0.05072784
0.05051732
0.05050731
0.05069613
0.05074143
0.05047059
0.05066133
0.05063653
0.05078077
0.05060959
0.05066347
0.05041838
0.05061722
0.05067182
0.05069947
0.05075288
0.05067444
0.05069661
0.05056286
0.05099034
0.05073214
0.05078769
0.05066967
0.05079150
0.05076861
0.05091929
0.05075598
0.05067039
0.05077791
0.05068731
0.05079007
0.05055332
0.05077195
0.05073237
0.05077982
0.05093670
0.05080271
0.05080891
0.05085754
0.05075312
0.05084586
0.05069184
0.05073786
0.05085993
0.05067205
0.05093575
0.05075145
0.05073738
0.05066061
0.05093360
0.05083847
0.05073833
0.05079770
0.05092573
0.05063391
0.05091524
0.05062556
0.05060506
0.05071974
0.05085516
0.05067778
0.05090332
0.05071068
0.05088258
0.05060387
0.05086184
0.05082989
0.05079722
0.05097485
0.05082941
0.05078578
0.05074048
0.05095220
0.05072689
0.05097461
0.05075240
0.05083013
0.05092430
0.05092382
0.05054140
0.05107927
0.05080867
0.05083585
0.05087280
0.05094647
0.05075049
0.05088234
0.05080819
0.05107737
0.05115891
0.05116200
0.05100346
0.05102515
0.05123854
0.05131912
0.05122375
0.05119181
0.05116010
0.05126786
0.05140638
0.05144930
0.05130839
0.05129528
0.05120063
0.05109692
0.05120444
0.05140734
0.05162668
0.05140376
0.05150485
0.05155659
0.05163026
0.05137610
0.05146241
0.05151296
0.05126119
0.05136967
0.05154991
0.05149889
0.05139112
0.05149174
0.05134940
0.05153179
0.05137157
0.05131769
0.05151868
0.05133653
0.05137372
0.05146050
0.05140018
0.05131626
0.05136466
0.05146503
0.05122495
0.05134296
0.05128360
0.05144143
0.05127978
0.05138922
0.05131245
0.05125165
0.05131221
0.05125332
0.05123830
0.05122495
0.05115128
0.05119443
0.05111051
0.05107903
0.05122399
0.05098200
0.05087256
0.05081248
0.05109739
0.05099416
0.05101037
0.05112457
0.05103397
0.05103803
0.05085826
0.05105448
0.05100083
0.05134153
0.05106997
0.05109715
0.05098557
0.05114126
0.05106330
0.05088830
0.05082154
0.05083108
0.05099082
0.05115628
0.05118203
0.05091929
0.05111766
0.05107784
0.05109882
0.05115438
0.05100608
0.05102372
0.05135179
0.05128074
0.05104041
0.05114007
0.05113053
0.05094647
0.05106664
0.05109406
0.05105519
0.05093360
0.05099845
0.05087399
0.05081320
0.05090117
0.05091977
0.05101418
0.05092359
0.05102515
0.05091500
0.05116820
0.05093336
0.05116868
0.05093503
0.05095887
0.05093741
0.05085301
0.05104733
0.05093598
0.05093217
0.05090976
0.05093408
0.05078101
0.05099893
0.05086231
0.05094814
0.05100393
0.05108380
0.05098128
0.05093551
0.05114555
0.05077553
0.05090141
0.05096388
0.05117202
0.05109739
0.05099440
0.05100965
0.05099773
0.05091357
0.05105042
0.05110931
0.05109262
0.05102372
0.05100632
0.05118823
0.05124044
0.05086446
0.05112004
0.05108905
0.05110502
0.05131197
0.05129361
0.05116773
0.05109715
0.05100989
0.05113530
0.05118012
0.05109143
0.05116081
0.05134153
0.05101800
0.05113411
0.05112767
0.05140519
0.05099845
0.05101585
0.05110955
0.05105662
0.05098462
0.05138659
0.05103040
0.05090570
0.05112004
0.05126238
0.05107164
0.05119801
0.05124402
0.05098104
0.05129647
0.05129886
0.05121636
0.05139899
0.05127859
0.05142879
0.05123258
0.05127001
0.05125046
0.05140305
0.05111480
0.05101395
0.05063844
0.05093575
0.05096936
0.05128670
0.05131674
0.05134940
0.05120873
0.05138397
0.05124688
0.05146527
0.05114555
0.05119753
0.05132079
0.05138850
0.05122375
0.05131793
0.05118179
0.05118990
0.05116034
0.05123472
0.05126548
0.05125618
0.05106592
0.05115223
0.05118275
0.05131555
0.05119419
0.05140829
0.05115867
0.05124879
0.05105019
0.05112314
0.05127573
0.05103254
0.05125904
0.05113029
0.05118370
0.05141711
0.05120587
0.05127525
0.05135608
0.05122685
0.05108380
0.05118704
0.05114317
0.05110765
0.05119205
0.05110192
0.05115438
0.05107498
0.05111670
0.05103230
0.05109882
0.05103564
0.05107784
0.05108762
0.05117393
0.05104971
0.05105948
0.05108428
0.05105186
0.05117559
0.05111575
0.05101061
0.05112529
0.05096912
0.05137992
0.05122280
0.05127168
0.05112982
0.05104184
0.05119109
0.05139422
0.05106187
0.05113173
0.05105805
0.05103803
0.05104375
0.05116415
0.05095696
0.05094552
0.05107164
0.05090737
0.05116129
0.05092621
0.05102825
0.05100584
0.05103707
0.05102777
0.05090332
0.05095482
0.05091047
0.05086255
0.05099869
0.05079865
0.05083990
0.05077791
0.05080175
0.05060625
0.05077696
0.05072308
0.05068970
0.05076838
0.05069351
0.05091143
0.05075264
0.05089378
0.05084133
0.05077171
0.05076528
0.05061960
0.05076098
0.05071092
0.05073452
0.05091548
0.05093908
0.05070424
0.05083227
0.05109787
0.05058789
0.05085039
0.05087733
0.05072284
0.05077362
0.05084991
0.05074310
0.05078530
0.05081248
0.05093217
0.05088329
0.05088735
0.05093384
0.05087829
0.05089235
0.05086589
0.05078006
0.05101442
0.05097222
0.05098820
0.05091572
0.05087304
0.05090475
0.05093718
0.05080128
0.05090022
0.05087280
0.05106997
0.05084276
0.05103827
0.05094361
0.05099392
0.05073023
0.05081248
0.05097246
0.05110598
0.05083585
0.05093098
0.05084229
0.05078363
0.05103731
0.05124688
0.05085182
0.05090737
0.05098391
0.05085850
0.05061460
0.05088615
0.05094886
0.05076003
0.05076265
0.05084586
0.05094743
0.05088758
0.05090690
0.05089188
0.05086994
0.05098915
0.05077767
0.05065131
0.05062151
0.05082440
0.05072618
0.05075455
0.05077386
0.05070901
0.05066752
0.05080080
0.05095720
0.05067611
0.05098152
0.05099630
0.05108142
0.05086684
0.05097413
0.05083585
0.05088282
0.05083251
0.05059862
0.05072117
0.05089116
0.05097342
0.05067754
0.05081248
0.05069304
0.05070305
0.05071783
0.05093265
0.05082750
0.05072498
0.05078769
0.05072713
0.05090189
0.05110478
0.05072474
0.05090046
0.05065513
0.05097127
0.05096817
0.05098939
0.05081344
0.05098271
0.05065560
0.05091810
0.05105877
0.05092430
0.05095649
0.05122709
0.05103636
0.05080962
0.05092645
0.05081105
0.05094337
0.05101800
0.05096388
0.05098033
0.05088067
0.05102754
0.05098701
0.05107188
0.05094504
0.05093503
0.05105877
0.05091548
0.05088949
0.05088377
0.05081606
0.05095005
0.05068946
0.05109978
0.05103612
0.05081367
0.05066538
0.05073929
0.05083919
0.05085421
0.05086136
0.05098820
0.05077314
0.05090833
0.05076218
0.05083299
0.05094814
0.05097151
0.05090666
0.05096412
0.05091071
0.05099320
0.05087280
0.05085325
0.05099154
0.05080199
0.05090404
0.05102491
0.05081248
0.05085468
0.05098605
0.05056405
0.05080295
0.05097556
0.05092239
0.05079627
0.05093646
0.05095077
0.05079508
0.05085611
0.05086994
0.05087352
0.05092859
0.05086303
0.05097890
0.05087137
0.05098367
0.05084109
0.05091095
0.05091977
0.05075645
0.05094218
0.05084801
0.05106282
0.05075049
0.05082560
0.05111480
0.05109501
0.05096078
0.05107546
0.05107975
0.05123281
0.05110240
0.05123043
0.05118608
0.05115247
0.05113053
0.05124903
0.05124474
0.05129504
0.05119777
0.05104256
0.05115557
0.05114865
0.05131054
0.05134034
0.05126500
0.05134678
0.05133772
0.05132008
0.05132985
0.05144000
0.05133510
0.05146122
0.05120254
0.05131125
0.05162287
0.05146646
0.05132627
0.05146980
0.05139589
0.05139136
0.05147529
0.05152464
0.05144548
0.05153489
0.05155778
0.05137730
0.05158377
0.05162525
0.05150485
0.05166888
0.05155134
0.05172729
0.05196023
0.05185270
0.05190015
0.05151916
0.05148053
0.05168962
0.05177283
0.05178714
0.05164075
0.05185986
0.05176687
0.05180645
0.05187106
0.05189300
0.05189013
0.05184865
0.05193472
0.05175900
0.05188298
0.05187082
0.05201674
0.05186534
0.05197382
0.05181766
0.05165315
0.05198073
0.05165029
0.05181432
0.05182981
0.05163050
0.05157447
0.05174208
0.05146837
0.05164170
0.05166006
0.05153394
0.05140805
0.05130744
0.05154347
0.05154705
0.05157375
0.05145836
0.05124402
0.05150771
0.05118990
0.05145264
0.05125952
0.05117393
0.05128050
0.05125189
0.05117607
0.05142450
0.05128384
0.05129528
0.05136395
0.05130410
0.05127954
0.05142760
0.05136466
0.05142164
0.05109930
0.05143213
0.05133390
0.05154848
0.05140495
0.05127668
0.05116606
0.05149174
0.05124593
0.05130720
0.05139351
0.05140162
0.05127096
0.05148768
0.05136847
0.05155683
0.05158734
0.05183721
0.05154824
0.05164862
0.05168581
0.05162477
0.05175185
0.05169725
0.05177450
0.05163479
0.05166221
0.05174899
0.05165362
0.05164671
0.05165768
0.05168939
0.05156016
0.05167127
0.05177140
0.05167365
0.05155349
0.05168819
0.05167770
0.05159497
0.05178261
0.05171824
0.05165577
0.05161262
0.05156350
0.05164552
0.05157471
0.05162668
0.05151248
0.05168343
0.05173802
0.05176640
0.05189586
0.05174875
0.05181313
0.05157518
0.05151725
0.05176926
0.05165052
0.05170202
0.05165219
0.05159807
0.05171371
0.05169201
0.05171633
0.05160499
0.05171752
0.05152202
0.05170107
0.05171919
0.05182648
0.05150557
0.05165434
0.05149603
0.05161381
0.05150008
0.05172968
0.05143428
0.05161405
0.05164218
0.05166101
0.05153894
0.05165291
0.05153608
0.05158114
0.05148411
0.05140018
0.05156469
0.05164123
0.05171585
0.05154157
0.05173326
0.05170059
0.05172181
0.05153990
0.05164933
0.05175519
0.05185652
0.05158544
0.05173755
0.05177617
0.05183053
0.05177140
0.05192423
0.05168104
0.05181694
0.05183148
0.05183816
0.05185223
0.05197692
0.05207205
0.05199170
0.05194497
0.05203700
0.05200768
0.05212331
0.05233097
0.05223060
0.05227566
0.05245376
0.05228162
0.05241466
0.05243444
0.05242920
0.05231357
0.05256057
0.05257130
0.05258679
0.05239558
0.05247307
0.05242085
0.05239606
0.05144143
0.05154157
0.05212784
0.05191278
0.05181146
0.05192828
0.05166578
0.05185699
0.05197048
0.05179024
0.05171275
0.05189919
0.05196404
0.05194712
0.05205250
0.05214787
0.05193472
0.05237317
0.05257416
0.05274200
0.05273962
0.05268860
0.05269718
0.05272245
0.05276060
0.05266452
0.05274248
0.05278420
0.05288386
0.05265689
