0.03239059
0.05109358
0.05092764
0.05082464
0.05077434
0.05074978
0.05095577
0.05120015
0.05085135
0.05120754
0.05122399
0.05120707
0.05124354
0.05109763
0.05131960
0.05112505
0.05135512
0.05125952
0.05122018
0.05135107
0.05127454
0.05124307
0.05137086
0.05142117
0.05117536
0.05125856
0.05111694
0.05123472
0.05100441
0.05104017
0.05106282
0.05101490
0.05108523
0.05103183
0.05132675
0.05094695
0.05110621
0.05126715
0.05116010
0.05106258
0.05135655
0.05121017
0.05112767
0.05117130
0.05120325
0.05126643
0.05138922
0.05130601
0.05113053
0.05109811
0.05101585
0.05111051
0.05116343
0.05120039
0.05111504
0.05113983
0.05118370
0.05132031
0.05120063
0.05123830
0.05115151
0.05135536
0.05129790
0.05100322
0.05120921
0.05128884
0.05124092
0.05124331
0.05117083
0.05102396
0.05101943
0.05097914
0.05111814
0.05098486
0.05100584
0.05121231
0.05111599
0.05110836
0.05101466
0.05104733
0.05102134
0.05128908
0.05125403
0.05137706
0.05138230
0.05116081
0.05126882
0.05123448
0.05113864
0.05115032
0.05124760
0.05127668
0.05122089
0.05118585
0.05119395
0.05118752
0.05136490
0.05150557
0.05129719
0.05136013
0.05118656
0.05119467
0.05118680
0.05123758
0.05119896
0.05121255
0.05137730
0.05146718
0.05138183
0.05139899
0.05129671
0.05130792
0.05149579
0.05129766
0.05125475
0.05125952
0.05143738
0.05127311
0.05098176
0.05118394
0.05119848
0.05136180
0.05138254
0.05153012
0.05149364
0.05149579
0.05230212
0.05140114
0.05151129
0.05138254
0.05145144
0.05130124
0.05147624
0.05141497
0.05145884
0.05145812
0.05145526
0.05162573
0.05154657
0.05138707
0.05130005
0.05118990
0.05200124
0.05149269
0.05145431
0.05145955
0.05146933
0.05141997
0.05151463
0.05152607
0.05171013
0.05158329
0.05181384
0.05163407
0.05161119
0.05168581
0.05145383
0.05137348
0.05159283
0.05158329
0.05145001
0.05136538
0.05145693
0.05159616
0.05162191
0.05166698
0.05145526
0.05136824
0.05159044
0.05136681
0.05164886
0.05159450
0.05155492
0.05150676
0.05159855
0.05158257
0.05158210
0.05161929
0.05152369
0.05155182
0.05162621
0.05164242
0.05159068
0.05173540
0.05159426
0.05151677
0.05165863
0.05154037
0.05168319
0.05177927
0.05160522
0.05166388
0.05166197
0.05183291
0.05158758
0.05146599
0.05157304
0.05172992
0.05176091
0.05173349
0.05205393
0.05167174
0.05176544
0.05169868
0.05176091
0.05157590
0.05174088
0.05168366
0.05165410
0.05143857
0.05174780
0.05168366
0.05169034
0.05161190
0.05163288
0.05162644
0.05158925
0.05197930
0.05194306
0.05168581
0.05174661
0.05161810
0.05184317
0.05169988
0.05169392
0.05162263
0.05175400
0.05169225
0.05170655
0.05161953
0.05187249
0.05186415
0.05165195
0.05179715
0.05166793
0.05183244
0.05173039
0.05176353
0.05177021
0.05201054
0.05178952
0.05156422
0.05190372
0.05202103
0.05169034
0.05183053
0.05172563
0.05178022
0.05165577
0.05174923
0.05185676
0.05179334
0.05175567
0.05169916
0.05170250
0.05189347
0.05179334
0.05213666
0.05186677
0.05191040
0.05183983
0.05199456
0.05189133
0.05187416
0.05185437
0.05171680
0.05180740
0.05196500
0.05196404
0.05184388
0.05189872
0.05198598
0.05206108
0.05210876
0.05200505
0.05201912
0.05211067
0.05206060
0.05197883
0.05209780
0.05188274
0.05189252
0.05196381
0.05209827
0.05195928
0.05194879
0.05183315
0.05204701
0.05204844
0.05189300
0.05202484
0.05206490
0.05219316
0.05209517
0.05253625
0.05207205
0.05199885
0.05199862
0.05209064
0.05205297
0.05187941
0.05177999
0.05201626
0.05185676
0.05197477
0.05176258
0.05194497
0.05215144
0.05192351
0.05185533
0.05182481
0.05166769
0.05196905
0.05183959
0.05195904
0.05184984
0.05195618
0.05191922
0.05210185
0.05193710
0.05187869
0.05185914
0.05179405
0.05185294
0.05189681
0.05176616
0.05188727
0.05185127
0.05189157
0.05198264
0.05213356
0.05196977
0.05186129
0.05191255
0.05197763
0.05210423
0.05189657
0.05196595
0.05196667
0.05181456
0.05192542
0.05200505
0.05189419
0.05201840
0.05198359
0.05188775
0.05197692
0.05201340
0.05199218
0.05201626
0.05188131
0.05178690
0.05159545
0.05185103
0.05189443
0.05164456
0.05166769
0.05178332
0.05155849
0.05169702
0.05153370
0.05157351
0.05163646
0.05137038
0.05157828
