0.02909327
0.05169058
0.05056310
0.05056691
0.05046868
0.05058932
0.05058479
0.05064416
0.05068564
0.05050421
0.05065155
0.05072522
0.05066395
0.05055666
0.05053496
0.05064011
0.05091047
0.05070186
0.05070567
0.05064774
0.05059838
0.05074668
0.05070138
0.05046177
0.05020618
0.05063820
0.05059218
0.05057096
0.05040169
0.05052519
0.05045199
0.05067825
0.05043721
0.05045223
0.05042338
0.05048656
0.05038905
0.05059457
0.05049729
0.05038071
0.05042934
0.05045176
0.05041051
0.05053973
0.05030799
0.05045772
0.05046272
0.05045295
0.05067325
0.05045009
0.05095363
0.05048203
0.05036330
0.05040812
0.05042458
0.05049253
0.05058789
0.05030870
0.05036879
0.05036736
0.05067348
0.05082297
0.05045128
0.05069876
0.05054259
0.05035686
0.05061650
0.05057526
0.05031657
0.05056810
0.05043554
0.05066800
0.05055189
0.05056906
0.05055213
0.05084896
0.05085444
0.05045438
0.05062866
0.05074215
0.05082679
0.05058575
0.05063319
0.05084729
0.05079198
0.05086422
0.05087447
0.05062652
0.05079317
0.05083823
0.05080891
0.05096579
0.05065966
0.05077815
0.05087304
0.05099273
0.05076075
0.05103254
0.05087733
0.05087733
0.05088496
0.05107212
0.05080366
0.05083132
0.05091143
0.05102968
0.05101490
0.05090594
0.05092883
0.05106211
0.05109715
0.05110526
0.05110550
0.05112386
0.05088019
0.05079174
0.05118608
0.05119562
0.05117035
0.05107784
0.05114985
0.05120111
0.05120683
0.05120349
0.05113053
0.05123401
0.05117488
0.05116296
0.05110312
0.05103970
0.05110955
0.05130196
0.05106497
0.05110145
0.05099225
0.05109358
0.05118251
0.05114460
0.05124378
0.05114627
0.05121708
0.05122089
0.05113769
0.05126309
0.05128980
0.05117893
0.05126977
0.05150628
0.05130935
0.05127025
0.05121064
0.05139756
0.05133343
0.05141687
0.05124116
0.05139303
0.05122972
0.05129194
0.05122375
0.05120516
0.05125928
0.05117202
0.05120659
0.05123997
0.05121446
0.05097961
0.05109143
0.05126929
0.05110669
0.05117393
0.05121350
0.05122876
0.05134511
0.05139804
0.05144572
0.05158353
0.05131578
0.05134726
0.05140233
0.05147552
0.05128026
0.05137992
0.05133390
0.05147290
0.05138779
0.05137491
0.05129170
0.05149651
0.05146027
0.05151200
0.05154443
0.05139637
0.05138040
0.05152583
0.05148315
0.05126715
0.05135083
0.05139804
0.05135536
0.05137992
0.05141950
0.05134749
0.05121422
0.05122113
0.05120325
0.05135489
0.05116916
0.05114317
0.05116892
0.05118799
0.05112243
0.05103922
0.05113649
0.05099106
0.05100822
0.05104613
0.05100799
0.05105209
0.05112648
0.05102897
0.05104494
0.05092478
0.05102658
0.05102801
0.05116868
0.05114317
0.05097675
0.05110717
0.05092239
0.05117273
0.05104613
0.05130053
0.05118752
0.05127096
0.05119991
0.05128407
0.05130720
0.05129218
0.05149531
0.05135798
0.05133629
0.05124474
0.05126190
0.05143404
0.05131769
0.05140209
0.05139160
0.05129862
0.05118823
0.05146408
0.05134344
0.05147099
0.05130982
0.05138850
0.05140901
0.05146885
0.05138922
0.05128336
0.05132484
0.05128908
0.05127931
0.05118704
0.05123520
0.05137277
0.05134130
0.05140734
0.05133939
0.05124545
0.05145574
0.05126214
0.05132818
0.05131102
0.05146360
0.05147362
0.05150819
0.05144739
0.05171871
0.05153346
0.05144954
0.05150938
0.05150962
0.05156088
0.05141044
0.05154347
0.05142069
0.05148697
0.05156422
0.05165672
0.05151701
0.05138445
0.05150914
0.05149746
0.05155587
0.05163050
0.05153227
0.05137610
0.05126595
0.05116487
0.05127549
0.05119658
0.05122757
0.05157542
0.05152392
0.05150604
0.05159974
0.05185151
0.05179024
0.05142140
0.05144167
0.05143833
0.05138421
0.05154800
0.05147815
0.05153489
0.05140948
0.05152035
0.05139923
0.05145860
0.05134892
0.05140519
0.05187941
0.05129504
0.05134678
0.05139279
0.05153704
0.05136490
0.05147910
0.05139780
0.05137062
0.05144000
0.05152941
0.05130482
0.05141830
0.05138111
0.05155659
0.05146289
0.05152726
0.05144405
0.05154824
0.05125618
0.05150366
0.05147028
0.05124378
0.05157971
0.05162024
0.05144596
0.05141544
0.05144691
0.05162454
0.05143571
0.05173469
0.05145192
0.05158544
0.05143309
0.05143785
0.05152583
0.05132747
0.05148792
0.05152988
0.05146265
0.05148149
0.05164433
0.05168962
0.05155110
0.05157208
0.05154395
0.05165601
0.05172014
0.05151796
0.05162930
0.05172658
0.05175161
0.05187011
0.05167723
0.05174184
0.05181932
0.05191422
0.05186462
0.05187964
0.05183029
0.05201912
0.05196714
0.05182695
0.05190945
0.05170417
0.05179119
0.05180693
0.05201817
0.05200410
0.05215144
0.05194545
0.05191493
0.05215859
0.05209136
0.05187583
0.05211926
0.05210066
0.05218911
0.05248570
0.05214739
