0.02455592
0.04335308
0.04236698
0.04232955
0.04229975
0.04235363
0.04235744
0.04244757
0.04247212
0.04229331
0.04242516
0.04233885
0.04225135
0.04246902
0.04244852
0.04229021
0.04241300
0.04234052
0.04235339
0.04232335
0.04248357
0.04233980
0.04246473
0.04236889
0.04246521
0.04238820
0.04250765
0.04232550
0.04238725
0.04223967
0.04250193
0.04224730
0.04234505
0.04222322
0.04227018
0.04238272
0.04236388
0.04230809
0.04230165
0.04218984
0.04224563
0.04234266
0.04233313
0.04234624
0.04222083
0.04225993
0.04228830
0.04226613
0.04226041
0.04259491
0.04225707
0.04222584
0.04237175
0.04227638
0.04242516
0.04237056
0.04231238
0.04244876
0.04233313
0.04222989
0.04237533
0.04232216
0.04234886
0.04228258
0.04242325
0.04230428
0.04226041
0.04240084
0.04236865
0.04232907
0.04240561
0.04220080
0.04250360
0.04222488
0.04236007
0.04237413
0.04232430
0.04253840
0.04235888
0.04236960
0.04235816
0.04236913
0.04219842
0.04235840
0.04235363
0.04226208
0.04231977
0.04221606
0.04258513
0.04230213
0.04240680
0.04228258
0.04237175
0.04230690
0.04236197
0.04248548
0.04211521
0.04225731
0.04253554
0.04230809
0.04235220
0.04227281
0.04232478
0.04234624
0.04228449
0.04230070
0.04230690
0.04224300
0.04229331
0.04226732
0.04235840
0.04233789
0.04246163
0.04235244
0.04235554
0.04236841
0.04283738
0.04237723
0.04225183
0.04228687
0.04237604
0.04225063
0.04232931
0.04217887
0.04234481
0.04239178
0.04220867
0.04241371
0.04234171
0.04216623
0.04222584
0.04238963
0.04233027
0.04233170
0.04233742
0.04239082
0.04240131
0.04230380
0.04237747
0.04229164
0.04256129
0.04235244
0.04225779
0.04211593
0.04231954
0.04230809
0.04255939
0.04218245
0.04230785
0.04233384
0.04241204
0.04218006
0.04238725
0.04239511
0.04223108
0.04234982
0.04238057
0.04234648
0.04252434
0.04246306
0.04235363
0.04248285
0.04237533
0.04250956
0.04235005
0.04237890
0.04240060
0.04225326
0.04262042
0.04232001
0.04248309
0.04229736
0.04241395
0.04232335
0.04240680
