0.03227353
0.05783486
0.05791998
0.05791736
0.05800080
0.05782151
0.05780005
0.05783415
0.05777669
0.05776143
0.05779290
0.05751872
0.05792308
0.05738950
0.05743432
0.05724335
0.05736852
0.05723214
0.05747747
0.05742359
0.05755377
0.05738497
0.05742455
0.05729008
0.05759597
0.05726790
0.05727839
0.05699205
0.05704999
0.05719066
0.05726576
0.05703282
0.05676031
0.05669093
0.05683947
0.05702996
0.05710697
0.05709124
0.05741668
0.05714655
0.05727816
0.05693960
0.05700231
0.05697799
0.05700159
0.05694699
0.05704641
0.05691075
0.05713272
0.05713701
0.05720305
0.05686021
0.05729818
0.05714011
0.05719686
0.05695915
0.05708098
0.05685401
0.05696440
0.05675864
0.05695796
0.05714154
0.05723023
0.05710793
0.05723476
0.05690885
0.05724764
0.05732775
0.05740857
0.05724216
0.05737853
0.05723286
0.05731606
0.05705070
0.05714369
0.05704284
0.05742311
0.05734396
0.05746651
0.05723023
0.05745959
0.05715752
0.05740118
0.05718422
0.05728531
0.05708671
0.05732942
0.05702043
0.05734396
0.05683827
0.05715251
0.05696774
0.05696893
0.05677652
0.05711699
0.05658293
0.05689430
0.05643344
0.05690598
0.05660558
0.05694795
0.05678511
0.05703664
0.05658126
0.05683303
0.05675530
0.05704188
0.05672622
0.05696082
0.05688119
0.05707788
0.05690694
0.05684233
0.05682993
0.05690122
0.05672169
0.05691481
0.05667686
0.05707002
0.05669427
0.05700302
0.05663323
0.05690718
0.05677319
