0.02651930
0.04991269
0.04911923
0.04907084
0.04840469
0.04752731
0.04760408
0.04769254
0.04765034
0.04745531
0.04754472
0.04780436
0.04785204
0.04767251
0.04780960
0.04779553
0.04778242
0.04789758
0.04771638
0.04771471
0.04778242
0.04769611
0.04764009
0.04778099
0.04763913
0.04774570
0.04755044
0.04761600
0.04775572
0.04765153
0.04773593
0.04762292
0.04764462
0.04770803
0.04766083
0.04777575
0.04769468
0.04763436
0.04780531
0.04769802
0.04769969
0.04755139
0.04767823
0.04773188
0.04782176
0.04789877
0.04775810
0.04768205
0.04772401
0.04769301
0.04788542
0.04755974
0.04786181
0.04787970
0.04764628
0.04779482
0.04788303
0.04760718
0.04772425
0.04762459
0.04777145
0.04765439
0.04766774
0.04769993
0.04773664
0.04771662
0.04752827
0.04780841
0.04777932
0.04762959
0.04772949
0.04764819
0.04763722
0.04768085
0.04785919
0.04773593
0.04766846
0.04775000
0.04774475
0.04759502
0.04752660
0.04771233
0.04733419
0.04752827
0.04815912
0.04759812
0.04724813
0.04743075
0.04738498
0.04725742
0.04728079
0.04726911
0.04732513
0.04710960
0.04733300
0.04710960
0.04727793
0.04706216
0.04713202
0.04695892
0.04704642
0.04696774
0.04682779
0.04698610
0.04673648
0.04691267
0.04701781
0.04684687
0.04691267
0.04693770
0.04691505
0.04685974
0.04689240
0.04675841
0.04674602
0.04622436
0.04608798
0.04625297
0.04623485
0.04615092
0.04614758
0.04605842
0.04603481
0.04612160
0.04605126
0.04598689
0.04612088
0.04598856
0.04605126
0.04587007
0.04601955
0.04617763
0.04600120
0.04616618
0.04603744
0.04589772
0.04598069
0.04594207
0.04623604
0.04600000
0.04610682
0.04595089
0.04581213
0.04589939
0.04607987
0.04601145
0.04594040
0.04614639
0.04606676
0.04606199
0.04620385
0.04633331
0.04665112
0.04646683
0.04667044
0.04686499
0.04659700
0.04681563
0.04672694
0.04682159
0.04687667
0.04698229
0.04715967
0.04687405
0.04694128
0.04718566
0.04703903
0.04705167
0.04726601
0.04718256
0.04709888
0.04733300
0.04714227
0.04738665
0.04717708
0.04763627
0.04748368
0.04742312
0.04735589
0.04743838
0.04755640
0.04743814
0.04725552
0.04759765
0.04763603
0.04760838
0.04738331
0.04756784
0.04739380
0.04738474
0.04750395
0.04730201
0.04699183
0.04722190
0.04738498
0.04720473
0.04690361
0.04718161
0.04738808
0.04735875
0.04742575
0.04747677
0.04764271
0.04740953
0.04746270
0.04730201
0.04735231
0.04736209
0.04743099
0.04751730
0.04723525
0.04734325
0.04734540
0.04738688
0.04735684
0.04742646
0.04723620
0.04764271
0.04741764
0.04744458
0.04746008
0.04745340
0.04754663
0.04751611
0.04741526
0.04748678
0.04750371
0.04740667
0.04740119
0.04735470
0.04728103
0.04729486
0.04748917
0.04733300
0.04731774
0.04743266
0.04727221
0.04742455
0.04718256
0.04776502
0.04767466
0.04713559
0.04746890
0.04718423
0.04736567
0.04696012
0.04714489
0.04712272
0.04727578
0.04711485
0.04703426
0.04737782
0.04725313
0.04728580
0.04737759
0.04723978
0.04703951
0.04781914
0.04744840
0.04737115
0.04732060
0.04725766
0.04745150
0.04727721
0.04729199
0.04707742
0.04726768
0.04715848
0.04725337
0.04712200
0.04723787
0.04706550
0.04725099
0.04703617
0.04715157
0.04706860
0.04719520
0.04715157
0.04709220
0.04720116
0.04708004
0.04724956
0.04702234
0.04707432
0.04714727
0.04716444
0.04718184
0.04697704
0.04716468
0.04686332
0.04705095
0.04691505
0.04691291
0.04690075
0.04702520
0.04681969
0.04682112
0.04688239
0.04675794
0.04683995
0.04671621
0.04693270
0.04680705
0.04663062
0.04658794
0.04664731
0.04667950
0.04659462
0.04675817
0.04656935
0.04658651
0.04669857
0.04653716
0.04638147
0.04657006
0.04674745
0.04675221
0.04676652
0.04623461
0.04568791
0.04578042
0.04595661
0.04582810
0.04604363
0.04592490
0.04596591
0.04617882
0.04611802
0.04671192
0.04661465
0.04654121
0.04643703
0.04664207
0.04665732
0.04654717
0.04662752
0.04685783
0.04671216
0.04664493
0.04658914
0.04661918
0.04622626
0.04599404
0.04611564
0.04590988
0.04609442
0.04611826
0.04618287
0.04601717
0.04602504
0.04625034
0.04604769
0.04599476
0.04607129
0.04587173
0.04589653
0.04602218
0.04613256
0.04585433
0.04595017
0.04599810
0.04595590
0.04607940
0.04594660
0.04616570
0.04589868
0.04594707
0.04600191
0.04597902
0.04595971
0.04603672
0.04605651
0.04582214
0.04617739
0.04643035
0.04652810
0.04655480
0.04646468
0.04650950
0.04674292
0.04666591
0.04677701
0.04662251
0.04673123
0.04672861
0.04688549
0.04675245
0.04698205
0.04676175
0.04694366
0.04689717
0.04707670
0.04686356
0.04707623
0.04722762
0.04722643
0.04698586
0.04698348
0.04692507
0.04708099
0.04717350
0.04708195
0.04726100
0.04707241
0.04704213
0.04721117
0.04707313
0.04715514
0.04701734
0.04718137
0.04721093
0.04714108
0.04718089
0.04714751
0.04703093
0.04692364
0.04719234
0.04708028
0.04719782
0.04713249
0.04733920
0.04717255
0.04701543
0.04715323
0.04704905
0.04721856
0.04717565
0.04730725
0.04708672
0.04710889
0.04718351
0.04743671
0.04706359
0.04731202
0.04717255
0.04720974
0.04713130
0.04725933
0.04737401
0.04704118
0.04733300
0.04710889
0.04718852
0.04723811
0.04728985
0.04777026
0.04702020
0.04731846
0.04734278
0.04726315
0.04706120
0.04709554
0.04732037
0.04708815
0.04729605
0.04732227
0.04737210
0.04708219
0.04722309
0.04711580
0.04717183
0.04715323
0.04733777
0.04739714
0.04715371
0.04710388
0.04721832
0.04712677
0.04724312
0.04712057
0.04719067
0.04719257
