0.02653003
0.04967880
0.04853988
0.04860067
0.04769111
0.04717612
0.04699349
0.04708743
0.04728150
0.04691291
0.04726219
0.04712343
0.04714751
0.04706693
0.04708505
0.04725003
0.04705787
0.04706740
0.04714966
0.04718280
0.04707575
0.04705453
0.04732871
0.04708171
0.04730153
0.04715300
0.04720664
0.04699492
0.04730368
0.04724169
0.04734492
0.04716468
0.04729629
0.04709601
0.04711199
0.04722309
0.04734874
0.04730153
0.04745698
0.04732609
0.04742146
0.04720569
0.04731321
0.04722667
0.04760575
0.04750228
0.04738474
0.04733968
0.04740429
0.04726076
0.04740214
0.04743862
0.04749322
0.04761052
0.04767132
0.04753733
0.04738975
0.04763961
0.04735851
0.04736447
0.04749870
0.04741216
0.04745865
0.04734731
0.04751945
0.04733396
0.04750562
0.04736972
0.04752994
0.04738498
0.04735613
0.04730129
0.04740191
0.04728746
0.04739618
0.04716825
0.04752398
0.04737711
0.04748821
0.04751325
0.04760098
0.04737687
0.04744124
0.04735541
0.04751444
0.04733658
0.04749322
0.04741192
0.04733467
0.04740763
0.04739094
0.04745293
0.04757786
0.04728746
0.04738021
0.04753160
0.04729748
0.04736137
0.04722667
0.04755735
0.04731631
0.04753685
0.04715323
0.04732919
0.04722643
0.04725194
0.04736805
0.04752254
0.04752922
0.04745436
0.04730153
0.04755926
0.04735470
0.04743981
0.04762149
0.04765534
0.04758072
0.04766083
0.04768586
0.04753089
0.04770827
0.04761720
0.04777813
0.04735112
0.04756784
0.04755044
0.04779530
0.04747510
0.04781961
0.04755521
0.04749322
0.04737663
0.04765868
0.04749966
0.04757881
0.04750800
0.04756021
0.04736185
0.04757881
0.04737306
0.04757690
0.04745698
0.04757857
0.04740357
0.04751062
0.04745197
0.04744959
0.04746127
0.04746723
0.04749918
0.04752707
0.04751730
0.04753828
0.04750180
0.04758954
0.04746652
0.04753804
0.04762316
0.04756379
0.04759502
0.04769969
0.04761887
0.04756260
0.04760718
0.04777861
0.04747558
0.04759121
0.04758573
0.04797173
0.04763174
0.04766607
0.04766512
0.04765844
0.04752994
0.04771733
0.04781270
0.04773307
0.04764986
0.04762292
0.04801917
0.04763389
0.04764891
0.04761553
0.04774642
0.04774284
0.04775238
0.04776454
0.04766703
0.04751849
0.04753065
0.04752922
0.04805470
0.04746127
0.04750371
0.04753518
0.04754877
0.04755712
0.04757571
0.04732156
0.04737997
0.04752183
0.04746628
0.04756618
0.04761624
0.04756570
0.04761243
0.04760575
0.04750919
0.04767442
0.04749918
0.04774618
0.04773808
0.04782391
0.04750347
0.04763579
0.04769564
0.04772544
0.04763103
0.04774499
0.04764986
0.04778790
0.04756546
0.04764533
0.04752398
0.04771519
0.04779720
0.04756761
0.04766202
0.04768014
0.04763269
0.04760599
0.04739857
0.04748964
0.04754400
0.04759026
0.04750919
0.04771280
0.04756999
0.04756927
0.04759622
0.04780197
0.04764795
0.04759765
0.04771471
0.04757833
0.04759812
0.04779935
0.04784822
0.04774880
0.04750752
0.04757071
0.04759002
0.04762173
0.04755640
0.04782557
0.04748225
0.04757881
0.04763246
0.04758072
0.04767013
0.04750490
0.04749346
0.04747701
0.04766250
0.04754567
0.04759288
0.04754806
0.04760098
0.04744983
0.04754853
0.04745603
