0.03018713
0.05180693
0.05091214
0.05086994
0.05084944
0.05106235
0.05097270
0.05101919
0.05090547
0.05095768
0.05105019
0.05090737
0.05071616
0.05092716
0.05100107
0.05094552
0.05111909
0.05106878
0.05084419
0.05085254
0.05088973
0.05091906
0.05098152
0.05097485
0.05106568
0.05095792
0.05078840
0.05084229
0.05090308
0.05093408
0.05083275
0.05097818
0.05091524
0.05086184
0.05080390
0.05068731
0.05058169
0.05088449
0.05090714
0.05101538
0.05111647
0.05094719
0.05064750
0.05094600
0.05066800
0.05078173
0.05093789
0.05083251
0.05074763
0.05072927
0.05085349
0.05072260
0.05068660
0.05062461
0.05078125
0.05097985
0.05085754
0.05079675
0.05084372
0.05085373
0.05074477
0.05066085
0.05067182
0.05073118
0.05066562
0.05071282
0.05065084
0.05074239
0.05069256
0.05063486
0.05067682
0.05071235
0.05086756
0.05071545
0.05069447
0.05078363
0.05056787
0.05062079
0.05069470
0.05069613
0.05057120
0.05065727
0.05065298
0.05064297
0.05055332
0.05080175
0.05074358
0.05086064
0.05053687
0.05029368
0.05056977
0.05066919
0.05057955
0.05054879
0.05066514
0.05045748
0.05062628
0.05046892
0.05036092
0.05056691
0.05089521
0.05054927
0.05049109
0.05044770
0.05062222
0.05053067
0.05023432
0.05036545
0.05050087
0.05055261
0.05040050
0.05036306
0.05029511
0.05039287
0.05028248
0.05036163
0.05046821
0.05032253
0.05037403
0.05039310
0.05063272
0.05042028
0.05051732
0.05044675
0.05049038
0.05062318
0.05048895
0.05036664
0.05023527
0.05031538
0.05044675
0.05041003
0.05021143
0.05034661
0.05033350
0.05046368
0.05032635
0.05045843
0.05027938
0.05025434
0.05042863
0.05035353
0.05035448
0.05055404
0.05048943
0.05027080
0.05041409
0.05049801
0.05031180
0.05030370
0.05027533
0.05038095
0.05026436
0.05009437
0.05035639
0.05012059
0.05032563
0.05023265
0.05029011
0.05038071
0.05043578
0.05036187
0.05041504
0.05027533
0.05023885
0.05025721
0.05026054
0.05027199
0.05033803
0.05036592
0.05027485
0.05023789
0.05020690
0.05023789
0.05028844
0.05023670
0.05016303
0.05019975
0.05042028
0.05029750
0.05002952
0.05016494
0.05013275
0.05022717
0.05003166
0.05021524
0.05020785
0.05019164
0.05019808
0.05012131
0.05012035
0.05013013
0.05031109
0.05028915
0.05002236
0.05041242
0.05010343
0.05023766
0.05022931
0.05010748
0.05005932
0.05015445
0.05008721
0.05014205
0.05029678
0.05014920
0.05029988
0.05008864
0.05022860
0.05018616
0.05001450
0.05020261
0.05015087
0.05020165
0.05026102
0.05021644
0.05027890
0.05029440
0.05050278
0.05023813
0.05006838
0.05037808
0.05029416
0.05019188
0.05023575
0.05020165
0.05024147
0.05028319
0.05034947
0.05033088
0.05029416
0.05034590
0.05031896
0.05035162
0.05037904
0.05036974
0.05038071
0.05046225
0.05020666
0.05043173
0.05054259
0.05042839
0.05049443
0.05046391
0.05051255
0.05044842
0.05048728
0.05036545
0.05045342
0.05043626
0.05036092
0.05037761
0.05042934
0.05047512
0.05031228
0.05053759
0.05048752
0.05044293
0.05045700
0.05035853
0.05046129
0.05060315
0.05070925
0.05044293
0.05043340
0.05041814
0.05039001
0.05034137
0.05025387
0.05034995
0.05057883
0.05038929
0.05059028
0.05065799
0.05032706
0.05027556
0.05041599
0.05044580
0.05036879
0.05039620
0.05037332
0.05043173
0.05052066
0.05039287
0.05026555
0.05032659
0.05048990
0.05036449
0.05023170
0.05049205
0.05127335
0.05052829
0.05019665
0.05043292
0.05068731
0.05045724
0.05030513
0.05027843
0.05048633
0.05050397
0.05040932
0.05045223
0.05047584
0.05032635
0.05056405
0.05029202
0.05042601
0.05031347
0.05032873
0.05028749
0.05039120
0.05037236
0.05046606
0.05050731
0.05026388
0.05063486
0.05037117
0.05040431
0.05053473
0.05037856
0.05049372
0.05049038
0.05045748
0.05039477
0.05025530
0.05035520
0.05040526
0.05039644
0.05039144
0.05025816
0.05043006
0.05049539
0.05053878
0.05029249
0.05050421
0.05054188
0.05030513
0.05032706
0.05040789
0.05025458
0.05036664
0.05037308
0.05034208
0.05059552
0.05027342
0.05039144
0.05031705
0.05045223
0.05017710
0.05034709
0.05034184
0.05034471
0.05014825
0.05034995
0.05024815
0.05040956
0.05019307
0.05041385
0.05027342
0.05039167
0.05038190
0.05044460
0.05026817
0.05032635
0.04963303
0.04944968
0.04952431
0.04954386
0.04944944
0.04959822
0.04973316
0.04977417
0.04973245
0.04980564
0.04953980
0.04948759
0.04954147
0.04964280
0.04964328
0.04954195
0.04941463
0.04944301
0.04940295
0.04918408
0.04927993
0.04943323
0.04945040
0.04948282
0.04947472
0.04951668
0.04963446
0.04962754
0.04925776
0.04954624
0.04938722
0.04926205
0.04933572
0.04917574
0.04919410
0.04928946
0.04930568
0.04921985
0.04944181
0.04942107
0.04947138
0.04919076
0.04922771
0.04910183
0.04929924
0.04905581
0.04936767
0.04929376
0.04923964
0.04938459
0.04939032
0.04909611
0.04923940
0.04921818
0.04908180
0.04917502
0.04931521
0.04910636
0.04924011
0.04921150
0.04933262
0.04922581
0.04903841
0.04917693
0.04929662
0.04918480
0.04924798
0.04931593
0.04922175
0.04915953
0.04939055
0.04913592
0.04939079
0.04912043
0.04917741
0.04920220
0.04922009
0.04921603
0.04917932
0.04920340
0.04923797
0.04929709
0.04932499
0.04928541
0.04934430
0.04923701
0.04916787
0.04921055
0.04932404
0.04908681
0.04920530
0.04918289
0.04931426
0.04925394
0.04917622
0.04924011
0.04912424
0.04913330
0.04900670
0.04904270
0.04900956
0.04917383
0.04951739
0.04914284
0.04924965
0.04917359
0.04894185
0.04908109
0.04924440
0.04920626
0.04909301
0.04913330
0.04936886
0.04911304
0.04922533
0.04899049
0.04911470
0.04907894
0.04905081
0.04905629
0.04917097
0.04934168
0.04906845
0.04923439
0.04922533
0.04910994
0.04920673
0.04934549
0.04938912
0.04912162
0.04918480
0.04925776
0.04925823
0.04900336
0.04920936
0.04921937
