0.02579808
0.04727721
0.04744673
0.04738879
0.05025744
0.05044246
0.05027151
0.05045128
0.05061698
0.05065894
0.05077481
0.05078626
0.05069590
0.05063057
0.05083108
0.05105209
0.05100727
0.05106640
0.05112791
0.05121160
0.05158687
0.05138969
0.05150151
0.05133653
0.05131650
0.05154896
0.05153799
0.05154228
0.05168009
0.05189228
0.05210710
0.05211735
0.05218387
0.05241299
0.05249619
0.05240774
0.05252290
0.05269456
0.05280733
0.05277228
0.05276775
0.05276394
0.05267477
0.05307364
0.05431795
0.05307269
0.05329394
0.05344319
0.05315948
0.05331516
0.05354595
0.05345321
0.05324817
0.05339718
0.05394959
0.05356550
0.05390477
0.05385637
0.05394650
0.05394483
0.05408955
0.05425644
0.05408978
0.05408406
0.05461287
0.05439615
0.05447912
0.05464554
0.05479956
0.05460191
0.05473781
0.05484152
0.05492854
0.05494595
0.05498052
0.05520391
0.05532384
0.05522633
0.05558467
0.05547142
0.05553865
0.05556130
0.05567169
0.05579329
0.05558777
0.05592608
0.05570650
0.05591631
0.05590963
0.05619168
0.05585933
0.05625486
0.05636835
0.05618882
0.05635214
0.05668259
0.05650306
0.05686045
0.05683684
0.05675697
0.05675745
0.05673909
0.05697298
0.05726385
0.05695701
0.05726576
0.05745292
0.05716968
0.05734324
0.05737948
0.05729604
0.05750346
0.05756760
0.05776238
0.05768108
0.05901241
0.05775619
0.05763459
0.05792999
0.05803418
0.05793047
0.05822515
0.05845666
0.05844831
0.05851936
0.05905271
0.05854154
0.05843925
0.05868244
0.05864763
0.05894923
0.05882239
0.05881238
0.05898499
0.05926657
0.06133366
0.05990458
0.05916905
0.05930972
0.05931807
0.05944324
0.05957913
0.05934501
0.05969882
0.05970502
0.05961847
0.05980968
0.05989122
0.06007671
0.05992007
0.06005597
0.06005716
0.06005955
0.06063437
0.06037855
0.06026769
0.06046438
0.06045008
0.06066370
0.06054664
0.06074643
0.06087255
0.06108952
0.06090736
0.06086683
0.06090403
0.06119394
0.06113362
0.06119609
0.06123424
0.06276441
0.06160235
0.06159306
0.06146073
0.06160116
0.06157780
0.06148481
0.06168199
0.06165123
0.06186032
0.06213617
0.06196618
0.06214356
0.06202817
0.06185198
0.06203842
0.06223893
0.06216359
0.06251168
0.06215429
0.06235528
0.06260037
0.06290317
0.06243730
0.06260824
0.06253672
0.06271362
0.06269646
0.06292653
0.06291866
0.06282949
0.06304407
0.06303859
0.06319809
0.06312132
0.06331825
0.06312561
0.06351566
0.06338549
0.06338811
0.06355453
0.06357670
0.06358767
0.06351805
0.06382513
0.06363583
0.06389213
0.06378531
0.06398439
0.06406784
0.06407738
0.06417084
0.06410027
0.06424499
0.06422853
0.06433582
0.06435180
0.06462264
0.06438518
0.06457686
0.06463027
0.06455970
0.06479883
0.06470037
0.06484866
0.06487417
0.06504297
0.06502438
0.06502438
0.06530428
0.06515837
0.06518793
0.06541681
0.06537366
0.06527042
0.06507611
0.06513953
0.06500196
0.06500292
0.06511331
0.06563210
0.06545663
0.06546140
0.06583261
0.06595516
0.06593943
0.06600189
0.06708360
0.06607318
0.06603050
0.06612778
0.06631994
0.06630516
0.06630969
0.06640816
0.06656075
0.06652832
0.06651521
0.06657004
0.06691670
0.06687689
0.06677127
0.06689572
0.06690001
0.06695914
0.06687307
0.06700134
0.06696177
0.06719899
0.06729555
0.06706452
0.06729531
0.06736779
0.06731510
0.06736326
0.06755280
0.06764412
0.06753564
0.06736088
0.06760573
0.06778455
0.06791997
0.06786823
0.06812859
0.06779385
0.06834912
0.06830978
0.06816173
0.06822395
0.06832361
0.06837344
0.06828356
0.06849790
0.06847572
0.06863856
0.06871986
0.06864357
0.06872320
0.06865001
0.06872749
0.06884027
0.06905818
0.06907320
0.06898117
0.06910682
0.06911826
0.06937027
0.06938219
0.06992173
0.06933641
0.06935930
0.06951022
0.06950617
0.06950283
0.06955957
0.06964254
0.06962967
0.06970382
0.07005954
0.07014775
0.06997228
0.07013655
0.06996846
0.07009220
0.07024384
0.07046914
0.07026362
0.07034421
0.07032394
0.07056236
0.07054424
0.07089138
0.07070684
0.07080626
0.07067633
0.07075953
0.07097173
0.07116675
0.07110739
0.07120705
0.07112575
0.07115340
0.07152271
0.07142568
0.07141542
0.07164693
0.07169986
0.07188392
0.07196641
0.07177949
0.07180047
0.07184696
0.07187676
0.07209969
0.07190800
0.07228994
0.07218313
0.07243514
0.07243419
0.07233453
0.07237148
0.07261276
0.07283163
0.07251191
0.07285213
0.07265353
0.07274389
0.07288766
0.07262611
0.07282329
0.07276249
0.07310104
0.07321405
0.07295632
0.07321978
0.07328081
0.07324743
0.07353020
0.07334042
0.07345438
0.07342076
0.07391405
0.07358408
0.07378340
0.07395673
0.07394505
0.07390857
0.07394767
0.07401896
0.07403088
0.07420325
0.07412767
0.07421374
0.07409048
0.07445431
0.07452559
0.07465172
0.07472610
0.07465386
0.07461476
0.07482195
0.07473612
0.07525420
0.07513022
0.07493973
0.07510686
0.07512975
0.07513332
0.07526326
0.07543325
0.07542300
0.07560825
0.07555175
0.07546282
0.07587433
0.07569480
0.07564306
0.07572579
0.07583928
0.07594657
0.07655525
0.07598925
0.07632494
0.07537556
0.07558990
0.07575488
0.07550812
0.07559156
0.07672405
0.07654881
0.07664108
0.07667685
0.07671714
0.07686520
0.07702827
0.07697201
0.07723117
0.07704782
0.07704854
0.07729602
0.07753539
0.07739758
0.07769752
0.07773662
0.07771993
0.07778192
0.07773066
0.07789803
0.07802486
0.07808447
0.07803488
0.07809544
0.07829237
0.07821655
0.07805133
0.07821274
0.07840157
0.07846975
0.07857895
0.07874870
0.07877946
0.07886481
0.07907033
0.07892704
0.07926798
0.07940722
0.07956171
0.07945395
0.07935452
0.07944202
0.07965732
0.07932401
0.07970071
0.07983041
0.07989740
0.07998872
0.08017230
0.07994151
0.08004284
0.08022404
0.08053827
0.08053541
0.08050966
0.08086491
0.08087492
0.08078218
0.08093143
0.08090281
0.08120394
0.08091283
0.08090568
0.08115506
0.08133221
0.08151317
0.08164930
0.08161306
0.08166242
0.08143997
0.08148813
0.08194280
0.08219624
0.08240223
0.08227372
0.08246017
0.08247852
0.08237767
0.08263421
0.08251762
0.08274865
0.08266354
0.08276176
0.08297682
0.08314157
0.08329916
0.08323264
0.08323741
0.08352351
0.08354902
0.08378243
0.08379102
0.08385658
0.08388281
0.08425522
0.08438945
0.08410072
0.08423424
0.08432245
0.08456922
0.08462882
0.08469796
0.08464146
0.08492613
0.08509231
0.08493567
0.08544350
0.08512163
0.08524680
0.08532190
0.08554339
0.08574653
0.08612585
0.08565640
0.08576989
0.08615375
0.08592343
0.08608365
0.08612466
0.08622193
0.08659935
0.08655739
0.08656478
0.08663940
0.08683944
0.08704782
0.08685851
0.08710670
0.08722520
0.08745313
0.08736920
0.08761907
0.08779693
0.08790278
0.08796883
0.08795595
0.08824253
0.08845687
0.08852577
0.08880877
0.08913827
0.08880115
0.08906436
0.08909583
0.08916903
0.08974910
0.08988476
