0.02607322
0.04538965
0.04520059
0.04535413
0.04799700
0.04810739
0.04825163
0.04824471
0.04836631
0.04833102
0.04827499
0.04835463
0.04932046
0.04867530
0.04872298
0.04873586
0.04884863
0.04896522
0.04911995
0.04890847
0.04882908
0.04910827
0.04912925
0.04998541
0.04935265
0.04965854
0.04937243
0.04951549
0.04962969
0.04956889
0.04966712
0.04972744
0.04987216
0.04997659
0.05059624
0.05018330
0.05018520
0.05025148
0.05016756
0.05028820
0.05032253
0.05044842
0.05059099
0.05053830
0.05052948
0.05050611
0.05102968
0.05076337
0.05075097
0.05092740
0.05097222
0.05115509
0.05118752
0.05123186
0.05151963
0.05125523
0.05162120
0.05131936
0.05139780
0.05136943
0.05149865
0.05158138
0.05179238
0.05184078
0.05169058
0.05179191
0.05199337
0.05264878
0.05252361
0.05207539
0.05216122
0.05215979
0.05230904
0.05229068
0.05252314
0.05255413
0.05260944
0.05267954
0.05373502
0.05268598
0.05271482
0.05269885
0.05286026
0.05308771
0.05302858
0.05314636
0.05309844
0.05321622
0.05344176
0.05358219
0.05295277
0.05343723
0.05384374
0.05437922
0.05454350
0.05416751
0.05360007
0.05452538
0.05477333
0.05513716
0.05482626
0.05508280
0.05508041
0.05520892
0.05501246
0.05521154
0.05527043
0.05537462
0.05535269
0.05542397
0.05501342
0.05514526
0.05545259
0.05571747
0.05589962
0.05614233
0.05595207
0.05518055
0.05537915
0.05509400
0.05476642
0.05498743
0.05505109
0.05501652
0.05529165
0.05521488
0.05505395
0.05513597
0.05539060
0.05548835
0.05535054
0.05524397
0.05554867
0.05584645
0.05563998
0.05589557
0.05566859
0.05571151
0.05596185
0.05676603
0.05669260
0.05667281
0.05745745
0.05653930
0.05717254
0.05638671
0.05621386
0.05653095
0.05666733
0.05700707
0.05660176
0.05760550
0.05765319
0.05728626
0.05779171
0.05820918
0.05843091
0.05840087
0.05847955
0.05868793
0.05862045
0.05862808
0.05867314
0.05877495
0.05881238
0.05907893
0.05886221
0.05914688
0.05904341
0.05965233
0.05920124
0.05944443
0.05929470
0.05942702
0.05950165
0.05968308
0.05984783
0.05961633
0.05960417
0.06009579
0.05942631
0.05908465
0.05943513
0.06008458
0.06029153
0.06027102
0.06010246
0.06033850
0.05980349
0.05952811
0.05957246
0.05973482
0.05964589
0.05969000
0.05971360
0.05998707
0.06004333
0.06005979
0.06015491
0.05983615
0.06012511
0.05987978
0.06028891
0.06031847
0.06068254
0.06042290
0.06054258
0.06057644
0.06085253
0.06089330
0.06106567
0.06105995
0.06106424
0.06095672
0.06105447
0.06106901
0.06124592
0.06137514
0.06137562
0.06145096
0.06167221
0.06153870
0.06164289
0.06169128
0.06198239
0.06166053
0.06191325
0.06189227
0.06198788
0.06214571
0.06215096
0.06230760
0.06225252
0.06223083
0.06231618
0.06247234
0.06243372
0.06254578
0.06233573
0.06265020
0.06272650
0.06299114
0.06273103
0.06300855
0.06292939
0.06308293
0.06314349
0.06305075
0.06317830
0.06319714
0.06357980
0.06329823
0.06338859
0.06369567
0.06368828
0.06367302
0.06398845
0.06380701
0.06394291
0.06383038
0.06401896
0.06402969
0.06414390
0.06413054
0.06450725
0.06435370
0.06451726
0.06432724
0.06461930
0.06449127
0.06455207
0.06472468
0.06465793
0.06484151
0.06479096
0.06476974
0.06492662
0.06499505
0.06506109
0.06532049
0.06549835
0.06538010
0.06524348
0.06552315
0.06550765
0.06574702
0.06554627
0.06572676
0.06546807
0.06581187
0.06609130
0.06589079
0.06607962
0.06593156
0.06621456
0.06609893
0.06616688
0.06614733
0.06640577
0.06622982
0.06606388
0.06610227
0.06617022
0.06630111
0.06681180
0.06693196
0.06671357
0.06689095
0.06703138
0.06712675
0.06717420
0.06720376
0.06729102
0.06748247
0.06738591
0.06745386
0.06785583
0.06756425
0.06758046
0.06771135
0.06789207
0.06777072
0.06795812
0.06794214
0.06812167
0.06803370
0.06821370
0.06833005
0.06839204
0.06840372
0.06843853
0.06840825
0.06851292
0.06864786
0.06864715
0.06879687
0.06900239
0.06836104
0.06852341
0.06848168
0.06866097
0.06883049
0.06936121
0.06940484
0.06920004
0.06926394
0.06984591
0.06942725
0.06962442
0.06950259
0.06979799
0.06977129
0.06997824
0.06998944
0.07007456
0.06993580
0.07019854
