0.02917123
0.04596472
0.04603601
0.04618502
0.04826927
0.04676223
0.04680562
0.04684567
0.04693198
0.04693174
0.04704380
0.04708886
0.04732561
0.04868007
0.04721546
0.04734850
0.04742861
0.04776716
0.04754615
0.04735446
0.04759669
0.04770207
0.04785681
0.04790330
0.04781914
0.04816747
0.04807401
0.04803586
0.04809332
0.04823041
0.04801488
0.04847240
0.04857516
0.04852080
0.04836321
0.04850030
0.04871726
0.04880571
0.04910016
0.04874349
0.04884386
0.04891658
0.04878330
0.04902911
0.04891539
0.04913831
0.04903030
0.04913139
0.04925418
0.04925156
0.04966474
0.04951191
0.04946613
0.04960084
0.04958510
0.04957128
0.04978085
0.04964757
0.04972363
0.04965138
0.04963207
0.05014539
0.05047536
0.05013847
0.04983997
0.04997730
0.05005836
0.05006099
0.05012870
0.05017591
0.05018854
0.05039096
0.05039001
0.05067468
0.05031252
0.05045056
0.05057383
0.05045438
0.05055857
0.05073142
0.05087686
0.05076218
0.05111098
0.05107021
0.05103588
0.05134821
0.05107331
0.05097342
0.05115461
0.05112314
0.05126762
0.05135345
0.05126691
0.05142593
0.05117083
0.05150604
0.05171633
0.05272341
0.05136299
0.05167031
0.05186272
0.05193925
0.05199027
0.05188704
0.05194044
0.05203223
0.05216169
0.05206752
0.05218768
0.05226398
0.05243707
0.05226755
0.05232286
0.05247688
0.05282331
0.05273294
0.05279303
0.05236840
0.05286622
0.05330229
0.05286527
0.05326891
0.05289769
0.05303884
0.05329466
0.05320978
0.05335569
0.05325723
0.05342340
0.05349946
0.05369329
0.05379486
0.05362844
0.05372047
0.05382967
0.05387259
0.05362201
0.05408049
0.05384731
0.05388522
0.05403852
0.05438876
0.05443144
0.05410886
0.05424118
0.05420780
0.05453825
0.05449557
0.05463505
0.05459166
0.05447912
0.05471969
0.05497122
0.05505919
0.05502081
0.05485678
0.05496311
0.05494165
0.05501270
0.05469847
0.05430913
0.05599928
0.05442548
0.05458236
0.05461097
0.05467105
0.05462480
0.05589342
0.05475044
0.05472541
0.05496168
0.05483341
0.05511260
0.05521393
0.05570364
0.05530787
0.05528498
0.05531693
0.05542850
0.05546308
0.05540609
0.05562615
0.05558038
0.05559421
0.05561018
0.05588913
0.05572057
0.05590963
0.05589008
0.05593252
0.05598497
0.05621934
0.05616856
0.05633354
0.05624723
0.05641985
0.05683374
0.05598211
0.05623603
0.05612683
0.05613875
0.05646682
0.05640960
0.05637240
0.05646038
0.05649161
0.05660534
0.05651212
0.05677676
0.05685258
0.05663824
0.05684161
0.05675030
0.05668783
0.05695128
0.05692577
0.05767941
0.05729151
0.05723548
0.05723715
0.05736446
0.05771542
0.05785751
0.05787015
0.05804801
0.05799890
0.05823302
0.05816197
0.05827093
0.05827403
0.05821276
0.05829859
0.05835891
0.05858302
0.05854082
0.05858064
0.05870461
0.05859137
0.05875945
0.05880094
0.05900884
0.05899453
0.05888176
0.05908489
0.05901814
0.05925989
0.05916834
0.05924964
0.05938458
0.05944133
0.05997038
0.05988789
0.05966163
0.05960226
0.05961657
0.05965614
0.05975294
0.06000972
0.05985689
0.05989456
0.05995178
0.06014609
0.06037831
0.05999994
0.06021929
0.06037927
0.06038833
0.06033516
0.06064487
0.06056952
0.06071544
0.06051707
0.06069660
0.06085730
0.06082439
0.06090379
0.06118631
0.06103277
0.06153917
0.06114316
0.06144667
0.06122494
0.06139040
0.06138659
0.06144476
0.06159925
0.06168962
0.06167126
0.06163764
0.06171393
0.06193519
0.06189394
0.06205630
0.06208205
0.06214166
0.06218696
0.06246805
0.06226230
0.06234074
0.06242394
0.06253552
0.06246924
0.06253409
0.06257176
0.06281734
0.06289554
0.06275034
0.06262136
0.06288338
0.06303835
0.06341529
0.06298566
0.06327415
0.06324768
0.06425357
0.06337690
0.06337810
0.06427789
0.06336236
0.06347227
0.06340098
0.06383109
0.06379223
0.06385303
0.06381965
0.06400633
0.06376791
0.06406069
0.06415844
0.06415772
0.06412435
0.06427836
0.06437850
0.06431603
0.06449890
0.06441331
0.06493068
0.06454825
0.06460166
0.06483126
0.06473446
0.06498432
0.06504941
0.06500936
0.06533432
0.06504965
0.06538081
0.06523967
0.06536841
0.06533289
0.06534219
0.06537890
0.06544805
0.06569815
0.06567073
0.06563067
0.06576204
0.06578684
0.06580234
0.06591034
0.06592536
0.06599426
0.06620264
0.06611490
0.06629539
0.06621647
0.06631088
0.06635714
0.06654549
0.06648326
0.06654453
0.06682181
0.06685710
0.06689525
0.06937456
0.06691837
0.06697464
0.06706810
0.06709886
0.06711030
0.06737781
0.06741142
0.06724668
0.06741405
0.06754756
0.06762171
0.06772923
0.06755042
0.06776381
0.06789637
0.06781912
0.06779933
0.06779838
0.06803584
0.06807113
0.06809473
0.06822014
0.06814075
0.06841636
0.06841350
0.06847143
0.06849051
0.06834650
0.06866026
0.06851792
0.06937838
0.06888676
0.06879401
0.06880260
0.06913233
0.06897616
0.06904268
0.06900644
0.06905818
0.06912494
0.06943750
0.06959534
0.06932998
0.06944323
0.06954837
0.06962991
0.06972837
0.06969595
0.06967664
0.06981754
0.06989408
0.07007456
0.06992698
0.07008505
0.07013702
0.07019949
0.07022834
0.07028317
0.07038069
0.07059240
0.07047629
0.07038331
0.07049537
0.07065606
0.07072759
0.07061291
0.07104707
0.07071877
0.07099700
0.07103705
0.07089734
0.07116866
0.07094646
0.07136059
0.07120204
0.07128334
0.07138515
0.07143903
0.07152057
0.07165241
0.07157516
0.07149196
0.07176256
0.07190490
0.07184434
0.07229519
0.07201052
0.07227874
0.07220984
0.07228565
0.07218981
0.07221270
0.07234740
0.07248616
0.07252693
0.07262397
0.07279897
0.07266331
0.07286716
0.07284164
0.07278872
0.07318091
0.07301307
0.07314038
0.07324433
0.07325673
0.07339478
0.07345605
0.07344389
0.07346749
0.07351208
0.07375002
0.07366157
0.07366490
0.07371426
0.07379889
0.07392645
0.07385612
0.07407355
0.07404041
0.07410884
0.07429457
0.07427883
0.07445574
0.07494354
0.07454395
0.07449174
0.07438850
0.07459378
0.07473040
0.07476687
0.07490396
0.07493401
0.07479310
0.07494402
0.07492208
0.07527351
0.07516050
0.07562542
0.07516289
0.07522535
0.07540989
0.07555199
0.07536578
0.07561517
0.07566762
0.07583022
0.07579517
0.07573891
0.07596183
0.07590652
0.07597518
0.07612467
0.07608032
0.07605791
0.07624054
0.07630849
0.07642269
0.07642603
0.07641864
0.07663202
0.07679415
0.07670665
0.07681155
0.07688427
0.07683444
0.07711720
0.07739592
0.07716322
0.07719851
0.07731104
0.07725263
0.07740664
0.07745099
0.07747269
0.07771969
0.07765913
0.07767940
0.07774949
0.07782984
0.07793570
0.07799172
0.07828379
0.07800460
0.07805967
0.07904649
0.07830763
0.07825994
0.07851744
0.07845950
0.07850146
0.07882667
0.07873917
0.07875562
0.07881212
0.07877803
0.07866001
0.07897401
0.07881856
0.07909417
0.07938814
0.07914019
0.07923269
0.07929468
0.07941675
0.07950687
0.07943082
0.07957768
0.07959366
0.07975292
0.07973361
0.07971239
0.07978225
0.08003831
0.08007360
0.08045650
0.08085299
0.08108401
0.08102703
0.08099771
0.08115315
0.08130145
0.08130574
0.08139467
0.08138442
0.08156610
0.08144617
0.08241892
0.08460879
0.08359170
0.08315825
0.08379579
0.08438516
0.08195949
0.08208299
0.08218431
0.08220339
0.08225346
0.08204937
0.08231878
0.08244276
0.08269262
0.08270407
0.08260155
0.08293724
0.08286619
0.08291936
0.08320141
0.08320713
0.08313012
0.08336544
0.08321786
0.08325291
0.08371615
0.08369803
0.08345556
0.08349919
0.08355069
0.08384156
0.08369279
0.08379292
0.08389425
0.08369064
0.08393812
0.08404040
0.08424854
0.08420134
0.08412361
0.08428502
0.08447480
0.08445024
0.08474803
0.08440852
0.08461618
0.08469796
0.08482718
0.08501530
0.08491969
0.08505511
0.08520508
0.08468938
0.08513069
0.08540773
0.08522677
