0.02644920
0.05334520
0.05341339
0.05271697
0.05369377
0.05381799
0.05386996
0.05401659
0.05395651
0.05408454
0.05415869
0.05440855
0.05430150
0.05432057
0.05431032
0.05433154
0.05452037
0.05522037
0.05477834
0.05448508
0.05464220
0.05487919
0.05529857
0.05487585
0.05492902
0.05517602
0.05518246
0.05524993
0.05588579
0.05540872
0.05605388
0.05551386
0.05561209
0.05700755
0.05582190
0.05578637
0.05605912
0.05595636
0.05611372
0.05598974
0.05624652
0.05615306
0.05623078
0.05664778
0.05625582
0.05636549
0.05636144
0.05651307
0.05657458
0.05665612
0.05673385
0.05676103
0.05664682
0.05687904
0.05828953
0.05696416
0.05702758
0.05700850
0.05707693
0.05722833
0.05721331
0.05735040
0.05729580
0.05739474
0.05835271
0.05762553
0.05755424
0.05761528
0.05777550
0.05782151
0.05733466
0.05750895
0.05744767
0.05759478
0.05791855
0.05771589
0.05774975
0.05799270
0.05793500
0.05788660
0.05815744
0.05800891
0.05815220
0.05820394
0.05829740
0.05845022
0.05852532
0.05837536
0.05915546
0.05889010
0.05905342
0.05936027
0.05913877
0.05916905
0.05947971
0.05931807
0.05931258
0.05930138
0.05946207
0.05960011
0.05952668
0.05970979
0.05981731
0.05982685
0.06013370
0.05987477
0.05996919
0.06012869
0.05986071
0.06006670
0.06011724
0.06020999
0.06024742
0.06025767
0.06047893
0.06033421
0.06050324
0.06049585
0.06055951
0.06047702
0.06056976
0.06073308
0.06090593
0.06097269
0.06110549
0.06088138
0.06107736
0.06142950
0.06100965
0.06105185
0.06128359
0.06134963
0.06133008
0.06152177
0.06240726
0.06158853
0.06117654
0.06159139
0.06170034
0.06275988
0.06257677
0.06377029
0.06252718
0.06218004
0.06238842
0.06201959
0.06210494
0.06233287
0.06237721
0.06235671
0.06248569
0.06204033
0.06228113
0.06287694
0.06225681
0.06241131
0.06239724
0.06250048
0.06255102
0.06289220
0.06269526
0.06277418
0.06319928
0.06331706
0.06306887
0.06309891
0.06307936
0.06310821
0.06346226
0.06329036
0.06341100
0.06344366
0.06359386
0.06337380
0.06348276
0.06360483
0.06389499
0.06421947
0.06420159
0.06379032
0.06396413
0.06582904
0.06938672
0.06735134
0.06489897
0.06407523
0.06422210
0.06436801
0.06430793
0.06444907
0.06479716
0.06453824
0.06475329
0.06470013
0.06472468
0.06477356
0.06495619
0.06478643
0.06500959
0.06508350
0.06482649
0.06568050
0.06522155
0.06524324
0.06546950
0.06562233
0.06559730
0.06568027
0.06568098
0.06566501
0.06569767
0.06578970
0.06597567
0.06597328
0.06601691
0.06595850
0.06599641
0.06617236
0.06622052
0.06621981
0.06649017
0.06668973
0.06676126
0.06668854
0.06684947
0.06668591
0.06676388
0.06686640
0.06690788
0.06692624
0.06701398
0.06709146
0.06708860
0.06708050
0.06731057
0.06740022
0.06739163
0.06754136
0.06751871
0.06747937
0.06757712
0.06781602
0.06795025
0.06790614
0.06805587
0.06782484
0.06798482
0.06817722
0.06815910
0.06822920
0.06833100
0.06847954
0.06837058
0.06851220
0.06832075
0.06837797
0.06843495
0.06837130
0.06858611
0.06870651
0.06872034
0.06882048
0.06913209
0.06891632
0.06910729
0.06891251
0.06894493
0.06911564
0.06929183
0.06925631
0.06932425
0.06932354
0.06951165
0.06955647
0.06947970
0.06972432
0.06960344
0.06974959
0.06978250
0.06985712
0.06984854
0.07014275
0.07005382
0.06989145
0.07010579
0.07040000
0.07074118
0.07058930
0.07070041
0.07074928
0.07078123
0.07111168
0.07102489
0.07109880
0.07106018
0.07111025
0.07117820
0.07311869
0.07373214
0.07235575
0.07185459
0.07172799
0.07173133
0.07189059
0.07190275
0.07238889
0.07212639
0.07202387
0.07261944
0.07211590
0.07251048
0.07254791
0.07241797
0.07248545
0.07256055
0.07246208
0.07255721
0.07274222
0.07290483
0.07278585
0.07287216
0.07287025
0.07312703
0.07325578
0.07303166
0.07323551
0.07374406
0.07317472
0.07334352
0.07304692
0.07297730
0.07343340
0.07309365
0.07337976
0.07319069
0.07336307
0.07343149
0.07353568
0.07361269
0.07364011
0.07380939
0.07390285
0.07379937
0.07388020
0.07399440
0.07394886
0.07428789
0.07420969
0.07436943
0.07432842
0.07447553
0.07439423
0.07560158
0.07635188
0.07634473
0.07483649
0.07466483
0.07466841
0.07477784
0.07491517
0.07519698
0.07516050
0.07501173
0.07515740
0.07513714
0.07554579
0.07530093
0.07525969
0.07541156
0.07548428
0.07540536
0.07546759
0.07539248
0.07578540
0.07553554
0.07566810
0.07570338
0.07601094
0.07610774
0.07618380
0.07624555
0.07620430
0.07616878
0.07621717
0.07637048
0.07648396
0.07668400
0.07643771
0.07657886
0.07667661
0.07674408
0.07675505
0.07847834
0.07714844
0.07713532
0.07736373
0.07713246
0.07704830
0.07701421
0.07749414
0.07746029
0.07732844
0.07754350
0.07751107
0.07767415
0.07733917
0.07759356
0.07775474
0.07803965
0.07767916
0.07790399
0.07797456
0.07810044
0.07820201
0.07823777
0.07826209
0.07844019
0.07827759
0.07826710
0.07825017
0.07856393
0.07870483
0.07869887
0.07861352
0.07895780
0.07893538
0.07880974
0.07899475
0.07882166
0.07909060
0.07920289
0.07916522
0.07935762
0.07915974
0.07931781
0.07938528
0.07977366
0.08006573
0.07971048
0.07978153
0.08219123
0.08695102
0.08293223
0.08012700
0.07988644
0.07996631
0.08010840
0.08003449
0.08032966
0.08036709
0.08018351
0.08014822
0.08056021
0.08026624
0.08048940
0.08047843
0.08074260
0.08075833
0.08076000
0.08075333
0.08087301
0.08101010
0.08106971
0.08093095
0.08108807
0.08123231
0.08167052
0.08173561
0.08184147
0.08207059
0.08187437
0.08180571
