0.02213311
0.04348040
0.04356480
0.04367208
0.04641151
0.04630876
0.04642010
0.04672241
0.04650855
0.04648995
0.04678226
0.04686403
0.04682755
0.04709220
0.04678774
0.04694986
0.04709053
0.04718280
0.04725504
0.04730058
0.04722762
0.04747415
0.04745507
0.04777050
0.04767609
0.04760647
0.04774833
0.04781413
0.04782367
0.04770112
0.04779387
0.04775810
0.04779625
0.04792070
0.04800820
0.04805565
0.04813623
0.04811621
0.04812360
0.04830980
0.04844618
0.04832363
0.04832888
0.04923916
0.04932308
0.04927659
0.04925990
0.04908681
0.05011940
0.04947829
0.04964590
0.04937220
0.04983044
0.04970098
0.04981375
0.04988766
0.04988885
0.05006504
0.04961753
0.05006742
0.04974127
0.04984975
0.04982376
0.04982924
0.04971218
0.05017567
0.05011249
0.05021524
0.05023050
0.05025959
0.05036759
0.05024862
0.05091405
0.05087852
0.05091333
0.05102324
0.05108953
0.05117726
0.05130267
0.05127788
0.05153251
0.05152607
0.05147314
0.05161762
0.05167413
0.05177665
0.05168390
0.05170822
0.05181146
0.05184507
0.05217338
0.05197239
0.05228353
0.05247712
0.05216694
0.05221176
0.05235147
0.05239868
0.05258822
0.05254459
0.05205846
0.05214930
0.05201459
0.05253053
0.05241871
0.05294323
0.05307031
0.05306625
0.05311155
0.05312586
0.05318284
0.05327058
0.05326772
0.05337763
0.05354857
0.05366492
0.05376506
0.05380630
0.05389476
0.05389094
0.05368662
0.05401397
0.05410051
0.05428648
0.05427766
0.05466318
0.05433822
0.05424190
0.05433559
0.05470514
0.05451155
0.05437922
0.05462766
0.05474615
0.05485725
0.05497718
0.05493522
0.05491996
0.05513668
0.05514860
0.05538297
0.05538487
0.05556226
0.05553412
0.05569291
0.05578828
0.05586672
0.05609250
0.05600119
0.05593371
0.05617833
0.05617976
0.05635786
0.05617332
0.05617905
0.05650139
0.05632210
0.05640984
0.05626440
0.05639672
0.05656099
0.05667090
0.05689073
0.05663586
0.05686450
0.05683041
0.05693889
0.05702043
0.05713177
0.05705261
0.05716133
0.05704927
0.05727696
0.05739760
0.05731463
0.05757976
0.05781412
0.05764055
0.05777550
0.05770922
0.05776072
0.05782843
0.05774951
0.05795670
0.05804396
0.05825186
0.05760789
0.05766535
0.05782986
0.05789757
0.05791259
0.05796099
0.05781293
0.05801868
0.05867171
0.05882549
0.05875325
0.05878210
0.05896807
0.05891013
0.05913687
0.05917907
0.05916214
0.05929494
0.05933309
0.05926919
0.05947542
0.05955029
0.05946016
0.05961585
0.05972457
0.05988193
0.05990505
0.05991006
0.06002140
0.05997491
0.06013107
0.06014585
0.06015730
0.06035519
0.06042051
0.06031203
0.06055403
0.06042862
0.06044531
0.06059980
0.06076813
0.06102419
0.06078601
0.06097746
0.06100941
0.06098652
0.06109238
0.06131887
0.06116486
0.06136608
0.06139135
0.06151676
0.06166911
0.06156468
0.06226778
0.06201982
0.06201339
0.06202793
0.06211615
0.06231809
0.06242180
0.06237459
0.06261492
0.06236124
0.06251359
0.06246758
0.06262994
0.06257153
0.06214571
0.06235600
0.06244850
0.06216311
0.06245637
0.06259584
0.06251502
0.06273890
0.06286669
0.06299853
0.06268525
0.06297278
0.06291819
0.06299996
0.06320238
0.06356716
0.06365347
0.06375813
0.06378722
0.06382513
0.06400394
0.06393886
0.06390572
0.06679440
0.06501007
0.06492186
0.06470895
0.06429935
0.06435919
0.06471682
0.06458163
0.06477690
0.06540823
0.06519079
0.06540895
0.06586218
0.06585765
