0.02298188
0.05172181
0.05115056
0.05122972
0.05196667
0.05180287
0.05176258
0.05179214
0.05196047
0.05190206
0.05190754
0.05201197
0.05261159
0.05238771
0.05217695
0.05215025
0.05231380
0.05234814
0.05252504
0.05248332
0.05259752
0.05274343
0.05271363
0.05298138
0.05286241
0.05299258
0.05290937
0.05304646
0.05321789
0.05313659
0.05327463
0.05301666
0.05329537
0.05327153
0.05357504
0.05340815
0.05370188
0.05366659
0.05358529
0.05364108
0.05377245
0.05379081
0.05365920
0.05401587
0.05417633
0.05428147
0.05408192
0.05405974
0.05451941
0.05511880
0.05516863
0.05527735
0.05516362
0.05527210
0.05549693
0.05540514
0.05566692
0.05565715
0.05568004
0.05572510
0.05590582
0.05588913
0.05617571
0.05600953
0.05598712
0.05632973
0.05630255
0.05677128
0.05634165
0.05624723
0.05643082
0.05666637
0.05673265
0.05687404
0.05674458
0.05694675
0.05684900
0.05702353
0.05698276
0.05701756
0.05719543
0.05722308
0.05722046
0.05744004
0.05748010
0.05746698
0.05741429
0.05829263
0.05782080
0.05777311
0.05789423
0.05787349
0.05790401
0.05791187
0.05804086
0.05803323
0.05815339
0.05812359
0.05859351
0.05829740
0.05847979
0.05843925
0.05842280
0.05837655
0.05851460
0.05863953
0.05862236
0.05884004
0.05884385
0.05881643
0.05877399
0.05895925
0.05909991
0.05875444
0.05916238
0.05916643
0.05942082
0.05937004
0.05966997
0.05978465
0.05955529
0.05958390
0.05972052
0.05970287
0.05981112
0.05965495
0.05990577
0.05996370
0.06011677
0.06058288
0.05990219
0.06032324
0.06016493
0.06022310
0.06034255
0.06042051
0.06042171
0.06055689
0.06090951
0.06057382
0.06085658
0.06096005
0.06089187
0.06104183
0.06090260
0.06083012
0.06102920
0.06131363
0.06133747
0.06123900
0.06157374
0.06139207
0.06149411
0.06142497
0.06163168
0.06167459
0.06189585
0.06196427
0.06211114
0.06213784
0.06214571
0.06225467
0.06228304
0.06243682
0.06254673
0.06269121
0.06288815
0.06282949
0.06264997
0.06276035
0.06299806
0.06310582
0.06332731
0.06328273
0.06319547
0.06325102
0.06349802
0.06381845
0.06345892
0.06337070
0.06343174
0.06346917
0.06367421
0.06353426
0.06367111
0.06381416
0.06387234
0.06392956
0.06379199
0.06390095
0.06406450
0.06382966
0.06406975
0.06408477
0.06415296
0.06410861
0.06433058
0.06442881
0.06447649
0.06440735
0.06449270
0.06473994
0.06467247
0.06481028
0.06488156
0.06486416
0.06482744
0.06502366
0.06512332
0.06530333
0.06521559
0.06522846
0.06510758
0.06553149
0.06533551
0.06755877
0.06547451
0.06548691
0.06569433
0.06563616
0.06550503
0.06558704
0.06593347
0.06585813
0.06592917
