0.01830435
0.04572558
0.04452133
0.04452276
0.04722691
0.04599166
0.04630566
0.04588580
0.04625559
0.04607487
0.04622889
0.04624200
0.04639411
0.04644179
0.04633951
0.04675937
0.04659152
0.04654479
0.04664636
0.04696536
0.04670000
0.04674697
0.04719639
0.04705620
0.04699206
0.04697490
0.04744482
0.04727364
0.04724240
0.04757380
0.04753613
0.04757738
0.04891706
0.04761696
0.04766083
0.04770994
0.04787302
0.04789066
0.04789257
0.04808092
0.04791617
0.04793286
0.04801822
0.04810929
0.04848528
0.04840779
0.04835892
0.04862046
0.04847336
0.04852176
0.04880881
0.04876637
0.04863071
0.04871416
0.04895234
0.04905868
0.04923534
0.04905748
0.04922128
0.04919529
0.04928660
0.04928660
0.04940104
0.04949117
0.04945111
0.04952264
0.04978132
0.04997492
0.04983234
0.04977322
0.05004525
0.04996991
0.04994655
0.05002546
0.05004597
0.05012250
0.05029964
0.05038524
0.05029655
0.05031490
0.05085921
0.05040669
0.05058694
0.05053759
0.05061316
0.05048466
0.05056787
0.05071545
0.05087829
0.05093718
0.05110240
0.05090594
0.05117416
0.05100417
0.05138183
0.05133891
0.05096960
0.05135536
0.05151153
0.05144477
0.05129886
0.05149889
0.05172276
0.05167913
0.05169010
0.05189300
0.05177665
0.05198836
0.05180597
0.05197334
0.05216217
0.05211854
0.05229974
0.05212092
0.05235028
0.05255437
0.05263448
0.05265164
0.05281472
0.05252719
0.05269027
0.05286527
0.05306673
0.05281758
0.05289888
0.05297446
0.05301118
0.05331540
0.05493021
0.05318952
0.05329823
0.05361795
0.05339479
0.05340934
0.05345654
0.05382299
0.05355620
0.05378652
0.05385399
0.05385327
0.05395699
0.05404592
0.05402422
0.05392075
0.05419898
0.05422497
0.05435944
0.05440378
0.05434895
0.05430126
0.05457044
0.05456972
0.05467010
0.05476642
0.05470920
0.05509710
0.05469418
0.05484772
0.05492783
0.05496812
0.05508876
0.05509663
0.05544162
0.05535293
0.05573249
0.05549216
0.05538321
0.05545783
0.05564523
0.05562353
0.05573630
0.05575109
0.05585170
0.05604887
0.05599594
0.05605078
0.05601525
0.05618906
0.05624723
0.05629349
0.05639315
0.05634737
0.05691338
0.05660367
0.05659795
0.05666161
0.05672765
0.05668402
0.05812025
0.05685616
0.05689979
0.05701637
0.05694127
0.05701470
0.05718207
0.05731320
0.05719852
0.05732393
0.05749249
0.05742741
0.05757117
0.05761266
0.05768347
0.05776286
0.05769515
0.05791068
0.05799270
0.05790138
0.05781794
0.05803466
0.05818510
0.05822897
0.05845571
0.05836368
0.05853510
0.05859613
0.05847931
0.05883384
0.05860949
0.05859828
0.05908394
0.05884314
0.05890393
0.05903029
0.05896235
0.05917335
0.05925941
0.05928540
0.05919409
0.05908656
0.05946136
0.05940032
0.05971479
0.05962729
0.05977440
0.05979657
0.05957794
0.05985165
0.05990386
0.05987501
0.05982423
0.05997777
0.05990171
0.06011844
0.06017494
0.06037664
0.06041193
0.06058884
0.06047106
0.06045651
0.06143498
0.06091762
0.06080389
0.06089091
0.06089711
0.06100965
0.06107759
0.06101680
0.06118321
0.06104660
0.06117892
0.06103659
0.06118107
0.06151104
0.06134391
0.06152320
0.06174445
0.06162381
0.06167603
0.06178308
0.06177187
0.06204557
0.06195664
0.06188536
0.06205297
0.06189585
0.06200361
0.06212854
0.06218791
0.06251550
0.06234741
0.06426382
0.06254482
0.06250668
0.06255078
0.06281567
0.06274748
0.06265354
0.06277847
0.06288004
0.06304216
0.06304598
0.06312442
0.06320834
0.06331658
0.06346345
0.06343055
0.06353259
0.06343174
0.06356692
0.06357646
0.06374145
0.06378078
0.06378388
0.06386948
0.06381750
0.06407762
0.06411672
0.06427002
0.06430817
0.06429148
0.06426096
0.06422853
0.06437254
0.06449771
0.06461835
0.06469798
0.06457567
0.06463337
0.06482816
0.06466651
0.06508732
0.06503367
0.06521297
0.06507826
0.06527400
0.06535006
0.06539941
0.06527615
0.06555390
0.06534672
0.06559491
0.06551671
0.06580925
0.06559539
0.06559801
0.06592989
0.06575370
0.06594563
0.06603265
0.06609797
0.06603289
0.06630158
0.06621218
0.06626868
0.06656313
0.06617498
0.06665587
0.06676292
0.06660628
0.06660938
0.06685901
0.06678009
0.06673956
0.06668830
0.06687760
0.06707573
0.06692004
0.06727600
0.06756902
0.06715035
0.06727791
0.06747508
0.06745148
0.06727457
0.06754613
0.06757975
0.06763077
0.06796479
0.06764269
0.06783533
0.06860781
0.06793046
0.06792736
0.06823540
0.06826949
0.06837034
0.06830430
0.06846356
0.06846547
0.06846690
0.06865978
0.06857777
0.06867766
0.06861973
0.06869698
0.06883740
0.06894517
0.06915665
0.06893373
0.06895494
0.06911612
0.06932783
0.06915641
0.06925869
0.06933498
0.06944919
0.06958222
0.06957769
0.06960821
0.06975102
0.06979561
0.06979680
0.06987453
0.06970668
0.07018042
0.07018828
0.07010627
0.07008076
0.07019353
0.07016683
0.07032943
0.07048678
0.07059264
0.07053733
0.07067752
0.07061791
0.07083344
0.07092810
0.07088709
0.07088971
0.07074451
0.07086277
0.07118797
0.07118297
0.07117677
0.07123470
0.07137966
0.07113695
0.07145572
0.07149005
0.07192135
0.07152033
0.07174087
0.07179904
0.07173324
0.07191086
0.07194567
0.07200360
0.07205486
0.07203817
0.07212567
0.07204628
0.07225013
0.07222605
0.07261920
0.07256913
0.07252884
0.07252312
0.07265902
0.07274246
0.07284188
0.07285690
0.07269025
0.07318544
0.07313704
0.07299042
0.07300448
0.07322097
0.07323480
0.07323360
0.07341337
0.07348061
0.07360458
0.07343459
0.07369542
0.07352853
0.07355022
0.07386374
0.07380986
0.07399940
0.07396793
0.07414126
0.07410359
0.07408166
0.07430553
0.07425904
0.07439256
0.07448387
0.07434916
0.07460093
0.07468104
0.07461214
0.07483339
0.07465005
0.07494664
0.07474780
0.07499433
0.07494283
0.07518029
0.07516694
0.07535219
0.07524133
0.07535529
0.07535958
0.07557750
0.07547474
0.07550550
0.07572985
0.07565856
0.07587266
0.07585931
0.07588935
0.07616091
0.07604337
0.07609940
0.07612562
0.07617974
0.07625127
0.07642651
0.07613730
0.07645035
0.07653165
0.07670641
0.07682252
0.07673430
0.07666874
0.07661986
0.07671571
0.07690072
0.07682705
0.07710123
0.07711220
0.07695174
0.07708549
0.07724285
0.07705879
0.07723045
0.08017325
0.07749867
0.07757568
0.07775593
0.07742524
0.07783413
0.07790828
0.07794046
0.07784081
0.07820487
0.07787275
0.07808042
0.07820296
0.07815170
0.07833672
0.07844782
0.07856631
0.07849717
0.07855201
0.07860065
0.07859278
0.07870150
0.07888103
0.07883644
0.07894802
0.07873368
0.07912517
0.07898331
0.07879758
0.07894135
0.07941580
0.07929707
0.07945180
0.07935452
0.07962108
0.07977581
0.07962704
0.07966661
0.07983494
0.07991791
0.07990670
0.07984233
0.07981110
0.08054948
0.08325744
0.08280802
0.08301497
0.08054662
0.08033633
0.08029604
0.08031678
0.08064365
0.08068991
0.08090711
0.08060122
0.08075285
0.08084440
0.08098435
0.08094859
0.08116603
0.08086061
0.08104873
0.08103037
0.08117938
0.08125567
0.08175325
0.08128786
0.08163595
0.08106065
0.08136010
0.08128810
0.08211756
0.08181047
0.08178234
0.08189130
0.08183646
0.08184552
0.08216667
0.08213162
0.08232212
0.08238792
0.08232355
0.08227158
0.08225894
0.08266950
0.08252716
0.08266568
0.08281565
0.08284044
0.08288407
0.08275986
0.08279777
0.08301640
0.08311558
0.08305383
0.08313036
0.08334827
0.08332086
0.08342147
0.08342171
0.08341479
0.08340788
0.08344889
0.08360219
0.08362985
0.08391333
0.08382440
0.08362865
0.08403206
0.08392000
0.08392477
0.08426094
0.08417559
0.08437085
0.08439732
0.08413172
0.08443666
0.08445477
0.08460307
0.08459544
0.08466601
0.08477855
0.08502960
0.08492970
0.08496761
0.08508039
0.08505654
0.08510685
0.08494115
0.08523273
0.08503723
0.08546734
0.08543038
0.08535337
0.08554125
0.08913732
0.08891225
0.08870769
0.08602190
0.08578229
0.08592129
0.08601213
0.08613396
0.08789587
0.08929753
0.08914304
0.08657837
0.08624840
0.08681035
0.08758187
0.08830309
0.09161711
0.08961344
0.08964515
0.09010339
0.08994198
0.08993626
0.08824778
0.09089947
0.09355760
0.09065342
0.09045434
0.09102654
0.09062696
0.09020543
0.09212494
0.09193707
0.09312701
0.09365249
0.09240127
0.09231400
0.09285760
0.08993006
0.09043336
0.08865666
0.08848214
0.08879495
0.08897066
0.08892417
0.08886671
0.08919001
0.08930278
0.08908892
0.08896875
0.08960009
0.08945370
0.08937216
0.08957434
0.08969021
0.08930707
0.08961821
0.08948588
0.08983111
0.09048939
0.09074879
0.08944726
0.08928418
0.08935714
0.08968592
0.08968854
0.08930087
0.08966351
0.08975124
0.08965421
0.08976316
0.08985567
0.09003282
0.08990383
0.09001327
0.09013200
0.09010768
0.09010744
0.09012890
0.09039092
0.09028935
0.09061384
0.09060168
0.09060979
0.09073424
0.09064269
0.09109640
0.09074616
0.09101510
0.09128976
0.09099174
0.09083390
0.09110045
0.09127069
0.09125233
0.09139705
0.09139752
0.09160352
0.09139633
0.09172416
0.09182358
0.09159327
0.09166265
0.09184265
0.09198260
0.09204626
0.09217310
0.09221983
0.09241533
0.09244251
0.09221268
0.09246922
0.09256220
0.09285092
0.09263182
0.09272027
0.09271121
0.09286904
0.09290051
0.09307861
0.09295011
0.09295464
0.09323692
0.09324288
0.09398174
0.09672546
0.09402823
0.09357166
0.09357762
0.09375596
0.09386826
0.09436107
0.09366345
0.09400773
0.09388709
0.09413576
0.09400058
0.09416795
0.09440255
0.09422445
0.09449863
0.09445500
0.09450126
0.09454274
0.09465146
0.09460092
0.09456444
0.09491420
0.09482813
0.09477997
0.09489012
0.09491444
0.09515858
0.09502101
0.09501886
0.09521174
0.09530306
0.09530115
0.09546423
0.09539723
0.09543300
0.09562016
0.09554052
0.09551048
0.09562778
0.09579706
0.09586930
0.09570169
0.09595013
0.09608865
0.09586263
0.09600472
0.09634209
0.09629917
0.09611797
0.09638906
0.09753489
0.09665322
0.09643340
0.09659123
0.09664154
0.09679985
0.09666872
0.09698677
0.09688663
0.09689689
0.09701943
0.09692788
0.09698892
0.09706855
0.09752107
0.09735370
0.09723186
0.09737444
0.09758353
0.09773874
0.09768820
0.09805846
0.09785557
0.09773231
0.09789681
0.09788346
0.09829640
0.09804440
0.09823751
0.09840131
0.09834456
0.09840989
0.09853578
0.09846354
0.09880400
0.09913945
0.09938383
0.09938550
0.09924436
0.09934306
0.09960413
0.09964776
0.09979105
0.09999299
0.09985805
0.09998298
0.10015559
0.10017943
0.10025692
0.10039449
0.10043812
0.10049200
0.10054660
0.10078549
0.10101867
0.10088372
0.10090375
0.10091782
0.10102534
0.10109758
0.10093284
0.10126901
0.10118055
0.10124350
0.10133815
0.10284567
0.10151052
0.10159874
0.10164809
0.10154176
0.10175538
0.10181975
0.10200787
0.10203767
0.10210276
0.10220385
0.10224152
0.10238957
0.10243487
0.10252857
0.10229087
0.10250831
0.10259199
0.10259867
0.10261154
0.10286546
0.10304928
0.10296607
0.10306597
0.10306644
0.10316420
0.10331154
0.10351539
0.10363674
0.10346127
0.10389352
0.10400271
0.10377240
0.10402822
0.10411096
0.10418344
0.10422587
0.10450864
0.10435820
0.11759734
0.10931635
0.11452746
0.11015773
0.10584426
0.10489559
0.10504794
0.10520315
0.10547256
0.10511351
0.10583472
0.10586405
0.10571647
0.10559869
0.10579443
0.10593009
0.10570025
0.10593510
0.10595584
0.10582733
0.10763383
0.10643458
0.10639811
0.10642552
0.10653329
0.10648108
0.10655022
0.10667229
0.10668874
0.10706282
0.10678792
0.10697579
0.10709167
0.10734677
0.10710526
0.10733461
0.10746646
0.10769176
0.10780096
0.10761046
0.10781693
0.10806489
0.10804176
0.10800385
0.10790586
0.10806274
0.10982656
0.10834217
0.10852504
0.10853052
0.10878015
0.10864615
0.10882854
0.10880470
0.10896492
0.10921526
0.10880780
0.10897899
0.10915017
0.10920143
0.10918593
0.10933447
0.10940313
0.10937953
0.10929155
0.10925627
0.10976839
0.10970926
0.10978627
0.10976768
0.10988545
0.10997772
0.11009693
0.11003017
0.11024117
0.11133909
0.11029601
0.11034441
0.11032057
0.11039090
0.11110759
0.11058283
0.11049962
0.11076450
0.11078811
0.11097336
0.11098552
0.11098981
0.11132812
0.11105180
0.11123538
0.11138248
0.11150980
0.11151671
0.11155176
0.11150599
0.11156750
0.11170030
0.11171484
0.11275339
0.11171007
0.11186314
0.11205101
0.11205673
0.11208344
0.11199951
0.11213946
0.11226249
0.11224890
0.11238980
0.11224246
0.11266208
0.11244941
0.11251664
0.11256933
0.11266994
0.11274886
0.11287999
0.11280656
0.11281729
0.11285257
0.11274648
0.11300850
0.11288619
0.11316514
0.11274791
0.11299062
0.11296630
0.11307645
0.11305285
0.11294484
0.11316085
0.11299205
0.11288810
0.11340714
0.11315727
0.11314440
0.11329317
0.11291933
0.11655998
0.11411524
0.11401176
0.11403275
0.11358905
0.11362576
0.11364245
0.11373162
0.11341763
0.11350179
0.11370349
0.11379099
0.11368275
0.11375165
0.11373258
0.11374354
0.11420536
0.11382031
0.11410093
0.11429119
0.11432457
0.11417651
0.11420989
0.11415553
0.11423707
0.11435151
0.11430430
0.11440492
0.11447716
0.11472392
0.11427450
0.11453938
0.11445308
0.11462235
0.11449265
0.11480832
0.11469436
0.11499357
0.11486506
0.11474633
0.11496544
0.11495662
0.11496186
0.11495996
0.11462593
0.11511922
0.11510706
0.11515880
0.11532164
0.11545730
0.11536908
0.11557364
0.11548662
0.11553860
0.11602187
0.11611915
0.11580110
0.11575532
0.11575413
0.11589241
0.11605358
0.11597943
0.11583853
0.11586738
0.11594391
0.11627650
0.11609435
0.11612177
0.11636448
0.11614203
0.11544967
0.11578918
0.11572075
0.11589527
0.11579442
0.11580229
0.11583400
0.11594748
0.11596990
0.11581969
0.11600471
0.11601639
0.11601257
0.11625910
0.11615157
0.11649132
0.11641192
0.11629438
0.11640644
0.11639762
0.11647391
0.11650681
0.11808443
0.11661625
0.11678600
0.11677289
0.11665893
0.11676741
0.11664605
0.11705542
0.11690283
0.11679602
0.11694741
0.11721826
0.11749172
0.11708021
0.11742306
0.11729360
0.11753798
0.11743593
0.11769032
0.11760068
0.11752081
0.11794710
0.11772752
0.11763501
0.11787844
0.11787319
0.11794066
0.11827230
0.11829352
0.11830258
0.11836290
0.11811900
0.11825871
0.11834741
0.11858201
0.11859798
0.11964464
0.11896658
0.11888814
0.11879182
0.11887193
0.11911130
0.11929059
0.11907172
0.11900687
0.11893034
0.11905336
0.11924911
0.11919212
0.11922860
0.11921215
0.11917567
0.11939740
0.11953259
0.11965680
0.11955595
0.11968660
0.11945200
0.11990643
0.11991382
0.11998796
0.12030315
0.11975908
0.11996150
0.12007213
0.11997676
0.12015510
0.12011433
0.12015867
0.12025332
0.12029266
0.12042499
0.12044978
0.12053585
0.12056804
0.12061477
0.12072659
0.12085652
0.12085390
0.12097430
0.12084913
0.12125492
0.12095451
0.12117958
0.12101221
0.12110138
0.12145138
0.12135720
0.12137270
0.12143207
0.12137771
0.12153149
0.12155151
0.12170720
0.12213802
0.12164187
0.12181973
0.12193465
0.12186432
0.12198567
0.12232900
0.12212086
0.12233090
0.12243152
0.12239766
0.12226510
0.12243938
0.12252903
0.12248182
0.12268901
0.12275887
0.12276077
0.12282085
0.12281275
0.12288070
0.12296128
0.12300634
0.12309885
0.12330675
0.12310672
0.12329674
0.12333012
0.12315989
0.12343168
0.12336469
0.12347817
0.12386489
0.12377381
0.12368631
0.12373090
0.12371063
0.12367010
0.12395763
0.12380385
0.12411427
0.12394881
0.12422252
0.12421870
0.12421489
0.12427998
0.12447000
0.12446141
0.12435794
0.12448120
0.12452173
0.12464261
0.12470841
0.12490559
0.12476850
0.12486267
0.12487674
0.12485600
0.12502837
0.12506366
0.12515283
0.12527633
0.12542558
0.12553144
0.12560272
0.12537384
0.12566638
0.12569404
0.12574768
0.12562943
0.12576699
0.12568140
0.12592936
0.12584019
0.12615800
0.12615895
0.12620616
0.12623262
0.12631679
0.12646580
0.12656736
0.12660241
0.12623048
