0.02501750
0.04784417
0.04695582
0.04712749
0.04980183
0.04974222
0.04980612
0.05003595
0.04991603
0.05006599
0.05011988
0.05016208
0.05113482
0.05026889
0.05032706
0.05036116
0.05043650
0.05054474
0.05063462
0.05090833
0.05072665
0.05088043
0.05082703
0.05086899
0.05162477
0.05102730
0.05117559
0.05100536
0.05130053
0.05145574
0.05127072
0.05144024
0.05152202
0.05155087
0.05169392
0.05185485
0.05174804
0.05155087
0.05157709
0.05156493
0.05152321
0.05161333
0.05157828
0.05191755
0.05197477
0.05207753
0.05192232
0.05282521
0.05223322
0.05211902
0.05226016
0.05221200
0.05244827
0.05253458
0.05283976
0.05269670
0.05261683
0.05272222
0.05297661
0.05282712
0.05284739
0.05288982
0.05306387
0.05304432
0.05321527
0.05331564
0.05371261
0.05364966
0.05375671
0.05390692
0.05397987
0.05388689
0.05411386
0.05416846
0.05406427
0.05427170
0.05436134
0.05416179
0.05435634
0.05426502
0.05450225
0.05465961
0.05468535
0.05487943
0.05504751
0.05482197
0.05462551
0.05478001
0.05485463
0.05508351
0.05501175
0.05591369
0.05523491
0.05536938
0.05536127
0.05533338
0.05542755
0.05533981
0.05567098
0.05544567
0.05559206
0.05564189
0.05585814
0.05593443
0.05587912
0.05584311
0.05613589
0.05611706
0.05616045
0.05631781
0.05615902
0.05632806
0.05676341
0.05647850
0.05644584
0.05659962
0.05671835
0.05662894
0.05672479
0.05690789
0.05681252
0.05679584
0.05704069
0.05708146
0.05718017
0.05712819
0.05724716
0.05737114
0.05762386
0.05744267
0.05763650
0.05754232
0.05779552
0.05796838
0.05782819
0.05787635
0.05870581
0.05805588
0.05797863
0.05811334
0.05798936
0.05819297
0.05829763
0.05940604
0.05855179
0.05860090
0.05859232
0.05847669
0.05866718
0.05890703
0.05860758
0.05882859
0.05890799
0.05952668
0.05900884
0.05915952
0.05919266
0.05906248
0.05920339
0.05959153
0.05941129
0.05941510
0.05952644
0.06043482
0.05964303
0.05973291
0.05982757
0.05989361
0.05991316
0.06003118
0.06002808
0.06013322
0.06062007
0.06061196
0.06033802
0.06043005
0.06048846
0.06053185
0.06068969
0.06078291
0.06093454
0.06070495
0.06093168
0.06095576
0.06093955
0.06109881
0.06122565
0.06116533
0.06201935
0.06133533
0.06131673
0.06145835
0.06156874
0.06158209
0.06169105
0.06159997
0.06170940
0.06186604
0.06188750
0.06213856
0.06208873
0.06207347
0.06221056
0.06235600
0.06235170
0.06239152
0.06243849
0.06249690
0.06256533
0.06270480
0.06271553
0.06265306
0.06286430
0.06289196
0.06289363
0.06298828
0.06289124
0.06304502
0.06309366
0.06320786
0.06327462
0.06333327
0.06344652
0.06354594
0.06362033
0.06362438
0.06369376
0.06382656
0.06381297
0.06397414
0.06398773
0.06395507
0.06406713
0.06420231
0.06419492
0.06436110
0.06430244
0.06442189
0.06445384
0.06452107
0.06450438
0.06479216
0.06462574
0.06474566
0.06519198
0.06480360
0.06503391
0.06505966
0.06496668
0.06496906
0.06532335
0.06523943
0.06526709
0.06538463
0.06519866
0.06551194
0.06556296
0.06555820
0.06565332
0.06569123
0.06583810
0.06587267
0.06586933
0.06594515
0.06594396
0.06607199
0.06615663
0.06610131
0.06631780
0.06642962
0.06646585
0.06654143
0.06654239
0.06657505
0.06648231
0.06670523
0.06678176
0.06689572
0.06701112
0.06680489
0.06719208
0.06724429
0.06732321
0.06728864
0.06749701
0.06746626
0.06759644
0.06760502
0.06763339
0.06767416
0.06773591
0.06782103
0.06787372
0.06775856
0.06782794
0.06787968
0.06819987
0.06821251
0.06799197
0.06839180
0.06845331
0.06842804
0.06862855
0.06850648
0.06859350
0.06867623
0.06871343
0.06867862
0.06884265
0.06904578
0.06893396
0.06901526
0.06913090
0.06915236
0.06933713
0.06950951
0.06947970
0.06941175
0.06944847
0.06941295
0.06961036
0.06965971
0.06980371
0.06985927
0.06988478
0.07004666
0.06993723
0.07005525
0.07000256
0.07028651
0.07024837
0.07037687
0.07038212
0.07046795
0.07065058
0.07049918
0.07071662
0.07066274
0.07086015
0.07077408
0.07099271
0.07091761
0.07087469
0.07109928
0.07102585
0.07127547
0.07124186
0.07143307
0.07158041
0.07137656
0.07205129
0.07170653
0.07161427
0.07174969
0.07171392
0.07183671
0.07185292
0.07196617
0.07206321
0.07216287
0.07205510
0.07233882
0.07225537
0.07240057
0.07252455
0.07255864
0.07261968
0.07265997
0.07280135
0.07308412
0.07294893
0.07294369
0.07302022
0.07305527
0.07300353
0.07320189
0.07326651
0.07350540
0.07321048
0.07360506
0.07354140
0.07345581
0.07375813
0.07363605
0.07383919
0.07368565
0.07413125
0.07393789
0.07408166
0.07401466
0.07413244
0.07422686
0.07427764
0.07434559
0.07436275
0.07427359
0.07459259
0.07481408
0.07459569
0.07484126
0.07473898
0.07482815
0.07499671
0.07499671
0.07503533
0.07512259
0.07513642
0.07528710
0.07541656
0.07528448
0.07548356
0.07553363
0.07564116
0.07563090
0.07563210
0.07577777
0.07584023
0.07579517
0.07586837
0.07575631
0.07606435
0.07609558
0.07611084
0.07641745
0.07622433
0.07639837
0.07637286
0.07641792
0.07652473
0.07668138
0.07658720
0.07671261
0.07690763
0.07676721
0.07685041
0.07690382
0.07707191
0.07711053
0.07715917
0.07727098
0.07718730
0.07729459
0.07731342
0.07754874
0.07732797
0.07879043
0.07749748
0.07770562
0.07772017
0.07777739
0.07779312
0.07786870
0.07792091
0.07808328
0.07798600
0.07820773
0.07821727
0.07823181
0.07827020
0.07845426
0.07852125
0.07848215
0.07874608
0.07869339
0.07875705
0.07899451
0.07901049
0.07908010
0.07906055
0.07898498
0.07924485
0.07923722
0.07925677
0.07943773
0.07959127
0.07934475
0.07988811
0.07972360
0.07962036
0.07985163
0.07966781
0.07999849
0.07993436
0.08010411
0.08007264
0.08014488
0.08019710
0.08035898
0.08042264
0.08052206
0.08028769
0.08050227
0.08058000
0.08062148
0.08078194
0.08084083
0.08081484
0.08091283
0.08091664
0.08108926
0.08116102
0.08108664
0.08103395
0.08124566
0.08131456
0.08145332
0.08163905
0.08160186
0.08163524
0.08166766
0.08183765
0.08191752
0.08184743
0.08183789
0.08183169
0.08198595
0.08214355
0.08224368
0.08212042
0.08214998
0.08225107
0.08234215
0.08241653
0.08255839
0.08249307
0.08246398
0.08232403
0.08252835
0.08256841
0.08263135
0.08278131
0.08273745
0.08288836
0.08289886
0.08285975
0.08298683
0.08308363
0.08322906
0.08322763
0.08370399
0.08353853
0.08337307
0.08364129
0.08350444
0.08364725
0.08358288
0.08366776
0.08397007
0.08389759
0.08383894
0.08390164
0.08402944
0.08422446
0.08421135
0.08429360
0.08476758
0.08442974
0.08454871
0.08471131
0.08490062
0.08490729
0.08486271
0.08491087
0.08490252
0.08513403
0.08515477
0.08513713
0.08523893
0.08544016
0.08545184
0.08537030
0.08530617
0.08551168
0.08541870
0.08543372
0.08570313
0.08585453
0.08582520
0.08592319
0.08594537
0.08600211
0.08609056
0.08620739
0.08514762
0.08502293
0.08544087
0.08537555
0.08528137
0.08660889
0.08665609
0.08671284
0.08693171
0.08671427
0.08837676
0.08699489
0.08712173
0.08730745
0.08731818
0.08740711
0.08737421
0.08743620
0.08739161
0.08751440
0.08742857
0.08775496
0.08799982
0.08786941
0.08798766
0.08792448
0.08773685
0.08798623
0.08802557
0.08813953
0.08844066
0.08834124
0.08853602
0.08849168
0.08833957
0.08863878
0.08851480
0.08867431
0.08878779
0.08866191
0.08883023
0.08893442
0.08885217
0.08902550
0.08914351
0.08913589
0.08919215
0.08944750
0.08938193
0.08947182
0.08944535
0.08944273
0.08952546
0.08976769
0.08973074
0.08980107
0.08982825
0.08981085
0.08991337
0.16563892
0.08981991
0.08993840
0.09006023
0.09015632
0.09059477
0.09027696
0.09046960
0.09019923
0.09034467
0.09048414
0.09045792
0.09068632
0.09058380
0.09068584
0.09073067
0.09077525
0.09097767
0.09107828
0.09133101
0.09117746
0.09149814
0.09133339
0.09154296
0.09138513
0.09162116
0.09165454
0.09164596
0.09186363
0.09182310
0.09185839
0.09185433
0.09201884
0.09203815
0.09213972
0.09220839
0.09211302
0.09217191
0.09241939
0.09255981
0.09258175
0.09277010
0.09264255
0.09252620
0.09288478
0.09273267
0.09305048
0.09272575
0.09316850
0.09322405
0.09349179
0.09335971
0.09363413
0.09355712
0.09343624
0.09360862
0.09357619
0.09361458
0.09354019
0.09372282
0.09397054
0.09377050
0.09387922
0.09402847
0.09399843
0.09514117
0.09562683
0.11175394
0.09438777
0.09454060
0.09466314
0.09458899
0.09457517
0.09475064
0.09439015
0.09470201
0.09466076
0.09509277
0.09510636
0.09499264
0.09512639
0.09528089
0.09509778
0.09531450
0.09536719
0.09542179
0.09551477
0.09530401
0.09531665
0.09560227
0.09564567
0.09594631
0.09572768
0.09595561
0.09584403
0.09605813
0.09599090
0.09618163
0.09631252
0.09636664
0.09698725
0.09690714
0.09645844
0.09656882
0.09652972
0.09672523
0.09688401
0.09680700
0.09690905
0.09694886
0.09690905
0.09714985
0.09738445
0.09703398
0.09716821
0.09752440
0.09753823
0.09747672
0.09746552
0.09766698
0.09778070
0.09782529
0.09784698
0.09790206
0.09793305
0.09806585
0.09804606
0.09835052
0.09806514
0.09842634
0.09846544
0.09853768
0.09871984
0.09856606
0.09846473
0.09864211
0.09869385
0.09866285
0.09890366
0.09895515
0.09894085
0.09895301
0.09917378
0.09900641
0.09917808
0.09906936
0.09923601
0.09916830
0.09935212
0.09938788
0.09952831
0.09950972
0.09950900
0.09968019
0.09965563
0.10121799
0.09993172
0.09998059
0.10003686
0.09996343
0.10012317
0.10017562
0.10032845
0.10010219
0.10052943
0.10053253
0.10064769
0.10070300
0.10070705
0.10078740
0.10081863
0.10076308
0.10087562
0.10091281
0.10124588
0.10099459
0.10122108
0.10116816
0.10118628
0.10106874
0.10134649
0.10126805
0.10190034
0.10152578
0.10138392
0.10163045
0.10156059
0.10180759
0.10192037
0.10193729
0.10188866
0.10215354
0.10207343
0.10209846
0.10218143
0.10223103
0.10230422
0.10237455
0.10232949
0.10245991
0.10219669
0.10254693
0.10258389
0.10266972
0.10281563
0.10296178
0.10304403
0.10291386
0.10305190
0.10316396
0.10324073
0.10328364
0.10354304
0.10343838
0.10340500
0.10358429
0.10363960
0.10360217
0.10370588
0.10362244
0.10391974
0.10396886
0.10385537
0.10396361
0.10424232
0.10422277
0.10437632
0.10429740
0.10446906
0.10431600
0.10433650
0.10453916
0.10464072
0.10458279
0.10464740
0.10483837
0.10482025
0.10503364
0.10521173
0.10529852
0.10526133
0.10527110
0.10540485
0.10539389
0.10551429
0.10548449
0.10547137
0.10570598
0.10569477
0.10589957
