0.01955438
0.04783010
0.04497600
0.04524851
0.04767609
0.04773092
0.04659486
0.04646182
0.04659820
0.04667091
0.04665303
0.04679346
0.04675102
0.04691720
0.04701471
0.04696703
0.04713655
0.04703617
0.04711843
0.04714370
0.04720306
0.04734850
0.04736161
0.04746199
0.04753900
0.04744339
0.04776144
0.04778242
0.04781175
0.04757118
0.04764628
0.04781795
0.04813504
0.04763460
0.04815626
0.04805064
0.04816532
0.04823351
0.04853106
0.04837203
0.04836512
0.04840255
0.04866076
0.04855013
0.04880381
0.04882836
0.04889584
0.04896903
0.04891753
0.04908562
0.04910612
0.04906058
0.04919887
0.04928303
0.04953265
0.04929137
0.04941869
0.04946446
0.04961753
0.04954338
0.04968214
0.04973674
0.04972696
0.04973197
0.04985547
0.05002141
0.04993081
0.04985213
0.05006003
0.05020571
0.05025101
0.05011344
0.05040526
0.05025268
0.05056262
0.05043387
0.05062771
0.05048156
0.05072713
0.05079556
0.05068827
0.05081177
0.05087233
0.05091310
0.05102110
0.05083227
0.05110288
0.05122471
0.05128479
0.05109024
0.05101228
0.05129528
0.05117679
0.05116129
0.05260777
0.05158043
0.05140376
0.05146956
0.05171275
0.05152130
0.05164170
0.05167294
0.05172276
0.05184412
0.05189848
0.05189991
0.05214858
0.05231094
0.05223680
0.05241680
0.05226326
0.05224419
0.05260777
0.05268002
0.05279589
0.05282998
0.05291080
0.05299640
0.05295777
0.05272770
0.05274439
0.05288053
0.05287218
0.05298185
0.05328631
0.05348969
0.05334353
0.05349135
0.05366659
0.05384588
0.05368328
0.05366921
0.05392146
0.05366397
0.05405664
0.05412126
0.05419350
0.05410910
0.05448341
0.05397058
0.05436087
0.05443215
0.05439782
0.05455565
0.05445027
0.05469775
0.05463600
0.05489087
0.05487776
0.05473828
0.05495453
0.05507183
0.05498958
0.05503058
0.05536509
0.05499601
0.05518579
0.05533171
0.05544019
0.05545139
0.05551052
0.05569649
0.05560875
0.05570221
0.05562711
0.05596828
0.05581594
0.05582356
0.05599999
0.05608249
0.05608153
0.05604672
0.05617452
0.05619955
0.05632615
0.05639911
0.05652857
0.05664897
0.05657268
0.05657601
0.05683279
0.05679393
0.05696487
0.05706930
0.05709100
0.05715394
0.05696750
0.05720544
0.05709648
0.05724311
0.05731773
0.05747962
0.05750942
0.05751753
0.05770063
0.05756378
0.05758190
0.05782914
0.05786252
0.05780482
0.05800557
0.05810833
0.05812240
0.05763316
0.05813718
0.05830240
0.05802250
0.05846643
0.05847883
0.05842447
0.05843806
0.05864525
0.05879188
0.05858493
0.05875468
0.05883694
0.05894637
0.05914187
0.05911708
0.05911613
0.05916357
0.05927277
0.05934262
0.05961990
0.05949950
0.05964494
0.05954289
0.05947185
0.05973029
0.05973196
0.05975747
0.05995750
0.05992055
0.05999970
0.06027484
0.06006694
0.06030369
0.06022906
0.06023812
0.06041336
0.06022596
0.06042433
0.06034756
0.06051350
0.06047392
0.06081796
0.06076837
0.06091857
0.06094790
0.06102633
0.06116128
0.06161904
0.06114912
0.06119180
0.06130314
0.06145549
0.06118536
0.06153965
0.06134224
0.06126022
0.06127620
0.06156921
0.06168652
0.06174874
0.06165791
0.06185055
0.06219363
0.06223559
0.06219149
0.06217122
0.06236291
0.06232738
0.06246543
0.06234050
0.06233382
0.06234598
0.06238222
0.06242180
0.06224728
0.06254554
0.06250906
0.06265235
0.06294131
0.06290197
0.06293964
0.06293130
0.06293011
0.06305122
0.06315494
0.06313133
0.06315303
0.06331038
0.06338525
0.06321907
0.06339359
0.06394434
0.06376314
0.06413984
0.06424308
0.06409740
0.06421876
0.06423926
0.06435752
0.06436586
0.06443286
0.06445670
0.06447554
0.06462359
0.06456017
0.06455970
0.06480575
0.06471324
0.06453943
0.06467342
0.06461334
0.06464505
0.06482363
0.06477761
0.06492114
0.06525683
0.06535268
0.06517196
0.06534100
0.06544042
0.06570578
0.06564212
0.06573105
0.06582928
0.06584787
0.06598210
0.06609416
0.06611681
0.06605315
0.06620097
0.06612849
0.06634045
0.06642985
0.06651068
0.06643891
0.06654692
0.06660604
0.06662035
0.06737280
0.06682658
0.06685376
0.06688523
0.06696892
0.06694055
0.06734538
0.06733394
0.06723785
0.06738973
0.06726289
0.06745291
0.06744957
0.06745982
0.06750345
0.06755137
0.06785154
0.06780529
0.06769705
0.06799054
0.06764412
0.06786442
0.06806660
0.06788468
0.06818008
0.06824780
0.06829333
0.06845856
0.06847000
0.06859732
0.06867266
0.06859994
0.06865668
0.06883025
0.06873727
0.06910014
0.06898594
0.06897736
0.06908512
0.06900311
0.06933093
0.06937456
0.06936002
0.06961608
0.06959343
0.06969047
0.06959486
0.06976318
0.06969500
0.06972146
0.06978035
0.06998873
0.07104850
0.07006049
0.07039070
0.07019401
0.07019353
0.07062459
0.07027769
0.07049298
0.07058501
0.07039380
0.07115483
0.07041121
0.07046795
0.07052660
0.07065272
0.07047176
0.07073140
0.07067060
0.07077742
0.07088494
0.07102942
0.07110667
0.07126260
0.07120109
0.07102752
0.07120609
0.07113695
0.07128525
0.07130122
0.07137871
0.07147646
0.07153106
0.07150722
0.07179952
0.07178521
0.07190776
0.07190561
0.07208467
0.07204986
0.07194662
0.07221818
0.07215214
0.07232571
0.07223868
0.07233572
0.07252884
0.07245970
0.07310843
0.07287931
0.07313633
0.07304716
0.07306981
0.07313991
0.07320237
0.07324433
0.07338428
0.07319427
0.07358742
0.07350516
0.07369733
0.07355642
0.07381511
0.07386732
0.07397795
0.07389021
0.07387972
