0.02136660
0.04646587
0.04536533
0.04397321
0.04901958
0.04502678
0.04495168
0.04505658
0.04515624
0.04522634
0.04533768
0.04541826
0.04533219
0.04522657
0.04549193
0.04561448
0.04510093
0.04508162
0.04530525
0.04528117
0.04531097
0.04571247
0.04579973
0.04595685
0.04595208
0.04609346
0.04608011
0.04616332
0.04603910
0.04628015
0.04634190
0.04651475
0.04644895
0.04643321
0.04681563
0.04668808
0.04663014
0.04662848
0.04669380
0.04681897
0.04677701
0.04709005
0.04704976
0.04706383
0.04719043
0.04724717
0.04731774
0.04740548
0.04728031
0.04749441
0.04740453
0.04744935
0.04752421
0.04763103
0.04795837
0.04752064
0.04756784
0.04771185
0.04779577
0.04780722
0.04788661
0.04794884
0.04790378
0.04808784
0.04804516
0.04825282
0.04827785
0.04840541
0.04841208
0.04837799
0.04834247
0.04876065
0.04843664
0.04857850
0.04869461
0.04863715
0.04872513
0.04887295
0.04891181
0.04883385
0.04904962
0.04902458
0.04900384
0.04902577
0.04936957
0.04925370
0.04928994
0.04942894
0.04947090
0.04948974
0.04948974
0.04959774
0.04967904
0.04969144
0.04980350
0.04972959
0.04986739
0.04958296
0.04998899
0.05007291
0.05040979
0.05007100
0.05028343
0.05037999
0.05046678
0.05034065
0.05043507
0.05066609
0.05047441
0.05054903
0.05058908
0.05061650
0.05081153
0.05073786
0.05094147
0.05100679
0.05106401
0.05085969
0.05116749
0.05133033
0.05127096
0.05083847
0.05116367
0.05136228
0.05139351
0.05153728
0.05165100
0.05130053
0.05129409
0.05135036
0.05149722
0.05164003
0.05179548
0.05211711
0.05205131
0.05217433
0.05225229
0.05227995
0.05230236
0.05234694
0.05231237
0.05249047
0.05259871
0.05262947
0.05273771
0.05259252
0.05265999
0.05272961
0.05291438
0.05283427
0.05279303
0.05299759
0.05320597
0.05307698
0.05332851
0.05326009
0.05329800
0.05337381
0.05332065
0.05342102
0.05362558
0.05357194
0.05356646
0.05368185
0.05377698
0.05397725
0.05393076
0.05389738
0.05556798
0.05411768
0.05412602
0.05394220
0.05414963
0.05434680
0.05395150
0.05434966
0.05459523
0.05468941
0.05486393
0.05473351
0.05467987
0.05489421
0.05492353
0.05497217
0.05511618
0.05504417
0.05519009
0.05509949
0.05525804
0.05507612
0.05534410
0.05543494
0.05531073
0.05523467
0.05552197
0.05570745
0.05566406
0.05588007
0.05587792
0.05586720
0.05599451
0.05616832
0.05612373
0.05615616
0.05772471
0.05786419
0.05725956
0.05666327
0.05640364
0.05659628
0.05663180
0.05660892
0.05665469
0.05666208
0.05686069
0.05665016
0.05696797
0.05700564
0.05699229
0.05705500
0.05712509
0.05720758
0.05735660
0.05737400
0.05741549
0.05751038
0.05752563
0.05757761
0.05778384
0.05761504
0.05768228
0.05776429
0.05791950
0.05797076
0.05807042
0.05807376
0.05815291
0.05811596
0.05823016
0.05837083
0.05830050
0.05829644
0.05839968
0.05846667
0.05863404
0.05864120
0.05853701
0.05871058
0.05885673
0.05884314
