0.03111362
0.05642629
0.05539846
0.05576754
0.05678821
0.05634832
0.05642796
0.05642366
0.05660868
0.05655408
0.05660462
0.05675268
0.05677962
0.05678272
0.05675459
0.05688357
0.05721498
0.05704808
0.05710340
0.05724096
0.05738091
0.05716610
0.05741644
0.05739927
0.05720353
0.05757689
0.05736351
0.05757427
0.05770421
0.05775928
0.05784440
0.05789757
0.05797648
0.05787039
0.05800605
0.05815649
0.05820990
0.05839252
0.05850792
0.05839586
0.05839348
0.05856204
0.05856180
0.05878735
0.05859709
0.05881739
0.05882573
0.05896211
0.05885959
0.05878425
0.05904555
0.05931854
0.05922413
0.05938578
0.05961657
0.05930853
0.05925679
0.05946684
0.05948472
0.05949044
0.05960107
0.05984783
0.05960441
0.06000566
0.05992103
0.05982137
0.06008720
0.05989218
0.06006026
0.06012154
0.06021619
0.06025290
0.06048536
0.06034255
0.06047797
0.06046033
0.06054354
0.06071568
0.06078005
0.06134605
0.06088781
0.06091595
0.06103039
0.06116915
0.06109023
0.06098056
0.06113815
0.06130409
0.06126618
0.06126404
0.06152797
0.06143332
0.06164432
0.06152773
0.06174564
0.06168938
0.06165886
0.06183982
0.06186628
0.06194305
0.06193852
0.06196642
0.06214452
0.06242251
0.06211162
0.06245923
0.06223416
0.06303215
0.06245327
0.06248999
0.06251597
0.06258512
0.06260252
0.06273150
0.06271172
0.06301999
0.06282353
0.06302953
0.06286049
0.06314468
0.06321168
0.06309485
0.06327915
0.06328535
0.06327748
0.06345296
0.06353974
0.06342387
0.06362200
0.06360078
0.06372166
0.06388140
0.06393218
0.06389642
