0.02269983
0.04761434
0.04765582
0.04764581
0.05037713
0.05044889
0.05060315
0.05062938
0.05064964
0.05064273
0.05079508
0.05095220
0.05109382
0.05101442
0.05098343
0.05123830
0.05112815
0.05133367
0.05132103
0.05129313
0.05139685
0.05146432
0.05170488
0.05121303
0.05114508
0.05133390
0.05149341
0.05117965
0.05155563
0.05155993
0.05152798
0.05191159
0.05190015
0.05187392
0.05193305
0.05235791
0.05258322
0.05246401
0.05229855
0.05261755
0.05277419
0.05271983
0.05271459
0.05281067
0.05288005
0.05297446
0.05305910
0.05308151
0.05310202
0.05327487
0.05315614
0.05342317
0.05353093
0.05338669
0.05365276
0.05368447
0.05365777
0.05366635
0.05328989
0.05344796
0.05325818
0.05363703
0.05364656
0.05402875
0.05414844
0.05413365
0.05440068
0.05439234
0.05452085
0.05445576
0.05446672
0.05449915
0.05462003
0.05422473
0.05445433
0.05469942
0.05447245
0.05458117
0.05508733
0.05509090
0.05512261
0.05523109
0.05536246
0.05532813
0.05569911
0.05539513
0.05553579
0.05555248
0.05574083
0.05576944
0.05587435
0.05579400
0.05595207
0.05608082
0.05622363
0.05618739
0.05630970
0.05625439
0.05629730
0.05641890
0.05609274
0.05664062
0.05660176
0.05669761
0.05695319
0.05683875
0.05685043
0.05705190
0.05706239
0.05708957
0.05705595
0.05714250
0.05716705
0.05722308
0.05704880
0.05741334
0.05752182
0.05757380
0.05792475
0.05779457
0.05786252
0.05805516
0.05805898
0.05807376
0.05820870
0.05837750
0.05831146
0.05862045
0.05861568
0.05846238
0.05855513
0.05860281
0.05879498
0.05875015
0.05900955
0.05901766
0.05908036
0.05903196
0.05903864
0.05899954
0.05916643
0.05931902
0.05942202
0.05932164
0.05943537
0.05953717
0.05968213
0.05973864
0.05980492
0.05953503
0.05999017
0.05981660
0.06008601
0.06006503
0.06011438
0.06028438
0.06016302
0.06017828
0.06034899
0.06037283
0.06057954
0.06057692
0.06020546
0.06036377
0.06042457
0.06030059
0.06064820
0.06105042
0.06051850
0.06111193
0.06117678
0.06118464
0.06121802
0.06168246
0.06107020
0.06112719
0.06120181
0.06134868
0.06155205
0.06165171
0.06152630
0.06144953
0.06164384
0.06161189
0.06219101
0.06177235
0.06192017
0.06204367
0.06199670
0.06197000
0.06261969
0.06262159
0.06278443
0.06276965
0.06271100
0.06279659
0.06299829
0.06312060
0.06290650
0.06306553
0.06318164
0.06324887
0.06318808
0.06328011
0.06331134
0.06335807
0.06362534
0.06361151
0.06373310
0.06368709
0.06392813
0.06384468
0.06363702
0.06393147
0.06405115
0.06395602
0.06411433
0.06418800
0.06418800
0.06420493
0.06428981
0.06442499
0.06443167
0.06452703
0.06456852
0.06474447
0.06474662
0.06477165
0.06492662
0.06491065
0.06493139
0.06506491
0.06504536
0.06519818
0.06533360
0.06560230
0.06534863
0.06551623
0.06546783
0.06547856
0.06555438
0.06568098
0.06591821
0.06588554
0.06592059
0.06622672
0.06608295
0.06619906
0.06623602
0.06635284
0.06634974
0.06636262
0.06653976
0.06687140
0.06749082
0.06750202
0.06733489
0.06756949
0.06726313
0.06696248
0.06699467
0.06701136
0.06713343
0.06715536
0.06714463
0.06716299
0.06751633
0.06814837
0.06833649
0.06825519
0.06845546
0.06866980
0.06827807
0.06826520
0.06830859
0.06872225
0.06873178
0.06877661
0.06893754
0.06898785
0.06816936
0.06910920
0.06927609
0.06929302
0.06937146
0.06949997
0.06959438
0.06961799
0.06955481
0.06976509
0.06976390
0.06983232
0.07001615
0.07000065
0.06990838
0.07023215
0.07017207
0.07019877
0.07037973
0.07049823
0.07048488
0.07052493
0.07059574
0.07062864
0.07076168
0.07063818
0.07079530
0.07052755
0.07286978
0.07055616
0.07026529
0.07040882
0.07036614
0.07058501
0.07152939
0.07065225
0.07064605
0.07078338
0.07080865
0.07074523
0.07095766
0.07096267
0.07120061
0.07102060
0.07113051
0.07118368
0.07127237
0.07130194
0.07145023
0.07154846
0.07141232
0.07159090
0.07176137
0.07191586
0.07177711
0.07198739
0.07197618
0.07215428
0.07219553
0.07213283
0.07230282
0.07235432
0.07238722
0.07253051
0.07267833
0.07302761
0.07278848
0.07288194
0.07295275
0.07283211
0.07323337
0.07306099
0.07317996
0.07346940
0.07332110
0.07337475
0.07342386
0.07330918
0.07354903
0.07366633
0.07382584
0.07380176
0.07377100
0.07389498
0.07409453
0.07381463
0.07439303
0.07426906
0.07434249
0.07436657
0.07453394
0.07452893
0.07463288
0.07450247
0.07465935
0.07479620
0.07470918
0.07497764
0.07503510
0.07519269
0.07504797
0.07520485
0.07549858
0.07606316
0.07632446
0.07640386
0.07655716
0.07640457
0.07649517
0.07654023
0.07691073
0.07686758
0.07680607
0.07696199
0.07699442
0.07727885
0.07708097
0.07735538
0.07763505
0.07728672
