0.03026247
0.06172347
0.06190491
0.06190252
0.06472421
0.06475163
0.06488681
0.06491470
0.06491470
0.06519485
0.06510592
0.06506348
0.06514025
0.06507325
0.06507230
0.06545138
0.06549692
0.06554461
0.06552315
0.06565094
0.06560564
0.06577826
0.06570745
0.06573153
0.06588578
0.06595635
0.06590843
0.06600595
0.06602073
0.06616831
0.06640530
0.06625724
0.06642866
0.06652164
0.06659818
0.06667900
0.06671977
0.06643176
0.06647491
0.06689572
0.06658220
0.06670713
0.06675172
0.06678009
0.06666470
0.06715679
0.06726599
0.06732845
0.06727052
0.06753206
0.06738949
0.06884599
0.06976104
0.06747675
0.06790042
0.06788325
0.06778526
0.06856418
0.06799006
0.06797504
0.06806803
0.06815767
0.06822228
0.06836128
0.06844044
0.06838560
0.06836939
0.06870532
0.06860399
0.06871510
0.06878686
0.06880736
0.06870198
0.06887960
0.06865788
0.06905675
0.06913924
0.06924129
0.06922913
0.06936145
0.06937122
0.06937671
0.06935668
0.06954360
0.06955647
0.06966901
0.06979179
0.06990242
0.06975341
0.06999397
0.07026815
0.07000685
0.07027054
0.07013655
0.06994557
0.07000184
0.07014537
0.07007670
0.07014823
0.07020736
0.07059789
0.07080269
0.07052040
0.07079482
0.07086921
0.07090402
0.07099676
0.07487178
0.07105088
0.07127929
0.07129169
0.07122302
0.07108164
0.07102776
0.07118630
0.07131100
0.07103133
0.07161045
0.07168698
0.07159495
0.07148910
0.07170081
0.07158613
0.07165146
0.07164407
0.07183123
0.07171130
0.07198596
0.07203388
0.07216716
0.07220912
0.07232118
0.07261300
0.07265067
0.07262874
0.07279372
0.07290387
0.07284904
0.07294917
0.07305884
0.07317090
0.07315207
0.07313585
0.07303023
0.07330060
0.07345200
0.07362628
0.07346678
0.07362723
0.07370734
0.07370400
0.07373476
0.07404542
0.07379937
0.07402277
0.07409525
0.07417727
0.07421494
0.07430649
0.07440948
0.07429433
0.07458711
0.07473373
0.07483172
0.07467937
0.07481813
0.07485890
0.07484913
0.07491684
0.07499003
0.07512093
0.07512712
0.07528830
0.07536960
0.07547283
