0.02330351
0.04387236
0.04331279
0.04333973
0.04568720
0.04595447
0.04599953
0.04602051
0.04629970
0.04623485
0.04605293
0.04631662
0.04661679
0.04630232
0.04640365
0.04639816
0.04634809
0.04635406
0.04642367
0.04659534
0.04678893
0.04683423
0.04674411
0.04680514
0.04672885
0.04683542
0.04688168
0.04689407
0.04699016
0.04717922
0.04732704
0.04719019
0.04736447
0.04736590
0.04770565
0.04760933
0.04756522
0.04772973
0.04780388
0.04781270
0.04798865
0.04794693
0.04796696
0.04801917
0.04823494
0.04818368
0.04833412
0.04847169
0.04855561
0.04855204
0.04843855
0.04860878
0.04840398
0.04860163
0.04896975
0.04867172
0.04880381
0.04867029
0.04905987
0.04918742
0.05117822
0.05053639
0.04974985
0.04990315
0.05085135
0.05103874
0.05017042
0.05042028
0.05135322
0.05110836
0.04995608
0.05076075
0.05166650
0.05004382
0.05146742
0.05107474
0.05157685
0.05048633
0.05088162
0.05197144
0.05038118
0.05078411
0.05112529
0.05061626
0.05160069
0.05148005
0.05075192
0.05053210
0.05085826
0.05100369
0.05149508
0.05119777
0.05103040
0.05121613
0.05411291
0.05207849
0.05289459
0.05160689
0.05236769
0.05316687
0.05178523
0.05295777
0.05295038
0.05238271
0.05367708
0.05444002
0.05327439
0.05210257
0.05290389
0.05245948
0.05216861
0.05348372
0.05372643
0.05308628
0.05433440
0.05285835
0.05403328
0.05287504
0.05378151
0.05410790
0.05321717
0.05322433
0.05282903
0.05299783
0.05258322
0.05299735
0.05326891
0.05302668
0.05412865
0.05349398
0.05404806
0.05366492
0.05470848
0.05440068
0.05513310
0.05386186
0.05466127
0.05408978
0.05367136
0.05402827
0.05398822
0.05373693
0.05396342
0.05430794
0.05412960
0.05481124
0.05469108
0.05625844
0.05481553
0.05623055
0.05538535
0.05604649
0.05655360
0.05483246
0.05651999
0.05533814
0.05627131
0.05491590
0.05487084
0.05501771
0.05507445
0.05545354
0.05497336
0.05526710
0.05537224
0.05537748
0.05538893
0.05547380
0.05566049
0.05557084
0.05553913
0.05576777
0.05580854
0.05585980
0.05626845
0.05617714
0.05791593
0.05693650
0.05639434
0.05827785
0.05693769
0.05736423
0.05872011
0.05748010
0.05674958
0.05848122
0.05774355
0.05680275
0.05862284
0.05808163
0.05722713
0.05689549
0.05706739
0.05719638
0.05728602
0.05730438
0.05726647
0.05734110
0.05734801
0.05754232
0.05746341
0.05804467
0.05765367
0.05761600
0.05786300
0.05787182
0.05796719
0.05798340
0.05795383
0.05796981
0.05823851
0.05828428
0.05839705
0.05840731
0.05839634
0.05830288
0.05845618
0.05857539
0.05860615
0.05886149
0.05875897
0.05888104
0.05895972
0.05866289
0.05924416
0.05924582
0.05926180
0.05917263
0.05939531
0.05943155
0.05962777
0.05962563
0.05938935
0.05963016
0.05975938
0.05981874
0.05987906
0.05995703
0.06000376
0.05994511
0.06035876
0.06027508
0.06023383
0.06020021
0.06029868
0.06075573
0.06056738
0.06052876
0.06068993
0.06061220
0.06063437
0.06085920
0.06077170
0.06088209
0.06108570
0.06129646
0.06127071
0.06102371
0.06140399
0.06129169
0.06145525
0.06139946
0.06149030
0.06164694
0.06153083
0.06155276
0.06184626
0.06169224
0.06154966
0.06179738
0.06202841
0.06192017
0.06197548
0.06224656
0.06225467
0.06226110
0.06247330
0.06223583
0.06252933
0.06258798
0.06283450
0.06250072
0.06270790
0.06282091
0.06271625
0.06269002
0.06291842
0.06314087
0.06325531
0.06316733
0.06327462
0.06332016
0.06335139
0.06338573
0.06341386
0.06427264
0.06386566
0.06354165
0.06363416
0.06389427
0.06384158
0.06396651
0.06401420
0.06401753
0.06432486
0.06418014
0.06430984
0.06426263
0.06430125
0.06438255
0.06436920
0.06445885
0.06472707
0.06478357
0.06472349
0.06490421
0.06478524
0.06488776
0.06488276
0.06490183
0.06525111
0.06518769
0.06512165
0.06504869
0.06556034
0.06533337
0.06534719
0.06561089
0.06552005
0.06564522
0.06581903
0.06585860
0.06583524
0.06590438
0.06617093
0.06617355
0.06615448
0.06639314
0.06597543
0.06625462
0.06652427
0.06661606
0.06669283
0.06672287
0.06674290
0.06673670
0.06663251
0.06701040
0.06690264
0.06691051
0.06712675
0.06704021
0.06676698
0.06726265
0.06756973
0.06735635
0.06751347
0.06781363
0.06766200
0.06768441
0.06770110
0.06780457
0.06767130
0.06786299
0.06785011
0.06797886
0.06795025
0.06804085
0.06803441
0.06828046
0.06827021
0.06839299
0.06837010
0.06863165
0.06835818
0.06865788
0.06866527
0.06877327
0.06874633
0.06998277
0.06956887
0.06876993
0.06916404
0.06909633
0.06937671
0.06951237
0.06934762
0.06959915
0.06962180
0.06993556
0.06973100
0.06983995
0.06970429
0.06998849
0.07000685
0.06997943
0.07007480
0.07023668
0.07017922
0.07030678
0.07035089
0.07039356
0.07048011
0.07066178
0.07076740
0.07077408
0.07080555
0.07089233
0.07101607
0.07081485
0.07094741
0.07114959
