0.02028108
0.04516792
0.04397821
0.04388380
0.04670215
0.04686308
0.04672742
0.04692507
0.04698038
0.04702759
0.04735827
0.04723644
0.04729199
0.04740143
0.04738545
0.04739046
0.04731703
0.04739165
0.04772353
0.04761744
0.04791021
0.04774499
0.04772353
0.04792714
0.04794431
0.04796553
0.04818892
0.04830265
0.04834843
0.04815578
0.04819036
0.04852104
0.04847312
0.04860997
0.04870248
0.04866052
0.04882264
0.04908752
0.04892111
0.04889655
0.04890990
0.04903221
0.04901671
0.04910541
0.04922223
0.04919100
0.04937267
0.04947305
0.04943705
0.04946017
0.04963827
0.04966211
0.04959416
0.04978919
0.04999352
0.04987788
0.04997730
0.04996467
0.05002427
0.05021048
0.05012465
0.05024099
0.05025601
0.05033016
0.05034971
0.05045629
0.05059695
0.05055809
0.05058193
0.05062461
0.05093074
0.05085039
0.05085611
0.05081606
0.05093360
0.05091643
0.05109310
0.05108976
0.05124307
0.05139351
0.05145550
0.05139208
0.05158806
0.05158448
0.05163717
0.05163407
0.05176115
0.05187082
0.05164719
0.05190635
0.05196691
0.05195498
0.05196333
0.05211568
0.05219030
0.05232334
0.05233264
0.05244064
0.05230618
0.05245709
0.05257511
0.05255413
0.05272794
0.05267262
0.05265260
0.05276155
0.05286264
0.05312252
0.05299067
0.05291414
0.05303597
0.05313849
0.05303478
0.05434132
0.05324769
0.05352640
0.05341482
0.05332446
0.05362272
0.05356288
0.05357361
0.05373216
0.05372715
0.05375600
0.05634212
0.05396509
0.05410910
0.05408478
0.05431461
0.05424809
0.05428624
0.05437398
0.05443287
0.05438876
0.05411315
0.05461621
0.05459857
0.05473804
0.05477428
0.05482054
0.05481982
0.05518603
0.05499887
0.05526209
0.05526900
0.05540848
0.05536079
0.05534697
0.05545998
0.05550432
0.05555320
0.05557132
0.05579042
0.05559540
0.05585718
0.05592084
0.05576396
0.05583358
0.05597711
0.05612326
0.05606270
0.05617762
0.05643463
0.05623865
0.05641818
0.05649304
0.05660772
0.05656385
0.05663753
0.05668783
0.05663610
0.05681443
0.05682158
0.05697584
0.05707407
0.05712008
0.05704498
0.05718517
0.05715919
0.05743957
0.05727839
0.05734754
0.05755329
0.05755711
0.05766916
0.05774379
0.05786896
0.05745792
0.05785871
0.05814028
0.05795026
0.05825806
0.05829501
0.05822730
0.05794144
0.05827689
0.05853438
0.05833125
0.05814648
0.05881906
0.05855942
0.05893254
0.05847669
0.05853796
0.05851817
0.05845404
0.05860972
0.05909991
0.05919552
0.05885983
0.05884814
0.05927491
0.05931187
0.05957985
0.05952692
0.05955029
0.05978703
0.05922341
0.05939484
0.05953956
0.05967689
0.06008863
0.05986285
0.06024265
0.06011200
0.06023240
0.06028676
0.06056643
0.06051397
0.06054854
0.06074929
0.06078434
0.06108379
0.06087494
0.06088424
0.06122565
0.06119275
0.06100798
0.06107068
0.06130791
0.06134319
0.06142092
0.06135201
0.06153464
0.06150603
0.06175399
0.06156206
0.06170797
0.06171083
0.06172848
0.06195068
0.06202745
0.06209922
0.06206584
0.06229901
0.06230354
0.06220770
0.06237268
0.06250095
0.06259322
0.06281590
0.06274390
0.06278110
0.06288671
0.06289005
0.06271672
0.06309009
0.06305075
0.06313944
0.06330776
0.06342697
0.06293702
0.06329322
0.06343412
0.06342435
0.06337738
0.06357241
0.06381583
0.06382537
0.06380939
0.06383276
0.06381345
0.06390738
0.06627345
0.06398273
0.06408954
0.06424904
0.06422758
0.06427479
0.06435704
0.06444907
0.06448674
0.06477785
0.06475759
0.06472254
0.06478238
0.06485605
0.06476569
0.06495714
0.06508708
0.06505895
0.06522346
0.06528211
0.06543446
0.06534767
0.06548977
0.06548929
0.06565857
0.06570792
0.06569624
0.06579232
0.06588268
0.06585026
0.06606960
0.06608415
0.06603789
0.06612086
0.06592369
0.06622148
0.06629372
0.06637239
0.06639504
0.06646800
0.06660724
0.06651282
0.06672454
0.06666994
0.06673527
0.06711411
0.06695175
0.06693959
0.06698585
0.06698346
0.06732178
0.06732798
0.06725407
0.06736922
0.06750178
0.06748319
0.06740785
0.06764388
0.06759810
0.06779742
0.06783342
0.06788659
0.06797242
0.06800032
0.06801200
0.06902027
0.06812477
0.06834149
0.06833410
0.06824756
0.06843591
0.06839728
0.06844950
0.06861329
0.06873274
0.06882811
0.06877279
0.06891489
0.06892610
0.06896234
0.06910777
0.06906462
0.06913829
0.06913900
0.06915331
0.06920481
0.07006145
0.06950831
0.06967163
0.07097793
0.06980968
0.06972003
0.06989360
0.06988811
0.06985569
0.07012272
0.07021642
0.06993127
0.07685256
0.07028151
0.07005095
0.07038498
0.07031655
0.07036924
0.07063127
0.07058477
0.07057929
0.07047200
0.07058311
0.07075119
0.07092118
0.07093525
0.07115960
0.07095575
0.07115459
0.07098818
0.07112551
0.07116151
0.07132459
0.07117367
0.07140183
0.07136202
0.07132077
0.07159138
0.07166672
0.07176900
0.07175112
0.07168293
0.07179880
0.07182193
0.07209182
0.07223439
0.07209635
0.07207823
0.07231164
0.07235098
0.07210565
0.07251263
0.07239199
0.07268882
0.07264018
0.07272840
0.07288814
0.07276964
0.07292962
0.07273197
0.07296586
0.07303119
0.07297516
0.07303166
0.07312512
0.07325864
0.07332349
0.07339740
0.07338095
0.07349348
0.07349539
0.07381058
0.07370639
0.07379365
0.07375431
0.07392192
0.07389569
0.07424235
0.07410932
0.07583928
0.07450247
0.07429028
0.07437038
0.07446861
0.07453704
0.07430220
0.07462430
0.07454109
0.07461190
0.07470560
0.07488990
0.07497859
0.07501101
0.07523036
0.07511449
0.07520986
0.07501507
0.07532954
0.07532620
0.07538199
0.07553959
0.07558179
0.07556820
0.07588434
0.07574892
0.07581282
0.07600760
0.07601547
0.07605743
0.07612538
0.07608414
0.07648468
0.07620239
0.07640076
0.07641602
0.07652044
0.07650447
0.07644510
0.07675076
0.07681870
0.07704997
0.07681751
0.07700229
0.07702756
0.07704234
0.07699561
0.07732296
0.07717752
0.07728314
0.07740855
0.07744908
