0.01901793
0.04063320
0.03982425
0.03968072
0.04040289
0.04001856
0.04001808
0.03917050
0.03882051
0.03919744
0.03970265
0.04009604
0.03964329
0.03992367
0.03977299
0.03927279
0.03907895
0.03916788
0.03971362
0.03994298
0.04078674
0.04069901
0.04038620
0.04072309
0.04122233
0.04126883
0.04140162
0.04160452
0.04184341
0.04218841
0.04222345
0.04248643
0.04282165
0.04287267
0.04250431
0.04257965
0.04278421
0.04338884
0.04503560
0.04524183
0.04478550
0.04451632
0.04452586
0.04380083
0.04351187
0.04308343
0.04321218
0.04438615
0.04437280
0.04441094
0.04426575
0.04409409
0.04464459
0.04462433
0.04504228
0.04480195
0.04393911
0.04341054
0.04376364
0.04345155
0.04332352
0.04290318
0.04264212
0.04229665
0.04182863
0.04165268
0.04168177
0.04147696
0.04108357
0.04105997
0.04086637
0.04074883
0.04066443
0.04075813
0.03997755
0.03980494
0.03963375
0.03972435
0.03965735
0.03921366
0.03887844
0.03883600
0.03896594
0.03901625
0.03881383
0.03872037
0.03872609
0.03846836
0.03861237
0.03829432
0.03780770
0.03767276
0.03786039
0.03779244
0.03787971
0.03784227
0.03802752
0.03804350
0.03791547
0.03748417
0.03760552
0.03749943
0.03754997
0.03747129
0.03759551
0.03739238
0.03711414
0.03716230
0.03714228
0.03703046
0.03712320
0.03770638
0.03746271
0.03732467
0.03719378
0.03733635
0.03723145
0.03736115
0.03741574
0.03727722
0.03743529
0.03720188
0.03655028
0.03650379
0.03647518
0.03643942
0.03627825
0.03588510
0.03600097
0.03639889
0.03650045
0.03616500
0.03613567
0.03583169
0.03562927
0.03573298
0.03598881
0.03576136
0.03570318
0.03604150
0.03595972
0.03588080
0.03581643
0.03559256
0.03564978
0.03572965
0.03580093
0.03608584
0.03626323
0.03652835
0.03631330
0.03598309
0.03599358
0.03578854
0.03609562
0.03608680
0.03674412
0.03572011
0.03568721
0.03547764
0.03518987
0.03532887
0.03563070
0.03560805
0.03583050
0.03584480
0.03570294
0.03587341
0.03621721
0.03614664
0.03568339
0.03550124
0.03593993
0.03604484
0.03592491
0.03562284
0.03566360
0.03572607
0.03561735
0.03572273
0.03570461
0.03534865
0.03528404
0.03522348
0.03530478
0.03484774
0.03453088
0.03461123
0.03456759
0.03457713
0.03460526
0.03458619
0.03471637
0.03456378
0.03452921
0.03442740
0.03460407
0.03452063
0.03448915
0.03377056
0.03387022
0.03389955
0.03388309
0.03354716
0.03390980
0.03389144
0.03379893
0.03412652
0.03382349
0.03369379
0.03403687
0.03378153
0.03345609
0.03344345
0.03358626
0.03414345
0.03388190
0.03411317
0.03445625
0.03411484
0.03462172
0.03463006
0.03414845
0.03404951
0.03376007
0.03366947
0.03354025
0.03393245
0.03450227
0.03492212
0.03537297
0.03545451
0.03498435
0.03500175
0.03484917
0.03493500
0.03548145
0.03607154
0.03608990
0.03617191
0.03591895
0.03555346
0.03568792
0.03603530
0.03579950
0.03559875
0.03616047
0.03608489
0.03591013
0.03615761
0.03611422
0.03608012
0.03670645
0.03655148
0.03591585
0.03566599
0.03578091
0.03609276
0.03607202
0.03611183
0.03605771
0.03592086
0.03564620
0.03570914
0.03603554
0.03652620
0.03629565
0.03593445
0.03610206
0.03597927
0.03654051
0.03690839
0.03614545
0.03644395
0.03684831
0.03724432
0.03716898
0.03740263
0.03738713
0.03736925
0.03720784
0.03746700
0.03732204
0.03705168
0.03718042
0.03725624
0.03709602
0.03690886
0.03696012
0.03704929
0.03669286
0.03630424
0.03626132
0.03697062
0.03729510
0.03709936
0.03716683
0.03762317
0.03797460
0.03824449
0.03823256
0.03808403
0.03812289
0.03802967
0.03797174
0.03812647
0.03796482
0.03804636
0.03792858
0.03817010
0.03841233
0.03860497
0.03815818
0.03782797
0.03744960
0.03713250
0.03734422
0.03760576
0.03736496
0.03739357
0.03735828
0.03707623
0.03680897
0.03656602
0.03664660
0.03651857
0.03639913
0.03621292
0.03607821
0.03612375
0.03612351
0.03597355
0.03562403
0.03519273
