0.01328754
0.02436757
0.02343512
0.02340555
0.02348495
0.02343988
0.02335382
0.02334595
0.02336025
0.02343774
0.02354741
0.02353930
0.02336121
0.02333617
0.02338672
0.02335525
0.02334881
0.02331614
0.02339101
0.02332354
0.02320147
0.02305770
0.02325249
0.02317595
0.02329087
0.02324772
0.02320528
0.02308249
0.02312279
0.02314520
0.02308679
0.02305222
0.02311110
0.02305627
0.02302861
0.02311707
0.02295256
0.02312732
0.02331924
0.02307415
0.02307773
0.02301860
0.02304363
0.02293396
0.02295089
0.02300167
0.02304482
0.02297616
0.02312040
0.02293086
0.02293396
0.02332377
0.02296734
0.02290702
0.02293086
0.02294421
0.02287292
0.02302480
0.02292085
0.02298903
0.02286172
0.02292442
0.02288365
0.02294660
0.02286530
0.02292585
0.02294374
0.02309299
0.02298546
0.02315736
0.02293706
0.02285576
0.02308416
0.02299285
0.02312851
0.02316475
0.02305937
0.02308965
0.02299333
0.02307701
0.02309942
0.02300167
0.02304530
0.02296901
0.02306199
0.02306533
0.02308440
0.02322674
0.02297020
0.02312827
0.02289605
0.02293777
0.02299619
0.02302384
0.02316618
0.02293277
0.02292371
0.02284288
0.02287364
0.02294517
0.02287531
0.02291441
0.02305889
0.02300501
0.02303720
0.02296638
0.02297306
0.02306199
0.02305102
0.02306151
0.02301455
0.02301264
0.02302408
0.02303720
0.02311540
0.02308035
0.02309823
0.02307320
0.02296209
0.02311063
0.02328086
0.02308559
0.02296114
0.02300239
0.02310133
0.02304745
0.02328372
0.02299476
0.02296305
0.02307749
0.02305675
0.02305007
0.02336359
0.02312112
0.02310085
0.02309108
0.02325463
0.02329135
0.02325511
0.02322865
0.02323246
0.02324390
0.02316904
0.02315426
0.02316999
0.02299738
0.02322602
0.02320790
0.02315974
0.02300882
0.02309704
0.02367759
0.02312899
0.02315187
0.02311468
0.02308536
0.02325535
0.02306390
0.02322412
0.02306962
0.02301502
0.02301121
0.02296090
0.02301741
0.02303314
0.02295208
0.02300215
0.02292609
0.02297592
0.02305865
0.02310634
0.02317309
0.02279043
0.02305460
0.02308607
0.02296805
0.02303457
0.02299905
0.02324653
0.02311254
0.02301002
0.02314711
0.02308035
0.02294874
0.02309036
0.02309942
0.02313375
0.02325749
0.02322602
0.02312660
0.02303100
0.02300835
0.02308059
0.02318192
0.02316785
0.02308083
0.02316189
0.02305222
0.02311635
0.02319431
0.02304029
0.02316642
0.02300668
0.02313328
0.02348733
0.02312469
0.02309155
0.02308965
0.02308512
0.02310133
0.02305031
0.02325034
0.02292299
0.02330923
0.02312851
0.02307558
0.02336550
0.02305365
0.02323556
0.02317929
0.02292871
0.02329040
0.02304912
0.02303243
0.02310181
0.02293372
0.02308226
0.02306223
0.02313805
0.02324915
0.02296519
0.02308607
0.02298188
0.02320361
0.02305245
0.02284169
0.02312708
0.02288055
0.02303696
0.02296066
0.02288842
0.02301598
0.02316236
0.02290916
0.02316785
0.02286053
0.02287602
0.02301502
0.02284169
0.02289104
0.02279758
0.02282238
0.02293706
0.02278256
0.02279758
0.02278662
0.02278376
0.02274609
0.02277756
0.02280474
0.02278733
0.02266622
0.02299476
0.02267194
0.02241278
0.02267981
0.02254510
0.02264714
0.02254176
0.02271938
0.02271724
0.02277756
0.02290678
0.02292728
0.02266836
0.02274632
0.02285337
0.02287078
0.02274251
0.02279568
0.02308917
0.02282786
0.02303576
0.02295327
0.02290893
0.02309370
0.02304482
0.02316403
0.02300858
0.02298331
0.02291584
0.02297568
0.02303743
0.02304029
0.02299666
0.02304792
0.02297330
0.02297997
0.02300167
0.02311921
0.02290225
0.02316689
0.02301860
0.02285218
0.02316833
0.02298069
0.02297926
0.02301431
0.02301645
0.02301288
0.02318192
0.02295232
0.02317476
0.02291322
0.02300525
0.02295017
0.02297950
0.02297640
0.02308512
0.02293062
0.02294040
0.02299500
0.02298665
0.02295327
0.02304721
0.02295113
0.02289605
0.02286482
0.02279997
0.02286315
0.02287245
0.02274966
0.02275658
0.02279854
0.02307487
0.02283406
0.02276731
0.02291822
0.02270651
0.02282453
0.02264333
0.02282095
0.02291918
0.02274776
0.02275801
0.02273798
0.02277517
0.02282023
0.02280045
0.02285266
0.02281713
0.02278757
0.02281499
0.02272987
0.02266550
0.02272010
0.02268815
0.02275538
0.02283287
0.02279496
0.02281356
0.02286935
0.02285337
0.02295828
0.02290750
0.02316117
0.02283192
0.02288079
0.02292490
0.02288771
0.02303815
0.02306962
0.02283454
0.02285242
0.02287459
0.02283049
0.02282095
0.02288651
0.02285480
0.02270079
0.02296114
0.02284002
0.02277589
0.02279830
0.02289081
0.02289748
0.02286482
0.02298617
0.02292895
0.02294636
0.02297688
0.02317929
0.02291226
0.02288508
0.02291346
0.02281594
0.02283478
0.02285266
0.02290273
0.02283216
0.02281451
0.02302575
0.02309918
0.02281857
0.02282500
0.02285671
0.02281404
0.02285600
0.02285194
0.02286124
0.02295780
0.02284360
0.02296567
0.02279401
0.02280951
0.02278662
0.02278042
0.02280235
0.02274919
0.02277732
0.02310920
0.02289867
0.02279973
0.02286386
0.02291107
0.02293229
0.02295542
0.02306938
0.02298284
0.02300668
0.02301407
0.02315569
0.02308774
0.02307892
0.02306151
0.02308226
0.02316689
0.02320457
0.02327800
0.02319479
0.02314091
0.02309942
0.02305841
0.02309608
0.02312946
0.02322888
0.02315021
0.02322960
0.02327156
0.02352881
0.02329159
0.02332163
0.02327871
0.02333307
0.02322364
0.02323222
0.02317500
0.02315354
0.02318382
0.02329707
0.02320576
0.02314353
0.02318883
0.02315950
0.02327299
0.02339292
0.02322745
0.02360916
0.02325487
0.02321887
0.02323914
0.02328157
0.02329326
0.02330327
0.02313495
0.02321196
0.02334452
0.02314687
0.02300215
0.02306867
0.02299404
0.02325869
0.02303624
0.02315402
0.02308559
0.02307439
0.02301192
0.02315402
0.02325892
0.02329373
0.02311659
0.02305675
0.02304196
0.02294517
0.02298069
0.02301335
0.02324319
0.02290606
0.02305031
0.02297282
0.02298045
0.02292442
0.02305245
0.02312255
0.02302599
0.02291107
0.02292180
0.02295876
0.02299166
0.02286386
0.02285647
0.02303696
0.02292490
0.02293444
0.02304530
0.02293420
0.02274513
0.02295113
0.02280593
0.02288914
0.02310801
0.02287841
0.02291417
0.02287650
0.02314425
0.02294135
0.02283669
0.02287364
0.02283096
0.02282763
0.02284265
0.02281761
0.02283359
0.02280784
0.02281547
0.02313685
0.02272463
0.02280188
0.02282882
0.02280283
0.02282429
0.02276063
0.02286625
0.02288079
0.02281404
0.02285695
0.02282953
0.02281618
0.02275562
0.02283812
0.02285624
0.02291346
0.02283549
0.02281189
0.02281904
0.02269745
0.02273679
0.02278662
0.02292132
0.02272487
0.02286339
0.02283216
0.02292776
0.02291846
0.02285647
0.02293730
0.02313280
0.02306700
0.02308869
0.02311873
0.02318716
0.02295876
0.02303815
0.02298880
0.02296019
0.02301216
0.02313876
0.02322936
0.02320051
0.02298641
0.02326560
0.02322650
0.02333403
0.02342606
0.02342272
0.02354574
0.02343750
0.02359796
0.02371550
0.02368307
0.02361178
0.02358985
0.02365303
0.02375460
0.02377892
0.02380872
0.02385688
0.02421737
0.02388597
0.02387357
0.02397203
0.02391577
