0.00773072
0.02446175
0.02475762
0.02413726
0.02400112
0.02404237
0.02405930
0.02417517
0.02405810
0.02410626
0.02396560
0.02410316
0.02397299
0.02398324
0.02401853
0.02396631
0.02403927
0.02399564
0.02395654
0.02400374
0.02389956
0.02396655
0.02399373
0.02399302
0.02382612
0.02400231
0.02399874
0.02419615
0.02407002
0.02396989
0.02403235
0.02399302
0.02385688
0.02396846
0.02389765
0.02400589
0.02394581
0.02397585
0.02398872
0.02399421
0.02386928
0.02392602
0.02394843
0.02389479
0.02414274
0.02375340
0.02389193
0.02381587
0.02385664
0.02388692
0.02387857
0.02388477
0.02386689
0.02399230
0.02390361
0.02388048
0.02384210
0.02385306
0.02392983
0.02380943
0.02390766
0.02385974
0.02392101
0.02381611
0.02378893
0.02377248
0.02401137
0.02390647
0.02398086
0.02388597
0.02415371
0.02390575
0.02391195
0.02399135
0.02394795
0.02421737
0.02402139
0.02408504
0.02400637
0.02404022
0.02394652
0.02403283
0.02392602
0.02414417
0.02399087
0.02390075
0.02389193
0.02400231
0.02396846
0.02401495
0.02377129
0.02397037
0.02400208
0.02415609
0.02393723
0.02417779
0.02402687
0.02403688
0.02396488
0.02399611
0.02402043
0.02374554
0.02394915
0.02399707
0.02387428
0.02393103
0.02389765
0.02364373
0.02374482
0.02377295
0.02398896
0.02379346
0.02390623
0.02409577
0.02403378
0.02388358
0.02394104
0.02387238
0.02398944
0.02388096
0.02382660
0.02381086
0.02380180
0.02387047
0.02423596
0.02422047
0.02385116
0.02438688
0.02434707
0.02430844
0.02435327
0.02388191
0.02389050
0.02380061
0.02374911
0.02383733
0.02379370
0.02359915
0.02385044
0.02396894
0.02384901
0.02382445
0.02377319
0.02386570
0.02384949
0.02379751
0.02390361
0.02392173
0.02387166
0.02367043
0.02390981
0.02408314
0.02378201
0.02377629
0.02377081
0.02383995
0.02382898
0.02380800
0.02374840
0.02391744
0.02378964
0.02386498
0.02389097
0.02385235
0.02376628
0.02385354
0.02386189
0.02387094
0.02372789
0.02379489
0.02379775
0.02373958
0.02382660
0.02375078
0.02379704
0.02374172
0.02410150
0.02376127
0.02386594
0.02393532
0.02438283
0.02462864
0.02455759
0.02464628
0.02470875
0.02466798
0.02430415
0.02393794
0.02410126
0.02404332
0.02433872
0.02468181
0.02466917
0.02461982
0.02496219
0.02454114
0.02409911
0.02416396
0.02417326
0.02417135
0.02415538
0.02418137
0.02409410
0.02418375
0.02422523
0.02410340
0.02403116
0.02406573
0.02401781
0.02398443
0.02412868
0.02392602
0.02420163
0.02399850
0.02407217
0.02400112
0.02403903
0.02395415
0.02406311
0.02396393
0.02402329
0.02404809
0.02404666
0.02409673
0.02392554
0.02398348
0.02396512
0.02401137
0.02441192
0.02408481
0.02409244
0.02409506
0.02389908
0.02408910
0.02405834
0.02416444
0.02445173
0.02478647
0.02475309
0.02472734
0.02482653
0.02479458
0.02477932
0.02405787
0.02403450
0.02401567
0.02395749
0.02384758
0.02396679
0.02412224
0.02405763
0.02387929
0.02392983
0.02393746
0.02401018
0.02396679
0.02394891
0.02389812
0.02397776
0.02379060
0.02462745
0.02476478
0.02476001
0.02445793
0.02411628
0.02398038
0.02411628
0.02408934
0.02442837
0.02461839
0.02407861
0.02407002
0.02408481
0.02386093
0.02409410
0.02441001
0.02484870
0.02440786
0.02407169
0.02409053
0.02422357
0.02415061
0.02420807
0.02404499
0.02418733
0.02403331
0.02409554
0.02398682
0.02399755
0.02420115
0.02385235
0.02387619
0.02390456
0.02393055
0.02396512
0.02392578
0.02396393
0.02392745
0.02394700
0.02397847
0.02391458
0.02403975
0.02396131
0.02412343
0.02406120
0.02402163
0.02400374
0.02382612
0.02403617
0.02398992
0.02390862
0.02411461
0.02399397
0.02405238
0.02382207
0.02398992
0.02395582
0.02394772
0.02394891
0.02412963
0.02400160
0.02397537
0.02403736
0.02399421
0.02393866
0.02407885
0.02398038
