0.01043010
0.02782583
0.02655578
0.02619910
0.02605510
0.02620006
0.02584004
0.02546549
0.02548337
0.02555490
0.02533674
0.02542615
0.02530146
0.02537704
0.02537084
0.02537513
0.02569366
0.02508140
0.02498841
0.02492905
0.02491450
0.02490783
0.02489924
0.02488637
0.02488804
0.02489066
0.02486420
0.02488399
0.02488089
0.02488542
0.02500534
0.02492833
0.02481651
0.02494025
0.02483869
0.02478313
0.02493429
0.02482891
0.02476096
0.02500534
0.02492571
0.02509594
0.02477908
0.02489972
0.02465582
0.02482033
0.02484179
0.02486467
0.02496672
0.02492738
0.02490568
0.02492046
0.02490783
0.02492929
0.02499843
0.02496505
0.02495933
0.02505112
0.02490449
0.02496767
0.02504921
0.02497029
0.02502632
0.02504706
0.02520251
0.02523208
0.02493668
0.02507114
0.02490354
0.02490783
0.02494884
0.02496123
0.02498555
0.02505732
0.02494621
0.02501607
0.02498007
0.02498579
0.02490926
0.02498770
0.02502847
0.02488780
0.02479887
0.02491736
0.02450705
0.02490902
0.02513599
0.02508783
0.02497172
0.02498913
0.02507234
0.02498364
0.02488661
0.02489734
0.02495098
0.02492285
0.02498674
0.02501917
0.02495623
0.02500057
0.02494764
0.02495670
0.02505374
0.02509928
0.02507973
0.02494192
0.02496719
0.02487445
0.02507567
0.02510262
0.02501059
0.02489829
0.02500463
0.02489614
0.02498150
0.02501535
0.02507520
0.02506423
0.02486897
0.02501822
0.02488947
0.02502108
0.02486157
0.02534199
0.02465582
0.02510691
0.02494073
0.02488303
0.02483487
0.02491641
0.02502418
0.02475262
0.02489281
0.02471566
0.02499223
0.02494812
0.02489614
0.02491927
0.02497983
0.02484989
