0.00779819
0.02455187
0.02491522
0.02440095
0.02439141
0.02440500
0.02438498
0.02430558
0.02429771
0.02437305
0.02424860
0.02407908
0.02426004
0.02423215
0.02446604
0.02430677
0.02419829
0.02419853
0.02406025
0.02403021
0.02404380
0.02396226
0.02409673
0.02400589
0.02389336
0.02391672
0.02383780
0.02387762
0.02387381
0.02388263
0.02397752
0.02395535
0.02400303
0.02444196
0.02418995
0.02411890
0.02406549
0.02411628
0.02420974
0.02431035
0.02422810
0.02431512
0.02427340
0.02433658
0.02441740
0.02455902
0.02453661
0.02452826
0.02451062
0.02456188
0.02447581
0.02439785
0.02441788
0.02440786
0.02449346
0.02430964
0.02435851
0.02433991
0.02421856
0.02406383
0.02399540
0.02422833
0.02395797
0.02402544
0.02401280
0.02396917
0.02394080
0.02356243
0.02371335
0.02363968
0.02353048
0.02354217
0.02339792
0.02342010
0.02351546
0.02348518
0.02369380
0.02350187
0.02354622
0.02359557
0.02344823
0.02340698
0.02366376
0.02352190
0.02344918
0.02347469
0.02328515
0.02355480
0.02352786
0.02345252
0.02362776
0.02382231
0.02353883
0.02358627
0.02342033
0.02336097
0.02341366
0.02330923
0.02336884
0.02328587
0.02324128
0.02316523
0.02315307
0.02312422
0.02317786
0.02327108
0.02318668
0.02329946
0.02330470
0.02352667
0.02305794
0.02320862
0.02326107
0.02307415
0.02323747
0.02325535
0.02315879
0.02317095
0.02334523
0.02310920
0.02301502
0.02321362
0.02298331
0.02298331
0.02290964
0.02286983
0.02269411
0.02281594
0.02277517
0.02278805
0.02298927
0.02274609
0.02278066
0.02272010
0.02295828
0.02286816
0.02270532
0.02277708
0.02273631
0.02274179
0.02285886
0.02277541
0.02279639
0.02287912
0.02263904
0.02282929
0.02280951
0.02271938
0.02274776
0.02273488
0.02264881
0.02264714
0.02255917
0.02250171
0.02248645
0.02231407
0.02247143
0.02225566
0.02242732
0.02241182
0.02243924
0.02250123
0.02247119
0.02240133
0.02250743
0.02271271
0.02243829
0.02258039
0.02251267
0.02242994
0.02241230
0.02254891
0.02247763
0.02245402
0.02249146
0.02258587
0.02248263
0.02254891
0.02249336
0.02251959
0.02258587
0.02258849
0.02250433
0.02248168
0.02270675
0.02276754
0.02266312
0.02261472
0.02276635
0.02264142
0.02264094
0.02279472
0.02273011
0.02263618
0.02266765
0.02270961
0.02265406
0.02275896
0.02262545
0.02272511
0.02282143
0.02279305
0.02284431
0.02288532
0.02285361
0.02294827
0.02294254
0.02296472
0.02297473
0.02311468
0.02286243
0.02305460
0.02301192
0.02293468
0.02303004
0.02297306
0.02299213
0.02295160
0.02289009
0.02293277
0.02296281
0.02280474
0.02296185
0.02276969
0.02280974
0.02300262
0.02311039
0.02306342
0.02330065
0.02295685
0.02289987
0.02302408
0.02307963
0.02318525
0.02316403
0.02321696
0.02322388
0.02333140
0.02325201
0.02335501
0.02343488
0.02322388
0.02354288
0.02330136
0.02335811
0.02334785
0.02326870
0.02327847
0.02334595
0.02325749
0.02334571
0.02341580
0.02314234
0.02320576
0.02309895
0.02304578
0.02306938
0.02299690
0.02304125
0.02307534
0.02299190
0.02310324
0.02306104
0.02301908
0.02308774
0.02317381
0.02299047
0.02329159
0.02336907
0.02317333
0.02319407
0.02314758
0.02331448
0.02310967
0.02310920
0.02302051
0.02299428
0.02302265
0.02323341
0.02305627
0.02287674
0.02311206
0.02255940
0.02299213
0.02295375
0.02296305
0.02302742
0.02295208
0.02295470
0.02302814
0.02293015
0.02303362
0.02287173
0.02292252
0.02288866
0.02289104
0.02314687
0.02300072
0.02297091
0.02289820
0.02303386
0.02291179
0.02288890
0.02286410
0.02307320
0.02315331
0.02295899
0.02295017
0.02279019
0.02302289
0.02289557
0.02343488
0.02329206
0.02304578
0.02304244
0.02297783
0.02292943
0.02320576
0.02297449
0.02292013
0.02287316
0.02282667
0.02280426
0.02290344
0.02285790
0.02276993
0.02295232
0.02294612
0.02300072
0.02298355
0.02285528
0.02287436
0.02292943
0.02311969
0.02284908
0.02291083
0.02290893
0.02295184
0.02297044
0.02276993
0.02285671
0.02279234
0.02282238
0.02294970
0.02303791
0.02284527
0.02280998
0.02276349
0.02299786
0.02280235
0.02278805
0.02281380
0.02276134
0.02243853
0.02257848
0.02253056
0.02262902
0.02261496
0.02254486
0.02247119
0.02257824
0.02252007
0.02242422
0.02257466
0.02256703
0.02269292
0.02249599
0.02275801
0.02264309
0.02256465
0.02252364
0.02272177
0.02251053
0.02251983
0.02257538
0.02249455
0.02252102
0.02258968
0.02260137
0.02261114
0.02262306
0.02255678
0.02254796
0.02266383
0.02247429
0.02260733
0.02279758
0.02268147
0.02283335
0.02274442
0.02290249
0.02254653
0.02280712
0.02271891
0.02292395
0.02273560
0.02283645
0.02280164
0.02276254
0.02278447
0.02284360
0.02283239
0.02277827
0.02280426
0.02287006
0.02280569
0.02284217
0.02281094
0.02279830
0.02304363
0.02281833
0.02285028
0.02288628
0.02282667
0.02287722
0.02288270
0.02287865
0.02297235
0.02285433
0.02305794
0.02288580
0.02277803
0.02280664
0.02284765
0.02271581
0.02294397
0.02278543
0.02275062
0.02281332
0.02272177
0.02274799
0.02272272
0.02298188
0.02277589
0.02260661
0.02275395
0.02281070
0.02346444
0.02346659
0.02254510
0.02288890
0.02264357
0.02265072
0.02262735
0.02267766
0.02259851
0.02265096
0.02284384
0.02261448
0.02249289
0.02249837
0.02264023
0.02264857
0.02251887
0.02260137
0.02248597
0.02274394
0.02235246
0.02252698
0.02261782
0.02251887
0.02275229
0.02255821
0.02258778
0.02264905
0.02259827
0.02255487
0.02268577
0.02266645
0.02258539
0.02262235
