0.01156664
0.02466440
0.02318430
0.02316213
0.02316189
0.02314806
0.02320027
0.02297568
0.02318192
0.02280903
0.02268577
0.02264762
0.02273750
0.02271533
0.02297425
0.02284026
0.02284598
0.02284503
0.02285957
0.02288818
0.02284408
0.02281022
0.02279520
0.02276063
0.02280831
0.02277088
0.02280402
0.02284145
0.02273917
0.02274513
0.02292585
0.02275896
0.02261114
0.02274013
0.02273989
0.02273035
0.02273631
0.02269745
0.02276587
0.02272511
0.02290964
0.02262950
0.02281952
0.02273440
0.02277422
0.02275753
0.02275205
0.02278852
0.02278852
0.02291298
0.02282095
0.02284861
0.02252293
0.02287769
0.02293682
0.02277589
0.02271581
0.02277827
0.02279687
0.02283072
0.02291465
0.02283525
0.02304602
0.02286315
0.02287507
0.02286386
0.02288246
0.02286911
0.02285075
0.02287436
0.02275562
0.02290583
0.02288532
0.02278638
0.02283454
0.02281094
0.02279592
0.02281189
0.02283120
0.02279472
0.02286458
0.02284384
0.02296114
0.02286959
0.02289629
0.02289796
0.02283311
0.02294230
0.02282500
0.02289152
0.02288556
0.02296448
0.02283907
0.02300096
0.02297735
0.02280211
0.02300954
0.02305007
0.02295566
0.02288914
0.02290821
0.02301812
0.02298379
0.02288508
0.02300668
0.02296400
0.02290702
0.02298117
0.02290654
0.02293134
0.02289510
0.02290058
0.02285242
0.02286887
0.02293921
0.02288675
0.02281833
0.02288580
0.02289462
0.02284002
0.02278399
0.02303958
0.02291775
0.02295709
0.02290940
0.02288866
0.02322412
0.02291131
0.02285790
0.02296519
0.02290225
0.02288461
0.02299571
0.02283001
0.02292395
0.02288580
0.02291131
0.02267027
0.02288890
0.02301168
0.02306437
0.02301216
0.02319646
0.02335119
0.02306938
0.02301908
0.02324939
0.02303123
0.02307534
0.02303553
0.02308393
0.02306747
0.02303839
0.02305698
0.02304792
0.02310896
0.02304602
0.02302861
0.02303672
0.02290392
0.02307940
0.02292204
0.02303314
0.02297950
0.02310205
0.02296185
0.02325606
0.02306271
0.02295899
0.02293324
0.02299571
0.02311492
0.02394915
0.02355599
0.02315283
0.02320266
0.02302575
0.02298212
0.02301979
0.02282763
0.02324438
0.02305031
0.02292395
0.02302504
0.02301574
0.02304316
0.02301955
0.02317309
0.02316570
0.02293634
0.02293706
0.02283168
0.02292156
0.02286243
0.02291608
0.02283597
0.02280569
0.02282667
0.02277827
0.02272987
0.02275729
0.02265358
0.02262712
0.02266908
0.02263451
0.02265334
0.02260637
0.02266073
0.02260232
0.02267885
0.02288628
0.02258801
0.02285337
0.02258301
0.02263141
0.02261209
0.02274156
0.02274084
0.02266598
0.02265811
0.02285647
0.02265668
0.02267265
0.02288222
0.02267480
0.02277040
0.02264071
0.02268815
0.02264929
0.02264762
0.02281499
0.02265000
0.02261972
0.02280641
0.02276230
0.02263117
0.02286029
0.02270246
0.02285600
0.02257562
0.02273464
0.02286720
0.02281260
0.02276826
0.02272844
0.02273774
0.02279687
0.02288055
0.02281618
0.02283740
0.02287102
0.02293348
0.02280521
0.02302575
0.02287126
0.02279806
0.02268386
0.02270508
0.02284074
0.02274275
0.02272654
0.02283001
0.02276731
0.02276945
0.02254725
0.02269006
0.02290463
0.02276325
0.02276492
0.02285075
0.02276158
0.02284527
0.02297449
0.02314711
0.02288675
0.02280474
0.02285957
0.02263284
0.02287292
0.02280426
0.02285028
0.02271152
0.02274752
0.02278519
0.02277470
0.02280712
0.02274418
0.02278781
0.02277660
0.02274013
0.02284002
0.02289510
0.02291846
0.02300954
0.02293754
0.02297449
0.02294683
0.02295947
0.02289176
0.02296686
0.02302790
0.02300596
0.02304554
0.02298832
0.02309561
0.02305841
0.02290058
0.02310395
0.02306509
0.02319956
0.02308607
0.02314281
0.02327442
0.02332044
0.02327156
0.02338123
0.02379084
0.02348733
0.02329230
0.02311158
0.02332640
0.02334833
0.02331328
0.02341938
0.02334166
0.02334046
0.02333808
0.02317429
0.02339959
0.02354765
0.02334785
0.02334452
0.02329350
0.02325749
0.02335858
0.02325630
0.02338052
0.02320313
0.02329445
0.02329683
0.02321029
0.02315354
0.02338433
0.02319789
0.02316856
0.02311707
0.02341747
0.02315474
0.02317500
0.02313828
0.02322149
0.02296162
0.02313638
0.02304649
0.02294683
0.02315187
0.02307963
0.02287650
0.02295566
0.02299857
0.02293038
0.02294874
