0.00673294
0.02119684
0.02031732
0.02028108
0.02015138
0.02015948
0.02014685
0.02019691
0.02021408
0.01993179
0.02005219
0.02012968
0.02019644
0.02018476
0.02017498
0.02021241
0.02019191
0.02017641
0.02029300
0.02018046
0.02018714
0.02024674
0.02020597
0.02027035
0.02024341
0.02031183
0.02017021
0.02015138
0.02021003
0.02017784
0.02026844
0.02020431
0.02016973
0.02016115
0.02017117
0.02025270
0.02032232
0.02024031
0.02022409
0.02023339
0.02024913
0.02026939
0.02017188
0.02019429
0.02029848
0.02026010
0.02019143
0.02022624
0.02017951
0.02020311
0.02023935
0.02027321
0.02023196
0.02020121
0.02034974
0.02018046
0.02021575
0.02025914
0.02026176
0.02017474
0.02022338
0.02017236
0.02021503
0.02022386
0.02019835
0.02032208
0.02015519
0.02022886
0.02027345
0.02012491
0.02029848
0.02018142
0.02031302
0.02019763
0.02018571
0.02021575
0.02029657
0.02016854
0.02014136
0.02018690
0.02032065
0.02030182
0.02019572
0.02025032
0.02018046
0.02017927
0.02017331
0.02015591
0.02020788
0.02015734
0.02021551
0.02041554
0.02015090
0.02017474
0.02018666
0.02018833
0.02017474
0.02018094
0.02033234
0.02034402
0.02030087
0.02054000
0.02030158
0.02042484
0.02017713
0.02026939
0.02032328
0.02019286
0.02022529
0.02033138
0.02027202
0.02023339
0.02023482
0.02034950
0.02028275
0.02030683
0.02025557
0.02025557
0.02027631
0.02071071
0.02031803
0.02046418
0.02047753
0.02032399
0.02041316
0.02049541
0.02038884
0.02034020
0.02045512
0.02038813
0.02035069
0.02040458
0.02041149
0.02044249
0.02038288
0.02037764
0.02038622
0.02035928
0.02036762
0.02038097
0.02042127
0.02037001
0.02040911
0.02035379
0.02041626
0.02039361
0.02043533
0.02045274
0.02033210
0.02050805
0.02047610
0.02028561
0.02035356
0.02049994
0.02035570
0.02037692
0.02058887
0.02034259
0.02030706
0.02031374
0.02032518
0.02030325
0.02035666
0.02022600
0.02036119
0.02036381
0.02036762
0.02019405
0.02020979
0.02041030
0.02056670
0.02035451
0.02044845
0.02040434
0.02036524
0.02047682
0.02053571
0.02045178
0.02042651
0.02042937
0.02042723
0.02055526
0.02049708
0.02038383
0.02040172
0.02051783
0.02043390
0.02044487
0.02030778
0.02048135
0.02042556
0.02046061
0.02053285
0.02031898
0.02061796
0.02045679
0.02050853
0.02032852
0.02037787
0.02042627
0.02040219
0.02044344
0.02051902
0.02046967
0.02044129
0.02045918
0.02041650
0.02048254
0.02046347
0.02044654
0.02070785
0.02051663
0.02056599
0.02054977
0.02042007
0.02039742
0.02052832
0.02061892
0.02048588
0.02053213
0.02046061
0.02056503
0.02052569
0.02063203
0.02051497
0.02060056
0.02054954
0.02057505
0.02052116
0.02062511
0.02042389
0.02043843
0.02058196
0.02050662
0.02059364
0.02054954
0.02059913
0.02043056
0.02055240
0.02052522
0.02049208
0.02062368
0.02062511
0.02049756
0.02067947
0.02066088
0.02052760
0.02060032
0.02066016
0.02060890
0.02061009
0.02082372
0.02045774
0.02068162
0.02086949
0.02055717
0.02062035
0.02058220
0.02056336
0.02055836
0.02062201
0.02058578
0.02062345
0.02063823
0.02072835
0.02068448
0.02065420
0.02067351
0.02067804
0.02065086
0.02062821
0.02059770
0.02062440
0.02065063
0.02071404
0.02082348
0.02053475
0.02053785
0.02055430
0.02092266
0.02071977
0.02067971
0.02054906
