0.00718522
0.02416325
0.02446032
0.02438521
0.02379632
0.02393508
0.02406621
0.02399731
0.02410769
0.02403307
0.02395010
0.02389598
0.02385211
0.02377439
0.02385426
0.02379584
0.02385879
0.02383304
0.02378440
0.02372456
0.02385974
0.02386808
0.02380157
0.02376723
0.02343249
0.02373409
0.02384424
0.02363443
0.02375722
0.02485466
0.02383780
0.02365541
0.02365351
0.02344608
0.02366328
0.02357316
0.02354670
0.02349472
0.02378345
0.02370524
0.02367091
0.02364469
0.02392459
0.02377105
0.02373958
0.02391982
0.02392125
0.02400255
0.02403116
0.02393341
0.02404976
0.02447414
0.02381229
0.02382684
0.02390242
0.02365899
0.02382731
0.02370000
0.02383518
0.02353024
0.02373981
0.02348852
0.02360654
0.02341962
0.02327061
0.02426338
0.02367949
0.02364802
0.02337003
0.02326632
0.02320170
0.02323055
0.02321291
0.02336431
0.02319980
0.02324843
0.02328968
0.02313685
0.02336884
0.02324629
0.02319837
0.02340508
0.02329779
0.02321243
0.02329206
0.02321410
0.02317119
0.02318907
0.02315378
0.02320147
0.02330899
0.02315831
0.02340198
0.02316499
0.02318144
0.02314138
0.02319264
0.02318454
0.02320766
0.02311707
0.02337575
0.02329898
0.02330923
0.02329350
0.02336574
0.02326894
0.02364469
0.02356505
0.02335143
0.02346420
0.02337790
0.02335072
0.02343893
0.02341032
0.02329445
0.02340174
0.02342963
0.02340317
0.02342343
0.02351475
0.02339816
0.02355123
0.02376032
0.02389693
0.02592015
0.02405429
0.02396798
0.02395177
0.02405286
0.02359343
0.02381420
0.02360106
0.02363396
0.02364731
0.02393842
0.02374411
0.02358985
0.02364993
0.02363157
0.02355218
0.02363634
0.02355790
0.02351546
0.02359653
0.02360463
0.02353358
0.02349830
0.02381206
0.02358651
0.02367043
0.02346134
0.02327919
0.02351093
0.02338910
0.02334809
0.02339625
0.02333045
0.02338719
0.02325678
0.02333379
0.02328253
0.02322721
0.02327633
0.02326679
0.02323604
0.02354264
0.02327991
0.02326179
0.02333879
0.02322173
0.02324128
0.02330971
0.02332330
0.02327633
0.02331877
0.02320337
0.02317977
0.02316356
0.02314520
0.02334023
0.02319026
0.02313328
0.02326441
0.02322316
0.02316260
0.02324176
0.02324653
0.02367640
0.02336812
0.02319193
0.02326751
0.02335882
0.02334809
0.02332735
0.02334929
0.02343273
0.02338457
0.02365613
0.02356720
0.02349544
0.02349472
0.02339554
0.02334476
0.02351236
0.02341795
0.02364922
0.02353740
0.02346635
0.02340484
0.02354646
0.02353573
0.02353120
0.02347779
0.02348089
0.02336836
0.02349114
0.02344012
0.02349305
0.02367878
0.02346420
0.02359939
0.02332592
0.02353239
0.02345657
0.02345133
0.02354264
0.02356529
0.02347040
0.02343035
0.02351379
0.02352166
0.02353692
0.02359104
0.02352715
0.02363014
0.02361417
0.02357054
0.02370119
0.02343869
0.02352691
0.02355576
0.02367043
0.02343583
0.02344894
0.02346873
0.02367711
0.02367663
0.02339458
0.02348351
0.02345872
0.02359843
0.02350116
0.02339363
0.02336621
0.02336979
0.02356052
0.02325702
0.02338433
0.02341628
0.02348185
0.02345181
0.02347088
0.02354431
0.02369475
0.02343297
0.02343345
0.02346539
0.02339411
0.02348709
0.02340245
0.02364898
0.02351141
0.02346730
0.02344275
0.02349806
0.02362013
0.02349854
0.02353859
0.02350569
0.02358842
0.02365565
0.02348733
0.02362490
0.02343893
0.02347136
0.02362061
0.02360678
0.02345705
0.02343416
0.02359271
0.02346754
0.02355623
0.02352405
0.02343011
0.02339172
0.02327991
0.02347469
0.02358770
0.02335429
0.02340722
0.02338338
0.02369976
0.02352118
0.02333856
0.02338076
0.02335429
0.02332759
0.02336335
0.02365088
0.02334547
0.02343392
0.02346516
0.02355266
0.02357149
0.02352643
0.02345395
0.02341342
0.02327871
0.02346659
0.02346897
0.02341938
0.02346587
0.02346420
0.02346468
0.02349377
0.02348232
0.02351165
0.02335978
0.02352715
0.02349377
0.02362514
0.02353859
0.02351379
0.02360463
0.02366376
0.02362394
0.02354455
0.02350855
0.02379346
0.02352238
0.02364731
0.02356458
0.02394867
0.02353358
0.02371955
0.02356648
0.02366996
0.02344799
0.02348256
0.02367115
0.02382350
0.02368593
0.02361584
0.02370071
0.02356768
0.02370095
0.02377963
0.02361298
0.02386761
0.02369356
0.02387118
0.02375412
0.02375269
0.02389765
0.02377963
0.02370691
0.02381444
0.02383232
0.02377009
0.02362323
0.02356029
0.02360559
0.02375793
0.02347326
0.02359462
0.02373743
0.02366853
0.02364206
0.02364635
0.02362990
0.02368116
0.02354956
0.02393293
0.02380586
0.02387857
0.02384758
0.02383542
0.02381968
0.02381563
0.02379680
0.02371597
0.02379203
0.02391768
0.02364492
0.02362037
0.02356529
0.02367234
0.02359152
0.02368379
0.02363133
0.02367687
0.02360296
0.02361965
0.02358222
0.02347517
0.02393603
0.02368593
0.02335286
0.02351069
0.02363062
0.02349186
0.02353120
0.02343297
0.02335358
0.02353215
0.02344584
0.02348566
0.02356887
0.02361441
0.02351499
0.02358270
0.02353668
0.02354956
0.02353501
0.02340293
0.02339435
0.02360654
0.02366114
0.02360082
0.02355146
0.02370763
0.02369046
0.02371144
0.02368426
0.02372551
0.02380776
0.02385926
0.02380919
0.02377582
0.02397370
0.02370071
0.02355981
0.02370644
0.02358079
0.02390504
0.02360868
0.02360582
0.02363253
0.02366161
0.02360797
0.02373886
0.02367663
0.02369738
0.02372909
0.02385330
0.02377963
0.02359653
0.02365184
0.02368879
0.02389145
0.02374935
0.02378440
0.02352953
0.02368355
0.02375126
0.02371240
0.02369261
0.02380896
0.02365065
0.02371526
0.02371979
0.02366304
0.02373290
0.02348185
0.02371407
0.02370405
0.02374983
0.02363229
0.02367640
0.02364063
0.02378845
0.02371311
0.02364826
0.02371740
0.02368903
0.02370381
0.02366018
0.02373528
0.02365756
0.02372885
0.02349067
0.02362633
0.02378488
0.02372503
0.02371502
0.02383518
0.02362537
0.02373528
0.02367544
0.02363014
