0.01803184
0.04044104
0.04043722
0.04028749
0.04022789
0.04039168
0.04000449
0.03919363
0.03941178
0.04095030
0.04209137
0.04240656
0.04209733
0.04164386
0.04107046
0.04072380
0.04169917
0.04258680
0.04212737
0.04218149
0.04286528
0.04288173
0.04305530
0.04358006
0.04397750
0.04348516
0.04274821
0.04268169
0.04336810
0.04275942
0.04249358
0.04250288
0.04277587
0.04247260
0.04241681
0.04248238
0.04324055
0.04447508
0.04452729
0.04476738
0.04508805
0.04452300
0.04470229
0.04476166
0.04475737
0.04404831
0.04375601
0.04447293
0.04418230
0.04334450
0.04376936
0.04383850
0.04410553
0.04444456
0.04494596
0.04449058
0.04453635
0.04411221
0.04377198
0.04424596
0.04479575
0.04410100
0.04344106
0.04319143
0.04298615
0.04285383
0.04306269
0.04256511
0.04283142
0.04269290
0.04224896
0.04182982
0.04190421
0.04154539
0.04154921
0.04168320
0.04156041
0.04192400
0.04195189
0.04152679
0.04185534
0.04216838
0.04190564
0.04217839
0.04224610
0.04189944
0.04117036
0.04143381
0.04133439
0.04157758
0.04110098
0.04124570
0.04136872
0.04102230
0.04155946
0.04182124
0.04189754
0.04180741
0.04226303
0.04213405
0.04181600
0.04170871
0.04206371
0.04263020
0.04233193
0.04178357
0.04152942
0.04027343
0.04009604
0.03997612
0.04054213
0.04177713
0.04202318
0.04269528
0.04302192
0.04360604
0.04440951
0.04452395
0.04422522
0.04426169
0.04435849
0.04403949
0.04394650
0.04389215
0.04427290
0.04439306
0.04389882
0.04354668
0.04332638
0.04327655
0.04342103
0.04318309
0.04340887
0.04355526
0.04332924
0.04336500
0.04293299
0.04274464
0.04258943
0.04237461
0.04272223
0.04258895
0.04229236
0.04188085
0.04192686
0.04157901
0.04165983
0.04159999
0.04129314
0.04099536
0.04103255
0.04091239
0.04061675
0.04068995
0.04036665
0.03979897
0.03946447
0.03931499
0.03872991
0.03863597
0.03891373
0.03803253
0.03794241
0.03769660
0.03756261
0.03721333
0.03701735
0.03658843
0.03664660
0.03612518
0.03579879
0.03628659
0.03614068
0.03619576
0.03569293
0.03569770
0.03577924
0.03523731
0.03484702
0.03449059
0.03461504
0.03478241
0.03463745
0.03427291
0.03434300
0.03416562
0.03440952
0.03414845
0.03413534
0.03356934
0.03419518
0.03463745
0.03432965
0.03380561
0.03301072
0.03335667
0.03319168
0.03330564
0.03296995
0.03289151
0.03280783
0.03260660
0.03246713
0.03214574
0.03188324
0.03206992
0.03204465
0.03186536
0.03176761
0.03203225
0.03189278
0.03199100
0.03177810
0.03164864
0.03158569
0.03158498
0.03152227
0.03158712
0.03175807
0.03178835
0.03177786
0.03190637
0.03194880
0.03183746
0.03180742
0.03164434
0.03168988
0.03194857
0.03215122
0.03202224
0.03185391
0.03170562
0.03170562
0.03178811
0.03176188
0.03154635
0.03146195
0.03141165
0.03130579
0.03119922
0.03126216
0.03100252
0.03087783
0.03100061
0.03129673
0.03143382
0.03158665
0.03143287
0.03135586
0.03094625
0.03163290
0.03149366
0.03097343
0.03075790
0.03079224
0.03088713
0.03104043
0.03120112
0.03131104
0.03125477
0.03155828
0.03183818
0.03151298
0.03133368
0.03128529
0.03135204
0.03144693
0.03167748
0.03188825
0.03165030
0.03160620
0.03164458
0.03174782
0.03156185
0.03143764
0.03090382
0.03091311
0.03090930
0.03122663
0.03131485
0.03178144
0.03110838
0.03135180
0.03148508
0.03179002
0.03215408
0.03225541
0.03209734
0.03186369
0.03163481
0.03177738
0.03205299
0.03217459
0.03218436
0.03215170
0.03225780
0.03221679
0.03197503
0.03231907
0.03238106
0.03245330
0.03257680
0.03257728
0.03253031
0.03239012
0.03239250
0.03244615
0.03268337
0.03284121
0.03311825
0.03303266
0.03307676
0.03301120
0.03287101
0.03262162
0.03292632
0.03283525
0.03292751
0.03297567
0.03259587
0.03252912
0.03263116
0.03276706
0.03277659
0.03292489
0.03297806
0.03312635
0.03290629
0.03330946
0.03326058
0.03320026
0.03315973
0.03301692
0.03263354
0.03261209
0.03257966
0.03251123
0.03264737
0.03249049
0.03231931
0.03241777
0.03228378
0.03224206
0.03244519
0.03274083
0.03300881
0.03317475
0.03340816
0.03320503
0.03294587
0.03328562
0.03339744
0.03299069
0.03347278
0.03345227
0.03321934
0.03334618
0.03406334
0.03394079
0.03403354
0.03413272
0.03403783
0.03382325
0.03352904
0.03409553
0.03341103
0.03308773
0.03353977
0.03338003
0.03329134
0.03362846
0.03409338
0.03433681
0.03408170
0.03384972
0.03326368
0.03336883
0.03377151
0.03324485
0.03300214
0.03319001
0.03315616
0.03309369
0.03288007
0.03299260
0.03302002
0.03297830
0.03271699
0.03286672
0.03316307
0.03290558
0.03262019
0.03282642
0.03272247
0.03288579
0.03256392
0.03283286
0.03250408
0.03237724
0.03249097
0.03257370
0.03263211
0.03233838
0.03255296
0.03265476
0.03285170
0.03301644
0.03323174
0.03285003
0.03303862
0.03309870
0.03305602
0.03298783
0.03291512
0.03261781
0.03240204
0.03266573
0.03257346
0.03240466
0.03248525
0.03253794
0.03281927
0.03271961
0.03265548
0.03245544
0.03240705
0.03271008
0.03264165
0.03248119
0.03247762
0.03259492
0.03298068
0.03330874
0.03301144
0.03285098
0.03336191
0.03395295
0.03419447
0.03372717
0.03315067
0.03368449
0.03319359
0.03354001
0.03318286
0.03383827
0.03362727
0.03306365
0.03299117
0.03302598
0.03397632
0.03443575
0.03477049
0.03478789
0.03432178
0.03418374
0.03429317
0.03439355
0.03422475
0.03419137
0.03400278
0.03396392
0.03426790
0.03443313
0.03438163
0.03439045
0.03477979
0.03481388
0.03479719
0.03474689
0.03447366
0.03420925
0.03451300
0.03449154
0.03452682
0.03465509
0.03456545
0.03487444
0.03449512
0.03466487
0.03412724
0.03456426
0.03472567
0.03520298
0.03522134
0.03513622
0.03517795
0.03485870
0.03468657
0.03492165
0.03505683
0.03498340
0.03489017
0.03499937
0.03508258
0.03482437
0.03444171
0.03428030
0.03497529
0.03503752
0.03521872
0.03506970
0.03503799
0.03491282
0.03458357
0.03464675
0.03458977
0.03458786
0.03463101
0.03479290
0.03468800
0.03470969
0.03463435
0.03445768
0.03425884
0.03464055
0.03500056
0.03520226
0.03497982
0.03477573
0.03486347
0.03492594
0.03507280
0.03489995
0.03522325
0.03552747
0.03516269
0.03504777
0.03499269
0.03449941
0.03409743
0.03408313
0.03438044
0.03437662
0.03465891
0.03421259
0.03394032
0.03372335
0.03407717
0.03428769
0.03424191
0.03429151
0.03422189
0.03422427
0.03420925
0.03392768
0.03417897
0.03401041
0.03372312
0.03368664
0.03298140
0.03305960
0.03310418
0.03313279
0.03303790
0.03292489
0.03308916
0.03318381
0.03297353
0.03294396
0.03267312
0.03253365
0.03224182
0.03226256
0.03219509
0.03227496
0.03225946
0.03225780
0.03223538
0.03246236
0.03260040
0.03259468
0.03259659
0.03255653
0.03262830
0.03244853
0.03204298
0.03178310
0.03159952
0.03171396
0.03198195
0.03194118
0.03210664
0.03190351
0.03161287
0.03146482
0.03147435
0.03141713
0.03125167
0.03150511
0.03145552
0.03167939
0.03163362
0.03168440
0.03162932
0.03160405
0.03144717
0.03166223
0.03187346
0.03189993
0.03177047
0.03159237
0.03132725
0.03111148
0.03093863
0.03089857
0.03100491
0.03115559
0.03116107
0.03137088
0.03116918
0.03140187
0.03154135
0.03146291
0.03126383
0.03095245
0.03128862
0.03121638
0.03123260
0.03137922
0.03109050
0.03061533
0.03074718
0.03100467
0.03128314
0.03097200
0.03104711
0.03087783
0.03087592
0.03075314
0.03082705
0.03057766
0.03070569
0.03067327
0.03100157
0.03098440
0.03088689
0.03102303
0.03122735
0.03145814
0.03161120
0.03139782
0.03128147
0.03138208
0.03134942
0.03128743
0.03153920
0.03144884
0.03140354
0.03150010
0.03170037
0.03124309
0.03134799
0.03126192
0.03127527
0.03131676
0.03137875
0.03119922
0.03150868
0.03130531
0.03124285
0.03126502
0.03128171
0.03114629
0.03118300
0.03122520
0.03119397
0.03108788
0.03114080
0.03111076
0.03112125
0.03103256
0.03150344
0.03090525
0.03083038
0.03062701
0.03028083
0.02997303
0.02995467
0.02978182
0.02942395
0.02917695
0.02910972
0.02888465
0.02872586
0.02895331
0.02921629
0.02914071
0.02908325
0.02913809
0.02921629
0.02926683
0.02937603
0.02952838
0.02940249
0.02954578
0.02961946
0.02953362
0.02970099
0.02956223
0.02960086
0.02991176
0.03016782
0.02991772
0.02996707
0.03064513
0.03010440
0.02975512
0.02974820
0.02950978
0.03009582
0.03017855
0.03002882
0.03004503
0.03008366
0.03002739
0.03008628
0.03039980
0.03042603
0.03041673
0.03072429
0.03055453
0.03067470
0.03067327
0.03068161
0.03070331
0.03085208
0.03084469
0.03091431
0.03094530
0.03079748
0.03046584
0.03039098
0.03031230
0.03056216
0.03075433
0.03088450
0.03088999
0.03092122
0.03073072
0.03116155
0.03079796
0.03062654
0.03018188
0.03031778
0.03029799
0.03024912
0.03008890
0.03028464
0.03029823
0.02996755
0.02995801
0.02995872
0.02994967
0.02983475
0.02959609
0.02977371
0.02967954
0.02992868
0.02992487
0.02992463
0.03008103
0.03022766
0.03011799
0.03021359
0.03036833
0.03026152
0.03038788
0.03060627
0.03044653
0.03055692
0.03038239
0.03018999
0.02981949
0.02985883
0.03001738
0.03003287
0.03007722
0.03002524
0.02996516
0.03025675
0.03084755
0.03054333
0.03084111
0.03120589
0.03098249
0.03136444
0.03157592
0.03143907
0.03149962
0.03156209
0.03160119
0.03140998
0.03154707
0.03144526
0.03132820
0.03127933
0.03128147
0.03131866
0.03134799
0.03116012
0.03142619
0.03121352
0.03121305
0.03098226
0.03122020
0.03109384
0.03070498
0.03031397
0.03033400
0.03002214
0.02979994
0.02972198
0.02939534
0.02937698
0.02907920
0.02938819
0.02935648
0.02958417
0.02961612
0.02969980
0.02976871
0.02981019
0.02967072
0.02955341
0.02958131
0.02963495
0.02998829
0.02985406
0.03021526
0.03044415
0.03012323
0.03056550
0.03063679
0.03075504
0.03070140
0.03074312
0.03070235
0.03076434
0.03078198
0.03081703
0.03079391
0.03061104
0.03057265
0.03054309
0.03076553
0.03078628
0.03083754
0.03082490
0.03061843
0.03052735
0.03047276
0.03058624
0.03035402
0.03070426
0.03064156
0.03066802
0.03064609
0.03065348
0.03067303
0.03087974
0.03075981
0.03095984
0.03074169
0.03076530
0.03066015
0.03083014
0.03088713
0.03092933
0.03094435
0.03096557
0.03095126
0.03090429
0.03067040
0.03073573
0.03057623
0.03022838
0.03026557
0.03052378
0.03017926
0.03019190
0.02999973
0.03005290
0.02972221
0.03004909
0.02979040
0.02988219
0.03001118
0.02995944
0.02976274
0.03001809
0.02988863
0.02982259
0.02984953
0.02986884
0.02979541
0.02982450
0.02977443
0.02983618
0.03020978
0.03000236
0.02991056
0.02985764
0.02987671
0.02990270
0.03003216
0.02971530
0.02963996
0.02997541
0.03000164
0.03006887
0.02970219
0.02961063
0.02966404
0.02957320
0.02970386
0.02979207
0.02987981
0.02969503
0.02942276
0.02939439
0.02930021
0.02932382
0.02907896
0.02911282
0.02920675
0.02913499
0.02938533
0.02948332
0.02911282
0.02904630
0.02911592
0.02892447
0.02882099
0.02909350
0.02912235
0.02869868
0.02870035
0.02863550
0.02861667
0.02841353
0.02866864
0.02883983
0.02889442
0.02875280
0.02876830
0.02857471
0.02862787
0.02888513
0.02893281
0.02879477
0.02882457
0.02882481
0.02869201
0.02910066
0.02948523
0.02915525
0.02893877
0.02903366
0.02898884
0.02901363
0.02905154
0.02926946
0.02958703
0.02980590
0.02947593
0.02927423
0.02948403
0.02937102
0.02962017
0.02949500
0.02968574
0.02934384
0.02950764
0.02964377
0.02946544
0.02934527
0.02942419
0.02943945
0.02949715
0.02961469
0.02957273
0.02948380
0.02940297
0.02929854
0.02926135
0.02916551
0.02893853
0.02916217
0.02915215
0.02905464
0.02889633
0.02884579
0.02865100
0.02859664
0.02891970
0.02885747
0.02891064
0.02903891
0.02915168
0.02926993
0.02919316
0.02940059
0.02929449
0.02933359
0.02939844
0.02973008
0.02937460
0.02915978
0.02903581
0.02892923
0.02912021
0.02891850
0.02891040
0.02894258
0.02878165
0.02889848
0.02880335
0.02882504
0.02852631
0.02896118
0.02876782
0.02887869
0.02863216
0.02846289
0.02886510
0.02852106
0.02847385
0.02875018
0.02859521
0.02853584
0.02858877
0.02870941
0.02861571
0.02881527
0.02899361
0.02901030
0.02941442
0.02938342
0.02874613
0.02891850
0.02903056
0.02929068
0.02926922
0.02934957
0.02964425
0.02984715
0.03018093
0.03014421
0.03033280
0.03036332
0.03049731
0.03085351
0.03092313
0.03091908
0.03107882
0.03083229
0.03112292
0.03100705
0.03106475
0.03094292
0.03123856
0.03101110
0.03088069
0.03086495
0.03066158
0.03039765
0.03034925
0.03006244
0.03005099
0.02985191
0.03002739
0.02969003
0.02943254
0.02940869
0.02924490
0.02933049
0.02912426
0.02918816
0.02976227
0.02946353
0.02905917
0.02907610
0.02892852
0.02878809
0.02913737
0.02842808
0.02859545
0.02909541
0.02919579
0.02932715
0.02962017
0.02944660
0.02942133
0.02924705
0.02929115
0.02915096
0.02940202
0.02894735
0.02912951
0.02897978
0.02898407
0.02900934
0.02901840
0.02895474
0.02928090
0.02926683
0.02920127
0.02922678
0.02917409
0.02906466
0.02905917
0.02928495
0.02916074
0.02925038
0.02891088
0.02921057
0.02935886
0.02959895
0.02977967
0.02980304
0.02980638
0.02947617
0.02988625
0.02957749
0.02953362
0.02928448
0.02932000
0.02905846
