0.01419115
0.02633286
0.02568030
0.02569771
0.02568197
0.02568197
0.02572799
0.02579093
0.02578092
0.02558613
0.02551794
0.02563739
0.02559924
0.02572513
0.02569556
0.02581024
0.02563500
0.02557802
0.02537942
0.02548289
0.02551985
0.02549481
0.02537942
0.02554178
0.02549982
0.02554870
0.02539515
0.02551293
0.02555442
0.02552700
0.02560163
0.02555251
0.02560329
0.02550030
0.02549934
0.02553868
0.02557993
0.02557945
0.02553272
0.02543163
0.02543068
0.02542186
0.02549076
0.02551675
0.02543712
0.02545762
0.02541828
0.02542567
0.02539134
0.02546287
0.02575517
0.02560496
0.02560902
0.02548456
0.02556014
0.02568150
0.02556372
0.02559590
0.02553415
0.02557874
0.02532125
0.02524686
0.02528381
0.02541828
0.02541018
0.02543974
0.02533102
0.02537584
0.02535295
0.02533650
0.02533674
0.02544713
0.02526975
0.02545619
0.02544475
0.02538586
0.02549648
0.02544069
0.02546477
0.02542377
0.02540851
0.02542019
0.02541637
0.02540231
0.02535629
0.02551150
0.02538347
0.02539372
0.02545691
0.02527928
0.02538037
0.02544498
0.02542686
0.02543116
0.02533650
0.02542615
0.02535057
0.02534223
0.02530384
0.02548075
0.02537298
0.02542019
0.02540207
0.02527833
0.02535534
0.02532649
0.02543926
0.02536321
0.02533746
0.02541661
0.02537680
0.02540302
0.02548909
0.02544475
0.02537131
0.02529001
0.02545691
0.02574492
0.02553797
0.02563596
0.02560687
0.02553225
0.02557063
0.02561307
0.02556133
0.02542639
0.02567792
0.02574754
0.02564549
0.02571106
0.02563453
0.02562404
0.02562976
0.02568054
0.02568960
0.02572989
0.02576303
0.02580476
0.02567291
0.02571321
0.02565098
0.02572513
0.02564096
0.02562904
0.02555561
0.02555990
0.02561498
0.02572799
0.02574587
0.02570343
0.02568889
0.02550387
0.02554131
0.02560258
0.02556729
0.02570629
0.02557254
0.02550197
0.02552176
0.02547622
0.02553701
0.02523637
0.02542329
0.02535796
0.02528000
0.02534151
0.02509546
0.02514172
0.02518940
0.02525735
0.02518725
0.02519417
0.02540231
0.02523136
0.02526975
0.02516127
0.02519631
0.02584028
0.02512336
0.02513433
0.02502608
0.02517390
0.02512670
0.02517366
0.02498531
0.02516198
0.02509427
0.02501392
0.02512336
0.02516484
0.02520561
0.02525544
0.02521753
0.02516389
0.02514958
0.02516651
0.02519155
0.02488804
0.02504277
0.02501535
0.02501035
0.02496600
0.02481508
0.02504325
0.02501202
0.02514768
0.02506304
0.02494693
0.02487278
0.02486515
0.02484369
0.02476645
0.02485132
0.02476525
0.02490425
0.02493024
0.02489686
0.02491355
0.02493572
0.02488470
0.02489471
0.02494979
0.02491140
0.02473998
0.02476144
0.02479482
0.02496767
0.02482605
0.02481508
0.02507949
0.02500653
0.02515864
0.02486777
0.02503848
0.02457595
0.02510667
0.02497816
0.02509141
0.02510500
0.02481437
0.02494645
0.02504253
0.02508116
0.02507186
0.02474856
0.02492189
0.02476192
0.02478719
0.02479124
0.02467346
0.02469659
0.02467227
0.02467775
0.02484226
0.02504492
0.02483416
0.02481842
0.02476096
0.02469492
0.02465153
0.02479887
0.02473712
0.02488661
0.02459669
0.02459717
0.02455306
0.02462482
0.02462792
0.02456760
0.02459335
0.02456021
0.02442026
0.02469563
0.02439642
0.02456427
0.02466941
0.02461791
0.02473354
0.02459025
0.02473330
0.02461338
0.02457619
0.02459908
0.02472234
0.02460694
0.02454448
0.02451539
0.02464485
0.02473831
0.02457786
0.02464986
0.02448726
0.02445674
0.02440929
0.02464175
0.02426815
0.02456784
0.02433872
0.02471423
0.02454400
0.02445173
0.02456975
0.02452445
0.02450442
0.02461767
0.02459717
0.02448916
0.02447319
0.02452517
0.02456284
0.02457619
0.02476597
0.02459860
0.02462816
0.02458835
0.02475524
0.02458954
0.02459717
0.02455640
0.02462387
0.02467275
0.02453899
0.02458882
0.02478313
0.02452207
0.02455831
0.02448654
0.02455688
0.02451038
0.02471733
0.02445221
0.02453685
0.02448654
0.02446723
0.02453661
0.02440095
0.02454543
0.02466083
0.02446342
0.02446032
0.02446127
0.02442002
0.02432346
0.02422309
0.02446556
0.02436209
0.02443480
0.02448630
0.02445412
0.02435613
0.02429438
0.02442837
0.02428746
0.02440572
0.02436256
0.02428341
0.02431512
0.02428007
0.02441001
0.02436352
0.02430630
0.02433825
0.02436948
0.02435637
0.02434587
0.02431345
0.02430987
0.02440715
0.02437162
0.02434397
0.02434611
0.02435303
0.02437091
0.02447510
0.02437377
0.02441573
0.02438998
0.02437687
0.02439904
0.02444625
0.02443480
0.02440810
0.02417517
0.02457833
0.02455139
0.02465844
0.02438664
0.02434778
0.02416587
0.02439094
0.02442503
0.02453399
0.02446771
0.02447605
0.02451849
0.02481794
0.02446842
0.02454758
0.02454782
0.02458048
0.02452016
0.02443218
0.02454710
0.02439547
0.02439260
0.02444768
0.02479601
0.02486682
0.02476931
0.02464676
0.02445316
0.02450967
0.02480984
0.02450371
0.02459812
0.02457666
0.02460432
0.02460217
0.02467585
0.02473044
0.02483559
0.02487564
0.02510190
0.02491808
0.02481747
0.02460241
0.02472854
0.02456307
0.02469277
0.02462173
0.02463841
0.02464008
0.02458096
0.02446008
0.02450562
0.02461672
0.02471018
0.02463818
0.02476454
0.02471733
0.02469420
0.02490139
0.02468419
0.02465749
0.02469206
0.02464008
0.02446246
0.02462888
0.02476883
0.02441692
0.02459025
0.02456999
0.02462912
0.02466559
0.02454305
0.02450418
0.02453685
0.02456927
0.02455354
0.02434993
0.02446961
0.02451849
0.02454257
0.02448654
0.02447867
0.02451396
0.02451992
0.02442646
0.02449489
0.02457643
0.02455211
0.02461672
0.02460980
0.02456737
0.02461267
0.02460146
0.02460122
0.02447701
0.02483463
0.02458453
0.02459812
0.02447414
0.02464294
0.02482724
0.02455878
0.02451897
0.02459717
0.02456117
0.02456236
0.02466083
0.02457094
0.02463341
0.02454901
0.02454901
0.02456307
0.02474165
0.02464008
0.02459121
0.02465773
0.02446604
0.02459311
0.02458453
0.02457738
0.02457809
0.02461386
0.02464294
0.02457857
0.02459764
0.02461147
0.02456188
0.02457666
0.02457404
0.02459192
0.02466774
0.02446461
0.02466369
0.02455306
0.02460551
0.02462482
0.02453756
0.02466059
0.02465773
0.02454925
0.02463031
0.02456617
0.02478147
0.02465415
0.02473283
0.02457047
0.02452564
0.02470374
0.02463150
0.02462745
0.02453637
0.02454233
0.02464175
0.02457547
0.02462268
0.02470803
0.02473140
0.02455115
0.02465630
0.02459908
0.02460289
0.02455783
0.02466154
0.02458835
0.02459526
0.02455211
0.02459574
0.02453566
0.02458620
0.02444696
0.02453661
0.02456570
0.02458382
0.02453828
0.02445459
0.02461481
0.02446127
0.02453470
0.02478480
0.02463531
0.02464986
0.02463722
0.02468753
0.02469516
0.02458310
0.02466083
0.02480555
0.02454829
0.02467132
0.02482820
0.02458167
0.02463555
0.02457285
0.02459764
0.02443576
0.02456164
0.02474380
0.02474761
0.02466130
0.02453971
0.02483892
0.02473712
0.02467489
0.02468228
0.02487183
0.02478075
0.02472806
0.02479196
0.02457881
0.02464342
0.02452850
0.02444029
0.02452159
0.02430558
0.02464032
0.02444816
0.02431774
0.02457833
0.02456021
0.02456474
0.02455974
0.02440071
0.02456522
0.02464414
0.02460003
0.02443409
0.02461290
0.02452946
0.02444410
0.02455139
0.02451563
0.02445793
0.02459884
0.02454638
0.02452636
0.02427387
0.02447343
0.02456450
0.02508950
0.02490640
0.02471733
0.02503967
0.02504110
0.02514815
0.02517009
0.02525759
0.02527523
0.02542591
0.02538180
0.02505970
0.02511072
0.02516103
0.02496815
0.02499557
0.02493382
0.02491760
0.02479529
0.02458596
0.02444744
0.02453208
0.02457643
0.02447295
0.02447271
0.02460480
0.02454424
0.02464700
0.02455544
0.02456522
0.02454352
0.02451444
0.02462983
0.02463174
0.02459359
0.02470493
0.02452302
0.02452302
0.02444005
0.02447391
0.02438998
0.02434349
0.02436376
0.02439022
0.02444148
0.02446556
0.02467847
0.02433991
0.02447104
0.02442312
0.02437282
0.02433705
0.02437925
0.02426100
0.02430272
0.02416682
0.02422714
0.02379537
0.02433515
0.02425599
0.02406836
0.02399778
0.02410603
0.02412581
0.02411342
0.02414441
0.02410412
0.02427888
0.02411246
0.02491927
0.02415419
0.02413511
0.02452040
0.02426314
0.02447557
0.02417183
0.02428412
0.02439594
0.02424550
0.02422929
0.02420139
0.02410674
0.02403355
0.02402782
0.02408242
0.02412343
0.02413082
0.02412200
0.02407384
0.02401352
0.02407980
0.02395439
0.02401495
0.02403736
0.02400446
0.02393889
0.02393842
0.02404022
0.02405524
0.02406287
0.02408838
0.02399802
0.02400064
0.02401733
0.02448511
0.02400374
0.02400041
0.02411842
0.02405500
0.02393866
0.02384591
0.02411509
0.02417850
0.02406144
0.02393341
0.02409196
0.02401948
0.02381492
0.02400875
0.02393794
0.02401447
0.02397513
0.02401686
0.02388787
0.02391481
0.02404976
0.02416801
0.02380109
0.02411103
0.02392554
0.02379751
0.02393603
0.02406883
0.02388906
0.02392364
0.02387667
0.02385354
0.02380753
0.02385187
0.02401447
0.02388716
0.02386308
0.02389002
0.02379298
0.02386594
0.02383375
0.02378297
0.02389884
0.02386308
0.02377939
0.02377582
0.02378941
0.02383971
0.02378011
0.02388024
0.02403736
0.02380347
0.02379370
0.02385306
0.02387190
0.02389169
0.02408195
0.02394152
0.02398109
0.02407718
0.02406335
0.02391505
0.02380228
0.02390194
0.02387285
0.02403331
0.02370453
0.02395010
0.02388597
0.02385378
0.02371311
0.02382803
0.02401018
0.02407432
0.02385664
0.02379823
0.02379704
0.02383351
0.02400589
0.02390909
0.02385855
0.02374554
0.02388406
0.02360702
0.02408218
0.02375364
0.02380443
0.02382541
0.02396822
0.02376103
0.02380824
0.02408957
0.02379537
0.02386951
0.02382278
0.02380276
0.02402115
0.02385926
0.02386689
0.02387357
0.02386069
0.02372074
0.02377105
0.02378178
0.02371311
0.02373910
0.02377081
0.02371144
0.02388430
0.02378654
0.02379990
0.02374911
0.02379370
0.02382898
0.02397919
0.02378988
0.02388525
0.02376938
0.02375078
0.02384901
0.02392077
0.02389598
0.02378726
0.02377892
0.02409267
0.02391529
0.02381659
0.02377224
0.02373266
0.02394080
0.02373862
0.02376628
0.02383137
0.02366138
0.02394152
0.02373004
0.02385449
0.02379274
0.02376699
0.02378893
0.02378392
0.02382970
0.02377391
0.02392602
0.02386093
0.02382183
0.02378726
0.02393126
0.02379727
0.02387309
0.02378106
0.02377033
0.02378011
0.02362514
0.02380466
0.02374792
0.02385139
0.02384853
0.02376509
0.02382088
0.02381635
0.02374911
0.02379298
0.02374625
0.02383089
0.02377176
0.02376771
0.02370071
0.02379060
0.02384329
0.02379322
0.02386904
0.02382493
0.02400160
0.02377105
0.02387500
0.02371383
0.02374744
0.02383494
0.02384806
0.02372527
0.02366114
0.02368116
0.02394676
0.02396488
0.02379417
0.02393985
0.02374244
0.02378535
0.02373219
0.02381611
0.02369475
0.02394295
0.02376652
0.02385116
0.02378941
0.02379465
0.02371192
0.02386260
0.02374387
0.02374625
0.02391958
0.02389860
0.02380943
0.02374625
0.02377343
0.02380824
0.02373672
0.02396250
0.02402592
0.02369547
0.02377343
0.02374744
0.02374816
0.02366328
0.02381492
0.02378464
0.02386689
0.02390194
0.02378106
0.02367234
0.02373457
0.02373552
0.02391005
0.02379894
0.02366471
0.02370596
0.02360201
0.02370071
0.02373052
0.02371526
0.02378082
0.02370596
0.02376628
0.02376509
0.02361345
0.02374077
0.02385497
0.02392292
0.02370310
0.02380943
0.02387547
0.02367806
0.02381468
0.02396154
0.02376676
0.02366066
0.02359009
0.02373695
0.02379394
0.02352166
0.02375555
0.02368283
0.02385783
0.02373314
0.02373266
0.02375722
0.02369261
0.02379584
0.02385926
0.02374244
0.02381921
0.02358294
0.02375293
0.02381039
0.02381325
0.02369356
0.02369308
0.02381802
0.02366590
0.02391100
0.02387118
0.02374434
0.02374816
0.02374029
0.02365446
0.02393413
0.02368569
0.02372932
0.02370214
0.02366352
0.02393413
0.02368021
0.02382779
0.02377033
0.02371287
0.02374554
0.02393031
0.02378440
0.02385759
0.02372885
0.02402997
0.02397895
0.02377009
0.02381301
0.02375269
0.02368307
0.02356386
0.02376246
0.02373505
0.02381182
0.02379775
0.02373219
0.02381635
0.02378225
0.02372622
0.02382398
0.02370286
0.02386117
0.02365971
0.02394509
0.02378702
0.02363110
0.02381039
0.02382159
0.02384949
0.02363682
0.02384686
0.02382135
0.02379942
0.02383995
0.02376580
0.02379656
0.02372003
0.02370548
0.02380943
0.02380395
0.02363563
0.02379298
0.02380157
0.02393866
0.02382779
0.02375197
0.02382469
0.02365160
0.02379394
0.02372646
0.02371526
0.02374077
0.02370381
0.02398562
0.02375245
0.02378774
0.02383566
0.02379322
0.02377295
0.02380204
0.02363706
0.02405000
0.02405977
0.02380490
0.02374864
0.02377820
0.02387881
0.02381611
0.02378464
0.02508807
0.02388597
0.02397108
0.02381873
0.02393007
0.02380705
0.02363682
0.02381015
0.02381992
0.02376175
0.02387261
0.02377248
0.02389550
0.02375031
0.02371907
0.02361298
0.02375388
0.02371955
0.02372503
0.02373362
0.02377701
0.02370787
0.02379704
0.02385283
0.02384210
0.02360392
0.02383447
0.02377009
0.02374768
0.02371192
0.02384734
0.02387285
0.02392483
0.02377176
0.02381539
0.02365685
0.02372813
0.02381396
0.02370358
0.02370477
0.02382588
0.02378154
0.02390051
0.02371740
0.02395964
0.02383566
0.02366352
0.02375531
0.02373099
0.02383256
0.02378511
0.02377915
0.02372313
0.02356339
0.02376890
0.02378178
0.02373481
0.02371550
0.02359247
0.02375150
0.02360201
0.02396178
0.02384186
0.02377152
0.02384710
0.02400565
0.02368689
0.02370977
0.02379370
0.02375031
0.02367377
0.02366924
0.02376413
0.02376652
0.02381015
0.02397013
0.02379179
0.02385926
0.02378178
0.02374005
0.02372098
0.02380705
0.02381992
0.02374268
0.02380943
0.02378917
0.02363229
0.02376533
0.02370977
0.02383947
0.02386212
0.02379632
0.02379656
0.02394247
0.02388406
0.02412200
0.02375817
0.02382326
0.02397966
0.02376771
0.02376533
0.02375388
0.02372241
0.02378273
0.02378035
0.02382445
0.02392626
0.02402377
0.02406907
0.02377391
0.02382231
0.02384734
0.02382064
0.02410102
0.02406478
0.02391148
0.02391315
0.02372527
0.02380514
0.02397108
0.02381682
0.02384019
0.02383280
0.02380109
0.02371144
0.02374506
0.02397728
0.02381730
0.02374315
0.02362204
0.02361536
0.02378035
0.02391338
0.02376890
0.02378488
0.02372575
0.02373624
0.02377272
0.02372861
0.02377367
0.02381587
0.02380347
0.02376032
0.02390265
0.02381301
0.02371645
0.02378774
0.02375102
0.02379036
0.02374649
0.02396107
0.02383614
0.02387714
0.02378607
0.02377033
0.02377677
0.02382374
0.02387333
0.02387166
0.02394128
0.02382922
0.02377176
0.02386451
0.02368450
0.02374792
0.02383566
0.02394700
0.02392626
0.02366805
0.02378750
0.02377534
0.02395153
0.02382636
0.02391696
0.02396035
0.02384233
0.02393031
0.02386999
0.02377725
0.02385545
0.02384496
0.02392220
0.02386475
0.02384686
0.02386904
0.02383089
0.02382159
0.02390528
0.02404737
0.02395201
0.02392912
0.02380443
0.02380204
0.02396226
0.02375650
0.02386355
0.02382493
0.02374911
0.02376175
0.02381611
0.02375960
0.02370143
0.02388263
0.02378392
0.02376008
0.02372789
0.02403641
0.02383876
0.02376509
0.02380347
0.02375102
0.02380180
0.02380538
0.02401352
0.02380586
0.02376246
0.02388382
0.02390337
0.02377176
0.02400970
0.02376151
0.02375507
0.02390313
0.02368736
0.02371025
0.02380371
0.02381516
0.02401948
0.02399969
0.02379060
0.02379894
0.02383542
0.02374220
0.02381063
0.02382445
0.02381349
0.02381444
0.02376819
0.02378511
0.02382112
0.02384043
0.02385664
0.02376318
0.02378845
0.02387595
0.02360010
0.02398610
0.02378511
0.02379107
0.02421784
0.02377701
0.02384949
0.02397203
0.02395177
0.02396536
0.02379870
0.02378845
0.02377057
0.02393889
0.02394676
0.02373552
0.02400994
0.02379179
0.02375054
0.02385783
0.02384233
0.02378988
0.02391362
0.02372193
0.02377152
0.02382255
0.02377796
0.02374196
0.02408314
0.02379656
0.02380490
0.02376842
0.02399111
0.02387977
0.02377272
0.02384639
0.02381372
0.02375293
0.02380729
0.02375960
0.02393770
0.02398682
0.02382636
0.02391458
0.02383161
0.02391362
0.02388859
0.02386427
0.02393246
0.02387285
0.02406096
0.02387762
0.02398157
0.02387118
0.02388000
0.02380753
0.02382016
0.02403259
0.02384806
0.02375627
0.02378821
0.02385736
0.02390170
0.02384424
0.02370811
0.02391505
0.02381945
0.02383590
0.02378559
0.02386093
0.02380085
0.02366996
0.02400708
0.02381420
0.02384162
0.02397156
0.02388501
0.02378011
0.02383709
0.02385616
0.02385449
0.02376103
0.02383876
0.02384830
0.02386570
0.02382874
0.02380610
0.02379394
0.02387547
0.02379513
0.02377558
0.02383351
0.02387714
0.02391744
0.02398062
0.02405882
0.02384806
0.02387118
0.02380514
0.02378130
0.02383900
0.02389574
0.02395988
0.02380133
0.02394342
0.02384782
0.02392387
0.02397275
0.02392697
0.02392745
0.02377486
0.02398944
0.02382445
0.02375245
0.02343202
0.02382898
0.02378297
0.02411699
0.02374172
0.02376390
0.02391863
0.02378678
0.02387619
0.02385116
0.02379990
0.02412224
0.02382088
0.02384281
0.02389741
0.02404976
0.02409410
0.02384114
0.02387714
0.02386999
0.02386880
0.02399921
0.02384567
0.02375960
0.02395511
0.02370119
0.02379704
0.02374148
0.02375722
0.02381039
0.02383447
0.02377462
0.02383709
0.02377725
0.02380204
0.02365994
0.02380347
0.02374005
0.02377772
0.02401614
0.02385306
0.02381706
0.02386618
0.02389359
0.02383161
0.02405024
0.02382493
0.02377892
0.02382469
0.02362800
0.02370930
0.02371311
0.02380419
0.02379155
0.02378297
0.02382708
0.02380300
0.02378273
0.02389979
0.02377772
0.02378511
0.02363944
0.02384353
0.02381372
0.02395225
0.02366376
0.02381825
0.02388811
0.02389216
0.02362227
0.02391076
0.02377963
0.02367115
0.02382445
0.02376866
0.02393818
0.02380037
0.02382255
0.02384520
0.02380776
0.02400541
0.02407122
0.02384472
0.02386880
0.02378559
0.02383018
0.02371144
0.02386189
0.02382803
0.02388287
0.02395535
0.02379227
0.02373338
0.02405882
0.02384853
0.02405143
0.02366805
0.02374029
0.02379990
0.02386999
0.02377605
0.02376771
0.02378726
0.02382493
0.02402496
0.02402806
0.02372766
0.02368069
0.02376723
0.02374840
0.02369285
0.02375150
0.02375102
0.02393961
0.02389693
0.02361870
0.02378702
0.02380705
0.02379799
0.02372885
0.02375007
0.02368641
0.02389717
0.02368402
0.02376699
0.02393579
0.02368784
0.02392316
0.02366138
0.02382636
0.02361393
0.02377224
0.02400756
0.02372932
0.02362275
0.02392650
0.02365327
0.02377105
0.02377796
0.02375865
0.02385330
0.02376556
0.02380681
0.02367592
0.02373433
0.02374244
0.02370811
0.02370667
0.02375889
0.02373433
0.02378678
0.02379823
0.02376461
0.02368402
0.02372694
0.02376366
0.02371788
0.02378750
0.02383780
0.02396274
0.02382064
0.02384710
0.02377486
0.02395487
0.02375102
0.02392101
0.02386498
0.02379394
0.02370667
0.02358890
0.02366424
0.02391338
0.02395082
0.02371764
0.02370548
0.02376628
0.02369595
0.02369976
0.02374601
0.02371907
0.02394485
0.02394295
0.02368832
0.02365470
0.02362084
0.02365971
0.02372932
0.02367330
0.02360964
0.02386451
0.02366805
0.02368140
0.02369285
0.02367973
0.02387333
0.02371955
0.02371192
0.02378082
0.02377486
0.02373028
0.02377200
0.02402043
0.02367783
0.02355886
0.02384853
0.02383041
0.02373505
0.02384019
0.02374625
0.02376294
0.02371073
0.02392149
0.02377081
0.02382493
0.02383065
0.02379298
0.02375221
0.02373099
0.02357268
0.02367258
0.02366805
0.02367306
0.02369809
0.02366996
0.02371740
0.02367234
0.02388430
0.02381015
0.02365851
0.02362633
0.02367926
0.02366686
0.02370071
0.02370286
0.02371669
0.02376223
0.02397346
0.02374744
0.02390933
0.02378106
0.02383924
0.02371883
0.02386498
0.02379799
0.02399349
0.02366638
0.02362394
0.02385473
0.02381420
0.02374625
0.02372146
0.02365994
0.02395654
0.02377176
0.02373672
0.02389669
0.02388883
