0.00901985
0.02572775
0.02544594
0.02494526
0.02498341
0.02500677
0.02494526
0.02490735
0.02431178
0.02426195
0.02384877
0.02371621
0.02369881
0.02365875
0.02358222
0.02348781
0.02367091
0.02353454
0.02334237
0.02333879
0.02324390
0.02339125
0.02306795
0.02322793
0.02317214
0.02331328
0.02315784
0.02316189
0.02301717
0.02307510
0.02329469
0.02313352
0.02320814
0.02324200
0.02306843
0.02302694
0.02299023
0.02292800
0.02279615
0.02291250
0.02272820
0.02286768
0.02287340
0.02282047
0.02275610
0.02270055
0.02282119
0.02280998
0.02286243
0.02274251
0.02272844
0.02277088
0.02274299
0.02264833
0.02285123
0.02271247
0.02266884
0.02258682
0.02269816
0.02258444
0.02253604
0.02256513
0.02262831
0.02271438
0.02255917
0.02255774
0.02243924
0.02259326
0.02267432
0.02260566
0.02259135
0.02252221
0.02261448
0.02255154
0.02253079
0.02282119
0.02253580
0.02256536
0.02256536
0.02248359
0.02260303
0.02251720
0.02256370
0.02260995
0.02258587
0.02257347
0.02266359
0.02253842
0.02261686
0.02274513
0.02258062
0.02256989
0.02252936
0.02280331
0.02261782
0.02258825
0.02247262
0.02280831
0.02259970
0.02289414
0.02273321
0.02255988
0.02256036
0.02260637
0.02241611
0.02257681
0.02253628
0.02252054
0.02262044
0.02264977
0.02235603
0.02262831
0.02266574
0.02266264
0.02246571
0.02248263
0.02250838
0.02276969
0.02251172
0.02257967
0.02250266
0.02244234
0.02230215
0.02244639
0.02249432
0.02250481
0.02244616
0.02238083
0.02237654
0.02248120
0.02234149
0.02236772
0.02237034
0.02221751
0.02222013
0.02241755
0.02244878
0.02262354
0.02228665
0.02222919
0.02223897
0.02214170
0.02218461
0.02236605
0.02228045
0.02216005
0.02232885
0.02230096
0.02224612
0.02223825
0.02219462
0.02245045
0.02238131
0.02227879
0.02238297
0.02243805
0.02216959
0.02224612
0.02239799
0.02229452
0.02242827
0.02226996
0.02226067
0.02225471
0.02229857
0.02224660
0.02237058
0.02221894
0.02233696
0.02232075
0.02233815
0.02243304
0.02226305
0.02233458
0.02230191
0.02234888
0.02254081
0.02229762
0.02232623
0.02232552
0.02235293
0.02234387
0.02251816
0.02259922
0.02227187
0.02250290
0.02242517
0.02237916
0.02247643
0.02252793
0.02245593
0.02243352
0.02242684
0.02242875
0.02246976
0.02252126
0.02252102
0.02265382
0.02254605
0.02254772
0.02248693
0.02253556
0.02255797
0.02263618
0.02275181
0.02246237
0.02255344
0.02255154
0.02255917
0.02258873
0.02257848
0.02252841
0.02267957
0.02262139
0.02267790
0.02267504
0.02260971
0.02264619
0.02261019
0.02254748
0.02269626
0.02245045
0.02260900
0.02270794
0.02264452
0.02263832
0.02278137
0.02267051
0.02267623
0.02267766
0.02291369
0.02277875
0.02288938
0.02289867
0.02275991
0.02281427
0.02267742
0.02263808
0.02273989
0.02276826
0.02284789
0.02273512
0.02279973
0.02282262
0.02282667
0.02323651
0.02270865
0.02262354
0.02284098
0.02286148
