0.01017952
0.02513742
0.02397990
0.02372241
0.02365327
0.02363610
0.02385545
0.02391744
0.02370834
0.02366066
0.02377081
0.02343249
0.02352333
0.02332211
0.02341461
0.02321029
0.02323937
0.02324820
0.02327752
0.02321458
0.02329445
0.02313256
0.02325988
0.02331305
0.02337503
0.02299213
0.02329254
0.02338958
0.02338743
0.02321649
0.02324629
0.02327108
0.02319479
0.02325726
0.02321911
0.02329159
0.02321196
0.02324891
0.02405429
0.02369857
0.02344728
0.02345586
0.02341723
0.02367139
0.02344942
0.02365947
0.02346325
0.02335429
0.02343988
0.02342534
0.02334881
0.02340055
0.02357483
0.02363229
0.02368164
0.02365351
0.02363133
0.02368903
0.02361131
0.02372646
0.02369952
0.02357054
0.02370715
0.02363563
0.02340412
0.02350402
0.02355433
0.02358341
0.02356529
0.02375746
0.02361941
0.02358174
0.02364326
0.02355409
0.02342796
0.02349758
0.02339005
0.02353311
0.02353692
0.02339482
0.02359748
0.02358723
0.02373457
0.02360010
0.02349520
0.02357173
0.02365136
0.02355504
0.02365017
0.02356577
0.02355242
0.02349234
0.02346087
0.02357483
0.02352810
0.02361894
0.02348399
0.02378488
0.02360058
0.02365923
0.02357197
0.02363205
0.02356076
0.02370667
0.02352977
0.02343106
0.02341485
0.02386856
0.02368093
0.02355027
0.02351022
0.02364993
0.02354956
0.02358913
0.02351141
0.02352357
0.02363801
0.02361679
0.02352381
0.02351165
0.02361417
0.02350140
0.02350497
0.02347755
0.02355766
0.02343345
0.02344728
0.02338409
0.02351069
0.02362108
0.02409244
0.02372861
0.02378511
0.02352929
0.02357244
0.02359462
0.02379680
0.02363896
0.02362895
0.02367187
0.02359033
0.02348638
0.02358341
0.02346516
0.02369928
0.02371526
0.02369332
0.02374530
0.02371073
0.02372932
0.02369452
0.02366948
0.02371836
0.02386236
0.02368426
0.02371979
0.02365112
0.02374029
0.02374148
0.02365422
0.02377987
0.02373576
0.02386904
0.02367377
0.02372050
0.02392364
