0.00934792
0.02332592
0.02257967
0.02189660
0.02185750
0.02182865
0.02174354
0.02190304
0.02174592
0.02178478
0.02165389
0.02167773
0.02175856
0.02171135
0.02164459
0.02170348
0.02170134
0.02193856
0.02185416
0.02170038
0.02167559
0.02173662
0.02165389
0.02167225
0.02158594
0.02164888
0.02158022
0.02151895
0.02174258
0.02194381
0.02170348
0.02175641
0.02187991
0.02158117
0.02172303
0.02167511
0.02169347
0.02177668
0.02182555
0.02168536
0.02181602
0.02154493
0.02165532
0.02162337
0.02163243
0.02158976
0.02156806
0.02162647
0.02153444
0.02166724
0.02162385
0.02149892
0.02161956
0.02153516
0.02154207
0.02161646
0.02155709
0.02161002
0.02160978
0.02159238
0.02163410
0.02149534
0.02151179
0.02162075
0.02152777
0.02145219
0.02152038
0.02163744
0.02147126
0.02163553
0.02152419
0.02147317
0.02152944
0.02148223
0.02141738
0.02149987
0.02145267
0.02147698
0.02148366
0.02146292
0.02151012
0.02164364
0.02148247
0.02172899
