0.01189399
0.02642441
0.02512074
0.02466345
0.02479649
0.02506304
0.02502084
0.02482367
0.02471328
0.02468491
0.02479935
0.02489567
0.02489066
0.02470255
0.02474737
0.02493548
0.02484202
0.02478814
0.02494860
0.02482653
0.02467489
0.02483106
0.02481341
0.02474546
0.02483582
0.02476335
0.02483153
0.02479458
0.02498794
0.02502632
0.02497530
0.02504039
0.02494550
0.02502203
0.02500248
0.02492046
0.02482891
0.02480221
0.02499175
0.02481532
0.02491879
0.02491379
0.02493024
0.02504659
0.02502823
0.02507138
0.02495289
0.02494073
0.02494383
0.02497363
0.02515316
0.02520084
0.02513838
0.02506971
0.02507281
0.02518106
0.02516079
0.02518177
0.02502561
0.02474427
0.02494764
0.02485681
0.02492499
0.04562259
0.02669954
0.02495170
0.02658463
0.02502847
0.02667475
0.02523971
0.02535176
0.02523017
0.02506971
0.02662635
0.02502537
0.02652740
0.02513194
0.02518153
0.02511859
0.02535367
0.02661014
0.02512884
0.02492952
0.02503276
0.02513671
0.02657771
0.02506924
0.02500224
0.02506232
0.02516031
0.02672648
0.02537346
0.02684402
0.02519512
0.02535653
0.02523017
0.02512479
0.02536130
0.02683783
0.02668524
0.02523732
0.02523708
0.02532506
0.02521253
0.02530766
0.02519369
0.02698350
0.02530313
0.02542043
0.02526426
0.02524686
0.02683544
0.02523780
0.02537775
0.02519345
0.02534604
0.02695131
0.02524352
0.02767372
0.02521968
0.02544689
0.02535129
0.02513719
0.02670884
0.02515316
0.02502298
0.02516484
0.02515578
0.02710319
0.02509975
0.02534842
0.02548289
0.02558851
0.02672529
0.02531385
0.02778578
0.02520919
0.02527499
0.02524281
0.02545524
0.02527428
0.02522564
0.02522683
0.02552271
0.02527356
0.02532911
0.02541447
0.02518034
0.02527976
0.02516246
0.02553678
0.02524543
0.02532482
0.02527642
0.02739477
0.02530432
0.02544785
0.02716279
0.02510428
0.02755094
0.02537346
0.02724624
0.02544093
0.02533031
0.02653742
0.02529669
0.02727294
0.02538896
0.02730441
0.02547479
0.02521181
0.02519608
0.02529550
0.02723002
0.02534008
0.02739859
0.02533674
0.02528811
0.02533364
0.02542448
0.02721620
0.02537918
0.02721095
0.02532315
0.02530289
0.02541375
0.02545500
0.02728796
0.02561498
0.02754831
0.02550173
0.02546978
0.02657461
0.02540851
0.02550626
0.02587557
0.02629066
0.02616525
0.02620959
0.02634144
0.02615213
0.02629352
0.02618408
0.02650428
0.02622056
0.02624989
0.02634263
0.02615952
0.02621937
0.02609515
0.02549434
0.02554846
0.02563047
0.02584624
0.02557421
0.02560592
0.02543855
0.02552271
0.02558708
0.02557206
0.02548814
0.02575994
0.02551818
0.02551246
0.02550769
0.02557874
0.02549815
0.02704549
