0.00884032
0.02676368
0.02840137
0.02716136
0.02712917
0.02727866
0.02715540
0.02695227
0.02690935
0.02680898
0.02689171
0.02680349
0.02704048
0.02711129
0.02710080
0.02707338
0.02725911
0.02739358
0.02719665
0.02675700
0.02638674
0.02604580
0.02607012
0.02593422
0.02568126
0.02578974
0.02597833
0.02593756
0.02600980
0.02586555
0.02634907
0.02613544
0.02612925
0.02623820
0.02633739
0.02607369
0.02633309
0.02660751
0.02668428
0.02676749
0.02681231
0.02636981
0.02627492
0.02605510
0.02598310
0.02610612
0.02616739
0.02597713
0.02574110
0.02584648
0.02622724
0.02591205
0.02579713
0.02584863
0.02574539
0.02577066
0.02558780
0.02550554
0.02558756
0.02566791
0.02555013
0.02582002
0.02590752
0.02596593
0.02610159
0.02617860
0.02608061
0.02589679
0.02593112
0.02575660
0.02561760
0.02620721
0.02612543
0.02609253
0.02580547
0.02585387
0.02563739
0.02582932
0.02593327
0.02570343
0.02566767
0.02562094
0.02544522
0.02549553
0.02515197
0.02519274
0.02520943
0.02491975
0.02523518
0.02528596
0.02528811
0.02540779
0.02530837
0.02541637
0.02556205
0.02548599
0.02550817
0.02539730
0.02562237
0.02531266
0.02535462
0.02530217
0.02523112
0.02513027
0.02522922
0.02531958
0.02535415
0.02531195
0.02521658
0.02512574
0.02497506
0.02501845
0.02496266
0.02499604
0.02495956
0.02481532
0.02477074
0.02512479
0.02500176
0.02486038
0.02509999
0.02500534
0.02510238
0.02492666
0.02493095
0.02497268
0.02491069
0.02481937
0.02496338
0.02488089
0.02502894
0.02524662
0.02506089
0.02540112
0.02507210
0.02515531
0.02510810
0.02511263
0.02504349
0.02497697
0.02474952
0.02485657
0.02494717
0.02487087
0.02491760
0.02503538
0.02508402
0.02499986
0.02503991
0.02520466
0.02530026
0.02547145
0.02549434
0.02552772
0.02542806
0.02544475
0.02547002
0.02548480
0.02565098
0.02564740
0.02565336
0.02545691
0.02534556
0.02521420
0.02513409
0.02517176
0.02524877
0.02526879
0.02535629
0.02528358
0.02507567
0.02503777
0.02503014
0.02501178
0.02498674
0.02522445
0.02485514
0.02474737
0.02485466
0.02469707
0.02419758
0.02388501
0.02392173
0.02383447
0.02385783
0.02395844
0.02383232
0.02391934
0.02400875
0.02377629
0.02395511
0.02407098
0.02396345
0.02388740
0.02397346
0.02419043
0.02410603
0.02398944
0.02406979
0.02391720
0.02387762
0.02391934
0.02378821
0.02375579
0.02380466
0.02382469
0.02362633
0.02396798
0.02387238
0.02365255
0.02383685
0.02387500
0.02386785
0.02393317
0.02405024
0.02417278
0.02403641
0.02454972
0.02483439
0.02481127
0.02507472
0.02522326
0.02523422
0.02536726
0.02545214
0.02577972
0.02553272
0.02553797
0.02578616
0.02577424
0.02587891
0.02572799
0.02567458
0.02559257
0.02551413
0.02531219
0.02534151
0.02519178
0.02507544
0.02526784
0.02543283
0.02544498
0.02549624
0.02567029
0.02567744
0.02571940
0.02595663
0.02612638
0.02572107
0.02565002
0.02573609
0.02582574
0.02588391
0.02581406
0.02599931
0.02595687
0.02605700
0.02611375
0.02597547
0.02595472
0.02575064
0.02571583
0.02558708
0.02550507
0.02549195
0.02537251
0.02554417
0.02547431
0.02571201
0.02543855
0.02560306
0.02557087
0.02555728
0.02534890
0.02538228
0.02534533
0.02529383
0.02514935
0.02501607
0.02498555
0.02492404
0.02500176
0.02520347
0.02531981
0.02527618
0.02525926
0.02522206
0.02518272
0.02529216
0.02511001
0.02500558
0.02494478
0.02500820
0.02496147
0.02494931
0.02466393
0.02447438
0.02494669
0.02487588
0.02459145
0.02414918
0.02408934
0.02407885
0.02423429
0.02427554
0.02412033
0.02440119
0.02422881
0.02413225
0.02408600
0.02412677
0.02425694
0.02447152
0.02418303
0.02419138
0.02407455
0.02413726
0.02419472
0.02412581
0.02416158
0.02415347
0.02412987
0.02425075
0.02412152
0.02415895
0.02399778
0.02381015
0.02391076
0.02387524
0.02368283
0.02412844
0.02396393
0.02391267
0.02393627
0.02391696
0.02386522
0.02396488
0.02404428
0.02406287
0.02395058
0.02416873
0.02411270
0.02421641
0.02418065
0.02408624
0.02413988
0.02406049
0.02410865
0.02397776
0.02391624
0.02421594
0.02388573
0.02395821
0.02387857
0.02413416
0.02387261
0.02385473
0.02383685
0.02381754
0.02381015
0.02389884
0.02397609
0.02376890
0.02389550
0.02379584
0.02390170
0.02392030
0.02379584
0.02404761
0.02381253
0.02375484
0.02389979
0.02379560
0.02373338
0.02551293
0.02363896
0.02363396
0.02347136
0.02343631
0.02340293
0.02325726
0.02318859
0.02335596
0.02320957
0.02318859
0.02324677
0.02300644
0.02306819
0.02313328
0.02309299
0.02306819
0.02303314
0.02302980
0.02304864
0.02309918
0.02284503
0.02293658
0.02285576
0.02286601
0.02302194
0.02272558
0.02282929
0.02283931
0.02284908
0.02282238
0.02292132
0.02281570
0.02289462
0.02289796
0.02283955
0.02288103
0.02291131
0.02285290
0.02290821
0.02279401
0.02273440
0.02295780
0.02297163
0.02317977
0.02290392
0.02287221
0.02277160
0.02289009
0.02277136
0.02279830
0.02288532
0.02265429
0.02279902
0.02276325
0.02271080
0.02282023
0.02274179
0.02298164
0.02278829
0.02275729
