0.01080990
0.02728510
0.02602506
0.02535701
0.02547431
0.02554178
0.02541208
0.02545118
0.02544165
0.02550435
0.02528000
0.02525377
0.02564979
0.02529812
0.02557302
0.02542877
0.02543974
0.02559614
0.02536416
0.02532339
0.02526879
0.02543354
0.02550888
0.02529979
0.02536869
0.02529526
0.02524471
0.02530336
0.02516341
0.02535176
0.02524137
0.02518845
0.02532601
0.02527714
0.02542090
0.02547836
0.02537107
0.02541256
0.02537727
0.02541518
0.02544212
0.02527499
0.02539754
0.02532506
0.02539062
0.02535462
0.02550673
0.02539325
0.02557683
0.02534318
0.02537966
0.02530265
0.02538157
0.02527022
0.02536559
0.02536035
0.02551675
0.02518725
0.02542114
0.02539825
0.02539659
0.02540898
0.02545309
0.02534485
0.02533960
0.02539802
0.02539754
0.02542186
0.02540255
0.02548862
0.02538848
0.02536678
0.02531314
0.02535248
0.02536559
0.02528644
0.02537203
0.02536130
0.02529359
0.02534366
0.02512360
0.02533245
0.02536416
0.02535605
0.02556825
0.02533174
0.02543116
0.02531028
0.02534628
0.02545762
0.02538204
0.02537107
0.02558684
0.02597642
0.02588964
0.02536535
0.02536225
0.02536082
0.02540851
0.02539802
0.02529430
0.02537727
0.02539206
0.02541971
0.02530956
0.02532554
0.02526307
0.02534151
0.02519441
0.02539086
0.02552152
0.02522755
0.02524090
0.02527189
0.02529287
0.02526259
0.02525830
0.02529550
0.02526188
0.02530980
0.02525520
0.02527905
0.02554202
0.02526975
0.02534580
0.02510858
0.02548265
0.02526546
0.02524686
0.02523184
0.02531934
0.02523756
0.02538443
0.02530336
0.02515817
0.02522588
0.02518272
0.02527738
0.02522039
0.02521229
0.02532434
0.02542114
0.02531767
0.02538896
0.02510619
0.02535057
0.02533841
0.02536798
0.02524948
0.02524447
0.02538657
0.02522230
0.02535343
0.02536106
0.02550316
0.02568960
0.02539301
0.02523780
0.02539206
0.02551508
0.02535391
0.02542067
0.02548575
0.02546525
0.02535391
0.02540779
0.02537036
0.02537346
0.02538347
0.02539849
0.02524471
0.02520037
0.02540874
0.02539182
0.02540326
