0.00911808
0.02616262
0.02438140
0.02381611
0.02417493
0.02395248
0.02397013
0.02346897
0.02309847
0.02309608
0.02297688
0.02295756
0.02296424
0.02288961
0.02289867
0.02284718
0.02292180
0.02277946
0.02285147
0.02283263
0.02280879
0.02285671
0.02280164
0.02277875
0.02285671
0.02307200
0.02304888
0.02316046
0.02343488
0.02345347
0.02357936
0.02361417
0.02381492
0.02367663
0.02375603
0.02377224
0.02386451
0.02381277
0.02388430
0.02404237
0.02398896
0.02393985
0.02415085
0.02392030
0.02408338
0.02411413
0.02388191
0.02410197
0.02412176
0.02415967
0.02418661
0.02412128
0.02424455
0.02430248
0.02417946
0.02443600
0.02452636
0.02489090
0.02513456
0.02514529
0.02523112
0.02530789
0.02526522
0.02528811
0.02524185
0.02530575
0.02526355
0.02521276
0.02496767
0.02473164
0.02454281
0.02496266
0.02525640
0.02510405
0.02512002
0.02524352
0.02512789
0.02503371
0.02524734
0.02516699
0.02522802
0.02500844
0.02485156
0.02494645
0.02482486
0.02480173
0.02440953
0.02406931
0.02419090
0.02403927
0.02408218
0.02405214
0.02388978
0.02383041
0.02390075
0.02369952
0.02376676
0.02362418
0.02354455
0.02348351
0.02361441
0.02347684
0.02313447
0.02314329
0.02309132
0.02333260
0.02331114
0.02344799
0.02325082
0.02319050
0.02312183
0.02311587
0.02319479
0.02312565
0.02316666
0.02329040
0.02312136
0.02319360
0.02306890
0.02330041
0.02317023
0.02311707
0.02323771
0.02328348
0.02331018
0.02330256
0.02337456
0.02338505
0.02331901
0.02353263
0.02322388
0.02355886
0.02337313
0.02349544
0.02354527
0.02352095
0.02365375
0.02348185
0.02376318
0.02355599
0.02352810
0.02350950
0.02355504
0.02347374
0.02357125
0.02352238
0.02355480
0.02378726
0.02351451
0.02357411
0.02354670
0.02341795
0.02349591
0.02344894
0.02339983
0.02367997
0.02350140
0.02352142
0.02353024
0.02360702
0.02351665
0.02358580
0.02352238
0.02361608
0.02371192
0.02373481
0.02385807
0.02387547
0.02370095
0.02400494
0.02394438
0.02375865
0.02413750
0.02350187
0.02417707
0.02393508
0.02404046
0.02389693
0.02401662
0.02384758
0.02401137
0.02386022
0.02372122
0.02404237
0.02404261
0.02398777
0.02406454
0.02405572
0.02411675
0.02430129
0.02435637
0.02440572
0.02437782
0.02502322
0.02521014
0.02526617
0.02537179
0.02550840
0.02541137
0.02528811
0.02523851
0.02526021
0.02533197
0.02533340
0.02520394
0.02535105
0.02533317
0.02521825
0.02510071
0.02526426
0.02520204
0.02516270
0.02507234
0.02524710
0.02535510
0.02535486
0.02512312
0.02545762
0.02564692
0.02546763
0.02530980
0.02543449
0.02566123
0.02562237
0.02561998
0.02575350
0.02562213
0.02566242
0.02570987
0.02563000
0.02555060
0.02555132
0.02541327
0.02551007
0.02553535
0.02589726
0.02567959
0.02566981
0.02568388
0.02561069
0.02577090
0.02564621
0.02572274
0.02565312
0.02564907
0.02563596
0.02550030
0.02548409
0.02546597
0.02544951
0.02536964
0.02537823
0.02566957
0.02552724
0.02530837
0.02549291
0.02557588
0.02521372
0.02497745
0.02442884
0.02436876
0.02451444
0.02429867
0.02431536
0.02433300
0.02434540
0.02443695
0.02423406
0.02411914
0.02420020
0.02412462
