0.01075983
0.03094220
0.02909517
0.02848434
0.02864432
0.02843666
0.02809572
0.02816987
0.02800155
0.02799153
0.02809525
0.02817416
0.02801561
0.02767515
0.02764368
0.02778888
0.02768254
0.02760172
0.02745938
0.02730131
0.02757311
0.02717090
0.02655196
0.02623963
0.02648902
0.02624178
0.02627206
0.02627659
0.02613735
0.02605891
0.02613306
0.02605414
0.02602100
0.02598453
0.02582908
0.02590132
0.02598310
0.02582574
0.02567649
0.02592564
0.02585340
0.02578998
0.02581692
0.02564764
0.02573204
0.02567220
0.02580738
0.02577281
0.02563596
0.02574253
0.02566409
0.02571011
0.02580333
0.02551794
0.02570200
0.02531433
0.02546144
0.02541542
0.02523327
0.02517438
0.02514410
0.02517939
0.02517772
0.02528644
0.02531052
0.02530932
0.02533698
0.02536464
0.02546334
0.02529478
0.02549601
0.02553034
0.02557182
0.02555752
0.02556849
0.02562952
0.02547503
0.02548075
0.02545762
0.02539682
0.02548885
0.02550697
0.02541208
0.02530217
0.02528524
0.02519345
0.02522707
0.02517915
0.02527165
0.02509856
0.02539039
0.02552438
0.02556610
0.02544308
0.02540565
0.02537584
0.02527118
0.02566528
0.02551460
0.02543139
0.02577758
0.02548194
0.02539277
0.02542114
0.02538633
0.02533484
0.02529907
0.02520275
0.02545166
0.02528167
0.02545929
0.02536607
0.02545261
0.02537847
0.02556610
0.02550316
0.02519965
0.02535868
0.02564335
0.02549624
0.02555418
0.02573085
0.02548265
0.02566099
0.02549386
0.02552891
0.02551103
0.02548146
0.02544880
0.02544451
0.02547956
0.02552962
0.02533317
0.02543807
0.02533531
0.02529478
0.02534628
0.02538538
0.02546811
0.02525663
0.02535057
0.02564096
0.02550316
0.02532768
0.02537894
0.02551699
0.02554178
0.02549553
0.02549839
0.02531767
0.02528429
0.02545834
0.02546597
0.02568078
0.02551413
0.02546144
0.02558470
0.02559614
0.02559519
0.02551603
0.02564549
0.02561808
0.02545214
0.02550340
0.02548385
0.02554417
0.02548337
0.02548528
0.02549911
0.02546501
0.02559853
0.02553844
0.02550387
0.02558732
0.02559423
0.02557206
0.02561235
0.02544117
0.02557063
0.02544165
0.02542186
0.02547812
0.02540135
0.02563286
0.02557039
0.02543688
0.02544618
0.02538776
0.02561831
0.02560258
0.02558303
0.02565742
0.02558017
0.02561235
0.02566600
0.02556658
0.02574515
0.02578163
0.02566099
0.02567816
0.02569652
0.02571440
0.02565479
0.02550602
0.02551985
0.02545381
0.02550960
0.02555823
0.02548146
0.02564263
0.02564526
0.02558708
0.02568913
0.02570724
0.02582932
0.02565813
0.02568316
0.02595043
0.02570605
0.02584887
0.02582550
0.02563715
0.02574325
0.02557468
0.02570653
0.02557158
0.02554631
0.02611136
0.02562881
0.02553511
0.02567482
0.02577257
0.02551270
0.02556252
0.02555346
0.02546287
0.02553511
0.02569222
0.02551174
0.02564812
0.02552891
0.02568054
0.02541780
0.02555084
0.02562308
0.02553225
0.02573943
0.02573776
0.02558875
0.02573538
0.02564931
0.02588940
0.02569747
0.02608371
0.02635288
0.02604485
0.02599573
0.02609158
0.02619815
0.02608800
0.02590179
0.02600265
0.02596402
0.02590442
0.02591777
0.02586555
0.02591896
0.02596712
0.02588129
0.02591991
0.02580142
0.02569604
0.02562475
0.02558875
0.02576351
0.02560258
0.02558208
0.02569985
0.02566719
0.02556729
0.02548456
0.02544618
0.02549744
0.02567816
0.02561021
0.02561307
0.02557373
0.02571225
0.02573848
0.02562714
0.02569628
0.02562261
0.02574372
0.02558231
0.02569294
0.02555561
0.02575970
0.02576423
0.02568483
0.02580500
0.02579951
0.02572584
0.02580166
0.02572727
0.02578545
0.02580690
0.02578282
0.02574921
0.02586174
0.02582264
0.02569652
0.02584577
0.02577615
0.02571392
0.02569294
0.02590728
0.02577424
0.02581644
0.02576160
0.02580833
0.02572513
0.02569962
0.02582383
0.02563190
0.02578402
0.02571177
0.02549124
0.02573872
0.02562284
0.02569079
0.02565241
0.02568555
0.02571034
0.02563596
0.02602911
0.02573013
0.02568507
0.02569294
0.02564263
0.02572036
0.02569222
0.02567840
0.02571797
0.02576828
0.02578545
0.02577686
0.02593613
0.02586055
0.02606058
0.02595210
0.02605891
0.02609992
0.02610159
0.02647114
0.02688885
0.02688074
0.02682805
0.02652860
0.02616978
0.02609110
0.02586102
0.02612829
0.02589107
0.02579451
0.02573085
0.02583766
0.02564502
0.02575302
0.02565503
0.02560139
0.02555346
0.02561784
0.02557659
0.02554798
0.02568126
0.02544045
0.02536893
0.02528143
0.02533603
0.02523255
0.02538228
0.02527618
0.02538395
0.02541900
0.02517891
0.02533722
0.02519774
0.02517295
0.02532029
0.02514815
0.02529383
0.02521038
0.02523732
0.02511168
0.02520227
0.02516222
0.02513599
0.02521062
0.02506518
0.02524281
0.02500963
0.02515268
0.02510571
0.02487350
0.02514696
0.02496958
0.02495980
0.02492118
0.02519107
0.02537417
0.02507496
0.02510214
0.02510095
0.02517486
0.02513838
0.02515578
0.02511477
0.02530384
0.02525020
0.02522445
0.02525330
0.02523112
0.02536225
0.02511454
0.02524757
0.02518225
0.02513385
0.02522469
0.02518630
0.02522874
0.02510023
0.02503061
0.02510405
0.02501440
0.02498507
0.02505469
0.02504039
0.02511644
0.02507186
0.02513385
0.02535105
0.02501607
0.02497792
0.02512097
0.02509475
0.02517080
0.02501726
0.02502275
0.02498174
0.02504539
0.02500963
0.02502751
0.02503896
0.02501822
0.02510500
0.02526259
0.02500558
0.02501225
0.02505112
0.02509952
0.02526903
0.02525973
0.02525282
0.02540803
0.02514338
0.02513337
0.02520561
0.02520704
0.02529263
0.02510285
0.02501059
0.02511406
0.02506065
0.02518487
0.02501869
0.02510810
0.02511191
0.02517343
0.02516031
0.02512431
0.02510095
0.02521253
0.02522492
0.02530384
0.02518296
0.02543449
0.02522898
0.02526426
0.02529335
0.02529669
0.02523232
0.02533579
0.02528381
0.02549362
0.02543306
0.02547717
0.02542377
0.02539825
0.02548885
0.02548242
0.02556109
0.02552795
0.02547026
0.02546453
0.02562881
0.02536774
0.02556634
0.02552938
0.02544451
0.02556205
0.02530026
0.02547979
0.02542853
0.02557921
0.02532125
0.02526855
0.02530456
0.02515507
0.02534533
0.02528715
0.02529716
0.02537298
0.02524090
0.02536368
0.02532506
0.02534747
0.02550459
0.02547145
0.02540636
0.02551794
0.02563667
0.02547479
0.02533746
0.02563119
0.02545071
0.02541351
0.02541971
0.02543378
0.02573180
0.02543020
0.02544570
0.02539420
0.02547956
0.02555609
0.02554965
0.02539992
0.02536893
0.02540326
0.02545977
0.02558041
0.02565908
0.02568507
0.02564716
0.02560019
0.02573466
0.02558184
0.02547503
0.02562213
0.02556157
0.02553201
0.02570653
0.02561617
0.02563691
0.02564430
0.02567720
0.02552152
0.02570009
0.02581596
0.02581954
