0.00786185
0.02413273
0.02484870
0.02413869
0.02377796
0.02407980
0.02385163
0.02384734
0.02382827
0.02380943
0.02375460
0.02384281
0.02383447
0.02387929
0.02386570
0.02375436
0.02380157
0.02381849
0.02382684
0.02383947
0.02377701
0.02389789
0.02391267
0.02380109
0.02394605
0.02400470
0.02384973
0.02385020
0.02381587
0.02380300
0.02386332
0.02394867
0.02382159
0.02370572
0.02392769
0.02386045
0.02383828
0.02374840
0.02386260
0.02402806
0.02396917
0.02387857
0.02379560
0.02388930
0.02395749
0.02394223
0.02395940
0.02381277
0.02367306
0.02375889
0.02379751
0.02378607
0.02374721
0.02373695
0.02379465
0.02382183
0.02362132
0.02381778
0.02398062
0.02370358
0.02368617
0.02403331
0.02374721
0.02379680
0.02372408
0.02383089
0.02369213
0.02375150
0.02379680
0.02381063
0.02377176
0.02392936
0.02402520
0.02395916
0.02377248
0.02383399
0.02371764
0.02361894
0.02363944
0.02362585
0.02358651
0.02360511
0.02349162
0.02345157
0.02356339
0.02327824
0.02349305
0.02332687
0.02320695
0.02321625
0.02311754
0.02303720
0.02322578
0.02299261
0.02291560
0.02290297
0.02276993
0.02280736
0.02279425
0.02264333
0.02277517
0.02267814
0.02266002
0.02281022
0.02251935
0.02277732
0.02257562
0.02259445
0.02247953
0.02257657
0.02259874
0.02246284
0.02246118
0.02238345
0.02249384
0.02245259
0.02234650
0.02229428
0.02241945
0.02240562
0.02242994
0.02231956
0.02226615
0.02234387
0.02219772
0.02221942
0.02234221
0.02228117
0.02227402
0.02275991
0.02237511
0.02237272
0.02231002
0.02226472
0.02229381
0.02235508
0.02237201
0.02243638
0.02227402
0.02225327
0.02239347
0.02228642
0.02228141
0.02232409
0.02230263
0.02238607
0.02229500
0.02225924
0.02246404
0.02236223
0.02227116
0.02223802
0.02254558
0.02245593
0.02247548
0.02332950
0.02271390
0.02261877
0.02279305
0.02266431
0.02287555
0.02270150
0.02284837
0.02291918
0.02295256
0.02300739
0.02285671
0.02311134
0.02316523
0.02346325
0.02327037
0.02343512
0.02347636
0.02336812
0.02328658
0.02364326
0.02362871
0.02364302
0.02368927
0.02372527
0.02377725
0.02378750
0.02378011
0.02374268
0.02374792
0.02376747
0.02388811
0.02373147
0.02383995
0.02378917
0.02375460
0.02373505
0.02373910
0.02374482
0.02369523
0.02527523
0.02362823
0.02335763
0.02343416
0.02341580
0.02352381
0.02343965
0.02337360
0.02365208
0.02340913
0.02342558
0.02347136
0.02371097
0.02353072
0.02366066
0.02369976
0.02365541
0.02363563
0.02369070
0.02371526
0.02355742
0.02366614
0.02354217
0.02337575
0.02346253
0.02352977
0.02352571
0.02354002
0.02380800
0.02358747
0.02357602
0.02358174
0.02354360
0.02360868
0.02355075
0.02366662
0.02356982
0.02341151
0.02341533
0.02341914
0.02339888
0.02354646
0.02347946
0.02345681
0.02361250
0.02343202
0.02342200
0.02356601
0.02339554
0.02357984
0.02336693
0.02338552
0.02352428
0.02349067
0.02336478
0.02367544
0.02351117
0.02329898
0.02347994
0.02365899
0.02365708
0.02353334
0.02354050
0.02354956
0.02357197
0.02355576
0.02376723
0.02349734
0.02361155
0.02354932
0.02354050
0.02356148
0.02355838
0.02345753
0.02350521
0.02347136
0.02339721
0.02350354
0.02336907
0.02338338
0.02328396
0.02330875
0.02343965
0.02314377
0.02335119
0.02305079
0.02318120
0.02304673
0.02299762
0.02282500
0.02272749
0.02291059
0.02269530
0.02277470
0.02269030
0.02262926
0.02261138
0.02257919
0.02247977
0.02272272
0.02251792
0.02255726
0.02250171
0.02241826
0.02247047
0.02249622
0.02242613
0.02236032
0.02240682
0.02234650
0.02243829
0.02227616
0.02239943
0.02234435
0.02231431
0.02253294
0.02234483
0.02220440
0.02224112
0.02230620
0.02226830
0.02246714
0.02224684
0.02216840
0.02224684
0.02224469
0.02218318
0.02216554
0.02216125
0.02210927
0.02214289
0.02220201
0.02210784
0.02228904
0.02210712
0.02209568
0.02220607
0.02212119
0.02217293
0.02213383
0.02224541
0.02207685
0.02218938
0.02220035
0.02223206
0.02217865
0.02220964
0.02210784
0.02216744
0.02220035
0.02212453
0.02210689
0.02204323
0.02210879
0.02232480
0.02209187
0.02192903
0.02210546
0.02206588
0.02233100
0.02226973
0.02185369
0.02219105
0.02213812
0.02209878
0.02213120
0.02210426
0.02206111
0.02222300
0.02206922
0.02210140
0.02221322
0.02215886
0.02217817
0.02222753
0.02222991
0.02221227
0.02218986
0.02228236
0.02215242
0.02251101
0.02229047
0.02227736
0.02248383
0.02268076
0.02282643
0.02254367
0.02255988
0.02265024
0.02265167
0.02262735
0.02259231
0.02267361
0.02279568
0.02268100
0.02282715
0.02284122
0.02316213
0.02295876
0.02303314
0.02319050
0.02308941
0.02325726
0.02328825
0.02323008
0.02320600
0.02318430
0.02314758
0.02333164
0.02335811
0.02328920
0.02328444
0.02324343
0.02331233
0.02339983
0.02337313
0.02325320
0.02322268
0.02303886
0.02322340
0.02307796
0.02338934
0.02293563
0.02303410
0.02306199
0.02316165
0.02304459
0.02315569
0.02295780
0.02306461
0.02313209
0.02316284
0.02311420
0.02319074
0.02318144
0.02313805
0.02319098
0.02319050
0.02314043
0.02308416
0.02306795
0.02316022
0.02320576
0.02323532
0.02313733
0.02316141
0.02313924
0.02324343
0.02316523
0.02324224
0.02316356
0.02312303
0.02302933
0.02319694
0.02315402
0.02316928
0.02317405
0.02310133
0.02333617
0.02312708
0.02323532
0.02302647
0.02307773
0.02308369
0.02312613
0.02312279
0.02317452
0.02316880
0.02313495
0.02318382
0.02318859
0.02338433
0.02323699
0.02325654
0.02332759
0.02325296
0.02326798
