0.00955343
0.02452111
0.02383614
0.02322674
0.02347565
0.02319336
0.02314878
0.02318311
0.02316666
0.02320743
0.02317429
0.02313256
0.02318382
0.02315259
0.02301121
0.02339649
0.02311563
0.02317739
0.02331018
0.02318263
0.02335024
0.02321339
0.02325916
0.02332115
0.02335477
0.02328205
0.02330542
0.02326846
0.02331328
0.02320910
0.02313232
0.02321792
0.02325082
0.02317619
0.02324438
0.02322602
0.02321243
0.02322268
0.02328205
0.02332067
0.02343035
0.02314401
0.02344561
0.02330899
0.02337146
0.02325416
0.02340746
0.02313542
0.02309394
0.02330613
0.02349806
0.02329135
0.02318096
0.02304816
0.02319527
0.02319193
0.02309561
0.02310348
0.02314544
0.02320313
0.02315855
0.02306581
0.02318573
0.02299023
0.02312088
0.02303362
0.02340317
0.02316904
0.02305293
0.02313399
0.02311659
0.02309942
0.02313399
0.02309918
0.02312207
0.02309847
0.02305675
0.02299953
0.02294397
0.02302289
0.02328277
0.02312374
0.02311826
0.02305031
0.02308226
0.02302670
0.02313375
0.02309299
0.02313519
0.02317739
0.02311826
0.02315521
0.02316070
0.02315521
0.02310920
0.02326274
0.02307558
0.02311587
0.02312660
0.02319193
0.02305102
0.02296782
0.02337766
0.02318168
0.02307129
0.02293515
0.02321434
0.02306581
0.02304125
0.02305913
0.02303195
0.02328634
0.02338099
0.02300477
0.02300000
0.02287078
0.02278876
0.02298951
0.02288508
0.02309537
0.02293754
0.02284455
0.02297544
0.02289510
0.02285933
0.02284956
0.02283478
0.02266383
0.02291775
0.02281356
0.02281570
0.02325749
0.02294946
0.02304435
0.02285409
0.02280426
0.02311277
0.02273774
0.02277565
0.02286434
0.02296495
0.02287817
0.02281713
0.02282834
0.02296114
0.02294135
0.02293897
0.02289987
0.02306604
0.02302670
0.02305961
0.02295280
0.02298689
0.02285480
0.02295566
0.02293253
0.02266073
0.02294207
0.02296877
0.02296734
0.02275038
0.02292395
0.02288938
0.02284217
0.02300739
0.02308702
0.02300262
0.02283549
0.02294803
0.02283072
0.02297997
0.02291989
0.02289629
0.02291036
0.02288890
0.02291727
0.02304077
0.02290988
0.02290893
0.02288723
0.02291989
0.02287388
0.02298355
0.02286863
0.02297187
0.02317905
0.02310085
0.02301335
0.02291369
0.02309895
0.02297878
0.02290630
0.02291632
0.02318978
0.02287412
0.02292991
0.02291727
0.02284527
0.02297258
0.02261925
0.02298260
0.02290273
0.02301764
0.02296090
0.02288198
0.02282357
0.02309465
0.02302551
0.02291822
0.02300739
0.02290750
0.02294183
0.02297473
0.02309942
0.02290297
0.02292037
0.02293825
0.02283955
0.02296686
0.02282262
0.02295399
0.02277350
0.02270317
0.02284551
0.02284861
0.02279115
0.02292252
0.02290082
0.02298832
0.02287173
0.02292943
0.02296329
0.02301192
0.02284265
0.02285647
0.02286458
0.02296948
0.02275205
0.02285337
0.02284265
0.02277827
0.02281904
0.02240324
0.02277541
0.02276182
0.02280378
0.02270222
0.02277732
0.02283669
0.02274466
0.02285695
0.02301359
0.02293229
0.02280641
0.02270746
0.02284741
0.02282667
0.02286124
0.02278042
0.02281284
0.02291274
0.02271605
0.02287364
0.02283144
0.02273178
0.02272439
0.02283597
0.02271628
0.02281547
0.02266693
0.02261066
0.02266598
0.02265191
0.02269006
0.02267909
0.02265644
0.02283144
0.02261901
0.02281356
0.02275229
0.02287984
0.02276516
0.02271199
0.02267385
0.02270150
0.02260375
0.02263951
0.02278805
0.02262473
0.02263498
0.02290964
0.02257633
0.02292204
0.02265739
0.02271247
0.02279925
0.02273035
0.02280378
0.02272868
0.02268744
0.02265596
0.02276111
0.02263975
0.02268767
0.02268529
0.02254891
0.02251148
0.02264977
0.02258015
0.02264619
0.02261996
0.02271724
0.02262735
0.02258921
0.02269435
0.02261972
0.02267265
0.02250600
0.02266073
0.02263856
0.02264237
0.02289510
0.02266359
0.02274656
0.02269173
0.02287531
0.02273202
0.02280903
0.02303457
0.02264094
0.02280712
0.02270865
0.02275634
0.02275538
0.02269769
0.02273703
0.02285814
0.02280855
0.02280831
0.02280474
0.02294707
0.02292562
0.02290893
0.02300644
0.02293801
0.02286029
0.02303934
0.02291751
0.02296090
0.02301311
0.02294612
0.02304697
0.02309942
0.02306414
0.02308488
0.02307892
0.02309418
0.02313352
0.02298641
0.02307796
0.02316236
0.02296615
0.02321172
0.02302861
0.02309012
0.02307296
0.02302766
0.02293539
0.02311826
0.02308011
0.02287507
0.02310252
0.02308321
0.02312160
0.02315688
0.02311325
0.02308559
0.02305174
0.02312517
0.02323222
0.02312255
0.02306485
0.02320576
0.02307916
0.02299237
0.02313328
0.02297807
0.02322721
0.02319908
0.02308321
0.02305532
0.02309847
0.02310181
0.02301884
0.02308059
0.02304912
0.02302694
0.02298355
0.02314878
0.02304482
0.02301884
0.02292705
0.02310109
0.02294374
0.02299380
0.02294350
0.02307749
0.02301741
0.02302551
0.02297568
0.02296805
0.02302170
0.02304101
0.02295351
0.02311897
0.02302504
0.02312112
0.02298284
0.02307558
0.02308869
0.02327013
0.02294087
0.02318239
0.02288461
0.02291703
0.02304316
0.02300477
0.02297306
0.02295256
0.02300501
0.02297044
0.02287483
0.02288485
0.02293921
0.02297592
0.02292848
0.02313471
0.02297330
0.02296495
0.02292967
0.02299285
0.02402377
0.02310205
0.02301311
0.02297497
0.02298737
0.02288365
0.02334142
0.02309275
0.02290082
0.02285528
0.02291369
0.02290964
0.02282333
0.02291751
0.02285337
0.02290273
0.02291822
0.02298713
0.02355361
0.02291727
0.02285051
0.02300763
0.02298784
0.02297640
0.02291822
0.02290916
0.02284098
0.02310205
0.02280426
0.02302241
0.02282238
0.02280951
0.02292204
0.02286339
0.02284884
0.02287531
0.02285314
0.02286124
0.02303648
0.02282357
0.02279878
0.02286172
0.02284002
0.02282619
0.02279282
0.02302623
0.02280569
0.02268076
0.02281666
0.02281904
0.02273750
0.02268696
0.02276349
0.02277136
0.02278852
0.02281117
0.02287078
0.02293181
0.02285290
0.02282238
0.02267456
0.02275968
0.02278519
0.02287078
0.02293015
0.02274060
0.02311468
0.02290940
0.02284861
0.02298141
0.02290869
0.02304649
0.02287769
0.02268958
0.02283359
0.02278757
0.02269030
0.02286792
0.02282190
0.02274752
0.02281809
0.02259803
0.02283669
0.02278924
0.02274847
0.02282596
0.02271223
0.02276802
0.02275157
0.02286077
0.02299047
0.02278376
0.02269030
0.02270055
0.02275205
0.02276373
0.02266717
0.02272272
0.02261710
0.02275443
0.02261448
0.02270842
0.02265501
0.02311087
0.02275085
0.02272129
0.02274990
0.02268648
0.02277541
0.02275085
0.02272415
0.02265954
0.02271032
0.02282166
0.02271271
0.02272797
0.02271247
0.02283359
0.02281141
0.02269173
0.02279139
0.02268243
0.02275276
0.02278876
0.02271032
0.02281761
0.02276087
0.02277207
0.02285814
0.02288556
0.02270198
0.02268744
0.02283883
0.02279496
0.02280831
0.02262616
0.02270198
0.02254534
0.02265143
0.02274776
0.02251530
0.02237964
0.02255416
0.02250099
0.02256870
0.02280378
0.02264380
0.02263212
0.02260518
0.02248764
0.02263832
0.02256799
0.02245903
0.02262688
0.02250814
0.02245164
