0.01566792
0.03307271
0.02949691
0.02947807
0.02952194
0.02979088
0.02976990
0.02992272
0.02954173
0.02983046
0.02945113
0.02941108
0.02924538
0.02937436
0.02947903
0.02963114
0.02995944
0.03059840
0.02996922
0.02962494
0.02922869
0.02937794
0.02951431
0.02962685
0.02978206
0.02993894
0.02977681
0.02984595
0.03004146
0.03035092
0.03007269
0.02992344
0.02995181
0.03010917
0.03023362
0.02993011
0.03024697
0.03004956
0.03026009
0.03044581
0.03036094
0.03017378
0.02971697
0.03033495
0.03031874
0.03040242
0.03023052
0.03038645
0.03073525
0.03085923
0.03016496
0.02962351
0.03004742
0.03045869
0.03047323
0.03040671
0.03069735
0.03057718
0.03053951
0.03051710
0.03065848
0.03082752
0.03070402
0.03062439
0.03075743
0.03098607
0.03107238
0.03080678
0.03061938
0.03069067
0.03066564
0.03081465
0.03106236
0.03088093
0.03091693
0.03090143
0.03070354
0.03049445
0.03048635
0.03087139
0.03104877
0.03104663
0.03104663
0.03112268
0.03117609
0.03135586
0.03172135
0.03180075
0.03162408
0.03143406
0.03170109
0.03154659
0.03171921
0.03191471
0.03206587
0.03173494
0.03164339
0.03144479
0.03174639
0.03190303
0.03167939
0.03150916
0.03162599
0.03162360
0.03185463
0.03192091
0.03169918
0.03198314
0.03182673
0.03210592
0.03155684
0.03186846
0.03200126
0.03182983
0.03154612
0.03171206
0.03207469
0.03177738
0.03188872
0.03225899
0.03198600
0.03194547
0.03212690
0.03219295
0.03222895
0.03205633
0.03228664
0.03181434
0.03178167
0.03186703
0.03204441
0.03204823
0.03209782
0.03234267
0.03214931
0.03201294
0.03195381
0.03174973
0.03216958
0.03250599
0.03227758
0.03199363
0.03182316
0.03207970
0.03244734
0.03207397
0.03188062
0.03196478
0.03193426
0.03197169
0.03183603
0.03193116
0.03172088
0.03188133
0.03184700
0.03204226
0.03212476
0.03192997
0.03200126
0.03196478
0.03219390
0.03199124
0.03140450
0.03168750
0.03194857
0.03193092
0.03186893
0.03183007
0.03184485
0.03218627
0.03234720
0.03198099
0.03207302
0.03214931
0.03202486
0.03227448
0.03200817
0.03163624
0.03162766
0.03205276
0.03192234
0.03134036
0.03132105
0.03137255
0.03137493
0.03167009
0.03164172
0.03142715
0.03153396
0.03154898
0.03170276
0.03180981
0.03181243
0.03170109
0.03167367
0.03161216
0.03122807
0.03087473
0.03099442
0.03133559
0.03103662
0.03133798
0.03141952
0.03161168
0.03119516
0.03131056
0.03050208
0.03121257
0.03094625
0.03071785
0.03064823
0.03100061
0.03069162
0.03032064
0.03029585
0.03084445
0.03057313
0.03059125
0.03042245
0.03042054
0.03060246
0.03038144
0.03043890
0.03032207
0.03034210
0.03020024
0.02994061
0.03052235
0.03009224
0.03013825
0.03012466
0.02997899
0.02983356
0.02982998
0.02991700
0.02961278
0.02923751
0.02919579
0.03003073
0.02987790
0.03004146
0.02996302
0.03002810
0.02968740
0.02949119
0.02977276
0.02955675
0.02944660
0.02931380
0.02954841
0.02986073
0.02975297
0.02941847
0.02954650
0.02953768
0.02952433
0.02939320
0.02966166
0.02915859
0.02915835
0.02935863
0.02937222
0.02939034
0.02923346
0.02912474
0.02906871
0.02906036
0.02912164
0.02900863
0.02925801
0.02914286
0.02923417
0.02887034
0.02919340
0.02931046
0.02916026
0.02907228
0.02902317
0.02913165
0.02860260
0.02888203
0.02894616
0.02882671
0.02866602
0.02862406
0.02867389
0.02856970
0.02857685
0.02853513
0.02866864
0.02868462
0.02908731
0.02887201
0.02819228
0.02854967
0.02868605
0.02861738
0.02894425
0.02872753
0.02865934
0.02835298
0.02863979
0.02862787
0.02869034
0.02856350
0.02851152
0.02858901
0.02805948
0.02880788
0.02868223
0.02832913
0.02873468
0.02841306
0.02838302
0.02845621
0.02835250
0.02827787
0.02834105
0.02848172
0.02834058
0.02827334
0.02824044
0.02821565
0.02820134
0.02827024
0.02834558
0.02817822
0.02816319
0.02813745
0.02823520
0.02817464
0.02832437
0.02825117
0.02813172
0.02817774
0.02827215
0.02824426
0.02818441
0.02797174
0.02808785
0.02784634
0.02807331
0.02788472
0.02801633
0.02797961
0.02783561
0.02708459
0.02809691
0.02795887
0.02796412
0.02767611
0.02760601
0.02783322
0.02782130
0.02793145
0.02818108
0.02810454
0.02792907
0.02761865
0.02753830
0.02758789
0.02757382
0.02755833
0.02777600
0.02760386
0.02776265
0.02802110
0.02771139
0.02762246
0.02772808
0.02781940
0.02772903
0.02770829
0.02729034
0.02749419
0.02774477
0.02775574
0.02772355
0.02776146
0.02761936
0.02729416
0.02756166
0.02761793
0.02730227
0.02750158
0.02759194
0.02746701
0.02737594
0.02727842
0.02727079
0.02708459
0.02732396
0.02742410
0.02717257
0.02734995
0.02734041
0.02704835
0.02748013
0.02734900
0.02732158
0.02720475
0.02741838
0.02766991
0.02737594
0.02719951
0.02721381
0.02724004
0.02724600
0.02758813
0.02750683
0.02712202
0.02718925
0.02723193
0.02761817
0.02715302
0.02712679
0.02741122
0.02737856
0.02736163
0.02734804
0.02712369
0.02713776
0.02704811
0.02688742
0.02699971
0.02691817
0.02723551
0.02741694
0.02739000
0.02677917
0.02718234
0.02731180
0.02746463
0.02757049
0.02783489
0.02773929
0.02748728
0.02738428
0.02765250
0.02757072
0.02763820
0.02772737
0.02757287
0.02749944
0.02731109
0.02766514
0.02788186
0.02757859
0.02761555
0.02748799
0.02765918
0.02779245
0.02768517
0.02765608
0.02767873
0.02738643
0.02784085
0.02910137
0.02757120
0.02781367
0.02841878
0.02858329
0.02860880
0.02834845
0.02772713
0.02805662
0.02810144
0.02799034
0.02794909
0.02770829
0.02808738
0.02852535
0.02833319
0.02831197
0.02849936
0.02828789
0.02816463
0.02835369
0.02854276
0.02848768
0.02827716
0.02830386
0.02847004
0.02868676
0.02866697
0.02871633
0.02866697
0.02855015
0.02869058
0.02883840
0.02887869
0.02833581
0.02888703
0.02907443
0.02902603
0.02903104
0.02918220
0.02930760
0.02906299
0.02914596
0.02892923
0.02904677
0.02943254
0.02925920
0.02933621
0.02961326
0.02945924
0.02964902
0.02993011
0.03006482
0.02998924
0.03004098
0.03019977
0.03031445
0.03026795
0.03055048
0.03036714
0.03065944
0.03055906
0.03088903
0.03075719
0.03065205
0.03058481
0.03057981
0.03113413
0.03167272
0.03153205
0.03121543
0.03125453
0.03135729
0.03153157
0.03175974
0.03155231
0.03152251
0.03167462
0.03191948
0.03235555
0.03216076
0.03201580
0.03192306
0.03228784
0.03286099
0.03286242
0.03263283
0.03247905
0.03302145
0.03283834
0.03286290
0.03324461
0.03356862
0.03363419
0.03355527
0.03343797
0.03350329
0.03389955
0.03414941
0.03400588
0.03402090
0.03458905
0.03455043
0.03475380
0.03501391
0.03473282
0.03492260
0.03527975
0.03593874
0.03622818
0.03669882
0.03656650
0.03663182
0.03762960
0.03805804
0.03844118
0.03823996
0.03796244
0.03832412
0.03885365
0.03940988
0.04004979
0.04026365
0.04044676
0.03943324
0.03952909
0.04107380
0.04257274
