0.01453567
0.02795863
0.02551270
0.02498674
0.02513599
0.02532816
0.02504134
0.02503824
0.02508020
0.02497911
0.02498651
0.02509522
0.02505946
0.02502370
0.02505040
0.02488017
0.02509904
0.02504659
0.02514958
0.02513814
0.02508450
0.02514768
0.02504277
0.02511668
0.02525806
0.02527452
0.02519464
0.02534604
0.02530837
0.02519727
0.02515841
0.02521038
0.02538800
0.02541280
0.02534175
0.02534008
0.02531838
0.02517056
0.02498794
0.02497625
0.02526784
0.02531528
0.02503681
0.02516603
0.02549863
0.02540565
0.02531433
0.02551556
0.02579546
0.02531910
0.02516198
0.02509713
0.02529645
0.02534032
0.02530432
0.02518749
0.02603889
0.02605176
0.02582145
0.02564597
0.02574873
0.02541971
0.02584314
0.02571487
0.02593613
0.02602029
0.02568817
0.02498913
0.02582479
0.02573752
0.02537942
0.02583385
0.02623200
0.02595901
0.02591419
0.02593875
0.02582216
0.02553988
0.02546048
0.02515364
0.02536511
0.02523637
0.02499223
0.02516055
0.02589369
0.02607441
0.02576208
0.02526283
0.02530503
0.02520752
0.02519798
0.02550435
0.02670527
0.02567148
0.02535462
0.02550530
0.02582049
0.02619123
0.02608752
0.02615905
0.02619815
0.02612710
0.02611732
0.02622485
0.02631640
0.02622199
0.02610660
0.02608323
0.02635098
0.02619386
0.02611732
0.02605295
0.02593660
0.02595687
0.02641368
0.02626109
0.02591944
0.02565932
0.02541399
0.02639294
0.02624035
0.02549171
0.02622104
0.02614641
0.02659297
0.02660298
0.02604198
0.02621198
0.02621341
0.02619314
0.02618408
0.02607512
0.02626514
0.02628207
0.02584934
0.02596045
0.02602720
0.02631378
0.02643871
0.02636862
0.02612114
0.02593303
0.02556539
0.02531981
0.02524590
0.02531362
0.02504110
0.02540922
0.02573657
0.02610278
0.02608490
0.02635336
0.02580190
0.02525282
0.02547908
0.02630186
0.02567935
0.02555561
0.02578974
0.02540469
0.02544403
0.02591157
0.02629542
0.02613688
0.02620292
0.02623653
0.02582359
0.02528691
0.02581954
0.02591443
0.02538896
0.02537012
0.02604938
0.02628088
0.02624726
0.02578974
0.02524972
0.02510738
0.02533364
0.02537394
0.02511859
0.02506351
0.02546644
0.02585387
0.02566838
0.02606416
0.02617836
0.02630901
0.02587485
0.02523112
0.02531838
0.02548599
0.02543545
0.02508640
0.02543044
0.02554560
0.02571988
0.02514505
0.02542448
0.02512121
0.02505779
0.02500677
0.02513671
0.02534294
0.02516627
0.02514172
0.02505231
0.02523446
0.02523947
0.02509356
0.02531075
0.02533293
0.02510738
0.02473235
0.02479553
0.02517295
0.02473736
0.02488732
0.02487922
0.02493167
0.02514577
0.02486920
0.02480936
0.02526927
0.02491426
0.02487254
0.02518106
0.02498341
0.02503228
0.02489734
0.02497339
0.02509570
0.02493525
0.02514315
0.02502108
0.02500510
0.02489495
0.02497506
0.02503872
0.02516413
0.02500057
0.02497053
0.02495027
0.02498221
0.02489471
0.02501917
0.02460718
0.02516127
0.02481031
0.02472401
0.02483368
0.02525187
0.02485132
0.02525663
0.02517462
0.02488327
0.02496958
0.02503252
0.02520180
0.02495861
0.02504301
0.02529097
0.02505922
0.02499557
0.02513242
0.02517939
0.02504230
0.02509284
0.02529478
0.02503347
0.02505040
0.02527308
0.02502918
0.02496576
0.02513957
0.02523637
0.02515340
0.02514744
0.02526760
0.02486253
0.02526259
0.02504492
0.02514648
0.02534914
0.02533150
0.02544928
0.02530289
0.02553225
0.02526021
0.02539182
0.02548432
0.02537036
0.02530360
0.02520680
0.02570581
0.02609849
0.02603650
0.02605367
0.02599025
0.02575588
0.02534533
0.02529097
0.02594686
0.02616024
0.02559257
0.02527833
0.02570176
0.02605987
0.02615762
0.02620053
0.02617097
0.02596021
0.02609444
0.02644730
0.02643824
0.02640367
0.02623057
0.02632260
0.02645469
0.02629042
0.02650976
0.02655578
0.02632499
0.02638626
0.02629280
0.02634859
0.02649307
0.02646542
0.02659655
0.02636838
0.02635550
0.02637458
0.02654934
0.02691412
0.02640748
0.02637410
0.02647018
0.02634120
0.02640748
0.02644086
0.02670717
0.02672648
0.02662969
0.02647424
0.02674985
0.02664423
0.02649093
0.02652192
0.02664614
0.02656126
0.02648139
0.02662754
0.02651834
0.02668738
0.02659369
0.02634788
0.02665091
