0.00987506
0.02908444
0.02291322
0.02267718
0.02275276
0.02252650
0.02271628
0.02267671
0.02267289
0.02198887
0.02198887
0.02197576
0.02181649
0.02203631
0.02191639
0.02209044
0.02193999
0.02198267
0.02192473
0.02200246
0.02175689
0.02203608
0.02199149
0.02188706
0.02189136
0.02194691
0.02174330
0.02193260
0.02178955
0.02174759
0.02176809
0.02189422
0.02168036
0.02180314
0.02182579
0.02168298
0.02169943
0.02163172
0.02156568
0.02155018
0.02161527
0.02158356
0.02170300
0.02181363
0.02169228
0.02149272
0.02148533
0.02168417
0.02172422
0.02177262
0.02150345
0.02164412
0.02181411
0.02171993
0.02170610
0.02181864
0.02174449
0.02187610
0.02176976
0.02175403
0.02163839
0.02182126
0.02173710
0.02171230
0.02180552
0.02177763
0.02178860
0.02173519
0.02176809
0.02184463
0.02183628
0.02187586
0.02185655
0.02192116
0.02200460
0.02199316
0.02191067
0.02188325
0.02182364
0.02198029
0.02202344
0.02201223
0.02204156
0.02202725
0.02198124
0.02199292
0.02183914
0.02189374
0.02175450
0.02201986
0.02188158
0.02188754
0.02172661
0.02191734
0.02194357
0.02206063
0.02207208
0.02244329
0.02232909
0.02194619
0.02184725
0.02197075
0.02198648
0.02200913
0.02185464
0.02203155
0.02200866
0.02216363
0.02213955
0.02212477
0.02213383
0.02202129
0.02202535
0.02212787
0.02190328
0.02194333
0.02211380
0.02193713
0.02191997
0.02197504
0.02191305
0.02197909
0.02195120
0.02183175
0.02185297
0.02198172
0.02189445
0.02179241
0.02195215
0.02183366
0.02185130
0.02185154
0.02176666
0.02182412
0.02200294
0.02184033
0.02181482
0.02196383
0.02188897
0.02161407
0.02179885
0.02175879
0.02167988
0.02147961
0.02163267
0.02165985
0.02176857
0.02182364
0.02159333
0.02173519
0.02163982
0.02161241
0.02168584
0.02139235
0.02152038
0.02153397
0.02157044
0.02149534
0.02148104
0.02151036
0.02143002
0.02134109
0.02154899
0.02141881
0.02138019
0.02135897
0.02136445
0.02112842
0.02137733
0.02137423
0.02144694
0.02153111
0.02126980
0.02134442
0.02138281
0.02140069
0.02143955
0.02133060
0.02132750
0.02134323
0.02141047
0.02139282
0.02134991
0.02137852
0.02137041
0.02152276
0.02056336
0.02147222
0.02139759
0.02142406
0.02163100
0.02108812
0.02142119
0.02147675
0.02146363
0.02139330
0.02152205
0.02140737
0.02141380
0.02149129
0.02133727
0.02145004
0.02144241
0.02146935
0.02147460
0.02148414
0.02147889
0.02148747
0.02148104
0.02133274
0.02143407
0.02138996
0.02138996
0.02153730
0.02141285
0.02125597
0.02136207
0.02147508
0.02148581
0.02135682
0.02120304
0.02138042
0.02133060
0.02139401
0.02136183
0.02120280
0.02124906
0.02142835
0.02078557
0.02120733
0.02127910
0.02122998
0.02122498
0.02127242
0.02036357
0.02124262
0.02134371
0.02118015
0.02101183
0.02086568
0.02112079
0.02118897
0.02122235
0.02121258
0.02104211
0.02120829
0.02124333
0.02113247
0.02111387
0.02113295
0.02098775
0.02105403
0.02112579
0.02105832
0.02108026
0.02113438
0.02097178
0.02097082
0.02112913
0.02110720
0.02117157
0.02118325
0.02110863
0.02109337
0.02110720
0.02117133
0.02110791
0.02108216
0.02118874
0.02110052
0.02109766
0.02119899
0.02115846
0.02094030
0.02123952
0.02125573
0.02117252
0.02113676
0.02118564
0.02124929
0.02118206
0.02113724
0.02111936
0.02154112
0.02173734
0.02121282
0.02115035
0.02114773
0.02121615
0.02115035
0.02112937
0.02112556
0.02123570
