0.00899506
0.02692795
0.02178192
0.02132177
0.02131820
0.02130222
0.02127647
0.02126789
0.02114773
0.02134395
0.02130079
0.02123332
0.02133060
0.02125931
0.02084517
0.02129006
0.02126074
0.02124715
0.02122116
0.02132249
0.02127981
0.02133608
0.02134132
0.02131605
0.02132821
0.02137136
0.02123642
0.02139807
0.02129054
0.02126336
0.02124977
0.02128720
0.02131391
0.02127481
0.02122712
0.02096725
0.02165055
0.02130485
0.02126241
0.02123952
0.02123618
0.02135730
0.02132034
0.02130389
0.02127862
0.02127528
0.02132678
0.02122688
0.02120590
0.02121425
0.02122450
0.02123165
0.02121377
0.02123141
0.02121782
0.02128553
0.02127504
0.02129674
0.02124596
0.02118516
0.02132201
0.02091622
0.02078891
0.02125168
0.02115726
0.02126169
0.02107072
0.02126575
0.02120018
0.02124524
0.02136946
0.02120948
0.02124643
0.02127671
0.02132177
0.02132201
0.02126575
0.02127218
0.02125764
0.02130103
0.02128172
0.02123475
0.02120042
0.02124739
0.02125859
0.02125311
0.02124977
0.02114892
0.02137256
0.02126169
0.02119994
0.02131939
0.02136540
0.02134562
0.02134609
0.02125096
0.02125597
0.02129555
0.02129078
0.02124310
0.02138805
0.02126360
0.02135110
0.02137160
0.02130938
0.02125621
0.02131939
0.02128029
0.02127862
0.02135777
0.02124453
0.02121806
0.02122116
0.02151394
0.02106619
0.02128577
0.02139378
0.02132154
0.02130961
0.02127910
0.02127242
0.02141571
0.02132487
0.02133536
0.02128339
0.02134562
0.02132368
0.02129650
0.02128959
0.02130866
0.02134895
0.02136517
0.02136683
0.02131605
0.02134085
0.02146125
0.02130008
0.02138901
0.02121091
0.02129340
0.02131081
0.02129579
0.02130723
0.02103400
0.02133965
0.02126861
0.02133703
0.02133250
0.02111244
0.02132630
0.02130866
0.02130389
0.02129436
0.02134442
0.02131796
0.02130342
0.02128792
0.02127695
0.02132511
0.02147293
0.02128601
0.02129245
0.02138829
0.02138209
0.02126741
0.02129292
0.02129626
0.02116251
0.02128053
0.02120972
0.02115774
0.02133393
0.02133989
0.02133465
0.02132511
0.02127099
0.02128696
0.02132964
0.02129626
0.02131963
0.02128768
0.02117658
0.02130008
0.02136469
0.02134681
0.02129650
0.02128839
0.02136540
0.02117562
0.02121615
0.02130055
0.02109456
0.02130508
0.02129579
0.02140975
0.02135038
0.02136827
0.02138233
0.02132654
0.02114606
0.02139330
0.02132249
0.02140808
0.02134514
0.02133775
0.02155566
0.02142763
0.02130818
0.02130938
0.02143097
0.02141595
0.02133417
0.02138376
0.02135444
0.02132511
0.02115893
0.02133799
0.02135420
0.02128148
0.02139211
0.02121329
0.02133965
0.02136397
0.02129865
0.02144933
0.02135205
0.02131677
0.02131820
0.02138162
0.02131915
0.02134156
0.02126884
0.02133536
0.02146411
0.02141094
0.02132106
0.02132630
0.02146602
0.02140141
0.02110982
0.02146077
0.02138162
0.02132988
0.02145267
0.02131104
0.02130389
0.02141881
0.02130985
0.02131987
0.02126932
0.02139020
0.02122879
0.02146196
0.02144861
0.02141523
0.02140784
0.02141142
0.02135134
0.02139854
0.02140212
0.02133560
0.02146411
0.02141213
0.02115273
0.02144575
0.02147841
0.02139807
0.02125478
0.02131033
0.02137089
0.02139521
0.02144599
0.02141047
0.02134204
0.02124286
0.02134299
0.02138448
0.02142572
0.02134347
0.02131629
0.02154016
0.02138567
0.02134633
0.02139664
0.02140522
0.02108741
0.02138305
0.02129602
0.02138972
0.02149582
0.02142859
0.02141166
0.02127290
0.02133226
0.02140427
0.02148724
0.02127934
0.02139640
0.02140045
0.02138042
0.02140307
0.02141953
0.02139783
0.02139640
0.02142358
0.02145219
0.02141833
0.02136588
0.02140188
0.02139544
0.02144861
0.02123594
0.02140927
0.02140021
0.02146029
0.02137494
0.02130294
0.02149367
0.02140307
0.02136993
0.02137685
0.02139187
0.02131629
0.02138019
0.02131271
0.02134848
0.02132297
0.02139306
0.02138209
0.02133226
0.02135491
0.02141309
0.02138591
0.02126193
0.02128649
0.02118421
0.02146077
0.02140069
0.02137041
0.02135587
0.02158689
0.02137852
0.02135873
0.02133846
0.02139211
0.02149320
0.02142477
0.02141380
0.02136397
0.02138734
0.02140784
0.02140570
0.02138710
0.02125812
0.02134991
0.02138734
0.02140045
0.02151346
0.02141094
0.02142906
0.02148485
0.02155066
0.02140188
0.02140856
0.02138996
0.02137566
0.02143574
0.02149057
0.02140331
0.02146554
0.02146673
0.02137041
0.02118039
0.02151990
0.02252030
0.02319503
0.02297163
0.02272916
0.02289391
0.02304912
0.02286720
0.02291226
0.02294874
0.02290988
0.02289462
0.02293944
0.02287030
0.02235556
0.02228189
0.02216697
0.02210808
0.02187657
0.02145600
0.02140832
0.02147341
0.02157974
0.02150512
0.02147889
0.02142215
0.02150369
0.02159691
0.02127910
0.02151084
0.02152753
0.02151966
0.02149820
0.02139878
0.02145934
0.02139878
0.02143097
0.02144980
0.02138877
0.02162671
0.02146149
0.02148747
0.02148151
0.02146173
0.02141690
0.02123356
0.02130914
0.02120686
0.02143002
0.02143073
0.02150822
0.02145219
0.02146840
0.02143097
0.02141738
0.02128315
0.02141428
0.02145004
0.02148056
0.02148676
0.02145433
0.02157378
0.02134514
0.02146339
0.02182412
0.02190042
0.02139688
0.02144098
0.02168846
0.02130055
0.02148509
0.02124047
0.02142358
0.02162957
0.02132988
0.02147818
0.02141309
0.02145100
0.02154231
0.02145100
0.02145863
0.02149773
0.02156115
0.02150583
0.02153397
0.02147126
0.02147555
0.02156448
0.02152634
0.02147150
0.02129483
0.02155828
0.02170873
0.02136421
0.02156949
0.02152205
0.02152109
0.02154589
0.02161050
0.02153683
0.02146816
0.02162313
0.02154779
0.02157831
0.02157569
0.02220201
0.02159238
0.02157950
0.02154756
0.02151537
0.02167082
0.02161717
0.02165174
0.02160764
0.02144670
0.02171898
0.02136469
0.02154446
0.02160168
0.02162933
0.02161884
0.02161026
0.02174306
0.02160358
0.02159214
0.02164531
0.02160764
0.02158117
0.02148628
0.02163386
0.02158165
0.02164221
0.02161002
0.02151608
0.02165318
0.02159977
0.02153039
0.02164388
0.02164745
0.02163863
0.02170038
0.02159595
0.02161193
0.02162337
0.02162075
0.02161884
0.02165818
0.02152133
0.02169847
0.02167821
0.02208114
0.02160716
0.02168012
0.02175808
0.02164960
0.02163243
0.02176499
0.02170110
0.02172375
0.02174902
0.02166176
0.02153397
0.02181578
0.02109075
0.02173185
0.02173495
0.02169037
0.02165771
0.02182794
0.02173066
0.02171159
0.02166796
0.02181149
0.02167988
0.02172899
0.02176142
0.02168465
0.02182913
0.02138972
0.02170324
0.02166462
0.02174568
0.02171540
0.02175331
0.02186227
0.02206039
0.02221107
0.02253795
0.02249575
0.02248955
0.02231860
0.02220845
0.02255273
0.02227402
0.02208304
0.02226639
0.02226710
0.02225375
0.02183890
0.02185082
0.02177048
0.02176166
0.02207589
0.02184987
0.02183962
0.02183914
0.02157068
0.02180791
0.02153754
0.02183056
0.02093458
0.02185678
0.02175951
0.02172971
0.02186275
0.02184868
0.02181602
0.02183318
0.02184677
0.02180576
0.02183390
0.02180171
0.02140617
0.02184629
0.02183938
0.02182221
0.02185392
0.02182603
0.02184939
0.02187109
0.02187943
0.02178931
0.02184153
0.02184749
0.02173901
0.02171659
0.02185512
0.02179480
0.02189493
0.02185202
0.02183032
0.02183247
0.02185774
0.02186465
0.02179432
0.02190948
0.02177477
0.02180958
0.02200294
0.02181578
0.02181959
0.02179384
0.02340317
0.02439857
0.02478981
0.02325535
0.02284741
0.02272439
0.02277732
0.02271056
0.02319360
0.02291107
0.02282214
0.02263784
0.02266169
0.02266240
0.02193809
0.02185059
0.02186871
0.02185845
0.02184367
0.02176595
0.02184153
0.02169919
0.02181959
0.02195382
0.02182221
0.02194715
0.02185917
0.02183414
0.02180290
0.02186537
0.02180672
0.02180195
0.02181959
0.02180052
0.02181244
0.02168941
0.02184319
0.02166247
0.02169561
0.02199888
0.02195501
0.02211499
0.02200556
0.02194309
0.02191091
0.02204466
0.02191114
0.02166724
0.02188659
0.02174711
0.02193642
0.02121186
0.02199101
0.02207637
0.02194142
0.02196693
0.02191687
0.02186036
0.02197409
0.02200627
0.02184033
0.02192140
0.02186728
0.02175832
0.02200961
0.02179432
0.02184415
0.02190375
0.02193213
0.02185273
0.02188921
0.02179766
0.02182412
0.02189732
0.02187300
0.02174330
0.02187395
0.02183962
0.02184844
0.02189422
0.02182937
0.02179384
0.02193904
0.02186441
0.02183986
0.02184677
0.02189398
0.02186513
0.02188897
0.02181721
0.02195883
0.02200532
0.02192116
0.02178121
0.02173567
0.02181172
0.02174997
0.02192235
0.02113104
0.02247715
0.02206826
0.02198195
0.02181101
0.02177596
0.02185678
0.02178001
0.02177954
0.02183557
0.02175498
0.02188826
0.02163506
0.02177644
0.02180743
0.02176404
0.02177143
0.02162313
0.02187991
0.02173424
0.02178478
0.02187133
0.02178621
0.02168512
0.02169085
0.02183509
0.02184033
0.02184272
0.02181625
0.02178645
0.02191210
0.02176404
0.02178073
0.02183175
0.02193666
0.02186418
0.02182484
0.02177310
0.02174187
0.02181816
0.02179289
0.02173924
0.02181482
0.02178025
0.02179480
0.02186751
0.02144742
0.02183890
0.02184939
0.02175450
0.02182436
0.02185297
0.02187204
0.02178192
0.02192569
0.02176094
0.02176976
0.02194834
0.02178717
0.02163863
0.02180123
0.02176547
0.02193737
0.02185178
0.02174520
0.02171779
0.02189255
0.02178788
0.02181840
0.02183485
0.02176142
0.02167583
0.02177596
0.02181888
0.02170396
0.02182937
0.02179456
0.02159834
0.02172279
0.02187014
0.02183509
0.02181911
0.02180982
0.02174425
0.02191305
0.02187228
0.02189016
0.02184200
0.02184892
0.02182603
0.02167273
0.02195859
0.02149248
0.02174687
0.02187586
0.02175355
0.02175808
0.02170825
0.02184129
0.02173996
0.02187395
0.02176118
0.02181292
0.02184033
0.02175570
0.02176738
0.02166915
0.02193069
0.02179551
0.02172112
0.02172756
0.02171588
0.02174473
0.02174377
0.02179933
0.02178383
0.02187204
0.02170587
0.02189279
0.02176261
0.02172375
0.02183223
0.02182078
0.02180600
0.02176905
0.02174926
0.02170014
0.02177858
0.02251720
0.02196479
0.02198720
0.02181935
0.02180839
0.02183080
0.02182364
0.02171326
0.02172208
0.02163839
0.02176189
0.02177644
0.02181458
0.02180409
0.02168465
0.02194095
0.02170992
0.02185726
0.02190804
0.02175140
0.02199507
0.02179050
0.02171707
0.02169061
0.02169323
0.02177715
0.02172470
0.02168584
0.02161217
0.02170467
0.02163601
0.02165794
0.02170253
0.02158046
0.02178049
0.02176094
0.02175951
0.02166319
0.02173996
0.02191806
0.02244639
0.02186370
0.02184510
0.02254748
0.02190113
0.02186489
0.02179003
0.02173948
0.02183700
0.02178764
0.02173233
0.02178788
0.02180195
0.02174115
0.02179956
0.02179313
0.02144480
0.02183437
0.02172685
0.02181029
0.02175975
0.02190661
0.02181458
0.02183747
0.02188158
0.02181673
0.02194905
0.02188826
0.02184415
0.02187681
0.02186680
0.02182245
0.02183104
0.02185583
0.02180862
0.02175713
0.02189970
0.02179599
0.02187395
0.02187228
0.02181268
0.02189136
0.02185535
0.02183318
0.02189183
0.02187705
0.02185011
0.02183771
0.02193975
0.02212954
0.02179265
0.02175760
0.02184224
0.02188993
0.02193666
0.02187157
0.02184987
0.02181959
0.02190804
0.02183771
0.02190208
0.02189255
0.02182293
0.02149987
0.02184820
0.02158308
0.02182817
0.02186155
0.02182531
0.02183700
0.02164054
0.02184153
0.02193546
0.02189755
0.02183580
0.02183819
0.02196050
0.02191949
0.02182007
0.02170491
0.02183986
0.02188659
0.02180696
0.02183819
0.02182031
0.02184391
0.02196980
0.02180696
0.02183914
0.02172041
0.02191615
0.02178407
0.02183795
0.02184367
0.02193165
0.02188778
0.02184463
0.02191472
0.02173185
0.02198076
0.02192211
0.02191234
0.02195573
0.02193475
0.02188587
0.02178192
0.02230144
0.02193761
0.02205944
0.02249932
0.02170897
0.02265143
0.02133870
0.02195477
0.02189898
0.02191973
0.02186036
0.02206397
0.02193761
0.02172351
0.02196908
0.02192259
0.02193260
0.02192283
0.02191377
0.02185726
0.02193165
0.02193904
0.02191162
0.02192926
0.02193022
0.02197218
0.02195334
0.02237916
0.02196693
0.02191424
0.02206206
0.02187943
0.02170014
0.02196479
0.02185750
0.02209806
0.02260923
0.02186036
0.02200866
0.02198267
0.02189898
0.02192497
0.02197480
0.02198958
0.02199244
0.02197075
0.02192354
0.02197218
0.02173400
0.02194643
0.02193284
0.02191305
0.02199960
0.02165103
0.02203107
0.02194715
0.02189708
0.02194238
0.02191520
0.02189946
0.02180028
0.02196336
0.02186847
0.02196622
0.02196908
0.02196574
0.02198339
0.02194548
0.02192879
0.02189827
0.02197003
0.02196980
0.02193904
0.02260566
0.02192521
0.02192140
0.02184367
0.02190876
0.02192926
0.02202821
0.02197504
0.02194762
0.02189779
0.02189445
0.02222300
0.02212214
0.02194524
0.02193475
0.02184725
0.02197194
0.02189207
0.02204537
0.02190375
0.02204156
0.02204299
0.02189636
0.02192354
0.02252531
0.02193618
0.02193379
0.02198267
0.02194118
0.02204013
0.02198434
0.02185059
0.02224112
0.02226901
0.02197194
0.02193189
0.02193785
0.02195549
0.02199578
0.02197313
0.02174854
0.02191997
0.02199888
0.02186680
0.02198124
0.02175093
0.02196908
0.02200317
0.02203965
0.02196312
0.02193642
0.02204251
0.02205110
0.02197218
0.02199507
0.02194452
0.02204561
0.02242637
0.02196288
0.02181458
0.02201891
0.02196336
0.02193904
0.02202535
0.02193952
0.02196574
0.02198887
0.02197289
0.02189255
0.02200174
0.02201700
0.02159333
0.02201629
0.02185822
0.02192068
0.02202654
0.02198100
0.02191687
0.02202511
0.02207851
0.02202773
0.02206993
0.02202368
0.02198482
0.02188420
0.02201104
0.02200007
0.02193284
0.02216387
0.02206588
0.02197003
0.02198887
0.02203703
0.02204084
0.02200079
0.02202129
0.02192378
0.02208686
0.02194548
0.02172685
0.02194977
0.02187705
0.02198005
0.02195930
0.02194309
0.02187657
0.02205586
0.02196336
0.02198577
0.02207160
0.02195930
0.02191496
0.02201271
0.02197862
0.02190685
0.02178812
0.02196574
0.02193308
0.02135181
0.02202964
0.02315855
0.02210712
0.02204514
0.02195930
0.02232909
0.02251697
0.02248883
0.02224445
0.02244306
0.02200222
0.02194858
0.02197719
0.02200937
0.02212930
0.02200747
0.02194262
0.02200985
0.02198291
0.02198410
0.02203536
0.02198911
0.02196169
0.02218103
0.02199960
0.02197003
0.02207518
0.02190208
0.02202725
0.02206612
0.02184057
0.02192950
0.02206922
0.02194810
0.02196288
0.02201676
0.02193141
0.02203417
0.02202034
0.02208948
0.02194667
0.02207065
0.02204108
0.02196383
0.02200937
0.02167130
0.02203822
0.02174306
0.02202535
0.02198720
0.02196431
0.02192044
0.02183890
0.02200246
0.02199626
0.02198052
0.02206707
0.02203703
0.02199149
0.02202892
0.02204847
0.02172089
0.02203608
0.02201462
0.02191091
0.02200341
0.02184606
0.02180004
0.02205300
0.02204084
0.02204061
0.02199173
0.02196765
0.02188563
0.02194738
0.02193642
0.02200270
0.02199912
0.02200198
0.02192807
0.02194715
0.02200150
0.02211881
0.02209377
0.02199435
0.02194309
0.02210093
0.02210832
0.02177811
0.02176023
0.02201676
0.02207136
0.02172208
0.02197719
0.02182961
0.02198195
0.02208257
0.02196836
0.02201104
0.02194357
0.02191281
0.02170753
0.02203035
0.02170873
0.02192807
0.02211547
0.02197933
0.02206039
0.02184153
0.02232862
0.02206159
0.02244258
0.02230835
0.02208042
0.02216434
0.02199268
0.02195907
0.02188897
0.02204156
0.02203631
0.02199340
0.02198458
0.02208877
0.02205253
0.02192473
0.02198553
0.02299333
0.02251720
0.02255702
0.02240729
0.02247381
0.02249289
0.02196407
0.02180743
0.02200103
0.02225018
0.02230978
0.02212286
0.02176189
0.02175331
0.02198648
0.02198362
0.02199721
0.02198744
0.02193952
0.02194262
0.02198863
0.02203274
0.02195024
0.02198887
0.02248406
0.02205110
0.02197981
0.02194643
0.02187681
0.02198744
0.02199864
0.02187562
0.02201581
0.02245879
0.02209473
0.02203250
0.02187777
0.02195477
0.02207923
0.02200031
0.02159548
0.02199125
0.02193427
0.02214479
0.02222276
0.02221608
0.02207613
0.02202272
0.02221942
0.02214241
0.02219629
0.02226901
0.02196479
0.02212238
0.02216458
0.02211332
0.02209854
0.02216125
0.02207780
0.02155757
0.02217340
0.02212548
0.02213216
0.02214026
0.02208543
0.02212429
0.02214742
0.02208376
0.02213073
0.02223802
0.02203107
0.02212977
0.02216816
0.02209330
0.02229261
0.02215075
0.02210569
0.02194285
0.02230787
0.02211714
0.02215385
0.02214622
0.02212310
0.02218366
0.02216697
0.02208114
0.02221704
0.02220345
0.02211404
0.02207184
0.02217364
0.02213264
0.02234340
0.02185488
0.02213144
0.02220082
0.02221799
0.02210093
0.02215862
0.02213979
0.02209735
0.02229905
0.02207685
0.02235174
0.02278113
0.02241778
0.02459574
0.02270222
0.02218270
0.02224970
0.02255774
0.02266622
0.02267671
0.02264547
0.02203298
0.02207804
0.02201676
0.02207780
0.02210116
0.02214527
0.02204800
0.02201128
0.02209425
0.02205515
0.02203512
0.02217960
0.02206898
0.02203822
0.02199078
0.02202463
0.02206707
0.02208018
0.02200460
0.02206016
0.02223277
0.02203488
0.02178049
0.02209687
0.02204680
0.02202821
0.02213311
0.02211332
0.02188182
0.02209973
0.02213597
0.02204585
0.02213216
0.02205396
0.02202177
0.02204084
0.02199483
0.02174735
0.02210522
0.02201939
0.02199268
0.02196288
0.02205586
0.02201247
0.02207637
0.02210331
0.02199793
0.02195430
0.02201390
0.02193952
0.02202964
0.02203083
0.02203250
0.02172637
0.02217412
0.02198625
0.02195764
0.02192307
0.02194023
0.02199078
0.02196288
0.02193499
0.02193809
0.02205420
0.02196884
0.02202368
0.02190924
0.02166462
0.02212119
0.02190375
0.02191925
0.02191257
0.02184415
0.02184224
0.02189445
0.02188182
0.02188325
0.02196598
0.02188897
0.02159619
0.02183938
0.02193499
0.02198267
0.02190328
0.02187586
0.02186942
0.02193356
0.02195811
0.02192378
0.02183104
0.02187514
0.02189851
0.02183986
0.02162242
0.02189350
0.02178669
0.02194643
0.02187014
0.02182150
0.02188945
0.02184033
0.02183223
0.02191186
0.02186704
0.02184010
0.02189016
0.02189159
0.02173567
0.02190709
0.02190471
0.02186561
0.02194357
0.02184677
0.02179575
0.02167249
0.02186561
0.02179074
0.02192616
0.02193832
0.02183318
0.02183509
0.02175355
0.02182817
0.02186918
0.02188301
0.02177143
0.02188277
0.02191043
0.02169919
0.02186871
0.02187037
0.02179146
0.02184129
0.02175713
0.02181125
0.02176309
0.02193427
0.02186537
0.02181053
0.02187514
0.02169275
0.02186704
0.02160764
0.02183962
0.02186155
0.02200079
0.02187824
0.02183771
0.02181196
0.02178121
0.02190185
0.02189255
0.02181530
0.02178168
0.02172709
0.02187109
0.02184057
0.02185416
0.02179003
0.02190781
0.02181578
0.02175570
0.02172542
0.02176046
0.02193856
0.02182245
0.02188802
0.02196264
0.02190375
0.02200413
0.02183366
0.02185893
0.02182436
0.02199173
0.02184963
0.02167273
0.02175665
0.02176332
0.02181387
0.02189374
0.02182007
0.02179384
0.02187872
0.02188706
0.02187347
0.02184391
0.02180982
0.02167344
0.02179313
0.02172637
0.02215743
0.02190876
0.02185059
0.02181983
0.02177739
0.02181602
0.02180552
0.02177548
0.02185535
0.02185440
0.02190733
0.02189946
0.02197266
0.02164245
0.02182245
0.02192616
0.02179646
0.02196622
0.02176428
0.02171302
0.02188969
0.02193356
0.02187181
0.02225423
0.02207804
0.02167630
0.02191639
0.02167392
0.02186751
0.02178860
0.02193594
0.02191591
0.02190948
0.02201295
0.02131557
0.02194858
0.02186060
0.02189302
0.02190614
0.02199149
0.02188826
0.02192473
0.02210212
0.02193165
0.02170086
0.02198601
0.02189922
0.02188206
0.02197385
0.02186012
0.02185416
0.02188849
0.02202344
0.02169800
0.02190256
0.02185655
0.02192092
0.02178526
0.02180099
0.02179694
0.02171731
0.02179241
0.02161121
0.02172351
0.02169704
0.02185273
0.02184725
0.02181101
0.02181816
0.02179360
0.02182007
0.02178073
0.02161288
0.02179790
0.02167034
0.02179885
0.02177787
0.02177620
0.02178121
0.02168560
0.02174926
0.02101564
0.02178526
0.02179265
0.02170491
0.02175784
0.02173948
0.02176642
0.02193785
0.02179670
0.02184534
0.02190804
0.02185202
0.02186418
0.02180123
0.02179289
0.02184725
0.02186513
0.02177882
0.02179623
0.02169991
0.02177382
0.02180672
0.02180290
0.02170134
0.02178693
0.02179790
0.02173400
0.02176976
0.02175570
0.02167463
0.02190876
0.02185130
0.02181220
0.02184200
0.02192187
0.02195024
0.02182364
0.02182794
0.02169728
0.02179027
0.02173400
0.02185369
0.02184725
0.02181935
0.02185273
0.02184200
0.02161026
0.02185392
0.02185082
0.02182984
0.02224231
0.02181816
0.02180219
0.02188516
0.02159023
0.02179790
0.02185845
0.02193260
0.02186346
0.02167106
0.02183676
0.02184939
0.02195930
0.02187777
0.02188230
0.02189851
0.02170086
0.02180171
0.02189350
0.02186131
0.02183294
0.02200770
0.02188468
0.02183223
0.02190828
0.02184105
0.02177596
0.02187896
0.02189183
0.02159238
0.02193069
0.02190781
0.02183747
0.02186942
0.02185035
0.02194118
0.02188492
0.02178550
0.02184343
0.02182865
0.02180839
0.02185154
0.02108145
0.02199316
0.02193236
0.02186990
0.02182317
0.02184892
0.02170897
0.02196002
0.02192092
0.02174807
0.02284908
0.02222610
0.02192187
0.02193403
0.02186680
0.02179527
0.02198625
0.02189612
0.02187276
0.02188540
0.02195835
0.02190948
0.02182913
0.02170587
0.02184987
0.02197385
0.02188063
0.02186584
0.02193618
0.02195311
0.02187228
0.02150416
0.02185345
0.02184796
0.02186871
0.02190018
0.02192307
0.02166986
0.02193737
0.02191257
0.02187443
0.02185369
0.02187300
0.02191067
0.02192378
0.02188945
0.02188993
0.02158499
0.02201414
0.02199984
0.02192259
0.02164149
0.02198076
0.02180195
0.02192926
0.02199030
0.02196431
0.02193594
0.02187371
0.02179790
0.02189422
0.02200127
0.02188563
0.02185464
0.02194667
0.02176476
0.02192950
0.02202225
0.02191615
0.02190685
0.02201867
0.02179623
0.02189088
0.02201843
0.02192116
0.02188253
0.02194071
0.02187324
0.02185440
0.02189445
0.02189517
0.02184725
0.02190948
0.02192569
0.02179646
0.02196956
0.02178121
0.02197504
0.02196455
0.02190685
0.02186084
0.02194238
0.02194643
0.02170587
0.02195525
0.02191639
0.02186537
0.02205491
0.02181578
0.02199674
0.02190924
0.02196336
0.02201653
0.02193618
0.02193356
0.02179909
0.02202153
0.02172399
0.02188849
0.02189898
0.02196693
0.02200866
0.02198458
0.02195334
0.02191615
0.02195883
0.02193546
0.02188993
0.02194548
0.02193379
0.02196074
0.02165699
0.02191353
0.02188897
0.02190137
0.02194452
0.02185559
0.02184319
0.02194214
0.02198625
0.02199578
0.02203035
0.02199984
0.02158666
0.02197838
0.02179956
0.02192879
0.02191496
0.02191472
0.02195787
0.02192616
0.02194953
0.02199841
0.02211714
0.02186894
0.02190304
0.02201986
0.02206993
0.02209997
0.02184486
0.02187061
0.02220511
0.02200413
0.02189422
0.02187300
0.02199101
0.02195930
0.02193856
0.02196121
0.02192187
0.02199507
0.02201319
0.02189350
0.02177906
0.02192163
0.02204132
0.02194953
0.02190661
0.02185130
0.02196050
0.02210522
0.02197051
0.02186584
0.02196074
0.02187610
0.02193713
0.02192259
0.02180004
0.02188826
0.02195191
0.02206731
0.02197313
0.02187157
0.02189946
0.02194118
0.02194428
0.02191377
0.02091599
0.02188849
0.02177811
0.02202320
0.02189064
0.02185297
0.02190423
0.02197504
0.02195573
0.02197838
0.02197719
0.02204990
0.02249813
0.02263975
0.02264667
0.02251530
0.02250481
0.02252007
0.02242088
0.02217984
0.02207351
0.02214932
0.02211976
0.02200246
0.02198291
0.02201319
0.02198553
0.02190971
0.02208829
0.02199435
0.02177691
0.02195239
0.02196670
0.02189922
0.02203155
0.02203035
0.02194333
0.02195001
0.02198172
0.02169943
0.02195001
0.02201247
0.02189922
0.02199769
0.02209330
0.02199244
0.02203894
0.02211261
0.02203083
0.02197075
0.02210641
0.02217484
0.02200651
0.02204919
0.02197862
0.02194643
0.02202392
0.02193260
0.02174616
0.02204394
0.02194476
0.02185702
0.02200866
0.02238846
0.02260113
0.02204490
0.02196383
0.02190042
0.02195716
0.02198672
0.02185059
0.02187753
0.02191639
0.02192664
0.02204370
0.02191615
0.02186298
0.02186704
0.02184844
0.02185106
0.02186465
0.02186060
0.02185583
0.02189851
0.02185798
0.02185273
0.02185607
0.02186656
0.02185726
0.02185488
0.02183938
0.02177620
0.02192664
0.02236319
0.02178478
0.02174568
0.02186298
0.02182031
0.02165103
0.02182341
0.02184176
0.02185774
0.02165627
0.02185297
0.02184010
0.02190709
0.02187586
0.02175808
0.02179861
0.02177501
0.02188492
0.02178502
0.02177668
0.02181101
0.02148366
0.02192926
0.02167630
0.02179909
0.02178216
0.02176309
0.02174139
0.02172852
0.02174449
0.02176356
0.02185893
0.02182865
0.02179670
0.02180099
0.02180552
0.02179265
0.02172089
0.02179480
0.02181029
0.02183723
0.02180839
0.02168941
0.02171993
0.02178550
0.02187276
0.02175307
0.02180362
0.02178454
0.02163506
0.02185154
0.02178645
0.02171469
0.02171469
0.02179098
0.02171898
0.02144265
0.02182651
0.02173853
0.02179837
0.02180338
0.02173877
0.02169418
0.02182198
0.02170610
0.02169323
0.02175784
0.02170682
0.02146840
0.02176094
0.02166891
0.02168870
0.02185750
0.02169824
0.02170777
0.02163672
0.02169967
0.02177835
0.02169323
0.02171826
0.02155209
0.02170396
0.02167559
0.02169180
0.02159262
0.02169394
0.02174616
0.02170706
0.02169371
0.02155399
0.02170014
0.02164769
0.02166510
0.02163887
0.02166247
0.02180099
0.02172112
0.02175617
0.02169251
0.02167869
0.02177811
0.02162051
0.02161360
0.02167249
0.02165818
0.02165151
0.02164793
0.02169490
0.02149582
0.02181840
0.02164268
0.02163815
0.02171588
0.02169442
0.02168870
0.02170300
0.02165890
0.02166152
0.02180219
0.02168036
0.02160835
0.02167511
0.02169800
0.02170777
0.02173281
0.02168179
0.02157116
0.02156568
0.02168155
0.02162337
0.02162051
0.02168369
0.02166605
0.02163696
0.02168131
0.02159190
0.02158594
0.02163029
0.02201080
0.02159643
0.02171803
0.02137852
0.02173090
0.02151847
0.02165294
0.02161646
0.02159667
0.02165675
0.02155209
0.02172399
0.02166772
0.02151084
0.02171969
0.02162075
0.02162790
0.02153826
0.02171230
0.02165365
0.02173018
0.02165532
0.02164316
0.02169847
0.02165008
0.02160859
0.02173495
0.02153563
0.02162719
0.02169347
0.02170634
0.02168989
0.02168846
0.02164912
0.02137589
0.02162576
0.02166629
0.02167034
0.02166867
0.02175069
0.02176261
0.02168059
0.02168560
0.02158689
0.02169204
0.02181911
0.02142477
0.02168250
0.02254391
0.02203155
0.02178717
0.02174163
0.02160048
0.02129078
0.02167845
0.02166891
0.02162576
0.02172017
0.02167225
0.02164173
0.02164531
0.02161956
0.02166128
0.02167273
0.02159691
0.02158618
0.02159739
0.02163792
0.02168012
0.02170467
0.02165341
0.02152562
0.02161384
0.02167535
0.02163696
0.02168822
0.02171826
0.02172327
0.02171278
0.02152109
0.02162790
0.02171540
0.02172565
0.02172327
0.02165961
0.02165580
0.02166891
0.02165771
0.02166057
0.02169728
0.02162695
0.02158523
0.02164245
0.02149010
0.02173758
0.02178907
0.02169514
0.02163029
0.02155733
0.02165794
0.02167606
0.02165055
0.02166891
0.02163625
0.02169108
0.02175665
0.02175975
0.02167583
0.02170563
0.02185798
0.02172065
0.02175903
0.02153730
0.02178645
0.02177358
0.02178192
0.02170730
0.02168489
0.02187896
0.02171612
0.02171350
0.02179384
0.02172136
0.02203918
0.02191353
0.02175927
0.02171230
0.02184129
0.02178955
0.02180338
0.02168250
0.02172112
0.02170634
0.02176189
0.02177000
0.02176571
0.02188802
0.02178288
0.02153254
0.02182674
0.02175403
0.02191448
0.02180648
0.02174640
0.02179456
0.02154446
0.02182198
0.02175856
0.02181053
0.02178788
0.02169704
0.02182031
0.02180529
0.02175760
0.02186108
0.02200222
0.02183509
0.02175093
0.02169490
0.02159262
0.02178311
0.02177525
0.02177334
0.02182245
0.02189517
0.02178192
0.02181101
0.02182555
0.02181053
0.02190089
0.02188110
0.02182794
0.02183533
0.02195334
0.02180386
0.02181315
0.02184415
0.02188540
0.02187061
0.02192140
0.02185082
0.02190495
0.02190661
0.02185035
0.02186465
0.02169204
0.02197027
0.02183533
0.02194524
0.02181506
0.02089453
0.02186584
0.02171993
0.02183652
0.02191210
0.02186966
0.02192187
0.02191591
0.02185416
0.02184153
0.02191615
0.02188969
0.02185678
0.02198768
0.02196097
0.02193356
0.02176929
0.02190614
0.02195311
0.02207494
0.02201438
0.02194262
0.02200484
0.02177858
0.02194643
0.02205777
0.02197647
0.02193499
0.02199578
0.02199721
0.02187347
0.02200007
0.02204275
0.02192450
0.02204919
0.02202940
0.02185345
0.02200723
0.02199936
0.02196836
0.02206492
0.02210021
0.02204156
0.02211976
0.02187395
0.02197337
0.02210641
0.02199793
0.02197194
0.02202058
0.02206182
0.02184439
0.02205753
0.02201200
0.02197027
0.02211070
0.02209783
0.02205634
0.02197313
0.02216649
0.02210331
0.02218103
0.02206421
0.02203059
0.02210641
0.02219486
0.02205157
0.02210641
0.02210736
0.02205586
0.02215457
0.02210069
0.02203846
0.02209115
0.02212453
0.02209830
0.02208114
0.02204394
0.02210164
0.02198458
0.02214026
0.02216768
0.02216244
0.02224445
0.02216601
0.02215552
0.02208686
0.02220654
0.02204514
0.02233505
0.02221060
0.02218199
0.02228570
0.02203989
0.02221417
0.02215004
0.02224159
0.02226949
0.02224755
0.02222562
0.02225399
0.02241206
0.02223325
0.02225065
0.02234411
0.02214170
0.02226758
0.02228570
0.02218366
0.02221203
0.02231693
0.02220201
0.02218556
0.02221918
0.02212977
0.02230406
0.02211809
0.02234292
0.02227712
0.02240467
0.02234888
0.02227473
0.02230430
0.02232862
0.02228069
0.02209997
0.02225733
0.02232814
0.02239466
0.02228808
0.02225351
0.02242541
0.02229977
0.02236605
0.02224636
0.02224970
0.02234721
0.02243185
0.02229071
0.02172184
0.02234149
0.02201343
0.02238369
0.02237272
0.02230430
0.02239966
0.02246404
0.02231264
0.02236843
0.02237344
0.02236128
0.02234650
0.02236629
0.02229524
0.02420974
0.02252078
0.02243018
0.02240467
0.02286196
0.02286291
0.02297497
0.02295494
0.02261233
0.02255511
0.02240109
0.02242160
0.02249432
0.02246928
0.02244306
0.02247167
0.02241683
0.02218533
0.02244592
0.02241635
0.02237916
0.02252746
0.02247453
0.02243209
0.02246022
0.02242470
0.02236509
0.02247477
0.02218533
0.02240753
0.02249694
0.02248430
0.02242684
0.02247143
0.02238393
0.02232385
0.02245307
0.02243257
0.02239609
0.02241015
0.02237058
0.02237105
0.02215743
0.02238202
0.02247000
0.02248359
0.02237582
0.02237058
0.02237964
0.02235126
0.02240586
0.02225041
0.02238989
0.02244806
0.02247620
0.02237558
0.02239919
0.02234817
0.02234674
0.02231526
0.02197099
0.02228141
0.02233648
0.02235579
0.02235365
0.02234268
0.02236938
0.02236176
0.02229953
0.02232456
0.02241945
0.02239227
0.02241993
0.02300644
0.02237415
0.02237654
0.02236104
0.02250624
0.02236581
0.02236366
0.02240133
0.02236557
0.02232695
0.02228260
0.02240467
0.02246523
0.02249980
0.02233481
0.02234483
0.02247381
0.02217770
0.02232194
0.02240682
0.02233315
0.02250814
0.02241564
0.02233934
0.02234244
0.02254152
0.02197170
0.02242994
0.02253032
0.02313066
0.02253437
0.02247310
0.02245355
0.02246642
0.02245736
0.02209711
0.02231789
0.02250695
0.02256441
0.02256370
0.02245641
0.02242184
0.02226162
0.02237725
0.02241611
0.02241302
0.02244878
0.02233362
0.02248693
0.02168751
0.02238250
0.02208853
0.02248001
0.02236295
0.02241111
0.02238250
0.02234769
0.02231145
0.02233148
0.02229118
0.02223706
0.02250171
0.02233481
0.02233601
0.02232862
0.02231812
0.02232814
0.02235579
0.02229548
0.02236843
0.02241683
0.02233291
0.02235842
0.02246141
0.02221513
0.02230239
0.02234387
0.02234864
0.02234960
0.02234387
0.02236819
0.02219367
0.02349091
0.02245402
0.02221560
0.02229595
0.02228475
0.02230835
0.02213717
0.02228618
0.02216506
0.02234530
0.02213907
0.02234960
0.02216554
0.02232027
0.02240586
0.02231169
0.02263284
0.02214026
0.02228475
0.02228117
0.02236462
0.02225018
0.02232575
0.02230310
0.02206516
0.02227020
0.02229738
0.02230573
0.02232242
0.02234507
0.02225876
0.02226663
0.02228522
0.02226186
0.02222872
0.02230477
0.02225733
0.02224493
0.02216816
0.02223921
0.02220345
0.02226114
0.02241421
0.02280021
0.02236199
0.02231073
0.02221060
0.02206540
0.02214789
0.02225041
0.02237511
0.02228737
0.02222061
0.02231169
0.02188134
0.02226949
0.02201533
0.02150273
0.02239370
0.02242661
0.02236938
0.02228165
0.02249694
0.02218676
0.02233458
0.02234387
0.02231503
0.02230406
0.02238798
0.02233696
0.02201986
0.02233481
0.02218056
0.02240062
0.02241755
0.02236605
0.02232170
0.02239227
0.02232814
0.02229452
0.02228642
0.02233171
0.02236438
0.02234340
0.02228308
0.02233505
0.02233386
0.02236319
0.02234244
0.02234197
0.02241397
0.02236104
0.02232957
0.02218390
0.02233529
0.02234364
0.02233768
0.02223825
0.02232790
0.02231216
0.02249217
0.02241802
0.02210307
0.02181077
0.02245545
0.02246571
0.02244949
0.02229500
0.02235770
0.02218366
0.02232981
0.02233911
0.02233601
0.02235675
0.02233648
0.02229428
0.02224565
0.02233601
0.02216983
0.02236271
0.02228332
0.02231836
0.02241611
0.02231002
0.02234888
0.02210522
0.02235579
0.02237034
0.02237773
0.02239633
0.02260327
0.02256799
0.02249694
0.02259016
0.02255774
0.02247715
0.02236390
0.02231908
0.02241564
0.02248502
0.02237320
0.02252555
0.02250814
0.02247453
0.02245426
0.02242374
0.02251410
0.02249599
0.02236700
0.02238345
0.02248406
0.02251458
0.02244329
0.02254033
0.02255821
0.02241850
0.02248240
0.02241254
0.02253699
0.02248669
0.02253532
0.02248836
0.02252483
0.02252007
0.02232814
0.02248836
0.02243280
0.02242136
0.02245450
0.02253318
0.02247453
0.02253270
0.02245975
0.02218246
0.02241707
0.02244449
0.02239490
0.02243924
0.02252865
0.02240634
0.02253318
0.02247763
0.02244401
0.02218843
0.02250457
0.02242851
0.02238846
0.02248144
0.02241969
0.02230716
0.02245855
0.02243280
0.02250552
0.02252293
0.02244425
0.02247334
0.02255416
0.02229500
0.02225947
0.02248073
0.02244043
0.02248096
0.02254796
0.02243304
0.02248001
0.02249432
0.02240419
0.02258372
0.02247119
0.02242637
0.02245665
0.02244544
0.02232337
0.02250266
0.02251458
0.02244902
0.02252483
0.02245069
0.02254319
0.02243805
0.02248454
0.02242994
0.02243876
0.02239895
0.02240133
0.02245474
0.02239871
0.02245688
0.02243829
0.02250266
0.02220559
0.02257228
0.02247787
0.02246308
0.02249932
0.02250648
0.02241850
0.02235508
0.02239633
0.02206254
0.02189779
0.02240014
0.02240920
0.02251101
0.02243018
0.02230573
0.02245784
0.02245116
0.02243471
0.02248549
0.02233601
0.02259779
0.02255487
0.02241635
0.02241254
0.02238035
0.02245402
0.02240920
0.02250242
0.02244544
0.02252007
0.02249408
0.02231574
0.02234340
0.02231693
0.02239561
0.02235675
0.02249932
0.02240562
0.02249002
0.02248597
0.02216578
0.02245593
0.02248287
0.02247119
0.02240038
0.02250648
0.02240133
0.02253175
0.02290773
0.02223682
0.02243876
0.02254987
0.02239323
0.02243376
0.02249718
0.02240610
0.02245927
0.02233338
0.02240229
0.02253342
0.02252483
0.02242613
0.02240133
0.02246618
0.02241850
0.02252245
0.02241659
0.02243280
0.02253556
0.02253413
0.02232814
0.02251840
0.02237344
0.02249074
0.02254438
0.02249575
0.02244401
0.02249646
0.02254891
0.02242422
0.02254391
0.02229595
0.02255893
0.02253079
0.02265549
0.02247596
0.02254748
0.02248383
0.02239633
0.02250576
0.02247071
0.02241063
0.02262783
0.02250075
0.02252913
0.02266216
0.02264094
0.02219963
0.02279758
0.02230597
0.02252626
0.02268243
0.02261305
0.02258754
0.02269101
0.02260375
0.02240038
0.02268982
0.02261734
0.02277851
0.02267003
0.02258229
0.02267599
0.02269053
0.02261543
0.02261114
0.02269292
0.02263999
0.02266788
