0.01008892
0.02524543
0.02028012
0.02007079
0.01985955
0.01995111
0.02000952
0.02007318
0.01995635
0.02001858
0.02006674
0.01995301
0.01995683
0.01996398
0.01991415
0.01989961
0.01999021
0.01991296
0.01999807
0.02008057
0.02006054
0.02002573
0.01979923
0.02007580
0.01998997
0.02006984
0.02029014
0.02014422
0.02004290
0.02006650
0.02007413
0.02009439
0.01999927
0.02016664
0.02013731
0.01997662
0.02090740
0.02016640
0.02018690
0.02014303
0.02012086
0.01993966
0.02010059
0.02045846
0.02019954
0.02006507
0.02028394
0.02008772
0.02013326
0.02023935
0.02007437
0.02019000
0.02025318
0.02006555
0.02022862
0.01997256
0.02036810
0.02004123
0.02023482
0.02022505
0.02017212
0.02020216
0.02025390
0.02008343
0.02013183
0.02018929
0.02021718
0.02013659
0.02002430
0.02026367
0.02018929
0.02019882
0.02027273
0.01996493
0.02028131
0.02027106
0.02039170
0.02029753
0.02029061
0.02037621
0.02032852
0.02034020
0.02036238
0.02042174
0.02038932
0.02027774
0.02030420
0.02033710
0.02028871
0.02054930
0.02042866
0.02044272
0.02048612
0.02044678
0.02046132
0.02055120
0.02048397
0.02048397
0.02063775
0.02053189
0.02052736
0.02052784
0.02052522
0.02047801
0.02051926
0.02063155
0.02056861
0.02061176
0.02066016
0.02046919
0.02053761
0.02066731
0.02066803
0.02067304
0.02069378
0.02076221
0.02064371
0.02058601
0.02076840
0.02068782
0.02075839
0.02087688
0.02083182
0.02080560
0.02084422
0.02085710
0.02087784
0.02089715
0.02063918
0.02097845
0.02095890
0.02102947
0.02098393
0.02091551
0.02100134
0.02100611
0.02116108
0.02093792
0.02106118
0.02121854
0.02139258
0.02063560
0.02134299
0.02135611
0.02137280
0.02126932
0.02154779
0.02154088
0.02164745
0.02168202
0.02161503
0.02166033
0.02182293
0.02194381
0.02179909
0.02204299
0.02200890
0.02190351
0.02217722
0.02246404
0.02298284
0.02309513
0.02306676
0.02292228
0.02296352
0.02287817
0.02265549
0.02292180
0.02285385
0.02287602
0.02304006
0.02307749
0.02309203
0.02315044
0.02312851
0.02329421
0.02344799
0.02337766
0.02345204
0.02363682
0.02375054
0.02386904
0.02373290
0.02395749
0.02411890
0.02426815
0.02420878
0.02452636
0.02442908
0.02477503
0.02497482
0.02520561
0.02531433
0.02556396
0.02580595
0.02602863
0.02597022
0.02585006
0.02577233
0.02573586
0.02580357
0.02615786
0.02638674
0.02644873
0.02659893
0.02688622
0.02707911
0.02671242
0.02696228
0.02729154
0.02770114
0.02796412
0.02807736
0.02782798
0.02769232
0.02758217
0.02792859
0.02823377
0.02855825
0.02868247
0.02893209
0.02891994
0.02982950
0.03014183
0.03043652
0.03061509
0.03107572
0.03078556
0.03104973
0.03111196
0.03172278
0.03195643
0.03198171
0.03227520
0.03226686
0.03216672
0.03236508
0.03237271
0.03231430
0.03241706
0.03226376
0.03180432
0.03126383
0.03111315
0.03078127
0.03066158
0.03074288
0.03054643
0.03039861
0.03073215
0.03079677
0.03066778
