0.00849438
0.02918482
0.02332330
0.02213907
0.02189636
0.02204847
0.02202463
0.02114964
0.02201509
0.02200675
0.02203298
0.02204585
0.02127600
0.02118444
0.02117848
0.02137113
0.02126169
0.02130294
0.02133751
0.02129054
0.02140403
0.02131557
0.02129769
0.02116323
0.02152395
0.02147031
0.02147532
0.02149701
0.02141786
0.02175117
0.02174878
0.02193522
0.02185798
0.02193666
0.02206516
0.02200985
0.02200818
0.02177882
0.02203512
0.02199006
0.02177835
0.02158260
0.02153301
0.02150369
0.02140951
0.02139401
0.02130556
0.02133608
0.02166152
0.02133083
0.02103996
0.02106118
0.02109194
0.02103543
0.02090669
0.02099276
0.02097178
0.02105522
0.02113986
0.02102947
0.02100945
0.02103853
0.02114081
0.02113676
0.02133369
0.02129030
0.02134013
0.02146935
0.02136278
0.02158952
0.02163243
0.02168107
0.02175260
0.02191162
0.02205110
0.02211738
0.02213955
0.02223492
0.02223158
0.02220702
0.02208781
0.02240348
0.02228665
0.02252841
0.02254176
0.02250099
0.02243018
0.02226877
0.02223825
0.02220082
0.02217484
0.02177858
0.02172112
0.02168822
0.02159023
0.02155495
0.02103424
0.02132249
0.02151799
0.02118921
0.02137899
0.02034879
0.02120972
0.02121353
0.02125144
0.02114201
0.02113700
0.02128077
0.02109313
0.02104211
0.02104282
0.02101803
0.02101636
0.02103567
0.02104974
0.02101350
0.02092648
0.02103925
0.02095699
0.02102184
0.02107072
0.02100849
0.02104855
0.02092600
0.02093911
0.02095318
0.02109671
0.02107453
0.02087069
0.02098775
0.02095795
0.02096748
0.02098489
0.02101374
0.02093053
0.02069020
0.02089357
0.02092099
0.02089286
0.02098799
0.02091551
0.02090549
0.02093554
0.02094531
0.02097440
0.02065468
0.02095175
0.02095008
0.02091122
0.02098203
0.02067566
0.02094436
0.02097726
0.02096033
0.02099991
0.02106619
0.02104354
0.02108145
0.02104664
0.02101088
0.02100873
0.02105761
0.02107692
0.02105904
0.02106857
0.02108693
0.02100229
0.02085972
0.02096033
0.02103519
0.02097631
0.02102137
0.02096581
0.02105808
0.02110910
0.02114773
0.02121305
0.02112508
0.02124476
0.02121353
0.02116179
0.02113414
0.02110958
0.02114129
0.02103519
0.02111506
0.02122045
0.02109909
0.02113914
0.02119374
0.02112889
0.02118516
0.02107978
0.02092457
0.02104616
0.02101326
0.02083659
0.02082157
0.02106500
0.02099514
0.02091455
0.02067757
0.02112699
0.02099657
0.02093101
0.02100086
0.02092910
0.02097201
0.02098203
0.02092743
0.02089381
0.02097869
0.02094984
0.02066708
0.02105451
0.02103114
0.02093625
0.02102900
0.02102780
0.02097845
0.02096820
0.02108955
0.02104139
0.02083445
0.02103591
0.02098894
0.02106380
0.02115083
0.02116394
0.02114272
0.02111602
0.02115440
0.02109838
0.02110386
0.02105784
0.02102661
0.02113962
0.02150488
0.02105832
0.02095270
0.02060771
0.02082419
0.02073121
0.02067018
0.02072692
0.02058482
0.02058625
0.02069902
0.02059126
0.02059984
0.02052855
0.02050900
0.02050972
0.02051401
0.02040195
0.02016330
0.02046466
0.02037048
0.02026629
0.02035069
0.01984549
0.02019620
0.02027822
0.02025461
0.02017331
0.02016664
0.02021098
0.02012753
0.02010918
0.02018237
0.02021885
0.02011847
0.02014828
0.02012968
0.02008367
0.02031136
0.02014160
0.02010703
0.02016306
0.02020359
0.02015901
0.02012110
0.02017498
0.02004743
0.02020502
0.02024031
0.02020764
0.02018261
0.02019095
0.02030802
0.02026343
0.02029014
0.02033830
0.02017879
0.02034259
0.02038169
0.02039003
0.02040267
0.01972175
0.02060580
0.02046919
0.02044725
0.02061796
0.02045870
0.02060103
0.02067685
0.02068877
0.02069330
0.02071452
0.02070951
0.02053308
0.02068782
0.02067041
0.02053785
0.02067161
0.02065897
0.02059150
0.02059627
0.02069330
0.02067900
0.02059364
0.02064967
0.02057719
0.02051711
0.02065921
0.02065253
0.02056146
0.02059388
0.02070618
0.02057910
0.02058816
0.02060485
0.02051044
0.02053046
0.02060127
0.02053928
0.02052522
0.02056932
0.02055621
0.02051902
0.02053547
0.02054429
0.02046490
0.02047110
0.02050900
0.02050352
0.02047706
0.02050734
0.01958871
0.02047229
0.02054000
0.02051902
0.02040410
0.02040052
0.02053142
0.02048421
0.02056623
0.02062583
0.02049398
0.02047968
0.02057981
0.02044654
0.02039194
0.02048898
0.02049398
0.02046490
0.02049160
0.02062821
0.02052808
0.02055454
0.02053547
0.02049518
0.02049780
0.02046466
0.02059746
0.02050996
0.02056694
0.02052546
0.02052593
0.02060032
0.02057099
0.02049136
0.02067518
0.02045512
0.02051544
0.02053261
0.02068090
0.02058482
0.02061915
0.02065015
0.02061391
0.02060342
0.02061248
0.02046418
0.02048492
0.02058387
0.02032137
0.02064943
0.02065039
0.02071333
0.02053618
0.02070403
0.02075291
0.02058029
0.02056813
0.02064109
0.02062130
0.02058363
0.02060843
0.02054930
0.02055073
0.02060223
0.02059960
0.02046967
0.02054501
0.02061462
0.02062964
0.02056789
0.02062368
0.02057815
0.02053094
0.02057385
0.02056146
0.02055812
0.02055049
0.02051306
0.02050066
0.02047086
0.02049470
0.02044702
0.02050948
0.02059746
0.02045107
0.02035165
0.02056599
0.02054501
0.02044010
0.02051950
0.02049041
0.02041507
0.02053595
0.02051735
0.02045822
0.02043819
0.02059031
0.01959538
0.02049494
0.02065492
0.02054167
0.02044773
0.02057552
0.02046847
0.02048445
0.02048016
0.02061152
0.02048278
0.02047515
0.02055526
0.02050924
0.02057147
0.02051187
0.02051854
0.02045512
0.02050018
0.02052355
0.02048397
0.02057719
0.02050996
0.02043056
0.02053690
0.02060437
0.02052259
