0.01356697
0.02579570
0.02340150
0.02272677
0.02279210
0.02274346
0.02274537
0.02280068
0.02268839
0.02281547
0.02301955
0.02287722
0.02287412
0.02290082
0.02292871
0.02303195
0.02300763
0.02299476
0.02309704
0.02334213
0.02352118
0.02321482
0.02322888
0.02320004
0.02349210
0.02386045
0.02392626
0.02397585
0.02406764
0.02403641
0.02403641
0.02418804
0.02412963
0.02409697
0.02400208
0.02419209
0.02410412
0.02430058
0.02423000
0.02409101
0.02425671
0.02419424
0.02404356
0.02396011
0.02406240
0.02382445
0.02391624
0.02342081
0.02319431
0.02320576
0.02352667
0.02371192
0.02387714
0.02375984
0.02389717
0.02391267
0.02391934
0.02409196
0.02395320
0.02388430
0.02381849
0.02384806
0.02387786
0.02408695
0.02389503
0.02423930
0.02412748
0.02408957
0.02412796
0.02408957
0.02360392
0.02360630
0.02363038
0.02362084
0.02398729
0.02379513
0.02352595
0.02346516
0.02351356
0.02341509
0.02347422
0.02348924
0.02356195
0.02364349
0.02344704
0.02352142
0.02354813
0.02340078
0.02343202
0.02339196
0.02322030
0.02340961
0.02337837
0.02346778
0.02352452
0.02390218
0.02406693
0.02422643
0.02414322
0.02413702
0.02419949
0.02425671
0.02426887
0.02430177
0.02430487
0.02417183
0.02424312
0.02398038
0.02426958
0.02437186
0.02450514
0.02449799
0.02441907
0.02410364
0.02440000
0.02437711
0.02445221
0.02436686
0.02457500
0.02464962
0.02457714
0.02436686
0.02435827
0.02451801
0.02448463
0.02460384
0.02458453
0.02460623
0.02425933
0.02463508
0.02461267
0.02466130
0.02450633
0.02465916
0.02455473
0.02461553
0.02473164
0.02466130
0.02437639
0.02462363
0.02467656
0.02462077
0.02477074
0.02476144
0.02491117
0.02494478
0.02475476
0.02468109
0.02485037
0.02469873
0.02475405
0.02482605
0.02478766
0.02477956
0.02477622
0.02467966
0.02479005
0.02472925
0.02469540
0.02468228
0.02467465
0.02440953
0.02472782
0.02462149
0.02475810
0.02474761
0.02484632
0.02489901
0.02486825
0.02486825
0.02485061
0.02452755
0.02483726
0.02484560
0.02494383
0.02506566
0.02506709
0.02507210
0.02496052
0.02495170
0.02512908
0.02495360
0.02482080
0.02491331
0.02488518
0.02487612
0.02501726
0.02475333
0.02498698
0.02486563
0.02505088
0.02511978
0.02490306
0.02496219
0.02473950
0.02484059
0.02477002
0.02477098
0.02452254
0.02463984
0.02459145
0.02475667
0.02482462
0.02475619
0.02465677
0.02474213
0.02495980
0.02492237
0.02495408
0.02496433
0.02479291
0.02479982
0.02535081
0.02521896
0.02493405
0.02489591
0.02491117
0.02512097
0.02489328
0.02517986
0.02477074
0.02474928
0.02486968
0.02497721
0.02506685
0.02503276
0.02506924
0.02509379
0.02515268
0.02516031
0.02431798
0.02517009
0.02518535
0.02515364
0.02511525
0.02519703
0.02510548
0.02509975
0.02522159
0.02496552
0.02518129
0.02524090
0.02513981
0.02478981
0.02474570
0.02470160
0.02497840
0.02502871
0.02499509
0.02487373
0.02516222
0.02506042
0.02510929
0.02487302
0.02516532
0.02528381
0.02529144
0.02513552
0.02525234
0.02520108
0.02523303
0.02515221
0.02524185
0.02549815
0.02561951
0.02562356
0.02546930
0.02539802
0.02557516
0.02539754
0.02514744
0.02523637
0.02498126
0.02511716
0.02522945
0.02524328
0.02524495
0.02521539
0.02528715
0.02538419
0.02532315
0.02528596
0.02522302
0.02519488
0.02530456
0.02520728
0.02517390
0.02523375
0.02507162
0.02511120
0.02518702
