0.00796556
0.02733827
0.02137733
0.02109981
0.02212381
0.02124381
0.02084637
0.02108383
0.02101827
0.02077746
0.02103353
0.01991987
0.02095628
0.02100325
0.02081752
0.02090073
0.02064323
0.02085090
0.02073526
0.02090502
0.02082109
0.02065706
0.02066112
0.02066970
0.02050543
0.02059388
0.02062035
0.02050710
0.02057767
0.02050805
0.02059340
0.02060533
0.02076840
0.02087474
0.02065158
0.02072382
0.02086258
0.02088737
0.02091908
0.02103305
0.02096200
0.02095175
0.02102494
0.02110243
0.02112961
0.02115273
0.02100253
0.02122664
0.02124858
0.02120352
0.02121592
0.02124190
0.02130890
0.02123594
0.02107954
0.02104974
0.02084756
0.02101612
0.02079749
0.02089739
0.02049804
0.02069616
0.02073622
0.02068329
0.02066875
0.02050495
0.02060151
0.02046633
0.02038026
0.02031755
0.02022600
0.02025270
0.02018833
0.02024651
0.02021861
0.02010155
0.02022147
0.02026176
0.02023220
0.02017760
0.02013135
0.02006507
0.02011395
0.01998448
0.02009869
0.01990247
0.02015710
0.02014732
0.02019262
0.02019024
0.02027035
0.02033424
0.02034163
0.02009344
0.02018285
0.02006030
0.01999211
0.02005649
0.02005291
0.01984620
0.01991320
0.01994109
0.01992822
0.01984429
0.01987362
0.01994896
0.01953602
0.02002573
0.02005720
0.01981354
0.02000499
0.01931190
0.01996565
0.02001190
0.02009416
0.01994848
0.01975846
0.01989341
0.01990056
0.01976728
0.01978087
0.01986599
0.01973319
0.01962662
0.01965928
0.01963305
0.01960516
0.01942635
0.01967430
0.01953912
0.01957250
0.01963878
0.01960206
0.01956201
0.01959801
0.01933241
0.01955414
0.01942921
0.01969576
0.01955199
0.01949954
0.01961303
0.01966953
0.01959085
0.01963401
0.01967740
0.01955295
0.01958036
0.01963830
0.01951647
0.01953125
0.01946425
0.01947880
0.01934195
0.01927972
0.01935911
0.01900625
0.01928782
0.01913285
0.01929688
0.01921606
0.01930928
0.01934004
0.01930737
0.01918793
0.01927710
0.01928735
0.01936269
0.01941276
0.01939273
0.01926994
0.01929307
0.01930928
0.01942039
0.01943660
0.01942825
0.01934934
0.01936722
0.01938295
0.01936412
0.01933074
0.01936054
0.01943660
0.01937366
0.01934791
0.01948690
0.01948285
0.01943254
0.01909709
0.01951981
0.01937079
0.01946712
0.01948237
0.01966238
0.01955843
0.01945090
0.01950741
0.01955485
0.01956439
0.01964331
0.01947355
0.01955247
0.01965284
0.01973248
0.01972175
0.01977777
0.01976132
0.01976776
0.01976109
0.01968265
0.01975560
0.01950884
0.01973844
0.01977777
0.01964831
0.01974034
0.01975083
0.01975441
0.01975656
0.01984048
0.01973677
0.01973724
0.01973677
0.01972795
0.01972461
0.01988006
0.01980829
0.01978374
0.01984859
0.01984906
0.01980591
0.01988482
0.01982164
0.01990271
0.01995802
0.01995182
0.02004910
0.02005172
0.02014804
0.02016926
0.01997733
0.02021813
0.02000713
0.02016926
0.02022171
0.02021003
0.02011490
0.02008390
0.02017236
0.02009678
0.02008963
0.02006125
0.02007866
0.01999807
0.01997542
0.01994705
0.01986098
0.01984715
0.01993680
0.01991725
0.01990151
0.01992559
0.01991582
0.01992106
0.01991677
0.01998091
0.01991892
0.01995754
0.01970100
0.01999950
0.01998878
0.01989889
0.01994896
0.01986194
0.01994395
0.01989579
0.01954222
0.01977301
0.01985550
0.01978064
0.01999736
0.01975441
0.01978707
0.01966357
0.01971722
0.01976252
0.01972365
0.01971245
0.01975393
0.01975584
0.01979184
0.01979637
0.01981449
0.01979756
0.01970267
0.01975417
0.01977062
0.01968265
0.01977563
0.01975226
0.01982594
0.01969194
0.01948595
0.01961780
0.01959777
0.01979470
0.01977420
0.01974702
0.01985669
0.01997876
0.01986456
0.01982903
0.01993227
0.02001333
0.01992822
0.01986194
0.01981330
0.01915145
0.01981211
0.01982379
0.01978230
0.01970100
0.01987410
0.01966929
0.01977921
0.01952052
0.01977086
0.01975727
0.01961732
0.02156782
0.02017283
0.01976633
0.01979208
0.01991701
0.02004027
0.01987481
0.02009964
0.02012205
0.01998496
0.01986241
0.01975656
0.01977634
0.01976609
0.01974273
0.01983619
0.01969099
0.01974821
0.01963139
0.01962852
0.01957083
0.01965928
0.01957774
0.01958156
0.01996493
0.01973581
0.01960158
0.01958084
0.01954460
0.01950312
0.01929307
0.01961470
0.01943827
0.01935482
0.01947165
0.01945734
0.01943064
0.01946187
0.01945710
0.01942968
0.01924133
0.01943684
0.01945853
0.01942134
0.01949048
0.01941895
0.01914215
0.01950288
0.01927400
0.01931381
0.01949620
0.01957273
0.01944232
0.01949024
0.01945114
0.01950455
0.01953697
0.01951218
0.01960969
0.01968408
0.01963472
0.01965499
0.01964712
0.02002335
0.02014470
0.01974058
0.01976204
0.01936007
0.01972461
0.01935267
0.01963830
0.01973581
0.01970077
0.01971602
0.01966214
0.01976514
0.01974440
0.01977301
0.01975083
0.01973057
0.01968122
0.01975179
0.01975441
0.01976442
0.01966810
0.01972747
0.01969314
0.01973009
0.01964879
0.01978421
0.01961088
0.01979637
0.01925015
0.01971817
0.01972151
0.01973438
0.01977086
0.01973367
0.01967168
0.01963544
0.01963592
0.01978040
0.01979542
0.01968718
0.01966357
0.01964974
0.01953840
0.01945376
0.01961398
0.01964498
0.01959801
0.01960754
0.01959157
0.01963425
0.01944685
0.01958799
0.01952720
0.01956439
0.01949906
0.01938081
0.01991844
0.01947951
0.01950812
0.01995993
0.01977158
0.01951551
0.01962233
0.01962090
0.01948357
0.01950955
0.01943898
0.01953769
0.01952386
0.01957059
0.01949215
0.01940227
0.01962471
0.01946759
0.01949167
0.01953864
0.01949477
0.01959372
