0.01063347
0.03501463
0.02913499
0.02903628
0.02928615
0.02950788
0.02925944
0.02932811
0.02930260
0.02937603
0.02923489
0.02950144
0.02953649
0.03043008
0.02924299
0.02873778
0.02886939
0.02883935
0.02889943
0.02921462
0.02960372
0.02944541
0.02950239
0.02969718
0.02953100
0.02936888
0.02927232
0.02922750
0.02882934
0.02876234
0.02891493
0.02915812
0.02936387
0.02871537
0.02939248
0.02930188
0.02935791
0.02943659
0.02928042
0.02978516
0.02981782
0.02946091
0.02928948
0.02943563
0.02964091
0.02959228
0.02962899
0.02943301
0.02958226
0.02970910
0.02943134
0.02957320
0.02981067
0.03003311
0.02939677
0.02929521
0.02935362
0.02958870
0.02945423
0.02926946
0.02941513
0.02949810
0.02911448
0.02889061
0.02875376
0.02868176
0.02885628
0.02871871
0.02881074
0.02853537
0.02862287
0.02839661
0.02848887
0.02842689
0.02837443
0.02826881
0.02844381
0.02853966
0.02948189
0.02890921
0.02883983
0.02873135
0.02853036
0.02872491
0.02882481
0.02872705
0.02863550
0.02877092
0.02869987
0.02847028
0.02823639
0.02812171
0.02833247
0.02839661
0.02846146
0.02826118
0.02792978
0.02783728
0.02692246
0.02809048
0.02782011
0.02781868
0.02773571
0.02778244
0.02775359
0.02775359
0.02788448
0.02752352
0.02775741
0.02779293
0.02779174
0.02777767
0.02775884
0.02785373
0.02776456
0.02774572
0.02795768
0.02809501
0.02816558
0.02836514
0.02835274
0.02836895
0.02836084
0.02843928
0.02837205
0.02835417
0.02826595
0.02845788
0.02846694
0.02831435
0.02852726
0.02837801
0.02841759
0.02833271
0.02846956
0.02904201
0.02871323
0.03067565
0.02905440
0.02885795
0.02876186
0.02839780
0.02817607
0.02799010
0.02836061
0.02873611
0.02873445
0.02880073
0.02875209
0.02883387
0.02878881
0.02873659
0.02868128
0.02870607
0.02848649
0.02868676
0.02868342
0.02871704
0.02869248
0.02872896
0.02868867
0.02853608
0.02871990
0.02871704
0.02869511
0.02865434
0.02881622
0.02878499
0.02836299
0.02868962
0.02832460
0.02873445
0.02872348
0.02867603
0.02916622
0.02846646
0.02867365
0.02869081
0.02868819
0.02884889
0.02897048
0.02901626
0.02914047
0.02918649
0.02898884
0.02907014
0.02906919
0.02905488
0.02904749
0.02912021
0.02905083
0.02905369
0.02917695
0.02902675
0.02879810
0.02873659
0.02878380
0.02868223
0.02877831
0.02879047
0.02880502
0.02880430
0.02883148
0.02870131
0.02879596
0.02876997
0.02891254
0.02884793
0.02914810
0.02912593
0.02909780
0.02910233
0.02892256
0.02898073
0.02923369
0.02941513
0.02940941
0.02944994
0.02940655
0.02947521
0.02963877
0.02938104
0.02932787
0.02939701
0.02941370
0.02937293
0.02924991
0.02908635
0.02889156
0.02870893
0.02888322
0.02864385
0.02833104
0.02845287
0.02842045
0.02841401
0.02843595
0.02851582
0.02851081
0.02839398
0.02845168
0.02838778
0.02809644
0.02807999
0.02882195
0.02909350
0.02851224
0.02889633
0.02846456
0.02807522
0.02807474
0.02814388
0.02792835
0.02744913
0.02777433
0.02781892
0.02782011
0.02783346
0.02778769
0.02773166
0.02781391
0.02775383
0.02781010
0.02784729
0.02774763
0.02792716
0.02815247
0.02811933
0.02797532
0.02829885
0.02812624
0.02787137
0.02806497
0.02813172
0.02832794
0.02808762
0.02884889
0.02882051
0.02902818
0.02898264
0.02894449
0.02852726
0.02828336
0.02844381
0.02840734
0.02850652
0.02838326
0.02919436
0.02850986
0.02901363
0.02860904
0.02821970
0.02808094
0.02800632
0.02805758
0.02802801
0.02824879
0.02839279
0.02805018
0.02811408
0.02794933
0.02798629
0.02798367
0.02795863
0.02792287
0.02803183
0.02804875
0.02780628
0.02797341
0.02824736
0.02797198
0.02765059
0.02806783
0.02792358
0.02835941
0.02846932
0.02826738
0.02798057
0.02792740
0.02819514
0.02832150
0.02834845
0.02885032
0.02879381
0.02868247
0.02874804
0.02873206
0.02857876
0.02834415
0.02842712
0.02842093
0.02821922
0.02811790
0.02810836
0.02808738
0.02805495
0.02817464
0.02809572
0.02800393
0.02817321
0.02785468
0.02812004
0.02807951
0.02824306
0.02834153
0.02834010
0.02860999
0.02871346
0.02871370
0.02848458
0.02882862
0.02873111
0.02867961
0.02874184
0.02856231
0.02875710
0.02870512
0.02886605
0.02874422
0.02869201
0.02875924
0.02864456
0.02874756
0.02869558
0.02881765
0.02871275
0.02869654
0.02872419
0.02876472
0.02876091
0.02868605
0.02874160
0.02873874
0.02874470
0.02873850
0.02876282
0.02867961
0.02872705
0.02879953
0.02863312
0.02863407
0.02894878
0.02903152
0.02886128
0.02838159
0.02818584
0.02805853
0.02801895
0.02819705
0.02862072
0.02855182
0.02867675
0.02871680
0.02867866
0.02867103
0.02864051
0.02877450
0.02836680
0.02885365
0.02912593
0.02905822
0.02922916
0.02952838
0.02945590
0.02903819
0.02924156
0.02937698
0.02926278
0.02924156
0.02931499
0.02928853
0.02919722
0.02922606
0.02927375
0.02927804
0.02912831
0.02908707
0.02881193
0.02829552
0.02850413
0.02882028
0.02904487
0.02877688
0.02856588
0.02854276
0.02842093
0.02847695
0.02957392
0.02851248
0.02848530
0.02856803
0.02849817
0.02847338
0.02844739
0.02843690
0.02839780
0.02860689
0.02840662
0.02856207
0.02816272
0.02839231
0.02856874
0.02845597
0.02845979
0.02846599
0.02828217
0.02814579
0.02796173
0.02814794
0.02806497
0.02819610
0.02816582
0.02816463
0.02810860
0.02811575
0.02820659
0.02820373
0.02817607
0.02831888
0.02824903
0.02823305
0.02804780
0.02824235
0.02830553
0.02848768
0.02857780
0.02851057
0.02866268
0.02873230
0.02880335
0.02877688
0.02877426
0.02882719
0.02883673
0.02882624
0.02875662
0.02880597
0.02879500
0.02881408
0.02898479
0.02889800
0.02880645
0.02843904
0.02891135
0.02877736
0.02888250
0.02886653
0.02888060
0.02884436
0.02875662
0.02888799
0.02881932
0.02851152
0.02883172
0.02895260
0.02887344
0.02898526
0.02889991
0.02879882
0.02886033
0.02878213
0.02885580
0.02861714
0.02887249
0.02880812
0.02858162
0.02856112
0.02850366
0.02853513
0.02851653
0.02856326
0.02853346
0.02842355
0.02861547
0.02840090
0.02851939
0.02854896
0.02850056
0.02845430
0.02840328
0.02856135
0.02861404
0.02882743
0.02875066
0.02885771
0.02849293
0.02859378
0.02851582
0.02852917
0.02838683
0.02819061
0.02810335
0.02794147
0.02799654
0.02787209
0.02819204
0.02791071
0.02784944
0.02795935
0.02791619
0.02781510
0.02786660
0.02791214
0.02798033
0.02782869
0.02783418
0.02801681
0.02802587
0.02784300
0.02792740
0.02789044
0.02789927
0.02787685
0.02782345
0.02769279
0.02786565
0.02790236
0.02792263
0.02790928
0.02785540
0.02790499
0.02776051
0.02785587
0.02796674
0.02699995
0.02763271
0.02759552
0.02750731
0.02792192
0.02850270
0.02852273
0.02848530
0.02867699
0.02865601
0.02872515
0.02849317
0.02823687
0.02798343
0.02784801
0.02765369
0.02761865
0.02782702
0.02768016
0.02744532
0.02801704
0.02834606
0.02849436
0.02851176
0.02840185
0.02833223
0.02807879
0.02820730
0.02860737
0.02850056
0.02786613
0.02801871
0.02793980
0.02816439
0.02829385
0.02868652
0.02847075
0.02829838
0.02932358
0.02962351
0.02947497
0.02966857
0.02980375
0.02927566
0.02929282
0.03003049
0.02977371
0.02974391
0.02968669
0.02999330
0.02994585
0.02955532
0.02958465
0.02974868
0.03001380
0.03004432
0.03014636
0.03013277
0.02999687
0.03002691
0.02988338
0.02953982
0.02956510
0.02965784
0.02960992
0.02962589
0.02975297
0.02993631
0.02994943
0.02990556
0.03009486
0.03016305
0.03040051
0.03059411
0.03031063
0.03023648
0.03022122
0.03025532
0.03024554
0.03020716
0.03024769
0.03035426
0.03011847
0.03033614
0.03025508
0.03055644
0.03076887
0.03062391
0.03067064
0.03060222
0.03060603
0.03058743
0.03058052
0.03057909
0.03038645
0.03001547
0.03019667
0.03015399
0.03029156
0.03025866
0.03019381
0.03006983
0.02980328
0.02985334
0.02987862
0.03150749
0.02992630
0.02941489
0.02994728
0.03040552
0.02987766
0.02980423
0.02954316
0.02964973
0.03028417
0.03057694
0.03067589
0.03068376
0.03064394
0.03124118
0.03186965
0.03204036
0.03144217
0.03137255
0.03160977
0.03090072
0.03064418
0.03026485
0.02981877
0.03087974
0.03113747
0.03137136
0.03163481
0.03181410
0.03247499
0.03236389
0.03195834
0.03206134
0.03221464
0.03317690
0.03371954
0.03358102
0.03423429
0.03487945
0.03474998
0.03449678
0.03386712
0.03363156
0.03369761
0.03365588
0.03332162
0.03359199
0.03377628
0.03365445
0.03397155
0.03427720
0.03416157
0.03443813
0.03436947
0.03423786
0.03446865
0.03444123
0.03447032
0.03446960
0.03450394
0.03432941
0.03480029
0.03505993
0.03523874
0.03529954
0.03523850
0.03512526
0.03557515
0.03578043
0.03608751
0.03640676
0.03635550
0.03628635
0.03653884
0.03631806
0.03640246
0.03634310
0.03636050
0.03625488
0.03521800
0.03546691
0.03568316
0.03616667
0.03573394
0.03568935
0.03539228
0.03521442
0.03528833
0.03531575
0.03543210
0.03508520
0.03528118
0.03600764
0.03545713
0.03495741
0.03545284
0.03591657
0.03506088
0.03431511
0.03394461
0.03409743
0.03421807
0.03393102
0.03330135
0.03253651
0.03146815
0.03103733
0.03146243
0.03156352
0.03164625
0.03217793
0.03235435
0.03210807
0.03242111
0.03260732
0.03236270
0.03226113
0.03225040
0.03221154
0.03243065
0.03274155
0.03288603
0.03274083
0.03290009
0.03311634
0.03239989
0.03248382
0.03234720
0.03278160
0.03227878
0.03256488
0.03207731
0.03153682
0.03155208
0.03149700
0.03140879
0.03187895
0.03225970
0.03270817
0.03261542
0.03274250
0.03285456
0.03271508
0.03246927
0.03235936
0.03274441
0.03286815
0.03275132
0.03296590
0.03271079
0.03248525
0.03251600
0.03272653
0.03267550
0.03276205
0.03274441
0.03277397
0.03269243
0.03268909
0.03274679
0.03306460
0.03296208
0.03393412
0.03430367
0.03497100
0.03510928
0.03509355
0.03498054
0.03474045
0.03454661
0.03460574
0.03461838
0.03456807
0.03449774
0.03457904
0.03449655
0.03459120
0.03455186
0.03450871
0.03462029
0.03438878
0.03405952
0.03412986
0.03412652
0.03405046
0.03384924
0.03354454
0.03358698
0.03381228
0.03411818
0.03402925
0.03409863
0.03409123
0.03407669
0.03410244
0.03413296
0.03403401
0.03401518
0.03430223
0.03453827
0.03456998
0.03458810
0.03455138
0.03445458
0.03387213
0.03403544
0.03406215
0.03409433
0.03403306
0.03409672
0.03368068
0.03412080
0.03435946
0.03359985
0.03296447
0.03316522
0.03282857
0.03271675
0.03269696
0.03217292
0.03161788
0.03106165
0.03056192
