0.00671577
0.02328944
0.01790094
0.01766634
0.01711011
0.01767135
0.01776314
0.01766038
0.01765966
0.01769352
0.01765370
0.01765871
0.01763201
0.01769543
0.01770997
0.01764846
0.01770711
0.01778913
0.01769638
0.01764083
0.01779532
0.01776743
0.01775169
0.01759934
0.01775718
0.01778269
0.01776218
0.01759815
0.01791000
0.01779342
0.01780272
0.01770902
0.01779866
0.01776648
0.01767731
0.01792622
0.01790881
0.01794744
0.01783800
0.01792789
0.01793981
0.01798725
0.01803160
0.01799893
0.01796412
0.01802301
0.01801252
0.01809478
0.01805425
0.01809239
0.01814365
0.01810265
0.01813293
0.01819324
0.01812959
0.01797915
0.01815152
0.01818204
0.01821399
0.01819110
0.01821184
0.01828766
0.01826811
0.01825738
0.01829791
0.01831579
0.01817703
0.01828527
0.01842427
0.01835608
0.01836729
0.01986647
0.01899886
0.01857424
0.01898384
0.01859188
0.01892304
0.01892328
0.01890469
0.01901150
0.01899195
0.01864409
0.01862335
0.01865959
0.01863885
0.01863384
0.01858401
0.02014232
0.01882124
0.01873469
0.01866555
0.01898289
0.01910138
0.01891112
0.01828647
0.01920867
0.01908708
0.01884747
0.01886320
0.01887965
0.01890826
0.01888800
0.01891899
0.01895499
0.01885891
0.01884890
0.01895547
0.01881599
0.01879287
0.01872563
0.01872444
0.01876855
0.01880193
0.01879501
0.01862621
0.01871538
0.01877093
0.01879358
0.01871610
0.01866961
0.01863217
0.01862073
0.01864171
0.01876640
0.01874065
0.01822090
0.01872230
0.01875806
0.01867962
0.01873875
0.01892304
0.01885223
0.01872420
0.01873994
0.01875353
0.01862335
0.01839280
0.01874471
0.01872683
0.01858616
0.01867986
0.01870322
0.01857924
0.01866078
0.01863575
0.01859331
0.01856470
0.01839161
0.01852036
0.01855564
0.01852560
0.01856112
0.01858687
0.01856828
0.01858306
0.01858091
0.01851583
0.01846623
0.01854253
0.01852155
0.01849866
0.01850176
0.01861930
0.01825285
0.01849103
0.01853371
0.01857114
0.01851702
0.01858950
0.01854944
0.01852870
0.01854634
0.01853633
0.01856017
0.01844478
0.01855755
0.01861429
0.01866865
0.01864409
0.01856375
0.01855230
0.01857710
0.01859736
0.01861501
0.01861453
0.01835227
0.01865721
0.01872897
0.01862645
0.01864862
0.01862407
0.01875305
0.01879907
0.01872587
0.01881838
0.01881433
0.01869488
0.01883101
0.01882863
0.01879907
0.01890278
0.01834083
0.01894403
0.01891828
0.01894975
0.01893115
0.01897526
0.01905632
0.01898527
0.01895595
0.01899195
0.01895618
0.01875114
0.01893425
0.01899171
0.01895261
0.01895189
0.01872635
0.01892686
0.01893544
0.01901388
0.01900363
0.01901531
0.01902318
0.01906896
0.01905918
0.01897192
0.01911330
0.01899576
0.01903176
0.01895976
0.01898313
0.01891112
0.01869845
0.01896930
0.01886249
0.01879191
0.01873922
0.01881194
0.01874757
0.01873994
0.01871204
0.01859045
0.01851344
0.01854897
0.01857519
0.01856852
0.01834965
0.01849723
0.01817489
0.01840448
0.01838493
0.01843572
0.01817846
0.01832628
0.01830363
0.01831913
0.01829624
0.01826501
0.01834083
0.01825523
0.01819015
0.01828814
0.01825976
0.01820183
0.01818347
0.01815557
0.01836538
0.01814413
0.01880455
0.01826715
0.01825380
0.01814461
0.01820731
0.01817060
0.01814270
0.01817179
0.01829314
0.01814651
0.01811600
0.01813984
0.01816845
0.01806164
0.01808476
0.01806664
0.01805592
0.01803470
0.01810336
0.01772022
0.01801729
0.01787305
0.01799393
0.01798940
0.01786995
0.01791406
0.01798201
0.01799440
0.01798153
0.01785779
0.01790047
0.01798940
0.01797867
0.01791763
0.01792622
0.01788545
0.01776123
0.01788998
0.01795888
0.01789498
0.01795650
0.01792097
0.01793051
0.01790524
0.01793265
0.01806116
0.01794934
0.01793218
0.01793671
0.01791406
0.01791430
0.01791930
0.01803327
0.01794672
0.01799178
0.01795101
0.01795268
