0.01411533
0.02867436
0.02442431
0.02451205
0.02440023
0.02428484
0.02436924
0.02419782
0.02440071
0.02442050
0.02437687
0.02420640
0.02427530
0.02419996
0.02430725
0.02401257
0.02420425
0.02429938
0.02423739
0.02424741
0.02412915
0.02418256
0.02422881
0.02412868
0.02418041
0.02411366
0.02393031
0.02399421
0.02415919
0.02426362
0.02412891
0.02402234
0.02387857
0.02391529
0.02390718
0.02384949
0.02395296
0.02386451
0.02387953
0.02383137
0.02386093
0.02392530
0.02398729
0.02397394
0.02383137
0.02382135
0.02388978
0.02392316
0.02388334
0.02358818
0.02389050
0.02378654
0.02376413
0.02385616
0.02382445
0.02387428
0.02394056
0.02363253
0.02355599
0.02364039
0.02361274
0.02382636
0.02357721
0.02385354
0.02389216
0.02363586
0.02380562
0.02384591
0.02377534
0.02421546
0.02416539
0.02420688
0.02432132
0.02418613
0.02411509
0.02381968
0.02413535
0.02408981
0.02417564
0.02416158
0.02413607
0.02414656
0.02409744
0.02416372
0.02416205
0.02414036
0.02418470
0.02420187
0.02420712
0.02423525
0.02421594
0.02413654
0.02419996
0.02419090
0.02428794
0.02402949
0.02410889
0.02421069
0.02430820
0.02421498
0.02427840
0.02432060
0.02448869
0.02453327
0.02455831
0.02450061
0.02450633
0.02441216
0.02426982
0.02405810
0.02428675
0.02430677
0.02421546
0.02405477
0.02440214
0.02594519
0.02441669
0.02425170
0.02421784
0.02438760
0.02429318
0.02424455
0.02428794
0.02430987
0.02423096
0.02427459
0.02434111
0.02435422
0.02442050
0.02432585
0.02449965
0.02442241
0.02440739
0.02443290
0.02409148
0.02424788
0.02423406
0.02412653
0.02436256
0.02439523
0.02435875
0.02435637
0.02439070
0.02462268
0.02460599
0.02475977
0.02469969
0.02455449
0.02374721
0.02466273
0.02465487
0.02456808
0.02521133
0.02482128
0.02491260
0.02479482
0.02479482
0.02483821
0.02503991
0.02501750
0.02499986
0.02491450
0.02497268
0.02470112
0.02493024
0.02500677
0.02502012
0.02508855
0.02528572
0.02518654
0.02508426
0.02524734
0.02526641
0.02530313
0.02519894
0.02502584
0.02508545
0.02509952
0.02509165
0.02523756
0.02524948
0.02524614
0.02522373
0.02534580
0.02544904
0.02543950
0.02542686
0.02528977
0.02536201
0.02514434
0.02503991
0.02516127
0.02486563
0.02491808
0.02480721
0.02464581
0.02447128
0.02447701
0.02439928
0.02533650
0.02516866
0.02506304
0.02509165
0.02486062
0.02463436
0.02440834
0.02389336
0.02428985
0.02396011
0.02416945
0.02442765
0.02426720
0.02424717
0.02418518
0.02426529
0.02416563
0.02415657
0.02422833
0.02429986
0.02444816
0.02432513
0.02432084
0.02433372
0.02484512
0.02480817
0.02477956
0.02479649
0.02451491
0.02439880
0.02457070
0.02464271
0.02454257
0.02478456
0.02459741
0.02470350
0.02484083
0.02483773
0.02475715
0.02471161
0.02465558
0.02475595
0.02455688
0.02483821
0.02497721
0.02492428
0.02507281
0.02494574
0.02488375
0.02489614
0.02494597
0.02504373
0.02491045
0.02491665
0.02491903
0.02488637
0.02581620
0.02497792
0.02465653
0.02522635
0.02503991
0.02452493
0.02461362
0.02454638
0.02454734
0.02456760
0.02458930
0.02418685
0.02471066
0.02463365
0.02476931
0.02454591
0.02469015
0.02471328
0.02463365
0.02453256
0.02484155
0.02467513
0.02461672
0.02470732
0.02456594
0.02464223
0.02461672
0.02434015
0.02478123
0.02471256
0.02483916
0.02483439
0.02478695
0.02481079
0.02468419
0.02452302
0.02441239
0.02444553
0.02422261
0.02432775
0.02440333
0.02458096
0.02464414
0.02464962
0.02454090
0.02475619
0.02467394
0.02480197
0.02474332
0.02481961
0.02478409
0.02489471
0.02508354
0.02506447
0.02515697
0.02534842
0.02515006
0.02521205
0.02495670
0.02523327
0.02538109
0.02530003
0.02528095
0.02532387
0.02524972
0.02533722
0.02524090
0.02521515
0.02512002
0.02494931
0.02497673
0.02501941
0.02507591
0.02507424
0.02497792
0.02501321
0.02492166
0.02473545
0.02484989
0.02478242
0.02468824
0.02448869
0.02469659
0.02464771
0.02474236
0.02452874
0.02465606
0.02462888
0.02450180
0.02468586
0.02459693
0.02467990
0.02473116
0.02473712
0.02469873
0.02467418
0.02460694
0.02469182
0.02460909
0.02389431
0.02471852
0.02451587
0.02433610
0.02445531
0.02456832
0.02452278
0.02422285
0.02454472
0.02461982
0.02458262
0.02471972
0.02462125
0.02474499
0.02475429
0.02477551
0.02468705
0.02476668
0.02471709
0.02452469
0.02470803
0.02482128
0.02474523
0.02490234
0.02480555
0.02498293
0.02493382
0.02475810
0.02487469
0.02487421
0.02473140
0.02471924
0.02464890
0.02474570
0.02473450
0.02470517
0.02461743
0.02488518
0.02478695
0.02486444
0.02440500
0.02493691
0.02493477
0.02498245
0.02514029
0.02530479
0.02523589
0.02537346
0.02537203
0.02555537
0.02539134
0.02514029
0.02485299
0.02495217
0.02497554
0.02510142
0.02504969
0.02522373
0.02507877
0.02490973
0.02481246
0.02497482
0.02497983
0.02484059
0.02483940
0.02493787
0.02485943
0.02476573
0.02475262
0.02472663
0.02456903
0.02451253
0.02467012
0.02474332
0.02455211
0.02450538
0.02437139
0.02442002
0.02458048
0.02466941
0.02462840
0.02459073
0.02414107
0.02465606
0.02460575
0.02447701
0.02508450
0.02454114
0.02451205
0.02455044
0.02452016
0.02434278
0.02431464
0.02440882
0.02450705
0.02452612
0.02424526
0.02442312
0.02450466
0.02456188
0.02453256
0.02455425
0.02426624
0.02443266
0.02429271
0.02426362
0.02434707
0.02438402
0.02442789
0.02434373
0.02419782
0.02447367
0.02438259
0.02435184
0.02459526
0.02448988
0.02452326
0.02450037
0.02453732
0.02445102
0.02443433
0.02428889
0.02477002
0.02446556
0.02444792
0.02448678
0.02443743
0.02467775
0.02473354
0.02468014
0.02482057
0.02472019
0.02466059
0.02463722
0.02468753
0.02442122
0.02466154
0.02426195
0.02454042
0.02456427
0.02455831
0.02461100
0.02466130
0.02517247
0.02453279
0.02450657
0.02454329
0.02469087
0.02451372
0.02461934
0.02458668
0.02455735
0.02435613
0.02448297
0.02453637
0.02451754
0.02459311
0.02439451
0.02446032
0.02442288
0.02435517
0.02457428
0.02433777
0.02446055
0.02445412
0.02383828
0.02451348
0.02444863
0.02444434
0.02428150
0.02436686
0.02443290
0.02443933
0.02433085
0.02443647
0.02453232
0.02453065
0.02461624
0.02472091
0.02475953
0.02474594
0.02462792
0.02468014
0.02481055
0.02472925
0.02459812
0.02472544
0.02491498
0.02477789
0.02460384
0.02460575
0.02467942
0.02460575
0.02465558
0.02458096
0.02462053
0.02465773
0.02465081
0.02460074
0.02454925
0.02454615
0.02453899
0.02447844
0.02469206
0.02453732
0.02464151
0.02455544
0.02451372
0.02475548
0.02473712
0.02458239
0.02475405
0.02491999
0.02467775
0.02467561
0.02449250
0.02456164
0.02469420
0.02459645
0.02460551
0.02473354
0.02456832
0.02463889
0.02451587
0.02463317
0.02467966
0.02471638
0.02460790
0.02473235
0.02461934
0.02461743
0.02449656
0.02452898
0.02452230
0.02453709
0.02428174
0.02465057
0.02470255
0.02466488
0.02459240
0.02454996
0.02452016
0.02455616
0.02457547
0.02453470
0.02451682
0.02467299
0.02466369
0.02448559
0.02466083
0.02472115
0.02465343
0.02452135
0.02473164
0.02445340
0.02458286
0.02431703
0.02456641
0.02446938
0.02450824
0.02445030
0.02448821
0.02450538
0.02454400
0.02464628
0.02456784
0.02448583
0.02450490
0.02451348
0.02461171
0.02453589
0.02445984
0.02454591
0.02424574
0.02461696
0.02449036
0.02446270
0.02425122
0.02439284
0.02435756
0.02430415
0.02415037
0.02424717
0.02428341
0.02437639
0.02437973
0.02440047
0.02436686
0.02424669
0.02432036
0.02362800
0.02434349
0.02437282
0.02431536
0.02414370
0.02434373
0.02445841
0.02449203
0.02439427
0.02449489
0.02443314
0.02454996
0.02442861
0.02443862
0.02443123
0.02540302
0.02474523
0.02454519
0.02442527
0.02462626
0.02426529
0.02435517
0.02439308
0.02440095
0.02434540
0.02440381
0.02436042
0.02447438
0.02449417
0.02444792
0.02441192
0.02455091
0.02446270
0.02437592
0.02441406
0.02445936
0.02460504
0.02421618
0.02437830
0.02437210
0.02440786
0.02442026
0.02416348
0.02441835
0.02447772
0.02411962
0.02433729
0.02441525
0.02441168
0.02437019
0.02442122
0.02434611
0.02450752
0.02434373
0.02424955
0.02441382
0.02439713
0.02434826
0.02402616
0.02425933
0.02431202
0.02443075
0.02423143
0.02439976
0.02454019
0.02447200
0.02454996
0.02444100
0.02445936
0.02449965
0.02443361
0.02445817
0.02439904
0.02438498
0.02446508
0.02440667
0.02452326
0.02444625
0.02437782
0.02402663
0.02441287
0.02443886
0.02448130
0.02428985
0.02442288
0.02446342
0.02442622
0.02486229
0.02458668
0.02435422
0.02435827
0.02441144
0.02432752
0.02449560
0.02448225
0.02444792
0.02450037
0.02443027
0.02432203
0.02437830
0.02438903
0.02445149
0.02453041
0.02445269
0.02429318
0.02437019
0.02437639
0.02439308
0.02442884
0.02445626
0.02445221
0.02436614
0.02447152
0.02450848
0.02436876
0.02449298
0.02442932
0.02431250
0.02443528
0.02438903
0.02442622
0.02453256
0.02439880
0.02439499
0.02430558
0.02413630
0.02456307
0.02453256
0.02442336
0.02434945
0.02456665
0.02449942
0.02467775
0.02468753
0.02468252
0.02433968
0.02430725
0.02445102
0.02453160
0.02434850
0.02467871
0.02450466
0.02441692
0.02452397
0.02450991
0.02447176
0.02441263
0.02439141
0.02463913
0.02469397
0.02447128
0.02464819
0.02459741
0.02470279
0.02453971
0.02471709
0.02472973
0.02474141
0.02469707
0.02480507
0.02472520
0.02459097
0.02440476
0.02448988
0.02448177
0.02448630
0.02453303
0.02459979
0.02474546
0.02474904
0.02479982
0.02466941
0.02460051
0.02453709
0.02448320
0.02443123
0.02465606
0.02465463
0.02469683
0.02437401
0.02454233
0.02461910
0.02466536
0.02463031
0.02467442
0.02460527
0.02471876
0.02444792
0.02469182
0.02451682
0.02473330
0.02467132
0.02464962
0.02469850
0.02464724
0.02440095
0.02460361
0.02465034
0.02467203
0.02466488
0.02457261
0.02471590
0.02478170
0.02480507
0.02468109
0.02482128
0.02468061
0.02473545
0.02407694
0.02456617
0.02466989
0.02465796
0.02434206
0.02458858
0.02449584
0.02469158
0.02473664
0.02465820
0.02479219
0.02472663
0.02468204
0.02469254
0.02461934
0.02476335
0.02465725
0.02462173
0.02473068
0.02467418
0.02462816
0.02458215
0.02466536
0.02470517
0.02468896
0.02438617
0.02466226
0.02449489
0.02443409
0.02431917
0.02451968
0.02465558
0.02469826
0.02470040
0.02474952
0.02476048
0.02477098
0.02469158
0.02474952
0.02466941
0.02473235
0.02482271
0.02481604
0.02483034
0.02479339
0.02482986
0.02470541
0.02477503
0.02475190
0.02465749
0.02472377
0.02469397
0.02466989
0.02469516
0.02433276
0.02465940
0.02453113
0.02453566
0.02463031
0.02456808
0.02455306
0.02455068
0.02438426
0.02468753
0.02461934
0.02458811
0.02454972
0.02456164
0.02445269
0.02449346
0.02461314
0.02463722
0.02476525
0.02474952
0.02463937
0.02447891
0.02446413
0.02467942
0.02459264
0.02419519
0.02470922
0.02455473
0.02462387
0.02354217
0.02457786
0.02461410
0.02449965
0.02431679
0.02466369
0.02459145
0.02454257
0.02453566
0.02455735
0.02452016
0.02450347
0.02442789
0.02461195
0.02457690
0.02457285
0.02444148
0.02419162
0.02431250
0.02434826
0.02437139
0.02428627
0.02435088
0.02435422
0.02438712
0.02445102
0.02440596
0.02438354
0.02432251
0.02450967
0.02438259
0.02427649
0.02443647
0.02451015
0.02447796
0.02445889
0.02436328
0.02449298
0.02436018
0.02441359
0.02442932
0.02451015
0.02354646
0.02452159
0.02449799
0.02431464
0.02422428
0.02438307
0.02443576
0.02437186
0.02425027
0.02431250
0.02447534
0.02444077
0.02464390
0.02451849
0.02442932
0.02439976
0.02445769
0.02460551
0.02467537
0.02461529
0.02479410
0.02463174
0.02486396
0.02498245
0.02498937
0.02498817
0.02511501
0.02513647
0.02526951
0.02518654
0.02531886
0.02543116
0.02554011
0.02559471
0.02570891
0.02578139
0.02586412
0.02592874
0.02620339
0.02613544
0.02626395
0.02588367
0.02644444
0.02655482
0.02655721
0.02620959
0.02671266
0.02690029
0.02705932
0.02708340
0.02738738
0.02762675
0.02753854
0.02787709
0.02805710
0.02798533
0.02818394
0.02827573
0.02845526
0.02867842
0.02878952
0.02875376
0.02879357
0.02914047
0.02965546
0.02967358
0.02954292
0.02949977
0.02973080
0.03028846
0.03013706
0.03004360
0.03016067
0.03029966
0.03033590
0.03034616
0.03067851
0.03089976
0.03146219
0.03112030
0.03119183
0.03206778
0.03145909
0.03142214
0.03145862
0.03141069
0.03185749
0.03165436
0.03146410
0.03126740
0.03092289
0.03102803
0.03097558
0.03094316
0.03155780
0.03213501
0.03218651
0.03202868
0.03179669
0.03225160
0.03224087
0.03194523
0.03171182
0.03148818
0.03179407
0.03148293
0.03121161
0.03145313
0.03191662
0.03114176
0.03120327
0.03133774
0.03165984
0.03124619
0.03103447
0.03098226
0.03090382
0.03137708
0.03191185
0.03217006
0.03199530
0.03212214
0.03209829
0.03209853
0.03205490
0.03194094
0.03215647
0.03214049
0.03222203
0.03204370
0.03177714
0.03163004
0.03148007
0.03140163
0.03194451
0.03249884
0.03254294
0.03258610
0.03235602
0.03231907
0.03258014
0.03196406
0.03261209
0.03266668
0.03242707
0.03278375
0.03279948
0.03259754
0.03278685
0.03299022
0.03242660
0.03178930
0.03183651
0.03195977
0.03190589
0.03153253
0.03206825
0.03229880
0.03210330
0.03203297
0.03224158
0.03277755
0.03251815
0.03190947
0.03242850
0.03279614
0.03251123
0.03186369
0.03203487
0.03239965
0.03239679
0.03255534
0.03259134
0.03224421
0.03183508
0.03186250
0.03187299
0.03178549
0.03193355
0.03169513
0.03221846
0.03245544
0.03255367
0.03251505
0.03273869
0.03254652
0.03252792
0.03257918
0.03234887
0.03252983
0.03243876
0.03224540
0.03223157
0.03208780
0.03167391
0.03149295
0.03174138
0.03269815
0.03263855
0.03248024
0.03230834
0.03178406
0.03226256
0.03268027
0.03217173
0.03197026
0.03198934
0.03233433
0.03209662
0.03179002
0.03184867
0.03221750
0.03208089
0.03228045
0.03242826
0.03192663
0.03218198
0.03249097
0.03265905
0.03263402
0.03219271
0.03236246
0.03221631
0.03220415
0.03231788
0.03217649
0.03209043
0.03220749
0.03222084
0.03215647
0.03217316
0.03228116
0.03214836
0.03210044
0.03189874
0.03174329
0.03190589
0.03216743
0.03211665
0.03200054
0.03264451
0.03252101
0.03255939
0.03257895
0.03258562
0.03229499
0.03267908
0.03279138
0.03301930
0.03306150
0.03288698
0.03259397
0.03262758
0.03281379
0.03295565
0.03302360
0.03237295
0.03146648
0.03127670
0.03125644
0.03120685
0.03122544
0.03167367
0.03158259
0.03149390
0.03154802
0.03151226
0.03154540
0.03139186
0.03154230
0.03124809
0.03100681
0.03105974
0.03089356
0.03081989
0.03095627
0.03073573
0.03064632
0.03096628
0.03064370
0.03063583
0.03061438
0.03064203
0.03066945
0.03184724
0.03083062
0.03071856
0.03075433
0.03128886
0.03187346
0.03188372
0.03193641
0.03172398
0.03199887
0.03207874
0.03207350
0.03203750
0.03204036
0.03203368
0.03206325
0.03117228
0.03196979
0.03195548
0.03184414
0.03212571
0.03213501
0.03228307
0.03253746
0.03279996
0.03240895
0.03165936
0.03183317
0.03193712
0.03265214
0.03286600
0.03285027
0.03232694
0.03152752
0.03182435
0.03164363
0.03211117
0.03222060
0.03215361
0.03218222
0.03166580
0.03104973
0.03105116
0.03102708
0.03111982
0.03112555
0.03121185
0.03182220
0.03192663
0.03242373
0.03247833
0.03220224
0.03283143
0.03272605
0.03241777
0.03225040
0.03195262
0.03148365
0.03156471
0.03129005
0.03178763
0.03236961
0.03221416
0.03195977
0.03155780
0.03173161
0.03210998
0.03163600
0.03155613
0.03138685
0.03155375
0.03228235
0.03248763
0.03208637
0.03181267
0.03175497
0.03149128
0.03159881
0.03154087
0.03114796
0.03097129
0.03131127
0.03115416
0.03079534
0.03094554
0.03084373
0.03105974
0.03110361
0.03111291
0.03111410
0.03109217
0.03113890
0.03096199
0.03067946
0.03078222
0.03077197
0.03071737
0.03076363
0.03080559
0.03089142
0.03092480
0.03140783
0.03147268
0.03157663
0.03208256
0.03220940
0.03224611
0.03240061
0.03195524
0.03226829
0.03247881
0.03148365
0.03201985
0.03260946
0.03212953
0.03159165
0.03216219
0.03237009
0.03226781
0.03178883
0.03216314
0.03226495
0.03240418
0.03281760
0.03215528
0.03158545
0.03205848
0.03218222
0.03230715
0.03264880
0.03259373
0.03204226
0.03150558
0.03141809
0.03156948
0.03185868
0.03210688
0.03220940
0.03222990
0.03220224
0.03243566
0.03265715
0.03262186
0.03253436
0.03163838
0.03253675
0.03254890
0.03250742
0.03263831
0.03259277
0.03226757
0.03217196
0.03186822
0.03156829
0.03161120
0.03136563
0.03146076
0.03182769
0.03159285
0.03128839
0.03092527
0.03131914
0.03165317
0.03180408
0.03175426
0.03127027
0.03148460
0.03211427
0.03197932
0.03181672
0.03157067
0.03112721
0.03106761
0.03112054
0.03105617
0.03105617
0.03051162
0.03133011
0.03173184
0.03168774
0.03209400
0.03210330
0.03217936
0.03206992
0.03210139
0.03217912
0.03180838
0.03174376
0.03162742
0.03128481
0.03128171
0.03137088
0.03132439
0.03115964
0.03111172
0.03130841
0.03161526
0.03206277
0.03207254
0.03174877
0.03165269
0.03167367
0.03164577
0.03179121
0.03189516
0.03128767
0.03149986
0.03132296
0.03124714
0.03135443
0.03149152
0.03165340
0.03147650
0.03160858
0.03154612
0.03144360
0.03148246
0.03152013
0.03138065
0.03165436
0.03186178
0.03198671
0.03183722
0.03178072
0.03145504
0.03160834
0.03172612
0.03165340
0.03152704
0.03151917
0.03129172
0.03093910
0.03099799
0.03086686
0.03095770
0.03104615
0.03102708
0.03080988
0.03106260
