0.00846124
0.02879214
0.02254248
0.02238679
0.02226686
0.02249050
0.02238107
0.02234840
0.02240205
0.02176261
0.02140212
0.02160907
0.02113605
0.02080059
0.02076602
0.02073479
0.02077007
0.02079511
0.02063346
0.02049184
0.02041173
0.02045321
0.02004313
0.02008820
0.02000475
0.01967883
0.02001238
0.02001143
0.01984262
0.01986504
0.02041841
0.02010942
0.01989102
0.01987100
0.01979041
0.01956296
0.01972461
0.01965165
0.02021408
0.01966381
0.01972079
0.01973486
0.01965117
0.01965261
0.01966739
0.02071834
0.02186584
0.01973438
0.01957178
0.01992893
0.02006316
0.01993394
0.01975060
0.01991630
0.01951218
0.01952958
0.01940227
0.01949787
0.01943612
0.01942372
0.01949096
0.01945591
0.01943207
0.01942229
0.01944518
0.01940513
0.01936483
0.01948690
0.01942730
0.01943278
0.01935077
0.01946640
0.01928043
0.01932311
0.01938009
0.01922226
0.01931953
0.01947927
0.01939702
0.01940036
0.01941872
0.01946163
0.01941490
0.01942086
0.01951027
0.01945281
0.01936507
0.01943922
0.01950669
0.01857471
0.01946354
0.01952672
0.01949716
0.01916766
0.01939249
0.01947284
0.01940751
0.01944804
0.01945996
0.01942158
0.01941967
0.01942873
0.01919961
0.01939249
0.01928592
0.01941180
0.01946759
0.01938987
0.01941943
0.01917958
0.01937938
0.01945233
0.01934314
0.01932812
0.01934433
0.01940608
0.01941395
0.01935291
0.01938009
0.01940393
0.01931453
0.01926589
0.01940703
0.01920795
0.01931667
0.01917577
0.01931334
0.01919007
0.01927209
0.01935887
0.01929832
0.01924443
0.01922226
0.01914787
0.01898694
0.01917052
0.01915598
0.01908898
0.01908159
0.01916862
0.01913953
0.01911235
0.01922178
0.01913142
0.01909280
0.01899338
0.01921415
0.01924086
0.01918983
0.01904607
0.01924968
0.01916742
0.01915932
0.01916099
0.01926994
0.01909375
0.01919723
0.01910043
0.01916480
0.01922870
0.01922417
0.01920438
0.01920342
0.01920819
0.01919723
0.01921868
0.01899695
0.01937699
0.01920557
0.01928449
0.01932740
0.01934981
0.01927876
0.01928663
0.01929092
0.01928639
0.01921153
0.01935267
0.01918650
0.01930618
0.01938939
0.01934195
0.01934028
0.01926446
0.01929259
0.01944852
0.01940989
0.01938200
0.01935697
0.01929116
0.01937079
0.01939797
0.01932287
0.01935601
0.01939774
0.01922083
0.01944518
0.01944137
0.01902652
0.01932526
0.01942468
0.01949120
0.01943851
0.01945686
0.01945591
0.01941538
0.01946306
0.01951241
0.01958680
0.01958084
0.01954699
0.01963520
0.01960254
0.01957774
0.01952648
0.01953959
0.01954222
0.01956081
0.01950097
0.01926756
0.01949787
0.01951909
0.01956749
0.01959562
0.01960230
0.01994753
0.01974106
0.01958942
0.01958942
0.01960540
0.01956749
0.01964712
0.01968288
0.01971078
0.01968360
0.01973462
0.01966906
0.01968455
0.01983643
0.01976156
0.01953983
0.01972747
0.01963949
0.01973081
0.01976085
0.01978493
0.01972628
0.01903439
0.01980138
0.02007890
