0.01120067
0.02580929
0.02176785
0.02114034
0.02125597
0.02120113
0.02145243
0.02149415
0.02135324
0.02138042
0.02133226
0.02102232
0.02086401
0.02099180
0.02088523
0.02172542
0.02110791
0.02094197
0.02088642
0.02135682
0.02145982
0.02117777
0.02125597
0.02134061
0.02087569
0.02100921
0.02085543
0.02091146
0.02092719
0.02089071
0.02085400
0.02085710
0.02086496
0.02083278
0.02061415
0.02087045
0.02061653
0.02084875
0.02086234
0.02088761
0.02081895
0.02090454
0.02081800
0.02080870
0.02068806
0.02088809
0.02087951
0.02098203
0.02091956
0.02094865
0.02093649
0.02098489
0.02094197
0.02099919
0.02109408
0.02101111
0.02097011
0.02094555
0.02108288
0.02086592
0.02102923
0.02117944
0.02115822
0.02113581
0.02112126
0.02070451
0.02113652
0.02107930
0.02107692
0.02101350
0.02087212
0.02086520
0.02095866
0.02090716
0.02091742
0.02096033
0.02091384
0.02101040
0.02102661
0.02111363
0.02117968
0.02114153
0.02111864
0.02085900
0.02107406
0.02108073
0.02100801
0.02101851
0.02145004
0.02100372
0.02094960
0.02100301
0.02100348
0.02080131
0.02094865
0.02091813
0.02093172
0.02092838
0.02096558
0.02111053
0.02092004
0.02106142
0.02105975
0.02112365
0.02106667
0.02099991
0.02098322
0.02109265
0.02106190
0.02080250
0.02117801
0.02118301
0.02105498
0.02125716
0.02091098
0.02106309
0.02117777
0.02119851
0.02112842
0.02104473
0.02108216
0.02103782
0.02103233
0.02111340
0.02108240
0.02098417
0.02091312
0.02105880
0.02097774
0.02099442
0.02113175
0.02106214
0.02111149
0.02112818
0.02109051
0.02119303
0.02128124
0.02116895
0.02111173
0.02109385
0.02111483
0.02109146
0.02115822
0.02087998
0.02103996
0.02100873
0.02108645
0.02104783
0.02086067
0.02113891
0.02117777
0.02108216
0.02122498
0.02113914
0.02108479
0.02118492
0.02116966
0.02117109
0.02102113
0.02109885
0.02108645
0.02102804
0.02108598
0.02077246
0.02107215
0.02123189
