0.00757384
0.02849030
0.02151036
0.02148890
0.02131534
0.02130461
0.02123904
0.02109146
0.02060008
0.02069092
0.02074265
0.02021217
0.02057385
0.02017021
0.02057815
0.02059960
0.02053308
0.02050090
0.02027440
0.02076173
0.02026486
0.02006292
0.02009892
0.02010727
0.02014828
0.02015710
0.02013183
0.02019715
0.02006555
0.02007413
0.02012706
0.02014899
0.02022767
0.02017856
0.02006006
0.02019501
0.02016139
0.02020788
0.02009273
0.02009821
0.02008009
0.02009392
0.02009034
0.02007866
0.01980090
0.02007031
0.02007198
0.02009034
0.02010679
0.02010536
0.02006721
0.02000070
0.02011442
0.02012610
0.02011585
0.02007961
0.02004337
0.01997614
0.02004123
0.02011824
0.02007437
0.02005553
0.02008009
0.01996613
0.01939106
0.01965642
0.02011371
0.02004766
0.02008843
0.02014565
0.02021670
0.02008963
0.02018309
0.02002120
0.02004623
0.02008510
0.02015066
0.02008891
0.02014971
0.02020741
0.02006483
0.02009296
0.02018976
0.01998115
0.02009106
0.01970339
0.02012587
0.02008986
0.02008820
0.02011228
0.02002597
0.02002621
0.02008867
0.02002239
0.02004528
0.01996279
0.02008438
0.01999903
0.02003241
0.02007198
0.02004528
0.02007532
0.02017927
0.01993871
0.02001619
0.02007914
0.02007794
0.02000499
0.01982379
0.02001190
0.02011299
0.02007675
0.02015567
0.02010846
0.02008128
0.02009654
0.02010655
0.02012682
0.02014256
0.02013350
0.02014422
0.02013063
0.02018332
0.02006674
0.01999879
0.02014327
0.01988721
0.02008796
0.02011371
0.02009153
0.02002621
0.02017593
0.02016735
0.02006865
