0.00765204
0.02832294
0.02300167
0.02235556
0.02217841
0.02226162
0.02213311
0.02143931
0.02151275
0.02169943
0.02193642
0.02191091
0.02195978
0.02168679
0.02151227
0.02107310
0.02086973
0.02069616
0.02036309
0.02028155
0.02093983
0.02094269
0.02106810
0.02107787
0.02107501
0.02095628
0.02079201
0.02087116
0.02082920
0.02084517
0.02087355
0.02104926
0.02108097
0.02105618
0.02108335
0.02105045
0.02109861
0.02111530
0.02111387
0.02111149
0.02101445
0.02216148
0.02128625
0.02113557
0.02129006
0.02147508
0.02165246
0.02170897
0.02137136
0.02125049
0.02147245
0.02127337
0.02120090
0.02121091
0.02127934
0.02123904
0.02128029
0.02127719
0.02142453
0.02143455
0.02131939
0.02135944
0.02118182
0.02126622
0.02129960
0.02122283
0.02129388
0.02140927
0.02135205
0.02128673
0.02129960
0.02120280
0.02126408
0.02138782
0.02132535
0.02130795
0.02127075
0.02138019
0.02131057
0.02141523
0.02132702
0.02124214
0.02144623
0.02133489
0.02133107
0.02135277
0.02133965
0.02128410
0.02123880
0.02129555
0.02121854
0.02131200
0.02133036
0.02132559
0.02138114
0.02129221
0.02124143
0.02098417
0.02120852
0.02108932
0.02111125
0.02068400
0.02082181
0.02079391
0.02079177
0.02062750
0.02037787
0.02023339
0.02020955
0.02018833
0.01988196
0.01974297
0.02022886
0.02030516
0.02025461
0.02025867
0.02043366
0.02053928
0.02060032
0.02058744
0.02042317
0.02054524
0.02054596
0.02061272
0.02042866
0.02053666
0.02052426
0.02051258
0.02049947
0.02049637
0.02059102
0.02038288
0.02060533
0.02062130
0.02055073
0.02061272
0.02062511
0.02036214
0.02024531
0.02009416
0.01969504
0.01969981
0.01968694
0.01975012
0.01968932
0.01971102
0.01970840
0.01968455
0.02012563
0.01985073
0.01948023
0.01983905
0.02025771
0.02025294
0.02038145
0.02028346
0.02023768
0.02021194
0.02032161
0.02056026
