0.01221824
0.02855968
0.02369905
0.02339745
0.02332115
0.02332759
0.02307224
0.02316117
0.02306890
0.02307487
0.02302313
0.02305532
0.02311540
0.02308154
0.02305961
0.02275586
0.02273393
0.02281404
0.02281761
0.02221012
0.02275372
0.02276206
0.02273154
0.02275634
0.02285838
0.02288389
0.02266908
0.02297020
0.02283955
0.02294278
0.02286839
0.02278900
0.02288389
0.02285075
0.02284455
0.02295351
0.02293754
0.02291417
0.02292371
0.02284002
0.02280092
0.02275872
0.02275419
0.02278757
0.02278900
0.02273917
0.02282691
0.02272964
0.02274680
0.02273989
0.02277780
0.02272463
0.02269125
0.02275014
0.02263165
0.02276850
0.02269888
0.02259159
0.02263188
0.02263188
0.02260232
0.02254963
0.02250886
0.02253175
0.02165771
0.02250695
0.02247596
0.02254033
0.02254391
0.02248573
0.02250743
0.02243590
0.02248240
0.02245879
0.02249885
0.02245021
0.02243590
0.02246165
0.02223706
0.02244902
0.02232671
