0.00957727
0.02772212
0.02211714
0.02189112
0.02197814
0.02180147
0.02191734
0.02199244
0.02192044
0.02196264
0.02201390
0.02195573
0.02188349
0.02198172
0.02194214
0.02191567
0.02197623
0.02192354
0.02197409
0.02177572
0.02185559
0.02181506
0.02192593
0.02196360
0.02192688
0.02194500
0.02192521
0.02202368
0.02203965
0.02168584
0.02160454
0.02196789
0.02203727
0.02193379
0.02188611
0.02205348
0.02204418
0.02213120
0.02190137
0.02200246
0.02207136
0.02210283
0.02207303
0.02219748
0.02208662
0.02206111
0.02211261
0.02197814
0.02208161
0.02217627
0.02226543
0.02209783
0.02211380
0.02209258
0.02206087
0.02203178
0.02217126
0.02198029
0.02214813
0.02222681
0.02218032
0.02215433
0.02216053
0.02214789
0.02217960
0.02216744
0.02210474
0.02216887
0.02218509
0.02207708
0.02216983
0.02213168
0.02209473
0.02228069
0.02221990
0.02195287
0.02219534
0.02221107
0.02208614
0.02215934
0.02211285
0.02208257
0.02218366
0.02214885
0.02196074
0.02215695
0.02215290
0.02225614
0.02234197
0.02226186
0.02223849
0.02230072
0.02232575
0.02224994
0.02220249
0.02237630
0.02229762
0.02232957
0.02228212
0.02230692
0.02230954
0.02217102
0.02228594
0.02215552
0.02236295
0.02226090
0.02221417
0.02206302
0.02204299
0.02219391
0.02221894
0.02214909
0.02208996
0.02223587
0.02203321
0.02216744
0.02218795
0.02205825
0.02216244
0.02213883
0.02214265
0.02191782
0.02230954
0.02218366
0.02213955
0.02212787
0.02216482
0.02219701
0.02211547
0.02209640
0.02217650
0.02224779
0.02213693
0.02200937
0.02216196
0.02213883
0.02219605
0.02220082
0.02209425
0.02222443
0.02202368
0.02221322
0.02225375
0.02223921
0.02209353
0.02230120
0.02223921
0.02218652
0.02224064
0.02220440
0.02218938
0.02227712
0.02212596
0.02216363
0.02223110
0.02222705
0.02218270
0.02229857
0.02227163
0.02226090
0.02236581
0.02226806
0.02224207
0.02214980
0.02220869
0.02225232
0.02232337
0.02202988
0.02208495
0.02240467
0.02223921
0.02223873
0.02227688
0.02228570
0.02218437
