0.00772214
0.02628636
0.02056932
0.02052784
0.02040553
0.02040434
0.02066994
0.02058363
0.02037764
0.02055836
0.02060413
0.02063704
0.02071476
0.02051783
0.02046251
0.02048588
0.02057695
0.02072930
0.02110100
0.02240300
0.02091861
0.02061987
0.02094460
0.02092171
0.02079439
0.02098346
0.02091026
0.02054954
0.02049923
0.02045941
0.02045870
0.02043772
0.02025747
0.02016091
0.02009177
0.02012920
0.02020621
0.02019429
0.02012134
0.02007484
0.02000880
0.02018952
0.02014565
0.02007413
0.02000237
0.02050018
0.02078891
0.02026868
0.02012372
0.02022457
0.02020693
0.02032733
0.02026248
0.02031159
0.02018857
0.02036667
0.02037001
0.02041435
0.02039742
0.02042270
0.02039146
0.02048731
0.02046347
0.02046061
0.02048182
0.02047420
0.02049422
0.02050233
0.02051640
0.02028704
0.02053714
0.02058482
0.02051973
0.02051568
0.02039480
0.02050900
0.02038503
0.02040911
0.02043390
0.02027941
0.02043581
0.02051973
0.02055049
0.02058578
0.02050424
0.02048564
0.02045059
0.02038550
0.02040124
0.02022529
0.02050829
0.02044916
0.02036166
0.02037978
0.02042103
0.02048874
0.02046061
0.02049232
0.02046371
0.02070308
0.02049971
0.02046847
0.02042246
0.02046180
0.02048540
0.02059078
0.02051210
0.02048349
0.02044868
0.02048039
0.02037334
0.02042150
0.02051687
0.02042341
0.02030277
0.02037764
0.02045274
0.02042985
0.02055359
0.02048993
0.02041841
0.02049780
0.02054000
0.02022767
0.02044845
0.02050924
0.01976800
0.02049589
0.02028990
0.02056408
0.02047563
0.02047801
0.02053285
0.02029777
0.02053452
0.02052522
0.02046180
0.02060485
0.02044535
0.02048445
0.02038527
0.02058744
0.02057123
0.02037644
0.02053857
0.02049685
0.02043962
0.02056551
0.02052712
0.02046347
0.02041650
0.02041960
0.02025175
0.02050495
0.02054286
0.02054477
0.02056360
0.02062058
0.02055335
0.02056718
0.02048016
0.02051616
0.02053833
0.02061105
0.02056909
0.02057672
0.02064371
0.02059317
0.02039099
0.02064371
0.02058363
0.02055740
0.02040911
0.02051783
0.02050233
0.02054834
0.02057481
0.02064395
0.02040315
0.02057576
0.02062345
0.02061796
0.02067471
0.02061391
0.02056026
0.02060819
0.02101207
0.02058959
0.02052402
0.02054381
0.02074242
0.02057672
0.02039695
0.02053928
0.02055264
0.02058434
0.02049923
0.02039528
0.02055001
0.02053070
0.02053094
0.02061844
0.02042389
0.02059484
0.02052116
0.02052546
0.02047801
0.02030945
0.02053285
0.02062392
0.02056384
0.02057838
0.02049756
0.02055430
0.02061939
0.02055597
0.02056837
0.02052164
0.02053404
0.02054834
0.02053905
0.02042747
0.02055073
0.02050805
0.02059960
0.02054334
0.02054310
0.02042365
0.02057242
0.02063251
0.02062082
0.02063513
0.02060056
0.02072692
0.02063942
0.02046442
0.02061367
0.02039123
0.02052760
0.02045751
0.02053261
0.02057815
0.02059841
0.02068782
0.02064967
0.02063322
0.02062917
0.02051401
0.02059269
0.02067971
0.02056265
0.02062082
0.02071691
0.02063346
0.02059770
0.02072501
0.02036095
0.02060318
0.02061510
0.02067637
0.02044916
0.02037716
0.02062535
0.02057695
0.02059889
0.02061868
0.02047372
0.02065206
0.02067518
0.02057457
0.02050304
0.02044678
0.02043486
0.02062917
0.02063870
0.02064300
0.02064204
0.02073860
0.02070260
0.02072167
0.02065086
0.02052069
0.02068210
0.02064490
0.02073932
0.02078199
0.02043629
0.02068639
0.02066994
0.02062416
0.02064514
0.02076769
0.02072930
0.02073097
0.02071929
0.02076054
0.02051282
0.02074957
0.02066851
0.02064371
0.02073240
0.02074671
0.02068377
0.02132821
0.02074218
0.02074742
0.02067256
0.02072835
0.02067232
0.02068949
0.02045155
0.02072406
0.02072406
0.02071977
0.02067542
0.02052355
0.02063513
0.02069926
0.02067757
0.02082109
0.02079010
0.02048707
0.02071953
0.02072096
0.02072573
0.02071953
0.02077961
0.02074003
0.02077103
0.02096319
0.02076125
0.02078032
0.02082443
0.02086949
0.02079630
0.02056122
0.02071452
0.02056289
0.02070713
0.02080250
0.02070904
0.02080488
0.02081299
0.02080727
0.02080512
0.02062654
0.02073503
0.02078319
0.02075768
0.02073932
0.02081347
0.02078342
0.02075219
0.02084684
0.02068043
0.02063227
0.02069664
0.02087617
0.02075529
0.02067184
0.02079320
0.02077723
0.02077579
0.02084327
0.02073431
0.02078032
0.02083540
0.02068400
0.02078366
0.02089453
0.02083492
0.02093601
0.02087545
0.02086234
0.02047276
0.02085471
0.02103829
0.02088714
0.02085686
0.02100182
0.02083874
0.02087736
0.02088833
0.02086115
0.02072144
0.02089119
0.02078390
0.02080321
0.02054048
0.02074289
0.02083659
0.02081895
0.02075481
0.02057409
0.02069569
0.02074051
0.02053308
0.02072620
0.02074623
0.02076960
0.02074695
0.02083683
0.02084351
0.02050877
0.02093458
0.02082849
0.02074647
0.02079463
0.02082253
0.02083111
0.02084804
0.02082229
0.02075291
0.02061367
0.02086782
0.02081442
0.02070308
0.02071691
0.02064705
0.02090359
0.02081108
0.02086639
0.02082658
0.02086878
0.02092147
0.02086926
0.02084160
0.02061534
0.02096653
0.02088904
0.02081800
0.02084947
0.02064276
0.02079153
0.02074599
0.02072930
0.02082396
0.02070999
0.02081680
0.02086139
0.02082944
0.02086067
0.02092314
0.02076364
0.02080297
0.02083898
0.02076006
0.02086997
0.02083707
0.02082276
0.02078056
0.02082086
0.02068162
0.02079654
0.02084637
0.02082515
0.02083659
0.02099013
0.02083206
0.02075553
0.02071095
0.02071357
0.02079606
0.02085590
0.02078724
0.02087021
0.02078271
0.02066994
0.02076006
0.02081180
0.02086139
0.02090502
0.02087188
0.02095580
0.02086878
0.02094603
0.02086949
0.02086473
0.02084494
0.02072644
0.02088213
0.02080941
0.02133656
0.02094460
0.02086854
0.02098370
0.02094078
0.02090669
0.02093387
0.02091575
0.02087450
0.02085185
0.02087450
0.02080894
0.02087116
0.02084255
0.02079964
0.02081227
0.02079916
0.02094579
0.02071238
0.02086663
0.02084994
0.02085209
0.02086520
0.02082086
0.02086401
0.02085614
0.02096272
0.02084255
0.02062964
0.02088070
0.02087021
0.02103162
0.02093315
0.02082539
0.02078629
0.02075434
0.02072740
0.02065802
0.02074242
0.02073359
0.02067161
0.02094221
0.02085137
0.02082801
0.02084947
0.02094769
0.02073503
0.02055216
0.02084279
0.02074456
0.02087903
0.02077365
0.02059436
0.02071166
0.02084947
0.02087259
0.02080083
0.02086663
0.02081466
0.02084804
0.02095079
0.02083492
0.02079082
0.02076793
0.02087164
0.02071166
0.02072644
0.02045822
0.02058887
0.02078152
0.02071071
0.02074480
0.02071047
0.02062964
0.02067494
0.02063322
0.02079988
0.02059603
0.02066970
0.02064729
0.02070808
0.02071905
0.02070475
0.02082157
0.02075481
0.02075863
0.02072763
0.02075148
0.02088094
0.02081466
0.02072263
0.02057099
0.02075648
0.02077055
0.02076268
0.02085471
0.02068114
0.02076077
0.02074146
0.02087092
0.02074456
0.02084732
0.02084446
0.02074838
0.02083158
0.02075601
0.02068257
0.02077556
0.02070737
0.02070880
0.02069092
0.02074552
0.02083206
0.02080059
0.02077818
0.02072549
0.02066922
0.02077174
0.02079940
0.02078891
0.02077961
0.02089524
0.02085662
0.02086043
0.02081275
0.02052593
0.02078032
0.02082205
0.02080679
0.02016687
0.02077603
0.02096534
0.02085114
0.02095222
0.02088046
0.02086329
0.02089238
0.02088642
0.02084064
0.02084661
0.02082872
0.02090597
0.02087712
0.02087712
0.02075934
0.02074957
0.02091360
0.02079654
0.02086353
0.02090526
0.02083969
0.02084279
0.02091599
0.02091312
0.02089548
0.02100134
0.02087831
0.02085590
0.02076602
0.02075338
0.02085114
0.02087092
0.02089858
0.02086759
0.02065516
0.02093482
0.02090955
0.02094936
0.02095819
0.02085137
0.02079201
0.02085924
0.02087593
0.02092195
0.02074480
0.02086163
0.02080679
0.02089596
0.02117085
0.02096748
0.02093887
0.02095485
0.02102184
0.02099299
0.02093458
0.02074480
0.02082396
0.02091050
0.02078700
0.02080297
0.02092099
0.02088976
0.02075434
0.02065587
0.02082086
0.02073312
0.02086139
0.02080178
0.02072048
0.02086329
0.02077913
0.02078700
0.02084994
0.02055931
0.02084732
0.02079010
0.02087855
0.02077866
0.02077579
0.02087307
0.02079034
0.02078485
0.02085686
0.02070689
0.02086878
0.02089620
0.02088284
0.02081656
0.02083468
0.02079368
0.02084899
0.02090025
0.02068090
0.02068043
0.02089882
0.02110147
0.02021790
0.02068114
0.02091289
0.02082229
0.02078342
0.02084565
0.02068639
0.02088118
0.02095723
0.02092052
0.02084398
0.02086234
0.02084160
0.02088642
0.02090740
0.02092505
0.02067327
0.02093172
0.02080202
0.02082539
0.02080441
0.02082896
0.02081203
0.02086830
0.02085352
0.02083278
0.02083111
0.02085686
0.02083898
0.02084398
0.02089119
0.02094102
0.02088737
0.02088308
0.02086353
0.02056479
0.02083302
0.02086973
0.02083397
0.02086377
0.02089095
0.02091026
0.02094913
0.02103567
0.02092695
0.02065659
0.02096605
0.02098298
0.02099633
0.02101040
0.02092266
0.02106237
0.02101278
0.02068973
0.02077794
0.02069092
0.02082253
0.02087784
0.02097368
0.02094054
0.02093315
0.02110362
0.02094245
0.02091432
0.02078605
0.02096987
0.02091146
0.02088189
0.02087188
0.02074242
0.02094698
0.02094054
0.02090931
0.02079129
0.02088332
0.02081990
0.02089429
0.02091646
0.02088261
0.02100182
0.02093673
0.02085543
0.02078485
0.02091765
0.02077198
0.02081180
0.02088070
0.02093959
0.02081561
0.02088833
0.02087736
0.02094746
0.02096939
0.02101421
0.02085662
0.02096248
0.02091098
0.02023625
0.02078962
0.02091837
0.02084470
0.02080154
0.02088451
0.02085209
0.02083588
0.02098560
0.02090812
0.02092957
0.02090526
0.02100635
0.02085900
0.02085447
0.02096319
0.02062678
0.02074814
0.02073002
0.02092338
0.02098441
0.02101827
0.02091002
0.02108979
0.02153873
0.02093029
0.02076030
0.02088141
0.02092218
0.02090836
0.02082157
0.02099013
0.02097654
0.02095270
0.02100134
0.02082896
0.02086210
0.02080512
0.02079797
0.02088785
0.02079582
0.02081800
0.02077413
0.02075005
0.02083826
0.02045918
0.02080250
0.02075791
0.02089119
0.02084708
0.02088499
0.02085876
0.02096200
0.02092957
0.02080059
0.02084351
0.02085423
0.02081132
0.02083445
0.02085948
0.02077818
0.02076745
0.02084541
0.02079535
0.02057600
0.02086186
0.02078104
0.02089810
0.02084970
0.02071810
0.02084398
0.02097535
0.02129626
0.02091742
0.02100873
0.02093482
0.02079844
0.02091408
0.02088642
0.02092505
0.02101135
0.02107120
0.02091885
0.02090907
0.02098775
0.02086806
0.02088308
0.02077675
0.02082109
0.02079773
0.02087212
0.02080369
0.02080154
0.02044415
0.02081800
0.02089381
0.02080965
0.02086210
0.02062035
0.02080035
0.02091193
0.02072287
0.02079868
0.02069879
0.02078104
0.02080441
0.02072954
0.02062249
0.02060294
0.02070856
0.02071786
0.02078223
0.02091599
0.02063227
0.02099085
0.02100873
0.02096128
0.02074480
0.02076674
0.02074838
0.02068472
0.02061653
0.02075958
0.02081442
0.02089620
0.02098870
0.02088737
0.02082443
0.02076697
0.02070141
0.02050114
0.02075601
0.02085948
0.02085376
0.02094769
0.02090859
0.02078295
0.02049613
0.02089620
0.02078962
