352.000,197.000,56.000,100.000
354.981,194.898,56.407,100.344
355.399,192.641,56.458,100.581
357.604,192.539,56.579,100.723
358.835,190.718,56.529,100.535
357.399,193.009,56.304,100.995
357.505,191.494,56.311,100.610
358.390,192.141,56.268,100.742
357.066,191.520,56.460,101.095
355.893,190.338,56.558,101.352
354.906,188.374,56.519,101.595
355.543,187.220,56.685,101.642
354.789,185.183,56.704,102.071
354.781,183.351,56.655,102.104
355.561,181.454,56.526,102.061
357.825,178.907,56.368,102.055
359.265,175.236,56.335,101.863
362.286,171.420,56.276,100.999
365.513,165.832,56.405,100.952
366.018,168.286,56.572,100.979
367.743,175.785,57.157,101.207
369.472,188.855,55.399,103.013
372.112,219.679,54.200,103.556
372.354,242.819,53.458,103.325
372.067,259.917,53.330,101.209
370.207,264.087,54.107,102.163
368.952,254.820,53.342,102.375
369.877,234.511,51.928,102.866
370.714,211.555,51.320,104.110
368.192,188.818,51.524,104.733
365.225,176.494,52.008,104.672
361.677,164.051,52.446,104.052
357.640,164.384,53.083,104.496
352.733,175.562,54.293,103.475
343.141,193.820,57.488,99.767
326.419,207.642,59.360,97.136
309.777,213.259,58.145,97.761
298.157,211.158,58.054,98.209
304.392,205.417,57.705,96.622
320.442,194.236,58.473,92.807
343.294,176.339,56.068,94.670
346.383,145.236,54.418,96.462
334.631,124.597,53.515,97.091
328.217,116.092,53.469,98.771
331.816,134.933,53.223,101.148
343.959,187.619,54.352,101.155
363.359,238.054,55.380,102.450
376.964,270.161,55.750,103.776
385.359,285.568,55.157,100.585
385.075,275.858,54.982,101.367
378.146,228.426,54.237,103.990
380.619,180.976,53.175,103.826
393.377,159.830,53.110,102.181
393.689,167.254,53.164,103.128
374.972,202.523,53.205,101.390
351.824,241.244,56.072,97.390
336.164,261.348,55.977,96.742
339.802,259.045,55.211,96.773
351.215,224.725,53.628,99.109
355.394,178.416,52.193,100.236
355.378,159.497,52.588,99.572
340.467,143.806,53.209,97.817
322.290,170.583,52.704,99.177
313.665,224.785,52.005,100.359
311.646,256.876,51.720,101.132
313.845,267.725,51.977,100.514
315.349,239.361,51.579,103.669
312.759,177.000,51.300,105.441
311.730,143.454,49.595,107.714
312.018,134.246,49.471,107.812
303.267,161.778,49.393,107.963
300.427,212.424,49.666,108.089
309.449,240.481,50.144,104.110
341.265,242.559,50.695,100.839
352.237,234.100,51.699,100.256
323.677,194.680,55.850,98.961
283.843,173.938,54.833,98.070
284.937,170.040,55.892,99.410
303.004,199.006,55.821,102.764
311.659,238.745,54.793,104.658
320.431,263.180,54.563,103.055
329.055,265.030,53.730,102.009
335.651,234.978,53.997,104.222
315.963,180.592,55.414,102.709
301.336,159.222,54.608,101.683
289.604,157.260,54.313,102.788
278.612,193.634,53.552,103.202
274.156,235.868,53.111,102.999
275.717,249.022,52.867,99.829
289.031,242.821,52.517,99.651
291.544,189.133,52.384,102.123
278.826,133.548,52.828,102.216
271.899,110.099,52.549,103.580
270.032,124.830,51.605,106.265
255.033,132.416,49.934,89.168
266.389,234.882,51.272,107.488
268.500,252.444,52.290,102.447
273.632,249.133,51.904,104.063
270.540,210.091,52.351,105.614
266.806,167.831,51.704,106.799
263.917,155.407,52.120,105.087
249.105,161.324,53.616,103.059
237.971,191.367,52.525,104.997
255.122,219.504,53.206,103.026
285.384,241.023,55.492,98.686
328.747,233.116,54.056,97.050
347.092,219.125,55.374,95.263
347.119,208.075,54.934,96.486
343.082,203.901,54.903,97.410
348.630,203.474,55.347,99.114
357.978,208.367,57.871,99.452
365.187,220.917,57.134,99.778
371.630,230.510,56.159,99.303
365.017,228.584,57.326,101.175
350.743,213.219,58.269,101.844
286.044,-48.351,51.913,92.702
273.194,-42.551,70.151,91.677
253.610,-35.428,77.535,85.037
264.090,-35.267,51.819,92.535
233.969,-7.846,83.359,81.429
228.078,3.253,81.494,81.684
284.667,-51.023,52.665,94.045
298.525,-8.065,84.778,78.066
292.322,3.468,83.241,79.801
310.920,-40.572,52.161,93.144
303.016,-37.401,51.969,92.801
294.835,-36.724,52.331,93.447
279.868,-36.664,52.263,93.328
277.868,-36.664,52.263,93.328
286.085,-27.277,51.830,92.554
282.930,-25.554,52.140,93.108
265.894,-26.618,52.212,93.236
250.759,-32.859,52.482,93.717
252.835,-42.723,52.330,93.446
261.901,-51.604,52.197,93.209
257.988,-56.450,52.024,92.901
251.999,-67.430,52.001,92.859
238.895,-74.617,52.211,93.233
220.449,-35.939,92.435,74.879
230.520,-79.286,52.961,94.573
240.521,-74.284,52.958,94.568
256.464,-68.386,53.072,94.772
245.413,-73.476,53.173,94.952
262.347,-81.594,53.305,95.188
252.949,-44.082,77.501,91.164
301.097,-47.042,53.807,96.084
286.217,-77.828,53.567,95.655
287.293,-69.691,53.414,95.382
279.294,-70.690,53.412,95.379
269.965,-43.913,74.387,90.826
254.037,-38.565,81.262,83.940
235.754,-32.909,87.243,77.865
218.114,-57.012,53.773,96.023
250.185,-53.884,53.630,95.768
300.199,-57.859,53.602,95.719
342.261,-68.748,53.477,95.495
356.337,-70.613,53.326,95.226
382.299,-59.680,53.401,95.360
379.247,-52.772,53.505,95.545
375.383,-51.531,53.235,95.062
331.317,-52.649,53.366,95.297
297.293,-50.691,53.414,95.382
282.246,-42.775,53.508,95.549
274.280,-36.714,53.440,95.429
273.326,-39.633,53.349,95.266
261.227,-14.975,98.657,72.864
293.388,-58.522,53.225,95.044
331.470,-63.374,53.059,94.749
373.531,-61.266,52.938,94.533
407.604,-56.135,52.792,94.271
414.568,-51.201,52.865,94.401
403.630,-50.089,52.740,94.178
382.559,-53.217,52.883,94.434
382.523,-52.280,52.953,94.559
399.459,-49.395,53.082,94.790
420.545,-50.241,52.910,94.483
448.514,-54.297,52.972,94.594
483.516,-56.292,52.967,94.584
496.599,-56.144,52.801,94.288
497.586,-51.167,52.827,94.334
494.482,-43.354,53.036,94.707
483.321,-40.641,53.358,95.282
456.287,-41.702,53.426,95.403
429.307,-42.665,53.385,95.331
414.120,-43.000,53.760,96.001
415.062,-40.104,53.876,96.208
439.002,-41.212,53.997,96.423
464.050,-45.124,53.899,96.249
461.146,-44.953,53.708,95.907
426.235,-39.794,53.530,95.589
403.430,-49.447,53.141,94.895
389.420,-42.464,53.160,94.929
364.314,-40.653,53.371,95.305
357.262,-40.746,53.476,95.492
350.286,-33.704,53.428,95.408
351.327,-45.631,53.347,95.262
352.407,-26.488,53.186,94.976
375.402,-31.496,53.195,94.992
377.409,-41.483,53.181,94.966
371.327,-48.630,53.346,95.261
377.315,-49.653,53.371,95.305
366.096,-50.043,53.808,96.085
352.979,-50.251,54.041,96.502
332.953,-44.299,54.095,96.598
312.061,-38.106,53.878,96.211
293.931,-38.337,54.138,96.674
305.969,-38.270,54.062,96.539
314.895,-45.401,54.209,96.802
309.717,-51.719,54.566,97.439
298.700,-49.749,54.599,97.499
282.669,-49.806,54.663,97.612
253.704,-52.744,54.593,97.487
255.665,-57.813,54.671,97.627
255.562,-53.996,54.875,97.991
231.519,-49.073,54.962,98.147
248.434,-46.225,55.131,98.449
278.483,-47.138,55.034,98.275
304.554,-53.010,54.891,98.020
311.446,-57.204,55.108,98.407
303.462,-51.176,55.077,98.351
279.396,-47.294,55.209,98.587
255.348,-47.378,55.304,98.757
230.521,-48.069,54.957,98.138
235.544,-54.028,54.912,98.056
229.566,-55.990,54.869,97.980
159.149,16.414,123.658,55.733
170.756,4.656,120.745,55.788
211.764,-40.635,54.471,97.270
194.260,6.790,105.896,62.455
209.056,24.146,92.742,74.511
231.546,59.011,85.160,84.241
248.082,58.258,82.778,84.685
252.673,48.871,80.499,84.626
243.804,64.379,73.846,89.700
269.117,-39.005,53.765,96.009
278.218,-57.825,53.564,95.651
294.342,-63.603,53.315,95.205
306.293,-42.690,53.413,95.380
300.737,58.836,63.996,94.867
300.432,103.372,60.884,100.601
281.665,-43.026,52.670,94.053
280.654,-45.910,57.723,100.859
255.938,-43.540,52.125,93.080
256.827,-46.385,54.823,103.769
306.081,-25.285,51.839,92.570
295.039,-41.359,51.922,92.719
287.025,-34.384,51.950,92.768
288.409,-28.329,53.441,101.818
311.051,-42.337,51.898,92.675
305.145,-42.169,51.710,92.339
302.435,-43.412,59.539,96.038
283.391,-41.730,51.218,91.461
295.446,-44.632,51.108,91.264
263.180,10.597,54.870,102.069
288.476,-58.579,51.048,91.157
266.778,3.052,57.014,93.680
277.371,38.994,52.612,98.390
278.256,73.749,49.342,104.502
289.820,84.029,49.072,101.784
312.859,-39.894,50.281,89.788
309.855,-41.901,50.289,89.802
303.960,-41.714,50.080,89.428
301.035,-38.580,49.930,89.160
297.017,-53.612,49.966,89.224
284.270,15.502,56.088,91.048
284.003,49.785,52.436,95.905
275.485,103.489,51.087,97.044
267.184,-40.314,49.632,88.628
280.164,-39.350,49.672,88.700
272.315,-40.080,49.370,88.160
295.349,-42.021,49.303,88.041
315.408,-40.914,49.183,87.827
323.537,-41.684,48.926,87.367
322.578,-37.611,48.844,87.222
335.607,-39.559,48.786,87.118
324.670,-39.447,48.661,86.894
333.732,-38.335,48.535,86.670
325.767,-41.273,48.465,86.546
312.762,-40.283,48.477,86.566
298.719,-48.359,48.562,86.718
305.764,-39.278,48.471,86.556
305.686,-40.418,48.628,86.836
302.745,-39.312,48.510,86.625
302.798,-39.217,48.403,86.434
291.769,-38.269,48.462,86.538
288.768,-37.271,48.463,86.542
295.735,-40.331,48.530,86.661
276.482,-2.453,48.398,95.751
301.767,-43.273,48.465,86.545
273.123,-4.654,48.455,87.916
266.112,11.949,46.985,89.629
304.761,-39.284,48.478,86.569
291.853,-39.119,48.293,86.238
289.900,-40.036,48.200,86.072
290.945,-38.955,48.109,85.910
292.924,-40.993,48.153,85.987
258.635,6.892,49.204,86.898
266.130,-7.710,50.542,81.035
267.095,-3.560,52.122,75.234
273.764,12.951,49.542,78.392
291.799,-41.216,48.402,86.433
277.816,-40.186,48.368,86.372
282.948,-38.950,48.104,85.901
262.994,-39.867,48.011,85.734
241.049,-38.770,47.902,85.540
233.124,-38.635,47.752,85.271
203.101,-39.676,47.798,85.353
193.130,-37.624,47.739,85.248
182.153,-37.584,47.694,85.168
178.217,-37.469,47.565,84.938
176.272,-37.372,47.457,84.745
176.246,-38.418,47.509,84.837
165.312,-39.300,47.376,84.599
167.347,-38.237,47.305,84.473
174.463,-38.030,47.074,84.060
164.518,-37.933,46.965,83.866
150.629,-37.733,46.741,83.467
156.672,-37.657,46.656,83.314
150.706,-37.596,46.588,83.193
161.652,-37.693,46.696,83.385
167.652,-37.692,46.695,83.384
161.709,-37.591,46.582,83.182
156.656,-37.686,46.689,83.373
163.636,-37.722,46.728,83.444
146.708,-37.592,46.583,83.185
134.729,-37.555,46.541,83.110
133.722,-38.567,46.555,83.135
133.709,-38.591,46.582,83.182
133.757,-37.505,46.486,83.010
125.855,-36.331,46.290,82.661
115.833,-37.370,46.334,82.739
114.889,-37.270,46.222,82.539
123.857,-37.326,46.285,82.652
117.835,-38.365,46.329,82.731
119.852,-37.336,46.296,82.671
116.822,-36.389,46.356,82.778
128.819,-38.395,46.362,82.790
133.859,-37.323,46.281,82.645
128.874,-37.297,46.252,82.594
125.856,-38.328,46.287,82.656
116.812,-38.408,46.377,82.815
104.762,-38.496,46.475,82.992
85.858,-36.326,46.285,82.652
90.887,-37.273,46.225,82.545
100.946,-37.168,46.109,82.337
100.017,-36.041,45.966,82.083
97.052,-36.979,45.896,81.957
87.059,-36.966,45.882,81.933
83.068,-37.950,45.865,81.901
83.117,-36.863,45.767,81.727
83.149,-36.805,45.702,81.610
85.077,-36.934,45.846,81.868
80.184,-37.742,45.631,81.484
91.249,-36.626,45.501,81.252
93.224,-37.671,45.551,81.341
99.265,-37.599,45.471,81.198
101.261,-36.605,45.477,81.210
94.196,-36.721,45.607,81.441
99.170,-36.768,45.660,81.536
103.291,-36.553,45.419,81.105
106.338,-36.467,45.323,80.934
106.307,-37.522,45.385,81.045
95.302,-37.532,45.396,81.064
102.398,-36.361,45.204,80.722
100.423,-37.316,45.154,80.633
98.505,-37.170,44.990,80.340
103.484,-36.207,45.031,80.413
99.388,-37.378,45.223,80.756
86.378,-37.396,45.244,80.793
86.470,-36.231,45.059,80.463
70.488,-37.200,45.024,80.401
59.531,-36.123,44.937,80.245
55.521,-37.142,44.958,80.283
65.535,-37.115,44.929,80.231
58.594,-37.010,44.811,80.020
42.645,-35.920,44.710,79.839
41.586,-36.025,44.828,80.050
43.567,-35.060,44.867,80.119
34.524,-37.136,44.952,80.272
36.557,-36.077,44.886,80.154
35.550,-37.089,44.900,80.178
29.594,-36.010,44.811,80.020
22.572,-37.050,44.856,80.099
18.635,-36.938,44.730,79.875
39.721,-35.784,44.558,79.569
40.802,-35.640,44.397,79.280
31.847,-35.558,44.305,79.116
21.846,-35.561,44.308,79.122
23.864,-36.529,44.272,79.058
22.874,-36.511,44.252,79.021
33.857,-35.541,44.286,79.082
29.883,-36.495,44.235,78.991
24.861,-35.535,44.279,79.069
36.831,-36.587,44.337,79.173
37.852,-35.550,44.296,79.100
38.838,-35.576,44.325,79.152
39.851,-35.551,44.298,79.103
36.796,-36.650,44.408,79.301
37.654,-34.904,44.693,79.809
49.685,-34.849,44.631,79.697
53.662,-35.889,44.675,79.778
53.593,-36.013,44.815,80.026
53.571,-36.052,44.858,80.104
53.573,-36.049,44.855,80.097
46.504,-37.171,44.992,80.343
50.598,-36.003,44.803,80.006
63.623,-35.960,44.755,79.919
35.643,-35.923,44.713,79.845
23.615,-36.973,44.770,79.946
25.603,-36.995,44.795,79.991
24.618,-35.967,44.763,79.934
22.596,-36.007,44.808,80.014
6.578,-36.040,44.845,80.080
22.498,-36.182,45.004,80.365
33.496,-36.185,45.008,80.371
36.394,-36.367,45.212,80.735
38.314,-37.510,45.371,81.020
44.308,-36.521,45.383,81.041
29.340,-37.464,45.319,80.927
43.411,-36.337,45.178,80.675
64.451,-37.266,45.098,80.532
72.548,-36.093,44.905,80.187
67.566,-36.061,44.868,80.122
56.513,-36.155,44.973,80.309
34.627,-35.951,44.746,79.903
19.622,-35.961,44.757,79.923
21.630,-35.947,44.740,79.894
22.592,-37.014,44.815,80.027
21.579,-36.037,44.842,80.075
18.529,-36.126,44.941,80.252
20.556,-36.079,44.889,80.159
6.479,-36.215,45.041,80.431
4.433,-36.298,45.134,80.596
4.415,-36.330,45.170,80.661
5.420,-37.322,45.161,80.644
11.459,-36.251,45.081,80.502
23.436,-36.292,45.127,80.585
20.428,-35.307,45.144,80.613
24.396,-36.364,45.208,80.729
20.350,-36.447,45.300,80.893
19.310,-37.519,45.381,81.037
18.395,-36.365,45.209,80.731
4.343,-37.460,45.315,80.919
7.345,-36.455,45.310,80.911
23.404,-37.349,45.191,80.698
17.439,-37.288,45.122,80.576
11.487,-37.202,45.026,80.404
34.449,-37.270,45.103,80.541
38.511,-37.158,44.977,80.316
26.538,-36.110,44.923,80.220
28.538,-36.110,44.924,80.221
30.499,-37.180,45.002,80.361
9.484,-36.207,45.032,80.414
6.493,-37.192,45.015,80.383
5.485,-35.205,45.030,80.411
8.492,-35.193,45.017,80.387
8.422,-37.317,45.155,80.634
5.375,-36.401,45.250,80.803
-2.588,-37.336,45.176,80.672
-6.509,-36.194,45.017,80.388
-4.472,-36.128,44.944,80.257
-1.512,-36.201,45.025,80.402
3.475,-36.223,45.050,80.446
15.460,-35.250,45.081,80.501
2.488,-36.200,45.024,80.400
3.559,-36.074,44.882,80.147
1.541,-36.106,44.918,80.212
1.561,-36.070,44.878,80.140
3.588,-36.022,44.825,80.044
5.599,-36.002,44.803,80.005
6.538,-36.110,44.923,80.220
7.527,-37.130,44.946,80.260
5.570,-36.054,44.861,80.109
-0.411,-36.021,44.823,80.041
2.561,-36.069,44.877,80.138
4.599,-36.002,44.802,80.004
8.540,-36.108,44.921,80.215
1.555,-36.081,44.891,80.162
1.555,-36.081,44.891,80.162
-3.443,-37.077,44.886,80.154
-0.458,-36.103,44.915,80.205
-0.382,-35.968,44.764,79.936
4.665,-35.884,44.670,79.768
8.579,-37.037,44.842,80.074
13.583,-37.030,44.834,80.061
6.562,-36.068,44.876,80.135
5.522,-36.140,44.957,80.280
3.502,-36.176,44.997,80.352
2.540,-36.107,44.920,80.214
0.500,-35.178,45.000,80.357
0.537,-36.112,44.926,80.224
1.447,-35.274,45.107,80.548
2.309,-35.519,45.381,81.038
-1.677,-36.495,45.354,80.990
0.263,-36.601,45.473,81.202
0.252,-37.621,45.495,81.241
2.270,-36.590,45.460,81.179
0.333,-36.477,45.335,80.955
3.348,-37.450,45.304,80.899
2.407,-36.345,45.187,80.690
-0.575,-36.313,45.151,80.626
3.451,-35.265,45.097,80.531
5.414,-36.332,45.172,80.665
3.396,-37.365,45.209,80.730
8.422,-36.317,45.155,80.635
22.496,-36.186,45.008,80.371
20.506,-36.167,44.987,80.334
1.410,-36.339,45.180,80.678
-2.617,-35.388,45.234,80.775
1.389,-36.377,45.222,80.753
7.404,-36.349,45.191,80.699
2.431,-36.301,45.137,80.602
-0.580,-36.321,45.160,80.643
2.398,-36.361,45.204,80.721
2.509,-36.163,44.982,80.326
0.472,-36.229,45.056,80.457
-1.521,-36.216,45.042,80.433
-2.502,-36.182,45.004,80.365
-1.499,-37.177,44.999,80.355
-1.433,-37.058,44.865,80.116
-2.415,-36.027,44.830,80.054
1.650,-35.911,44.701,79.823
1.694,-35.832,44.612,79.665
-0.283,-34.791,44.565,79.581
2.666,-35.881,44.667,79.763
2.613,-35.977,44.774,79.953
0.521,-36.141,44.958,80.283
-1.466,-36.118,44.933,80.237
2.466,-36.240,45.068,80.479
0.429,-36.305,45.141,80.610
2.450,-36.267,45.099,80.534
2.425,-37.312,45.149,80.624
2.385,-36.384,45.230,80.768
-3.630,-36.410,45.259,80.820
-3.642,-37.432,45.284,80.865
-0.569,-36.302,45.139,80.605
2.417,-37.327,45.166,80.654
7.475,-36.224,45.051,80.448
8.557,-36.077,44.886,80.154
1.577,-37.041,44.845,80.081
1.553,-37.084,44.894,80.168
-0.427,-36.048,44.854,80.096
3.563,-36.067,44.875,80.133
2.539,-37.109,44.922,80.218
1.522,-37.140,44.957,80.280
0.569,-36.055,44.861,80.110
-0.428,-37.049,44.855,80.098
-0.393,-35.988,44.786,79.975
-1.413,-36.022,44.825,80.045
0.553,-36.084,44.894,80.167
0.590,-35.017,44.820,80.035
0.554,-37.083,44.893,80.166
0.589,-36.020,44.822,80.039
0.559,-36.072,44.881,80.145
3.535,-35.116,44.930,80.232
0.497,-36.184,45.007,80.369
2.539,-35.109,44.922,80.218
-1.593,-36.345,45.187,80.691
0.386,-36.382,45.228,80.765
-0.575,-37.313,45.151,80.627
0.337,-35.469,45.325,80.938
3.275,-36.580,45.450,81.161
1.282,-36.568,45.436,81.136
3.249,-37.626,45.501,81.252
0.335,-35.472,45.329,80.945
0.345,-36.456,45.311,80.912
-3.603,-36.362,45.205,80.723
-4.607,-37.369,45.213,80.738
-4.590,-37.339,45.180,80.678
-3.578,-37.318,45.156,80.636
-4.561,-36.288,45.123,80.577
-6.508,-36.194,45.017,80.387
-5.492,-37.164,44.983,80.327
-0.501,-36.181,45.002,80.362
4.500,-36.178,45.000,80.357
8.498,-36.181,45.003,80.363
-1.463,-36.112,44.926,80.225
-2.439,-36.070,44.879,80.141
-3.465,-36.117,44.931,80.234
-2.461,-35.109,44.922,80.218
-2.507,-34.190,45.013,80.381
-0.619,-35.392,45.239,80.783
-0.704,-36.543,45.409,81.087
4.279,-37.573,45.442,81.146
6.335,-36.474,45.331,80.948
30.272,-36.586,45.456,81.172
24.336,-36.472,45.328,80.943
5.323,-35.495,45.354,80.990
1.301,-36.534,45.398,81.068
2.295,-36.544,45.410,81.089
3.355,-35.438,45.291,80.876
4.327,-36.488,45.346,80.975
-1.625,-36.401,45.250,80.803
-2.634,-36.417,45.267,80.835
-0.601,-36.358,45.201,80.717
-1.559,-35.285,45.119,80.569
0.312,-36.515,45.377,81.030
2.354,-36.439,45.291,80.877
2.305,-36.527,45.390,81.054
5.304,-36.529,45.393,81.058
26.183,-37.744,45.633,81.488
17.228,-36.664,45.544,81.329
21.197,-35.719,45.605,81.438
2.127,-36.844,45.745,81.688
-1.794,-35.704,45.589,81.408
-2.819,-36.748,45.638,81.496
-0.886,-37.867,45.771,81.735
-1.864,-36.829,45.728,81.657
-1.890,-36.874,45.779,81.748
-1.924,-36.935,45.847,81.870
-0.918,-37.926,45.837,81.852
0.098,-36.896,45.804,81.793
-0.887,-36.869,45.774,81.739
1.150,-36.804,45.701,81.608
0.145,-36.812,45.710,81.625
0.024,-37.029,45.952,82.057
4.043,-36.995,45.915,81.991
0.018,-37.039,45.964,82.078
-2.049,-37.159,46.098,82.318
1.999,-36.073,46.002,82.146
1.988,-36.093,46.024,82.186
-0.014,-38.096,46.027,82.191
1.005,-38.063,45.991,82.126
1.021,-37.035,45.959,82.069
2.072,-36.943,45.856,81.886
0.097,-36.898,45.806,81.796
0.093,-36.905,45.814,81.811
0.031,-37.016,45.938,82.031
0.985,-37.099,46.031,82.198
3.022,-36.033,45.957,82.065
-2.044,-36.150,46.087,82.299
