561.000,311.000,22.000,51.000
559.695,312.462,21.702,51.270
556.871,312.634,22.116,51.831
554.297,312.725,23.254,51.736
551.772,314.057,24.272,51.516
544.562,315.540,24.901,51.564
542.295,316.466,25.331,51.369
535.369,317.090,25.238,51.551
532.563,318.194,25.155,52.282
530.048,318.039,25.366,52.460
524.664,317.343,24.908,52.840
519.843,318.666,24.624,52.552
519.013,319.719,24.378,52.271
512.757,320.051,24.196,51.644
507.410,319.608,23.168,51.834
506.430,318.891,22.418,52.071
504.373,320.091,21.754,52.614
501.859,319.325,21.927,52.352
499.636,318.670,21.920,52.390
496.593,318.696,22.107,51.915
490.537,320.402,21.822,52.423
489.345,319.830,21.850,52.902
486.162,319.976,22.364,52.046
481.018,321.784,21.841,52.325
480.052,321.353,21.275,53.026
478.118,321.015,21.131,53.501
476.484,321.637,20.979,53.208
474.787,321.864,20.859,52.996
470.269,321.410,20.716,52.717
468.393,322.310,20.727,52.660
466.488,322.606,20.856,52.477
460.618,321.254,21.231,51.970
455.964,318.071,21.189,52.144
454.365,316.715,21.281,51.846
452.595,315.804,21.205,51.449
447.837,318.021,21.049,50.642
447.327,318.266,20.706,50.140
446.159,320.225,20.541,49.608
437.969,316.927,22.063,51.145
438.982,321.846,21.475,50.583
438.136,323.428,20.987,52.018
432.551,320.272,21.736,50.927
431.079,320.886,22.260,49.741
429.022,320.907,22.712,48.393
426.541,321.660,23.536,47.001
424.160,321.902,24.513,45.397
420.859,323.073,25.309,44.485
414.987,324.629,25.390,44.718
414.020,325.118,25.076,45.148
408.926,325.947,24.500,45.437
406.613,327.162,24.212,45.709
404.002,328.391,23.947,45.749
398.563,328.687,23.157,46.120
396.607,330.267,22.539,46.849
395.126,330.426,22.133,47.309
390.536,332.316,21.668,47.929
386.127,333.763,21.547,47.993
385.268,334.003,21.660,47.409
379.838,334.707,21.968,47.570
374.168,335.483,22.152,48.551
372.357,334.836,22.260,49.265
367.115,333.811,21.711,49.903
365.113,333.857,21.869,49.556
363.489,334.032,22.257,49.227
361.473,335.476,22.432,48.624
355.607,336.809,22.814,48.058
353.776,337.017,23.153,47.699
348.160,335.865,23.083,47.819
343.020,334.533,22.602,48.639
341.781,333.144,22.226,49.399
337.210,332.095,21.757,49.126
332.497,332.707,21.540,49.132
332.005,333.059,20.913,49.618
328.232,333.109,20.481,49.810
323.682,333.532,20.347,49.600
319.793,333.904,20.092,49.432
315.950,334.640,19.994,49.230
314.687,334.639,19.577,49.325
313.631,334.421,19.171,49.696
309.072,332.873,19.101,49.382
307.191,332.271,19.555,47.919
305.652,332.709,19.763,47.474
301.053,332.841,19.906,47.165
296.895,332.371,20.157,46.746
295.858,331.275,20.414,46.560
291.374,330.855,20.373,46.371
289.722,330.621,20.429,46.158
288.444,329.351,20.261,45.835
284.053,328.537,19.886,45.549
282.436,328.182,19.782,45.367
280.812,328.451,19.668,45.515
276.365,329.589,19.327,46.263
274.680,329.398,19.494,46.109
273.008,329.653,19.867,45.953
268.072,329.026,20.222,44.884
263.563,330.335,20.447,44.595
262.244,330.226,20.781,43.911
257.814,331.539,20.683,44.343
254.465,331.139,20.547,44.805
253.755,331.533,20.422,45.486
249.066,332.427,20.337,46.015
244.335,331.465,20.424,46.062
242.570,330.986,20.616,45.844
238.244,330.826,20.227,46.233
233.328,330.456,19.732,46.493
232.115,330.594,19.337,46.925
227.572,329.560,19.220,46.773
225.703,329.894,19.261,46.661
224.147,330.852,19.246,47.121
221.769,330.675,19.544,47.169
216.110,330.455,19.891,47.270
214.174,330.633,20.441,47.658
208.672,330.891,20.640,47.610
204.455,330.570,20.184,47.543
202.827,330.365,20.117,47.124
199.235,330.090,19.747,46.843
194.961,330.187,19.704,46.930
194.480,330.944,19.718,46.908
190.269,330.082,19.891,46.668
186.228,328.916,20.105,46.570
185.193,328.669,20.203,46.397
180.626,327.870,20.154,46.320
178.114,326.983,20.276,45.750
175.736,327.603,20.353,45.590
171.331,328.427,20.212,45.931
167.626,328.406,20.008,45.938
166.275,329.108,20.052,46.265
160.835,330.371,20.553,46.212
157.008,331.329,20.786,46.743
156.544,330.670,21.107,47.195
151.753,329.681,20.349,47.859
148.401,329.249,19.813,48.715
147.748,329.916,19.674,49.545
146.477,331.134,20.225,49.300
141.323,330.680,20.890,48.486
137.334,329.453,21.230,47.984
132.830,327.120,20.985,47.740
128.395,325.892,20.567,48.173
127.100,325.260,20.430,48.496
122.283,324.807,20.514,48.207
117.622,324.636,20.715,47.986
116.787,324.877,21.148,47.430
115.566,325.352,21.600,46.878
110.026,326.065,22.051,46.592
106.101,326.729,21.954,46.510
102.954,327.606,21.571,46.458
102.411,328.228,21.771,45.994
99.232,331.024,21.369,45.972
95.920,329.737,20.669,46.680
92.344,328.224,20.303,47.364
92.444,328.045,20.251,47.623
87.472,327.267,20.638,47.205
83.150,326.065,20.578,46.894
82.652,325.411,20.316,46.547
79.147,324.048,20.110,45.704
78.811,324.221,19.697,45.267
75.566,324.754,19.479,45.270
74.995,324.914,19.340,45.099
71.281,324.392,19.426,45.050
71.007,324.751,19.574,44.971
67.090,324.048,19.967,44.643
63.430,323.817,20.112,44.457
63.386,324.062,20.242,44.474
59.563,324.885,20.374,44.486
56.625,327.658,19.778,45.518
57.067,326.501,19.339,46.154
56.088,322.554,20.112,44.652
51.622,322.748,20.644,44.265
50.915,322.096,20.835,44.113
50.221,321.947,20.970,43.935
46.621,321.763,21.015,43.829
46.674,321.735,20.923,43.892
46.457,321.434,20.796,44.121
43.109,322.144,20.702,44.562
43.389,321.747,20.494,44.726
42.757,320.775,20.556,44.557
42.153,320.909,20.900,44.574
41.866,321.511,21.053,44.552
42.374,321.783,20.979,44.629
42.598,322.083,21.083,44.670
42.692,322.498,21.266,44.521
42.635,322.636,21.506,44.499
42.465,323.298,21.934,44.184
42.350,323.325,22.140,44.073
42.288,323.567,22.337,43.957
42.780,322.885,22.627,44.008
42.394,323.755,23.001,43.789
42.379,323.679,23.067,43.768
42.232,323.295,23.080,43.719
41.063,323.562,24.994,41.660
39.804,323.665,26.031,40.580
38.565,324.062,27.173,39.678
37.561,323.985,27.675,39.555
36.976,324.406,27.976,39.423
36.681,324.154,28.139,39.300
36.418,323.880,28.354,39.262
36.023,323.492,28.544,39.125
36.217,323.340,28.722,38.729
35.926,322.835,28.918,38.531
35.781,322.750,28.936,38.318
35.583,322.250,28.875,38.355
36.574,322.330,27.011,40.397
37.512,321.342,25.550,41.660
38.191,320.517,24.343,42.727
38.797,320.516,23.605,43.308
38.700,320.283,23.071,43.807
38.894,320.053,22.652,44.341
38.991,319.870,22.324,44.924
39.395,319.999,22.087,45.310
40.008,319.897,21.844,45.743
40.071,319.165,21.721,46.087
40.150,318.857,21.665,46.366
40.194,318.733,21.591,46.776
39.873,319.038,21.537,47.282
39.743,319.370,21.454,47.415
39.537,319.337,21.471,46.963
39.488,319.316,21.516,46.609
39.193,319.546,21.524,46.478
39.615,319.893,21.420,46.110
39.834,319.676,21.259,45.650
39.904,319.532,20.996,45.481
40.345,319.830,20.766,45.296
40.657,319.983,20.542,45.244
40.544,319.763,20.442,45.380
40.406,320.208,20.405,45.516
40.221,320.049,20.358,45.603
40.499,319.884,20.370,45.582
40.535,319.582,20.328,45.748
40.756,319.755,20.299,45.934
41.163,320.188,20.255,45.965
40.816,319.351,20.531,45.781
40.677,319.211,20.539,46.233
40.718,319.664,20.561,46.551
40.772,319.951,20.638,46.635
40.330,319.235,20.756,46.564
40.156,318.867,20.752,46.503
39.876,318.534,20.794,46.406
40.282,319.005,20.166,47.471
40.582,318.886,20.285,47.294
40.467,317.838,20.399,46.978
40.527,318.151,20.507,46.819
40.498,318.493,20.668,46.447
40.521,318.950,20.703,46.132
40.294,318.488,20.650,45.858
40.043,318.313,20.610,45.756
39.984,317.918,20.574,45.611
39.871,317.876,20.566,45.276
40.070,317.612,20.539,45.063
40.171,317.853,20.559,44.764
40.045,317.747,20.523,44.484
40.061,317.813,20.528,44.361
40.094,317.919,20.526,44.317
40.249,317.804,20.496,44.567
40.319,318.197,20.503,44.913
40.144,318.353,20.565,44.894
40.102,318.786,20.609,44.795
40.017,318.365,20.671,44.893
40.215,318.628,20.752,44.917
40.088,318.667,20.843,44.959
39.901,318.789,20.897,45.251
39.720,318.563,21.018,45.389
39.885,318.721,21.229,45.256
40.099,318.825,21.321,45.277
39.720,318.919,21.350,45.340
39.947,318.172,21.335,45.319
39.706,318.434,21.345,45.198
39.946,318.411,21.434,45.106
39.814,318.331,21.501,45.084
39.780,318.188,21.470,45.141
39.785,318.326,21.491,45.353
39.938,318.076,21.587,45.550
40.230,318.116,21.542,46.089
40.453,317.924,21.381,46.729
40.554,317.501,21.255,47.136
40.863,317.467,21.175,47.440
41.218,317.336,21.130,47.760
41.242,317.440,21.140,47.845
41.121,317.284,21.240,47.810
41.163,317.231,21.169,47.755
41.146,317.051,21.247,47.355
40.658,317.448,21.630,46.801
40.151,317.797,22.117,46.138
39.540,318.393,22.681,45.569
38.838,320.016,23.086,45.112
38.596,321.196,23.300,44.729
38.646,322.312,23.420,44.359
38.787,323.804,23.078,44.342
38.843,324.785,22.766,44.115
38.706,325.957,22.416,43.810
38.701,327.064,22.185,43.635
38.596,328.270,22.179,43.263
38.384,328.781,21.858,43.078
38.097,328.840,21.532,42.981
37.575,329.109,21.503,42.804
37.128,329.077,21.543,42.576
37.047,328.769,21.569,42.196
36.992,328.217,21.420,41.858
36.993,327.636,21.184,41.648
36.871,327.826,21.018,41.514
36.822,327.763,20.701,41.488
36.430,325.400,20.658,41.372
36.162,326.061,20.405,41.204
35.715,326.180,20.381,41.049
35.405,325.692,20.263,41.039
32.083,325.314,20.507,40.931
31.476,324.897,20.653,40.736
31.067,323.803,20.738,40.666
27.942,320.235,20.740,40.860
27.554,320.157,20.657,41.232
27.146,319.671,20.565,41.322
27.240,319.884,20.404,41.771
27.150,320.500,20.235,42.406
26.485,320.840,20.228,42.684
25.316,320.471,20.552,42.331
24.093,320.830,20.869,42.311
22.670,321.430,21.284,42.523
18.773,318.683,21.694,42.305
18.048,319.759,22.202,42.688
17.490,319.658,22.623,42.863
16.635,317.505,22.782,42.878
16.003,319.055,22.675,43.024
15.146,316.700,22.834,42.769
14.991,317.882,22.865,42.727
12.880,315.797,24.351,40.548
12.564,317.803,24.082,40.448
11.984,316.223,24.014,40.429
11.564,317.835,23.915,40.498
10.749,316.939,23.876,40.281
10.524,318.426,23.737,40.318
10.589,316.471,23.551,40.404
9.852,315.752,24.981,38.811
9.398,317.363,25.579,37.965
8.230,316.562,26.315,37.067
7.292,315.863,26.895,36.353
6.857,315.343,27.453,35.766
6.803,317.652,27.680,35.335
8.745,323.023,27.929,34.752
7.359,321.085,27.778,34.631
6.495,318.873,27.569,34.899
5.823,317.684,27.464,35.085
5.478,318.999,27.197,35.329
6.285,319.829,25.559,37.234
6.294,317.836,24.491,38.464
5.734,315.827,23.564,39.379
2.678,317.068,22.832,40.166
2.870,314.912,22.175,41.445
2.863,315.117,21.425,42.017
