118.000,57.000,82.000,98.000
116.660,58.817,84.341,95.794
116.592,59.183,85.810,94.617
115.437,58.828,87.347,93.355
114.372,58.175,88.463,92.480
113.763,58.593,88.993,92.040
113.987,58.821,89.390,91.947
113.663,59.025,89.668,91.295
113.945,59.736,89.803,90.593
113.966,60.112,89.780,90.228
114.442,60.073,90.056,89.811
114.851,60.512,89.965,89.601
114.572,60.449,89.885,89.900
114.226,60.978,89.907,90.232
113.758,58.936,89.753,90.688
113.051,58.997,89.846,90.753
112.317,59.069,89.986,90.372
111.385,58.571,89.912,90.342
110.742,57.899,89.775,90.485
110.775,56.673,89.614,90.561
110.406,56.308,89.261,90.580
109.930,55.667,89.364,90.521
110.233,56.436,89.387,90.558
110.409,55.401,88.853,90.894
109.656,55.688,88.575,90.649
110.317,56.214,88.089,90.433
109.291,56.431,88.209,89.891
109.842,57.796,87.990,89.724
109.374,56.981,87.721,89.615
108.792,58.903,87.745,89.343
108.328,59.029,87.283,89.154
109.206,59.302,86.549,88.890
108.558,59.260,86.075,88.229
107.190,60.967,85.710,87.354
106.703,60.463,85.149,86.815
105.857,62.197,84.850,86.417
104.502,61.275,84.352,86.810
104.308,61.451,84.398,86.908
103.761,62.144,84.585,86.954
103.076,61.998,84.688,87.509
102.430,62.338,85.086,88.182
102.760,62.840,85.012,88.703
100.528,62.098,85.598,88.577
100.261,62.569,85.716,89.112
98.504,61.957,85.935,89.028
98.231,62.128,86.071,89.181
98.046,60.988,86.233,89.421
96.289,61.122,86.538,89.064
95.853,60.697,86.615,89.196
95.354,60.545,86.838,89.083
95.766,61.018,86.711,88.864
97.281,60.694,86.226,88.804
99.597,60.212,86.145,88.151
98.629,60.995,86.724,87.912
100.101,61.663,86.419,87.587
99.776,61.377,86.769,87.753
100.985,60.545,86.292,87.524
99.653,59.027,86.860,87.626
99.990,58.029,86.697,87.160
100.422,57.560,86.474,86.565
101.306,58.152,86.485,86.275
102.323,58.118,86.532,86.239
104.361,58.095,86.267,86.081
108.354,57.205,85.880,86.463
110.948,56.556,86.076,86.503
113.854,56.004,86.269,86.536
116.002,55.279,86.490,86.377
116.251,54.987,86.455,86.309
118.097,53.268,86.347,86.556
118.447,54.340,86.258,86.555
120.238,54.305,86.088,86.451
122.372,54.787,85.926,86.525
123.313,56.105,85.820,86.339
124.101,56.689,85.649,86.642
124.581,56.923,85.499,86.881
124.381,58.467,85.421,86.843
122.444,58.914,85.384,87.453
122.269,59.024,84.818,88.087
121.849,59.002,85.045,88.273
121.951,58.433,85.713,88.266
120.335,57.386,87.026,87.929
119.038,55.958,88.246,87.831
117.198,54.331,89.863,86.926
116.942,52.408,90.779,86.718
116.309,51.247,91.507,86.457
115.444,50.545,92.306,86.147
114.660,49.991,92.797,86.126
113.922,50.845,92.922,86.387
112.619,53.538,92.841,87.141
111.183,56.861,91.741,87.937
111.504,59.854,90.677,87.792
113.251,60.601,89.238,87.630
113.791,60.223,88.325,86.677
114.577,60.530,87.484,85.887
114.943,60.938,86.560,85.547
114.877,60.754,85.889,85.412
115.270,59.740,85.304,85.355
114.788,60.194,85.193,85.193
114.604,59.796,84.733,85.338
114.589,60.272,84.778,84.906
115.356,60.086,84.505,84.604
115.128,60.394,84.212,84.745
115.859,59.301,83.847,84.562
116.439,59.047,83.446,84.485
116.587,58.885,83.428,84.505
118.237,58.827,83.184,84.813
119.131,59.462,83.271,84.899
120.346,59.878,83.161,84.715
121.188,59.675,83.141,84.569
122.011,60.246,83.073,84.789
121.458,60.320,82.985,85.368
121.175,60.151,83.137,86.004
120.519,59.949,83.278,86.371
119.972,59.454,83.398,86.675
120.012,59.670,83.614,86.585
120.404,60.318,83.793,86.314
119.850,60.652,84.059,86.051
119.226,59.730,83.961,85.747
118.478,59.260,83.682,85.333
118.076,59.035,83.428,85.193
117.741,58.934,83.316,84.596
117.622,59.139,83.366,84.202
117.449,59.558,83.404,83.891
117.112,59.927,83.285,83.555
117.441,60.649,83.070,82.924
118.123,60.936,82.454,82.666
117.471,60.881,81.954,83.550
118.789,60.830,81.789,83.473
119.555,60.463,81.746,83.558
119.444,59.451,82.345,83.195
118.234,58.716,83.808,82.900
117.539,58.012,85.136,82.454
116.593,50.491,86.847,82.263
116.110,52.282,88.467,82.012
115.206,52.964,90.081,81.939
115.169,52.534,91.022,81.736
113.993,52.217,92.190,81.335
113.941,51.445,92.664,81.215
113.010,40.923,93.664,82.084
112.661,40.845,94.660,82.819
113.372,40.613,95.419,83.341
112.612,40.845,96.403,83.988
112.277,40.112,97.452,84.689
111.753,39.330,98.199,85.600
112.165,37.927,98.953,86.666
111.938,37.373,99.321,87.471
111.660,35.986,99.879,88.315
111.613,35.099,100.612,88.574
111.401,34.687,101.644,89.055
110.326,34.202,102.243,89.822
111.004,32.788,102.803,90.514
110.965,31.498,102.946,91.561
110.505,30.640,103.255,92.786
109.750,30.784,103.673,93.608
109.556,30.057,103.785,94.633
109.295,30.112,104.273,95.356
109.468,29.831,104.528,95.932
109.428,29.640,104.777,96.879
109.763,29.204,104.587,96.837
109.164,28.930,104.646,96.903
108.921,28.399,104.663,97.157
108.972,28.342,104.733,97.661
108.687,27.704,104.816,97.684
109.070,27.346,104.866,98.225
108.476,27.354,105.070,98.593
108.635,26.874,105.165,98.992
108.247,26.936,105.473,99.348
109.067,26.765,105.575,99.776
108.093,26.723,106.059,99.949
108.091,26.452,106.205,100.194
108.874,25.977,106.214,100.534
109.135,25.398,106.337,100.692
108.463,25.978,107.002,100.776
108.258,26.057,107.211,101.079
107.504,26.705,107.358,101.626
108.047,27.135,107.261,101.899
108.292,27.160,106.860,102.455
107.859,27.489,106.573,103.424
107.834,28.353,106.038,104.499
108.365,29.735,105.058,105.124
109.233,31.498,104.502,105.667
109.966,33.236,103.028,106.452
109.794,34.666,102.278,107.188
111.421,37.644,101.054,107.772
111.026,39.721,99.862,107.956
111.191,41.954,98.642,106.949
111.378,43.502,97.091,106.058
112.287,45.838,95.872,104.355
111.945,47.588,94.985,102.559
113.232,49.533,93.855,101.220
112.532,51.499,93.844,99.276
113.503,52.646,93.275,98.125
112.696,53.872,93.031,96.569
113.519,54.654,92.723,95.589
112.996,56.089,92.524,94.391
114.161,56.479,91.566,93.996
114.294,56.644,90.840,93.302
114.252,57.176,90.200,92.663
114.354,56.686,89.704,92.208
114.250,57.247,89.485,91.266
114.723,57.639,89.305,90.859
115.112,57.492,89.071,90.550
114.793,57.691,88.897,90.166
114.798,58.731,88.577,89.632
114.893,58.632,88.294,89.122
114.977,59.176,88.023,88.995
113.961,59.232,87.573,88.707
113.339,58.475,86.994,88.516
113.383,59.434,86.652,87.951
113.373,59.107,86.261,87.891
113.301,59.597,86.038,87.548
115.792,58.926,85.668,87.125
116.122,59.149,85.583,86.721
118.489,58.625,85.124,86.618
119.407,59.202,85.018,86.143
121.754,59.459,84.631,85.867
122.512,59.751,84.209,85.778
123.995,59.914,83.744,85.586
125.832,60.657,83.684,85.406
124.972,60.891,83.463,85.464
125.315,60.669,83.162,85.368
125.632,60.616,82.839,85.586
125.203,60.292,83.018,85.331
125.330,60.240,83.035,85.115
125.368,60.341,83.156,84.941
125.015,60.408,83.217,84.451
125.185,60.739,83.148,84.213
124.873,60.477,83.440,83.720
124.436,60.811,83.756,83.543
124.235,59.936,83.660,83.405
124.296,59.912,83.438,83.114
124.300,60.159,83.329,82.922
123.830,59.665,83.544,82.885
123.016,59.963,83.832,82.932
122.889,59.354,83.507,82.934
122.761,59.259,83.566,82.943
122.476,59.223,83.616,83.048
122.076,58.953,83.771,83.167
122.139,58.462,83.999,82.939
121.233,58.125,84.311,83.103
121.684,57.910,84.541,82.788
120.968,58.229,84.355,83.035
120.961,57.753,84.273,82.715
119.756,57.792,84.147,82.546
119.545,57.327,83.530,82.571
119.197,57.846,83.166,82.427
118.624,57.844,82.599,82.419
118.462,56.822,82.040,82.101
117.964,56.719,81.033,82.538
117.950,56.475,80.234,82.111
116.750,57.369,79.215,82.178
116.963,56.876,78.266,81.669
116.741,56.560,77.196,81.290
117.005,56.714,76.268,80.582
117.014,56.621,75.188,80.341
116.396,57.020,73.881,80.100
116.847,56.812,72.655,79.488
116.676,56.937,71.441,79.041
116.681,58.235,70.375,78.817
116.804,57.774,69.549,78.289
116.563,57.485,68.819,78.077
116.367,58.173,68.145,77.348
116.455,59.341,67.702,77.096
116.017,59.672,67.450,76.605
116.269,60.174,67.489,76.208
115.964,59.590,67.402,75.865
116.149,59.205,66.831,75.780
116.006,60.374,66.502,75.358
116.820,61.115,66.130,75.253
117.524,61.352,65.818,75.201
117.814,61.474,65.712,75.323
118.207,60.697,65.906,75.013
118.559,61.228,66.420,75.343
118.496,60.736,67.084,75.497
119.086,61.319,68.137,75.659
119.741,60.971,69.044,76.259
120.360,60.913,70.248,76.526
120.853,61.577,71.895,76.684
120.219,61.019,73.438,77.757
119.571,60.218,74.881,78.497
118.858,59.890,76.118,79.142
119.698,59.536,76.965,79.661
119.086,59.588,78.154,79.787
118.419,59.246,79.292,80.196
118.541,59.056,80.132,80.330
118.373,59.014,80.739,80.702
118.178,58.958,81.283,81.010
118.418,58.742,81.697,81.163
118.645,59.524,82.072,81.368
118.151,59.278,82.296,81.424
119.106,59.500,82.180,81.751
119.818,59.919,82.079,81.920
120.175,60.125,82.092,82.186
119.830,60.453,82.270,82.507
119.511,60.735,82.275,82.612
119.360,61.402,82.113,82.686
119.045,60.926,82.290,82.819
117.248,61.260,82.731,83.049
116.401,61.665,83.103,83.032
114.900,61.760,83.283,83.073
112.411,62.387,83.748,82.859
111.608,62.269,83.367,82.899
111.094,61.890,83.143,82.858
110.659,61.860,82.696,82.711
110.088,61.618,82.556,82.532
109.889,61.363,82.330,82.443
110.390,60.821,82.414,82.258
109.879,60.596,82.341,82.262
110.290,60.120,82.467,82.128
109.601,60.749,82.730,82.149
109.799,60.879,82.734,82.101
108.368,61.291,83.064,82.349
106.711,62.491,83.591,82.264
105.639,62.822,83.523,82.460
104.039,62.562,83.513,82.563
103.220,63.851,83.439,82.656
102.111,63.419,83.596,82.916
99.536,64.126,84.080,82.739
98.673,63.670,84.326,82.808
96.722,63.247,83.950,82.985
94.026,62.969,84.257,83.576
92.089,63.340,84.673,84.008
91.079,62.332,84.639,84.810
89.601,61.941,84.266,85.882
88.658,62.312,84.008,86.362
87.146,62.634,83.922,86.341
86.227,62.620,83.604,86.519
85.000,62.347,83.665,86.494
84.291,62.069,83.413,86.930
83.266,62.362,83.391,87.636
83.230,62.779,83.426,88.238
83.374,62.626,83.736,87.998
83.590,62.071,84.033,88.068
83.752,61.702,84.231,88.467
83.195,61.326,84.290,88.702
81.689,61.455,84.438,88.576
81.975,65.971,84.585,88.220
81.358,64.135,84.283,88.195
80.673,62.685,84.369,88.660
80.189,62.237,84.294,89.120
80.773,67.103,84.136,88.601
79.167,65.284,83.966,88.711
78.005,64.385,83.495,89.315
71.030,63.029,84.401,89.008
73.401,62.259,85.020,88.949
66.466,60.511,86.236,89.181
69.004,60.743,86.639,89.965
71.330,61.545,86.731,90.037
72.844,61.829,86.786,90.539
73.520,60.919,86.774,90.535
66.812,58.796,87.819,90.477
69.811,58.556,88.336,90.661
71.507,58.951,88.930,90.992
73.119,58.730,89.484,91.234
74.186,58.587,89.568,91.453
75.339,58.214,89.544,91.562
75.910,58.543,89.316,92.100
76.340,57.925,88.957,92.328
76.384,58.009,88.763,92.341
76.200,57.776,88.956,92.353
76.220,56.899,88.989,92.137
76.053,56.389,89.105,91.702
77.444,54.873,88.767,91.194
78.906,54.175,88.422,90.912
80.656,53.223,88.361,91.048
83.969,53.101,88.682,90.756
87.392,51.068,88.837,90.677
90.372,50.910,89.897,90.147
93.566,50.962,90.821,89.883
96.701,50.651,92.080,89.648
98.879,51.510,93.062,89.955
100.711,51.029,93.606,90.009
102.049,51.376,93.746,90.411
102.582,51.852,94.085,90.877
103.296,51.107,94.177,91.711
104.615,50.468,94.360,92.687
105.704,49.407,94.569,93.224
106.239,49.358,94.411,93.931
108.408,49.217,94.788,94.252
111.627,48.122,95.301,93.651
114.818,48.060,95.358,93.367
118.905,48.102,95.034,93.265
121.198,49.339,94.578,93.152
122.290,50.273,93.780,93.226
121.963,50.971,93.488,93.624
120.345,51.398,93.561,93.535
110.055,49.807,94.341,93.402
109.770,49.689,94.012,94.700
106.278,49.372,93.851,95.956
101.548,50.329,93.801,95.945
97.093,51.620,92.909,96.360
92.110,51.761,91.940,96.484
87.157,51.601,91.264,96.605
83.526,53.196,90.639,96.164
79.066,53.569,90.570,95.730
76.381,53.391,89.912,96.077
74.416,54.365,89.190,95.702
74.097,55.265,88.035,95.354
74.437,55.526,87.074,94.717
74.743,56.038,86.261,94.187
74.327,56.396,85.498,93.235
74.280,56.744,84.863,92.497
75.143,58.063,83.254,91.977
76.070,58.742,81.643,91.202
76.003,59.468,80.306,90.293
76.250,59.495,78.957,89.502
76.265,60.032,77.392,88.697
77.154,60.731,76.177,87.900
77.444,61.736,74.800,87.095
78.277,62.415,73.497,86.548
84.440,70.491,73.223,85.658
82.419,68.828,72.019,85.213
81.819,66.956,70.518,85.059
81.207,65.800,69.677,84.874
81.218,65.261,68.883,84.522
81.190,65.561,68.412,83.768
81.116,66.570,67.969,82.840
85.597,67.687,68.369,81.481
83.462,67.906,67.733,81.066
82.529,67.568,67.189,80.695
82.490,67.527,66.784,80.286
82.216,66.795,66.478,79.516
82.861,66.352,66.380,79.129
82.821,67.428,66.305,78.473
83.129,66.992,66.662,77.922
82.106,67.402,67.417,77.579
80.227,67.913,68.352,77.095
78.715,68.984,69.635,77.065
78.374,69.409,70.808,77.361
78.023,69.634,71.843,77.837
77.813,69.567,72.599,78.510
77.731,70.004,73.090,79.028
78.014,69.581,73.827,78.916
78.306,69.611,74.329,78.942
78.496,70.187,74.897,79.174
78.090,70.403,75.054,79.319
77.953,69.970,75.263,79.617
77.629,70.252,75.225,79.737
77.446,70.613,75.245,79.734
77.355,71.141,75.269,80.095
77.212,70.675,75.143,80.115
71.340,70.339,76.445,80.588
72.692,70.212,77.276,81.129
72.227,70.521,77.598,81.823
71.859,70.556,77.726,82.325
71.943,69.679,77.542,82.656
72.550,69.373,77.110,83.053
73.519,68.599,76.596,83.422
74.188,69.557,76.047,83.516
75.528,69.033,74.980,83.779
75.954,69.056,74.323,83.877
77.177,69.180,73.524,83.786
78.713,68.615,72.687,83.596
79.203,68.405,71.930,83.240
80.119,68.802,71.254,82.781
80.958,69.026,70.586,82.281
81.624,68.482,69.713,81.969
87.039,76.538,70.093,81.172
85.158,74.283,69.311,80.896
84.254,73.310,68.544,80.351
83.676,73.200,67.913,80.021
84.122,72.470,67.108,79.646
84.467,72.519,66.588,79.126
84.728,72.098,66.014,78.665
90.004,78.667,66.262,78.206
88.916,76.353,65.404,78.322
87.529,75.713,64.663,77.918
86.921,75.011,64.183,77.411
87.442,74.306,63.428,77.274
87.531,73.829,62.974,77.096
92.770,80.428,63.203,76.614
90.949,78.046,63.165,76.554
89.530,77.102,62.814,75.964
89.305,76.213,62.297,75.635
93.271,77.102,62.755,74.753
91.472,82.508,62.454,74.760
89.744,79.937,61.936,74.714
88.989,78.920,61.574,74.088
92.576,79.456,62.030,73.092
91.827,84.514,61.833,73.204
90.172,81.591,61.444,73.184
89.285,80.460,61.302,72.508
93.396,80.629,61.937,71.914
92.439,85.762,61.986,72.339
90.900,83.291,61.491,72.266
84.673,80.911,61.773,71.636
86.342,84.945,61.829,71.998
92.755,82.650,61.318,72.240
72.320,79.724,57.361,68.553
82.358,84.365,63.069,71.651
73.854,80.362,56.292,67.275
74.020,80.560,55.960,66.879
74.083,80.636,55.834,66.728
82.739,83.912,64.114,71.390
97.533,90.679,64.801,71.484
95.657,88.946,64.916,71.854
93.046,86.822,64.728,72.181
91.323,84.778,64.082,72.567
90.048,82.743,63.365,73.014
88.658,81.216,63.062,73.006
87.853,79.821,63.054,73.165
88.105,79.175,63.492,72.772
87.504,78.158,63.859,72.573
88.118,78.176,64.310,72.510
87.654,77.849,64.856,72.618
87.118,77.603,65.393,72.788
86.491,77.824,66.007,72.455
85.999,77.628,66.969,72.575
85.176,78.019,67.817,72.755
84.882,77.800,68.689,73.194
84.593,76.657,69.448,73.843
85.223,75.376,70.064,74.568
85.263,74.609,70.225,75.603
85.256,73.796,70.693,76.737
85.321,72.853,71.135,77.675
85.879,71.772,71.221,78.761
86.307,70.841,71.586,79.395
86.374,70.526,72.227,80.247
88.033,70.262,72.542,80.815
88.580,71.506,72.807,81.364
87.742,72.016,73.615,81.868
87.212,72.137,75.191,81.536
87.367,71.586,76.546,81.897
87.359,70.658,77.578,82.404
87.030,70.965,78.913,82.749
87.381,70.434,80.073,82.981
88.114,69.614,81.297,83.364
87.790,70.014,82.639,83.752
89.053,70.243,83.610,83.589
90.147,70.767,84.010,83.915
90.642,71.858,84.768,83.787
92.309,71.887,85.076,83.906
94.638,71.452,85.319,83.431
96.045,71.700,85.848,83.815
96.965,71.474,86.859,83.399
97.542,71.107,87.207,83.599
97.481,70.173,88.062,83.341
97.712,69.784,88.877,83.275
97.940,69.882,89.156,83.129
98.794,70.373,89.468,82.958
98.775,70.103,89.947,82.976
100.082,71.068,90.860,82.964
100.256,71.256,90.998,82.995
100.474,70.496,91.667,82.943
100.302,70.259,92.257,82.850
100.691,69.869,92.628,82.888
99.012,70.751,93.236,83.393
99.000,70.363,93.759,83.439
98.479,70.283,94.623,83.919
98.986,70.256,95.426,83.818
99.822,70.178,96.139,84.074
100.481,71.073,96.525,84.186
100.510,72.263,96.494,84.430
101.925,72.137,96.358,84.616
102.439,73.046,96.319,84.251
103.741,73.427,96.191,84.241
106.187,71.598,95.551,85.304
107.829,71.922,95.125,85.948
108.699,73.080,94.662,87.171
110.213,74.120,94.598,87.189
112.794,74.939,94.809,85.641
114.331,76.393,94.826,84.777
114.812,77.439,94.894,83.844
115.727,79.084,94.356,82.838
116.539,80.779,93.525,81.899
116.795,83.191,92.733,80.517
115.925,84.973,92.006,79.374
116.578,86.141,90.959,78.556
116.689,87.162,90.222,77.835
116.451,88.763,89.355,77.019
117.330,90.040,88.688,76.310
118.080,90.603,88.051,75.941
115.810,102.351,94.404,70.215
113.601,105.982,99.164,66.088
111.771,107.724,102.465,63.234
109.774,107.938,104.060,60.990
109.155,107.063,104.233,59.801
108.715,105.466,104.042,58.803
108.543,103.579,103.726,58.141
112.344,97.128,97.611,62.494
114.467,93.348,93.510,66.030
115.882,90.244,90.293,68.794
111.990,90.887,95.274,65.379
121.334,88.680,91.901,68.740
119.903,87.582,90.229,71.111
120.357,87.206,89.646,72.391
120.322,88.687,90.202,73.238
119.208,89.641,90.769,73.876
118.235,89.896,91.137,74.205
117.631,90.978,91.915,74.024
117.115,91.453,92.233,74.009
116.585,91.953,92.394,73.772
116.956,91.859,92.413,73.615
117.035,91.707,92.188,73.433
117.756,92.085,92.260,73.364
117.585,92.077,92.154,73.349
117.786,93.059,92.113,73.095
117.984,93.533,92.107,72.874
118.309,93.289,91.877,72.675
118.435,94.269,91.571,72.474
118.951,94.800,90.785,72.153
116.966,96.275,96.588,67.812
114.534,97.615,101.709,64.556
112.054,98.914,105.379,62.426
109.316,100.017,107.880,61.009
109.222,100.331,109.715,60.006
106.797,100.689,110.526,59.759
106.179,100.645,110.986,59.330
106.706,100.638,111.583,58.903
107.271,100.055,111.705,58.892
106.821,99.970,111.601,58.781
106.933,99.568,111.275,58.794
106.553,99.098,110.889,58.936
108.686,99.174,111.091,58.642
108.008,99.403,111.448,58.504
107.399,99.532,112.238,58.301
107.555,99.763,112.425,58.495
109.651,100.768,112.449,58.311
111.774,100.931,112.488,58.372
112.952,100.443,112.026,58.559
113.698,100.605,111.420,58.698
113.917,100.867,111.062,58.881
113.834,100.965,110.780,58.814
114.136,101.558,110.312,58.838
115.102,101.798,110.160,58.896
115.273,101.961,110.126,58.975
115.843,102.114,110.299,59.186
117.230,101.965,110.338,59.488
118.714,101.698,110.436,59.407
120.824,101.716,111.075,59.271
122.572,102.224,111.520,59.023
123.499,102.414,111.477,58.576
123.700,102.976,111.300,58.302
123.089,103.088,111.187,58.513
122.011,102.813,111.263,58.803
120.805,102.477,110.664,59.053
120.257,101.893,110.519,59.367
117.956,100.612,110.285,59.610
115.540,99.619,110.130,60.232
112.159,97.523,109.834,61.027
109.923,95.519,109.246,61.422
108.071,94.284,108.821,61.316
105.967,93.289,108.548,61.252
106.582,92.493,108.249,60.999
105.702,92.684,108.370,60.740
106.324,93.360,108.517,60.482
104.905,94.069,109.345,60.127
105.795,94.821,109.665,59.824
104.471,95.431,110.887,59.727
104.216,95.905,111.535,59.812
103.350,96.416,111.948,59.924
103.088,96.902,112.102,60.062
102.824,97.042,112.006,60.120
103.460,96.513,112.122,60.121
103.001,96.730,112.604,60.437
103.062,97.247,113.305,60.831
103.138,97.657,114.278,61.262
104.146,97.721,115.250,61.828
103.136,98.103,116.166,62.302
103.729,98.731,116.664,62.648
103.097,99.267,117.172,62.966
103.933,99.475,117.291,63.653
103.070,99.772,117.524,64.243
103.123,99.596,117.968,64.624
103.203,99.290,118.274,65.144
102.742,99.022,118.578,65.587
102.216,98.438,118.772,65.903
101.822,98.060,119.172,66.125
101.464,97.631,119.355,66.440
101.156,96.941,119.564,66.546
100.267,96.922,119.481,66.657
101.260,96.674,118.835,66.830
101.076,96.034,118.620,66.801
100.647,95.964,118.453,66.785
101.615,95.806,118.047,66.468
101.184,95.645,117.823,66.228
101.814,95.926,117.283,66.026
104.500,96.336,111.494,70.531
103.300,97.419,112.332,69.284
104.312,98.557,112.129,68.300
106.372,99.231,107.247,71.786
108.484,98.668,103.534,73.882
109.136,97.668,100.909,74.816
110.058,96.819,99.099,75.405
110.564,96.681,98.330,75.603
109.659,98.148,101.601,71.923
109.251,98.955,104.019,69.091
108.444,99.411,106.169,67.057
107.855,99.808,107.936,65.520
107.746,99.973,109.385,64.451
107.372,100.090,110.706,63.717
106.635,100.935,111.822,63.058
105.558,100.790,112.776,62.450
104.175,100.508,113.714,62.050
102.371,100.592,115.041,61.916
101.880,91.350,116.410,61.596
100.491,92.876,117.916,61.519
103.067,94.424,122.781,58.487
99.545,95.398,126.356,56.991
97.875,95.853,129.131,55.948
125.867,95.182,58.267,69.636
96.923,93.632,134.496,54.139
126.480,95.916,57.039,68.169
126.823,96.326,56.353,67.349
127.066,96.616,55.867,66.768
128.189,96.762,55.623,66.476
88.137,93.658,142.236,52.782
126.518,97.156,54.964,65.689
91.871,93.920,144.278,52.710
127.626,97.284,54.748,65.431
127.649,97.312,54.702,65.376
127.671,97.338,54.658,65.323
127.732,98.412,54.535,65.176
127.765,98.451,54.470,65.098
127.834,97.534,54.332,64.933
126.962,97.687,54.076,64.627
127.021,97.757,53.957,64.486
126.959,97.683,54.082,64.635
89.264,92.648,151.475,53.768
88.528,93.436,152.375,53.673
88.284,94.488,152.912,53.753
88.100,94.671,153.475,54.068
86.997,95.041,154.183,54.139
85.166,95.175,154.125,54.353
84.528,95.651,153.547,54.678
85.816,94.688,148.892,58.142
88.317,94.524,144.856,60.709
89.969,94.333,141.220,62.741
91.530,93.680,138.580,64.504
93.187,93.664,136.438,65.692
94.911,93.264,134.268,66.991
96.182,92.680,132.053,68.039
97.673,91.785,130.004,69.045
97.595,91.837,128.260,69.826
100.008,90.308,121.483,74.756
101.592,89.446,115.878,78.214
102.484,88.916,111.988,80.510
102.863,89.203,109.021,81.864
104.502,90.052,106.652,82.612
105.415,90.540,104.865,82.932
105.737,91.622,103.261,82.568
104.138,93.822,106.560,78.106
106.295,94.488,103.932,78.509
107.525,94.681,101.518,78.835
108.611,94.654,99.536,78.963
110.091,93.805,98.167,78.745
110.595,93.415,97.639,78.446
111.072,93.874,96.871,78.011
111.533,94.124,96.409,77.692
112.082,94.727,96.033,77.403
111.746,94.416,95.490,77.159
112.807,94.093,94.751,76.904
112.352,93.551,94.309,76.606
112.006,93.424,93.629,76.226
113.727,93.401,93.023,76.327
114.138,92.979,92.344,76.023
115.576,92.927,91.452,75.817
116.794,92.699,90.497,75.452
116.929,93.329,89.913,75.388
118.763,93.053,89.200,75.201
117.843,93.046,89.121,75.061
118.555,92.718,88.740,74.894
119.223,92.150,88.255,74.741
119.263,91.496,87.763,74.815
118.353,91.712,87.591,74.852
118.419,90.814,87.382,74.629
118.706,90.633,87.147,74.425
118.456,89.955,86.736,74.641
117.902,89.376,86.483,74.782
118.103,88.341,86.016,75.052
117.917,87.716,85.685,75.144
117.684,87.830,85.559,75.332
117.506,88.458,85.673,75.522
118.070,88.016,85.396,75.534
117.476,87.793,85.379,75.559
118.078,87.191,85.493,75.566
117.690,88.080,86.211,75.236
118.254,88.348,86.812,75.382
117.235,88.709,87.255,75.365
118.282,88.044,87.283,75.615
117.727,88.791,87.858,75.581
117.300,89.301,88.243,75.596
117.736,89.379,88.513,75.639
117.668,89.102,88.599,75.754
117.268,90.051,88.987,75.401
116.972,90.532,88.784,75.633
116.366,90.239,88.491,75.867
116.347,89.626,88.352,76.063
116.169,90.195,88.198,76.093
115.438,89.654,87.952,76.346
114.800,90.661,88.159,76.151
114.876,90.384,88.336,76.156
113.733,89.948,88.120,76.529
113.693,90.375,88.655,76.418
113.493,90.616,88.584,76.291
113.474,90.572,88.710,76.449
113.759,91.056,89.016,76.448
113.904,90.946,89.060,76.846
113.416,90.766,88.753,77.212
113.874,90.087,88.792,77.260
113.259,90.736,88.559,77.074
112.770,91.042,88.485,77.367
112.420,90.944,88.782,77.726
112.286,90.189,89.268,77.942
111.999,90.531,89.458,78.335
112.485,90.151,89.531,78.505
112.063,90.333,89.684,78.880
112.184,89.943,89.728,79.022
111.015,89.873,89.531,79.165
111.488,89.159,89.591,78.885
110.692,89.649,89.464,78.844
111.242,89.580,89.460,78.841
