245.000,64.000,12.000,13.000
245.501,63.690,12.006,13.403
245.515,63.753,12.028,13.757
245.386,63.465,12.043,14.047
245.889,63.459,12.100,14.297
246.180,63.124,12.120,14.423
246.283,63.573,12.173,14.529
246.491,63.046,12.202,14.603
246.378,63.052,12.164,14.632
246.788,63.454,12.212,14.774
246.765,63.547,12.279,14.885
246.695,63.564,12.322,14.927
246.551,63.129,12.263,14.974
246.937,63.182,12.322,15.085
247.124,62.963,12.335,15.080
247.402,62.747,12.340,15.047
246.699,63.343,12.280,15.127
246.758,63.135,12.253,15.128
246.580,62.977,12.258,15.155
246.026,62.628,12.286,15.182
246.042,63.353,12.397,15.269
246.269,63.242,12.439,15.259
246.014,63.484,12.402,15.248
245.943,63.456,12.536,15.407
245.029,63.087,12.558,15.443
244.286,63.648,12.731,15.622
243.488,63.974,12.815,15.734
242.979,63.320,12.926,15.810
242.260,63.144,13.048,15.806
241.741,62.962,13.177,15.791
240.460,63.585,13.250,15.772
239.661,64.045,13.188,15.710
238.376,64.250,13.247,15.634
237.764,63.810,13.242,15.554
236.201,64.241,13.322,15.471
235.232,64.851,13.216,15.425
233.934,64.778,13.229,15.464
232.248,64.819,13.266,15.301
230.733,64.915,13.275,15.349
228.787,65.043,13.360,15.355
226.957,65.008,13.398,15.349
225.222,64.925,13.328,15.333
223.523,64.974,13.313,15.272
221.273,64.628,13.348,15.144
219.433,64.278,13.207,15.059
217.780,63.469,13.209,14.919
216.220,63.256,13.092,14.993
214.514,63.052,13.034,15.007
212.193,62.454,13.029,14.924
210.551,62.450,13.038,14.945
208.492,62.335,12.997,14.968
207.274,62.233,12.918,15.009
205.475,62.226,12.927,15.107
203.882,62.346,12.797,15.207
201.437,62.597,12.882,15.199
200.262,62.348,12.825,15.270
198.487,63.098,12.790,15.314
196.866,63.271,12.812,15.424
195.279,63.077,12.842,15.468
192.963,62.689,12.929,15.434
191.597,62.875,12.889,15.612
189.888,62.094,12.840,15.705
188.146,61.986,12.884,15.800
186.208,61.899,12.961,15.758
184.619,61.703,12.922,15.814
182.438,61.153,12.884,15.723
181.315,60.233,12.765,15.757
179.080,60.501,12.897,15.703
177.458,60.316,12.886,15.747
175.840,60.244,12.871,15.808
173.630,60.226,12.918,15.856
171.387,60.425,13.154,15.939
169.748,61.056,13.150,16.019
167.933,61.098,13.202,15.977
165.515,61.376,13.186,15.852
164.026,61.846,13.127,15.819
162.272,62.244,13.206,15.869
160.404,62.303,13.273,15.868
158.973,62.655,13.566,16.024
157.667,62.570,13.654,16.076
155.852,62.252,13.790,16.042
154.526,61.712,13.845,16.065
153.349,61.262,13.784,16.036
151.775,60.624,13.779,16.013
150.951,60.152,13.635,15.936
150.627,59.370,13.552,15.958
149.834,59.364,13.449,15.947
149.198,59.848,13.478,15.989
149.572,60.070,13.535,16.031
149.132,59.829,13.590,16.136
149.636,60.666,13.711,16.336
149.899,60.611,13.849,16.259
149.431,60.824,13.981,16.270
150.050,61.375,14.060,16.328
149.932,61.784,14.226,16.272
150.212,61.954,14.270,16.252
150.953,61.176,14.327,16.214
151.036,61.255,14.279,16.326
151.377,61.307,14.324,16.438
151.899,61.247,14.407,16.545
152.128,60.524,14.479,16.793
151.928,60.563,14.420,16.947
151.966,59.558,14.496,17.061
152.140,59.034,14.482,17.164
152.510,59.397,14.520,17.338
152.580,59.506,14.540,17.496
152.644,59.778,14.571,17.639
153.237,59.636,14.606,17.629
153.057,59.771,14.624,17.677
153.165,59.996,14.538,17.870
153.301,60.782,14.658,17.962
153.327,60.771,14.760,17.947
153.270,61.164,14.863,17.854
153.369,61.795,14.895,17.853
153.607,62.355,14.960,17.870
153.853,63.245,15.204,17.897
154.222,63.275,15.217,17.845
154.989,63.513,15.198,17.774
154.548,64.499,15.388,17.910
154.945,64.242,15.479,17.865
155.480,63.916,15.704,17.784
155.731,63.806,15.827,17.705
155.188,63.555,16.043,17.700
155.237,64.116,16.362,17.826
154.988,62.845,16.465,18.066
154.518,62.750,16.748,18.231
154.356,62.489,16.865,18.436
153.683,61.457,16.991,18.618
153.474,60.671,17.082,18.736
152.261,59.876,17.347,18.770
151.880,59.931,17.346,19.054
151.080,59.429,17.540,19.256
150.753,58.683,17.555,19.303
149.825,58.586,17.729,19.473
148.784,58.943,17.864,19.754
148.526,58.895,18.040,19.897
147.441,58.518,18.426,19.959
147.194,58.584,18.612,20.152
146.735,58.546,18.726,20.281
146.326,58.643,18.719,20.397
145.704,58.831,18.773,20.476
145.333,58.647,18.949,20.548
145.658,59.040,18.932,20.834
145.598,58.804,18.910,21.068
145.226,58.223,19.060,21.149
145.466,57.424,18.961,21.187
145.282,56.318,19.060,21.012
144.399,55.918,18.990,21.045
143.158,55.955,18.978,21.057
141.981,55.649,18.899,21.033
141.763,55.375,18.686,21.139
140.517,55.326,18.652,21.092
138.985,55.457,18.617,21.091
138.050,55.688,18.587,21.154
136.623,56.025,18.531,21.207
134.829,56.014,18.494,21.291
133.144,56.081,18.402,21.455
131.227,56.534,18.381,21.614
129.578,56.879,18.198,21.752
127.536,56.636,18.134,21.894
125.395,56.368,18.306,21.979
123.698,56.170,18.200,21.915
122.164,55.757,18.099,21.821
120.593,55.665,18.004,21.782
118.544,54.982,17.961,21.688
116.896,54.451,17.795,21.550
116.175,53.572,17.862,21.464
114.291,52.753,18.079,21.715
113.643,51.707,18.094,21.764
111.623,51.081,18.119,21.838
109.949,51.020,18.092,21.938
108.502,50.754,18.082,22.031
107.275,50.874,18.086,22.175
105.661,51.228,18.062,22.316
104.903,50.766,18.050,22.282
104.102,51.128,18.099,22.302
102.488,50.886,18.189,22.382
101.486,51.154,18.309,22.405
100.927,51.530,18.422,22.423
100.760,51.076,18.596,22.544
99.752,51.415,18.632,22.606
99.058,51.595,18.765,22.720
99.591,51.286,18.891,22.829
98.737,50.561,19.031,22.991
97.884,49.916,19.203,23.220
98.083,49.205,19.336,23.239
96.677,49.018,19.389,23.387
96.018,49.146,19.476,23.553
95.445,49.272,19.576,23.733
94.524,49.146,19.659,23.959
93.501,49.176,19.745,24.183
91.862,48.849,19.830,24.337
90.467,49.188,19.877,24.401
89.641,49.635,20.006,24.468
87.767,49.683,20.065,24.749
86.894,49.540,20.294,24.831
84.949,50.444,20.318,24.962
83.272,51.038,20.359,25.201
81.553,51.543,20.441,25.232
80.012,51.543,20.550,25.341
78.248,51.902,20.611,25.449
76.066,51.140,20.720,25.525
75.346,50.963,21.029,25.811
73.883,49.912,21.133,26.048
73.496,48.962,21.387,26.188
72.275,47.806,21.423,26.355
71.934,47.370,21.562,26.407
71.315,46.613,21.773,26.535
70.988,46.765,21.864,26.538
71.815,46.123,21.876,26.658
71.548,46.685,21.919,26.705
71.823,46.784,22.010,26.871
72.736,46.757,22.119,27.060
74.152,46.751,22.127,27.279
74.549,46.950,22.248,27.631
75.925,47.318,22.300,27.787
76.837,46.956,22.378,27.957
78.468,46.611,22.397,28.152
79.464,45.991,22.405,28.231
80.471,45.698,22.593,28.481
81.586,45.738,22.723,28.714
82.248,44.914,22.734,28.825
82.335,44.807,22.892,28.959
83.200,44.099,22.967,29.078
83.690,44.302,23.199,29.345
83.476,44.554,23.341,29.403
84.053,43.884,23.518,29.584
84.833,43.588,23.665,29.693
85.088,44.203,23.814,29.983
86.453,43.732,23.982,30.143
86.902,44.030,24.075,30.302
87.519,44.351,24.150,30.521
87.157,44.697,24.314,30.781
87.401,44.985,24.567,31.130
87.133,44.606,24.733,31.085
87.578,44.709,24.880,31.242
87.295,44.566,25.053,31.362
88.192,43.848,25.099,31.519
88.201,43.388,25.304,31.608
88.611,43.290,25.340,31.747
89.273,42.479,25.502,31.937
89.806,42.666,25.515,31.836
90.330,42.026,25.664,31.956
90.850,41.564,25.758,32.010
90.951,40.597,25.915,32.166
91.764,40.571,25.999,32.264
92.150,40.117,26.048,32.533
92.387,39.824,26.170,32.579
92.815,39.303,26.201,32.800
93.810,39.349,26.211,32.843
94.619,39.535,26.234,33.004
95.083,39.724,26.374,33.134
96.555,39.937,26.596,33.261
98.140,40.074,27.028,33.325
99.293,40.404,27.501,33.457
101.271,41.122,27.969,33.583
103.076,42.005,28.467,33.653
105.541,42.309,29.019,33.697
108.166,43.098,29.415,33.897
110.984,43.378,29.743,33.864
113.737,44.217,30.240,33.884
116.958,44.122,30.551,33.987
119.947,44.307,30.830,34.144
122.726,43.868,31.152,34.270
126.015,43.571,31.417,34.514
128.388,43.261,31.383,34.572
129.443,42.562,31.610,34.565
131.199,41.959,31.824,34.426
132.306,41.596,32.164,34.250
133.989,40.893,32.388,34.048
135.600,40.205,32.415,33.873
136.890,39.639,32.205,33.744
138.782,39.166,32.051,33.890
140.286,38.384,31.941,34.047
141.600,38.297,31.830,34.258
143.642,38.372,32.127,34.329
145.375,38.316,32.396,34.289
148.339,38.876,32.656,34.407
151.007,39.311,32.976,34.479
154.748,39.211,33.273,34.283
158.144,39.663,33.396,34.197
162.117,40.428,33.473,33.906
165.580,41.475,33.750,33.958
169.147,41.783,33.909,33.948
173.050,42.737,34.000,34.004
178.796,42.939,33.907,34.107
182.526,43.304,33.790,34.106
186.999,43.143,33.650,34.149
191.654,42.871,33.607,34.145
195.673,43.341,33.618,34.015
199.214,42.642,33.565,33.921
202.961,42.271,33.593,33.786
205.773,41.817,33.575,33.913
208.896,41.331,33.541,33.798
211.494,40.709,33.639,33.819
214.683,39.908,33.656,33.870
217.252,40.369,33.653,33.877
219.508,40.240,33.671,33.712
222.834,40.549,33.645,33.478
225.320,41.287,33.790,33.603
228.608,41.691,33.689,33.385
232.012,42.506,33.553,33.452
235.078,43.102,33.403,33.494
238.328,44.229,33.301,33.631
241.528,44.517,33.096,33.640
243.773,45.365,32.884,33.845
246.886,45.566,32.476,33.803
250.046,46.220,32.183,33.987
253.144,46.155,31.701,33.802
255.985,45.844,31.286,33.611
259.003,45.584,30.814,33.380
261.933,44.735,30.478,33.193
264.728,44.855,30.081,33.391
267.444,44.181,29.472,33.321
270.358,43.940,28.718,33.210
272.980,43.726,28.169,33.140
275.828,44.516,27.906,33.485
278.688,44.461,27.501,33.662
281.369,45.342,27.337,33.827
283.421,45.935,27.436,34.031
285.280,46.605,27.574,34.083
287.359,46.387,27.785,34.158
289.538,46.253,27.914,34.269
291.555,45.899,28.127,34.497
293.040,44.317,28.339,34.489
294.064,43.428,28.465,34.487
295.142,42.607,28.490,34.417
296.093,41.930,28.497,34.407
296.932,41.610,28.534,34.437
297.317,40.459,28.718,34.635
297.457,39.969,29.007,34.926
297.678,39.028,29.294,35.141
297.909,37.812,29.507,35.174
298.234,36.887,29.638,35.341
298.611,35.493,29.786,35.329
299.679,34.569,30.182,35.354
300.367,35.094,30.510,35.659
301.861,36.054,30.807,35.748
303.482,36.570,31.066,36.007
304.449,38.215,31.490,36.406
306.139,39.318,31.968,36.733
308.647,40.830,31.855,37.239
311.209,41.875,31.736,37.728
313.258,41.756,31.982,38.418
315.470,41.193,32.259,39.109
318.556,40.178,32.431,39.408
320.475,38.993,32.537,39.644
322.356,38.001,32.773,40.022
323.648,35.924,32.958,40.809
325.032,34.424,33.287,41.786
325.767,32.714,33.367,42.445
325.741,31.715,33.488,43.129
325.553,29.803,33.666,43.585
325.219,28.555,34.106,44.424
323.562,28.222,34.847,45.154
322.279,27.553,35.572,45.680
319.806,27.299,36.431,46.275
317.844,27.113,37.327,47.079
315.830,27.039,38.463,47.848
313.822,28.608,39.081,48.515
311.829,28.703,39.556,48.961
308.890,29.519,40.435,49.286
305.822,30.186,41.359,49.472
302.576,31.129,42.120,49.383
299.030,32.162,43.144,49.073
295.112,32.147,44.251,48.947
291.439,32.415,45.078,49.034
288.929,32.282,45.784,49.289
286.404,31.174,46.572,49.552
283.919,29.378,47.452,49.745
281.264,27.714,48.240,49.945
279.410,25.702,48.939,50.164
276.606,24.909,49.525,50.437
274.129,24.703,50.307,50.701
271.081,24.754,50.919,51.127
267.746,24.825,51.472,51.483
264.418,24.984,52.149,51.936
261.049,25.316,53.162,52.169
257.595,25.698,54.171,52.517
254.425,26.038,55.031,52.923
251.481,25.960,55.816,53.317
248.578,25.186,56.548,53.707
246.005,24.318,57.366,54.293
243.404,24.277,57.968,54.888
240.799,23.681,58.637,55.602
238.373,23.201,59.337,56.352
235.301,22.489,60.143,57.129
232.776,22.204,60.760,58.035
230.111,22.713,61.343,58.642
227.762,22.888,61.584,59.415
224.989,23.289,62.050,59.922
222.316,24.298,62.701,60.490
220.477,24.674,63.106,61.331
218.924,24.962,63.751,62.019
217.764,24.673,64.246,62.525
217.333,24.156,64.564,62.939
216.925,23.240,64.713,63.264
216.828,22.985,64.936,63.896
217.289,22.080,65.032,64.070
217.515,20.932,65.103,64.514
217.943,19.196,65.380,65.303
218.784,17.949,65.435,65.564
218.782,15.722,65.487,65.745
219.024,13.906,65.101,65.297
219.206,12.224,64.637,64.440
219.261,11.510,63.866,63.749
220.618,10.226,62.582,63.182
221.675,8.860,61.181,62.601
222.921,8.628,59.688,62.255
222.906,7.784,58.369,61.857
222.750,7.950,57.267,61.717
221.914,8.367,56.314,61.499
220.233,8.775,55.669,61.357
217.508,9.869,55.052,61.065
213.840,11.034,54.604,60.639
209.852,12.134,54.163,60.384
205.361,13.199,53.856,60.103
199.348,14.529,53.639,59.848
192.925,16.414,53.508,59.513
185.511,17.776,53.498,59.220
177.121,19.727,53.402,58.921
164.560,22.350,53.114,58.895
152.879,24.480,52.919,58.515
144.992,25.288,53.065,57.914
130.696,26.825,53.558,57.519
118.340,28.017,53.431,57.734
110.942,28.063,54.337,57.538
98.067,28.580,55.229,57.728
90.615,26.734,55.973,57.434
82.466,26.079,56.447,57.045
74.383,25.037,56.432,56.459
67.878,24.749,56.345,56.069
62.160,23.939,55.982,55.782
56.681,23.949,55.944,55.888
52.559,24.023,56.026,56.236
48.773,24.368,56.085,56.547
46.081,24.443,56.129,56.575
43.266,24.696,56.216,56.638
41.360,24.328,56.428,56.636
39.727,24.018,56.632,56.672
38.770,24.227,56.687,56.809
37.902,22.703,56.891,56.762
37.269,21.411,56.736,56.584
36.456,19.551,56.518,56.297
36.446,18.174,56.003,56.066
36.125,15.949,55.430,55.668
36.051,14.860,54.854,55.239
35.300,13.248,54.258,54.844
34.932,11.906,53.715,54.589
34.579,10.296,53.173,54.462
33.329,9.249,52.742,54.753
32.373,8.326,52.306,54.964
30.638,7.747,52.060,55.263
28.839,7.591,51.879,55.506
26.472,7.618,51.765,55.596
23.284,7.987,51.713,55.847
19.609,8.625,51.651,56.066
15.150,8.772,52.039,56.092
10.460,8.540,52.466,56.180
5.808,8.350,52.615,56.768
