57.000,21.000,31.000,45.000
57.432,20.887,32.320,45.050
57.192,21.580,33.306,45.128
58.673,20.797,34.145,45.188
60.475,19.775,34.933,45.278
63.286,18.525,35.283,45.839
65.754,16.785,35.933,46.117
68.286,16.073,37.569,45.771
70.786,16.388,38.601,45.376
73.232,17.033,39.176,44.866
75.126,17.601,39.346,44.487
76.982,18.497,38.914,44.263
78.280,18.956,38.257,43.737
75.083,20.887,37.708,43.166
70.369,20.485,37.356,42.616
61.971,21.071,36.796,42.521
56.708,20.215,36.366,42.411
52.372,19.803,36.096,42.563
47.650,19.262,35.775,42.401
41.563,19.088,35.797,42.363
36.925,20.363,35.873,41.794
30.953,20.949,35.764,41.442
25.231,21.207,35.391,41.135
21.752,21.821,35.305,41.180
17.940,22.417,34.964,41.344
16.977,23.112,34.801,41.462
18.481,22.678,34.888,41.035
19.659,22.401,34.760,40.819
18.639,22.716,34.560,40.407
18.766,23.733,34.415,40.144
17.522,23.859,34.097,40.091
16.620,24.709,33.889,39.680
16.406,25.722,33.318,39.275
17.914,26.739,33.138,38.787
20.472,26.387,32.909,38.257
22.257,27.194,32.616,37.988
22.542,27.102,32.148,37.685
23.931,27.800,32.107,37.900
27.409,28.025,32.468,37.505
30.271,28.932,33.360,37.509
33.949,30.714,34.134,37.506
37.187,33.337,35.517,37.282
40.682,35.122,36.301,37.703
42.603,36.911,36.703,38.282
43.285,37.745,37.334,39.178
43.562,39.915,38.009,39.832
43.976,39.835,38.593,40.594
44.443,39.122,39.280,41.560
45.041,36.593,39.834,42.439
45.924,30.832,39.950,42.925
47.393,24.442,39.915,43.482
48.913,21.762,39.654,43.476
49.846,18.514,38.987,43.238
51.450,17.508,38.136,42.911
53.017,17.062,37.258,42.048
55.112,18.065,36.064,41.155
56.651,21.482,35.050,39.884
57.766,25.261,33.849,38.667
59.917,25.761,32.365,37.405
62.150,26.700,31.006,36.124
63.671,26.899,29.809,34.851
65.686,27.116,29.110,33.735
67.575,27.362,28.352,32.732
68.564,26.684,27.659,32.025
70.129,26.833,27.135,31.344
70.105,26.970,26.654,30.647
68.427,26.884,26.286,30.395
65.308,27.837,25.897,29.980
62.531,28.827,25.484,29.946
59.937,29.442,25.195,29.811
59.227,30.088,25.135,29.426
59.779,30.406,25.230,29.316
60.252,29.596,25.122,29.298
61.501,29.803,25.295,29.233
61.819,30.435,25.339,29.413
63.224,30.335,25.596,29.629
62.645,29.848,25.559,30.116
62.590,30.302,25.755,30.225
61.903,30.091,26.085,30.398
60.614,29.768,26.422,30.985
59.048,29.419,26.864,31.265
57.482,29.185,27.474,32.005
55.991,29.611,28.179,32.562
53.638,29.832,28.807,32.948
51.655,29.576,29.391,33.807
46.691,30.377,30.276,33.765
45.314,30.192,30.820,34.119
44.103,29.900,31.250,34.659
42.539,29.668,31.744,35.213
41.022,29.392,32.257,35.849
39.608,29.474,32.633,36.386
39.473,27.832,33.014,37.249
40.278,27.130,33.060,37.920
40.766,27.689,33.037,38.329
42.193,28.534,33.019,38.683
43.342,27.973,32.715,39.019
43.890,26.942,32.467,39.086
44.120,25.526,31.986,39.007
43.867,25.229,31.575,38.547
43.930,24.738,31.406,38.187
45.617,26.544,30.975,37.830
47.376,26.171,30.759,38.044
52.597,25.203,30.731,38.393
53.484,25.173,30.822,38.559
56.735,24.952,31.036,38.929
58.372,24.888,31.570,39.289
62.521,24.400,32.443,39.675
65.891,25.280,33.499,39.643
63.649,27.168,34.264,39.769
62.042,28.248,35.120,40.167
60.326,28.649,35.564,40.354
59.057,28.236,35.840,40.637
59.307,27.173,35.877,40.408
57.556,27.566,35.685,40.117
55.242,28.107,35.170,40.067
54.357,27.569,35.085,40.222
54.988,26.960,35.074,40.557
56.244,26.332,34.984,40.649
57.618,26.182,34.914,40.331
59.115,26.303,34.399,40.041
60.656,26.418,34.214,39.727
61.685,25.512,34.031,39.570
57.893,25.308,33.119,39.850
54.592,24.739,32.494,40.010
53.041,24.031,32.251,39.826
51.658,23.714,32.161,39.906
51.180,22.994,32.311,40.174
50.301,21.417,32.659,40.305
49.690,20.522,33.058,40.589
49.873,23.642,33.686,40.645
49.412,27.638,34.216,40.737
49.828,29.720,34.843,40.900
50.057,31.643,35.465,41.344
50.841,32.590,36.029,41.591
51.756,33.779,36.374,41.935
53.590,35.234,36.696,41.935
55.120,35.783,36.662,41.869
56.917,36.561,36.222,41.635
58.539,38.135,35.701,41.126
59.674,38.617,35.085,40.897
59.508,38.701,34.132,40.651
56.034,38.992,33.186,40.325
53.683,40.709,32.500,39.762
53.106,38.806,32.135,39.676
52.828,33.891,31.997,39.488
53.620,31.569,31.864,39.071
54.729,30.154,31.595,38.434
55.727,30.731,31.413,37.427
56.668,31.354,31.039,36.749
56.896,32.565,30.551,36.106
56.294,29.093,29.949,36.450
55.945,25.538,29.364,36.725
55.435,25.447,28.737,36.143
54.977,25.173,28.314,35.560
55.563,25.861,28.027,35.138
55.896,25.768,27.587,34.295
55.661,25.934,27.185,33.595
55.515,27.324,26.775,32.750
54.713,26.742,26.313,32.665
54.495,27.048,26.115,32.231
53.043,27.852,25.739,31.948
52.345,28.193,25.429,31.782
51.050,27.957,25.317,31.745
50.336,29.511,25.061,31.964
49.921,29.186,25.112,31.885
48.776,28.750,25.331,32.121
47.903,28.663,25.627,32.093
46.084,28.564,26.079,32.250
45.143,28.495,26.294,32.698
43.661,28.607,26.858,33.010
41.483,27.886,27.231,33.144
40.138,28.520,27.446,32.882
39.681,27.675,27.842,32.826
43.742,27.375,27.862,32.429
45.847,27.466,27.693,31.910
47.921,27.550,27.595,31.566
47.905,27.431,27.308,31.632
48.213,26.977,27.146,31.987
47.637,26.796,27.092,32.416
47.491,26.542,27.000,32.577
47.062,25.689,26.932,32.987
47.355,25.635,27.289,33.479
47.870,25.041,27.722,33.642
48.605,24.965,28.313,33.838
49.754,24.160,28.809,34.411
53.076,23.552,29.273,35.083
54.381,24.630,29.801,35.315
55.758,25.125,30.566,35.558
56.738,25.241,31.205,35.984
60.640,24.156,31.513,37.214
60.645,23.633,31.991,38.215
60.492,22.210,32.429,39.197
60.228,21.917,32.857,39.815
59.386,22.232,33.270,40.303
55.613,21.460,33.527,41.302
52.002,20.245,34.236,42.010
50.594,25.038,34.705,42.564
46.550,24.719,35.045,43.316
45.777,24.775,35.325,44.404
45.836,24.015,35.598,45.451
44.977,24.474,35.751,45.981
43.631,25.715,35.759,45.890
42.333,24.381,35.803,46.588
41.468,23.602,36.007,47.045
40.253,22.353,36.510,47.110
37.962,23.422,36.908,47.123
32.527,23.162,37.896,47.216
33.793,23.632,38.619,47.442
39.240,23.487,38.937,47.773
40.965,23.088,39.283,48.044
41.377,21.419,39.241,48.405
40.696,20.738,38.723,48.990
40.501,21.620,38.403,48.960
40.356,22.083,38.023,48.762
40.697,24.599,37.576,48.313
41.883,25.851,37.311,48.178
43.276,25.995,37.137,48.432
44.884,25.706,37.609,48.486
45.944,24.374,37.785,49.099
47.585,23.653,38.109,49.332
52.499,23.097,38.304,49.711
53.274,22.415,38.415,50.307
57.654,21.470,38.580,50.865
57.476,21.393,38.785,51.359
57.374,20.386,39.377,51.850
56.729,20.366,40.082,52.146
56.335,20.453,40.541,52.530
56.792,19.735,40.937,53.304
56.695,20.121,41.517,53.352
57.847,19.443,42.179,53.185
57.548,19.329,42.285,53.655
56.466,20.252,42.451,53.553
58.061,20.360,42.599,53.776
60.422,20.863,42.661,53.754
58.570,21.008,42.210,53.541
55.491,21.386,41.518,53.951
49.775,21.841,41.315,53.528
50.947,21.387,41.317,53.079
50.483,19.861,42.088,53.141
52.019,13.686,42.470,52.495
53.614,11.519,43.046,53.003
54.662,8.022,43.561,53.393
57.176,7.902,43.628,52.564
56.680,8.603,42.996,51.159
54.152,9.801,42.024,49.121
53.985,12.204,40.543,47.589
54.760,12.803,38.969,46.871
54.055,13.366,37.261,46.026
51.520,12.870,35.956,44.982
49.250,12.971,34.780,43.739
48.031,13.906,33.718,42.639
49.639,16.323,32.562,41.335
50.925,18.755,31.674,39.752
52.266,20.828,30.924,38.684
53.401,20.206,29.974,37.877
54.030,19.743,29.339,36.658
55.394,19.756,29.032,35.357
57.155,19.755,28.726,34.539
57.783,19.839,28.294,33.466
59.346,19.695,28.007,32.897
60.624,19.828,27.970,32.201
61.337,19.527,27.822,31.553
61.196,19.465,27.219,31.373
61.054,18.928,26.742,31.507
62.485,19.127,27.040,31.369
63.903,21.068,27.423,30.937
66.268,23.905,27.535,30.603
66.895,25.093,27.588,30.857
64.958,25.196,27.819,31.302
61.790,25.556,27.756,32.248
58.652,24.966,27.717,32.833
56.882,24.478,28.096,33.311
55.595,23.785,28.567,33.957
54.224,24.264,29.186,34.323
52.344,24.027,29.506,34.620
50.985,23.762,30.100,34.854
50.190,23.307,30.358,35.053
50.666,22.853,30.696,35.284
50.973,22.419,30.943,35.378
53.033,21.880,31.426,35.837
54.253,20.521,31.596,35.668
55.866,20.713,31.545,35.841
56.709,20.132,31.726,36.040
57.478,23.283,31.762,35.775
57.974,26.702,31.613,35.136
59.620,27.853,31.795,34.779
60.157,28.491,31.597,34.904
61.830,28.331,31.824,34.644
63.421,27.625,31.687,34.620
62.901,28.148,31.246,34.573
62.073,28.099,31.065,34.612
62.482,28.532,30.855,34.576
63.800,28.585,31.000,34.555
63.377,28.360,31.146,34.541
64.123,28.029,30.926,34.349
62.966,28.104,30.626,34.377
61.441,28.340,30.179,34.195
59.579,28.949,30.015,34.200
57.958,29.123,29.762,34.383
58.333,29.884,29.712,34.531
59.121,30.668,30.015,34.281
59.406,31.628,30.025,34.098
60.295,31.928,30.051,33.981
60.773,32.255,30.026,33.906
61.046,32.703,29.997,33.764
58.788,33.162,29.744,33.630
56.931,34.222,29.722,33.329
56.440,34.512,29.815,33.005
57.018,33.674,29.836,32.963
57.738,31.905,29.759,32.742
58.819,32.044,29.975,32.466
58.828,29.256,30.006,32.528
58.188,26.814,30.017,32.718
57.539,25.153,29.921,32.630
55.790,22.944,29.536,32.397
53.391,20.787,29.080,32.888
51.251,18.905,28.627,33.034
49.042,18.462,28.418,33.146
46.487,20.009,28.327,32.954
44.576,23.972,28.246,32.245
43.204,24.341,28.094,32.247
41.258,25.537,28.050,32.295
39.473,25.879,27.880,32.437
37.937,26.811,27.892,32.382
37.954,28.290,28.041,31.956
38.733,29.426,28.248,31.318
40.205,30.514,28.410,30.594
41.501,31.623,28.659,30.132
42.785,32.987,29.096,29.878
43.453,33.461,29.175,29.724
43.431,32.886,29.285,30.121
43.997,32.182,29.167,30.445
46.053,28.194,29.191,31.079
48.497,25.978,29.330,31.534
51.943,25.578,29.292,31.754
54.672,25.162,29.809,32.112
55.891,25.640,30.207,32.753
57.209,25.483,30.832,33.294
58.270,24.900,31.122,34.225
58.139,24.150,31.405,35.021
58.095,23.135,31.738,35.615
57.320,22.724,32.150,36.329
56.278,22.630,32.314,36.787
55.353,21.948,32.237,36.917
52.029,19.639,32.025,37.224
48.354,18.046,31.467,37.558
44.274,17.574,31.441,37.555
39.547,17.429,31.319,37.844
34.276,19.549,31.264,37.408
30.434,19.566,31.752,37.697
27.368,19.515,32.370,37.816
26.215,19.056,33.174,38.137
27.718,18.060,34.112,38.621
28.316,19.774,34.933,38.884
29.394,20.024,35.139,39.759
28.985,20.419,35.787,40.807
28.724,20.449,36.378,41.755
29.639,20.626,37.054,42.482
31.531,19.426,38.107,43.372
32.026,19.084,39.021,44.396
33.404,18.770,39.630,44.983
34.389,17.660,39.674,44.910
34.607,16.376,39.120,44.597
34.420,16.264,38.358,43.881
35.169,16.605,37.420,43.267
37.252,17.378,37.242,42.497
37.266,20.544,36.921,42.105
37.582,23.065,36.499,41.902
38.752,23.461,36.123,41.910
39.384,25.277,36.016,41.739
41.149,26.088,35.952,41.441
42.037,26.514,35.989,41.367
44.031,26.077,35.807,41.381
46.254,26.172,35.899,41.607
48.392,27.320,35.827,41.388
50.414,27.048,35.650,41.239
52.129,26.247,35.515,41.343
53.688,26.104,35.428,41.962
55.556,24.748,35.746,41.878
57.799,23.580,36.337,42.450
59.811,22.198,37.054,42.973
63.062,20.381,37.804,43.292
64.930,17.204,38.812,43.796
62.228,11.380,39.200,44.507
58.123,6.487,39.694,44.913
55.309,3.394,39.703,44.989
52.734,2.973,39.619,44.957
50.830,7.282,39.556,45.141
49.474,19.547,39.048,44.227
49.181,32.878,38.536,42.856
48.932,38.918,37.853,41.950
48.906,40.504,36.855,41.632
49.361,40.047,36.144,41.168
50.352,39.018,35.703,40.826
51.651,35.193,35.568,40.715
52.528,33.262,35.773,40.582
53.035,29.410,35.870,40.434
51.982,27.585,35.665,40.367
50.664,26.478,35.110,40.144
49.471,26.249,34.814,40.050
48.355,26.715,34.406,39.596
48.337,27.033,34.001,39.226
48.087,27.712,33.413,39.011
48.073,27.837,32.936,38.861
47.656,28.518,32.754,38.347
47.531,29.133,32.397,38.021
48.050,28.718,32.549,37.845
47.829,29.093,32.228,37.784
47.976,28.861,32.007,37.755
47.967,28.999,31.855,37.472
48.177,29.670,31.648,37.222
47.795,29.935,31.158,37.143
47.574,29.137,31.333,37.155
46.856,29.990,31.391,37.014
46.373,30.181,31.140,37.181
46.595,29.502,31.113,37.217
46.873,29.802,31.066,36.948
47.073,30.300,30.814,36.767
46.697,30.150,30.690,36.737
46.583,28.902,30.931,36.748
46.318,28.445,30.795,36.520
47.374,28.432,30.404,36.344
48.802,28.735,29.589,36.292
49.366,29.124,29.011,36.181
50.294,29.073,28.566,35.867
50.806,28.757,28.108,35.404
50.749,28.598,28.028,35.375
51.010,28.526,27.920,35.013
50.703,28.758,28.175,35.305
49.808,28.642,29.269,35.281
51.983,28.625,29.024,35.173
49.268,28.210,30.150,35.435
46.859,28.398,32.159,36.185
45.503,29.198,33.808,36.964
45.205,28.635,35.358,38.200
44.477,28.231,36.676,39.229
43.997,27.863,38.025,40.152
44.217,27.641,39.146,40.600
44.666,26.739,40.052,41.064
44.965,25.824,40.376,41.129
44.705,25.742,39.990,40.969
44.854,25.355,38.588,40.805
44.746,27.082,37.343,41.107
45.608,26.889,36.348,41.925
45.893,26.434,35.831,41.743
45.879,26.047,35.570,41.729
45.410,26.858,35.301,41.681
45.686,26.097,35.290,41.541
45.488,26.382,35.342,41.507
46.174,26.013,35.445,41.560
46.606,25.103,35.247,41.326
47.111,25.357,34.595,41.073
47.057,25.231,35.356,40.228
47.099,25.336,36.431,39.688
47.589,25.836,37.470,39.343
47.090,26.344,38.327,39.685
46.333,27.349,38.952,40.089
45.641,28.466,39.203,41.251
43.109,29.074,40.120,42.362
41.335,29.713,41.221,42.958
37.807,29.486,42.742,43.714
34.706,29.546,44.506,44.739
32.495,29.476,46.008,45.576
28.586,28.698,47.506,46.583
26.176,27.946,48.171,47.590
25.245,26.078,48.558,47.888
22.740,24.053,48.990,47.764
15.581,21.577,47.541,48.181
10.110,18.735,46.130,47.923
6.931,17.529,44.736,47.391
3.764,16.359,43.125,47.221
1.105,15.914,41.482,46.845
-0.383,15.685,39.510,46.631
-0.955,14.492,37.277,46.458
-1.544,14.132,34.321,48.253
-2.518,13.153,31.487,50.183
-3.003,12.143,28.072,53.296
-2.676,13.637,25.427,55.315
51.309,22.900,28.383,41.201
52.508,22.525,29.965,50.297
52.707,23.952,31.520,48.653
52.272,24.795,32.435,47.637
51.687,24.946,33.148,46.856
51.080,25.702,33.745,46.185
50.607,25.758,34.000,45.939
50.082,25.679,34.157,45.739
50.293,25.188,34.314,45.635
50.355,25.409,34.421,45.594
49.574,25.759,34.434,45.444
49.508,26.040,34.498,45.473
49.477,25.943,34.670,45.539
50.111,25.836,34.900,45.267
50.100,25.632,34.962,45.396
50.169,25.849,35.057,45.321
50.594,25.689,35.135,45.381
51.255,26.032,35.138,45.440
51.182,25.476,34.936,45.565
50.995,25.868,35.036,45.555
51.074,25.570,35.086,45.768
51.047,25.987,35.190,45.489
