276.000,161.000,73.000,74.000
276.865,160.932,72.168,74.878
280.234,160.222,71.438,75.905
283.642,158.556,70.929,76.787
287.335,158.480,70.446,77.402
289.978,158.431,70.240,77.937
293.091,157.343,70.292,78.048
296.574,157.275,70.470,77.977
300.612,157.577,70.470,77.691
304.312,158.231,70.409,77.713
306.700,158.583,70.369,77.903
309.574,158.068,69.941,78.487
310.006,155.749,70.010,79.121
309.758,152.389,69.652,80.162
310.988,147.924,69.197,80.813
313.123,145.204,69.121,80.183
313.600,144.142,69.342,79.268
315.316,143.860,69.504,78.389
316.218,145.685,69.092,77.419
316.286,148.764,68.718,76.433
315.143,152.260,68.324,75.462
315.675,154.355,67.860,74.644
314.796,154.333,67.708,73.793
314.979,155.750,67.379,73.600
314.873,156.424,67.316,73.334
313.892,157.599,67.167,72.843
312.932,158.824,66.955,72.785
312.014,159.716,66.868,72.599
311.434,160.319,66.674,72.685
311.520,161.430,66.719,72.593
311.035,162.596,66.654,72.313
310.864,163.046,66.708,71.911
310.403,162.923,66.533,71.892
310.132,163.786,66.388,71.851
309.699,164.008,66.515,71.703
309.565,164.088,66.451,71.481
308.756,163.648,66.284,71.332
308.046,162.133,66.151,71.772
306.471,162.869,66.142,72.003
304.851,164.007,66.616,72.343
303.943,166.086,66.969,72.665
302.963,167.483,67.148,72.995
302.382,168.851,67.543,73.248
303.204,170.735,67.594,73.480
303.257,171.510,67.311,73.721
304.558,171.870,67.024,74.043
304.336,172.268,66.705,74.173
305.346,172.887,66.346,74.355
306.142,172.993,65.962,74.346
306.136,173.140,65.797,74.243
306.098,173.276,65.632,74.322
305.241,173.626,65.671,74.223
305.092,174.140,65.528,74.081
304.882,174.578,65.382,73.888
304.445,174.759,65.189,73.829
303.934,174.936,64.987,73.854
304.687,175.214,65.005,73.838
304.538,176.153,64.967,73.779
303.855,175.992,65.066,73.997
303.670,177.746,65.511,73.778
303.558,178.949,65.869,73.693
303.444,180.057,66.349,73.592
304.017,180.250,66.355,74.135
304.419,178.751,66.843,75.064
306.403,177.092,67.359,75.779
307.101,174.846,67.668,76.158
308.084,172.551,68.092,76.288
308.197,170.307,68.385,76.687
308.847,170.992,68.690,76.338
308.172,172.436,69.130,76.692
308.208,176.681,69.517,77.782
308.049,182.510,70.145,78.653
308.382,188.114,70.473,79.063
307.547,191.678,70.757,78.985
306.865,194.133,70.558,78.501
305.663,193.957,70.688,78.365
304.621,192.902,70.609,78.133
302.385,193.528,70.867,78.016
300.349,194.322,70.814,78.625
299.934,197.304,71.230,78.734
298.375,199.966,71.616,78.881
296.892,202.643,72.131,79.077
294.910,205.298,72.710,79.419
292.632,207.296,73.173,79.788
291.226,208.632,73.613,80.421
289.955,210.121,74.196,80.480
289.481,209.976,74.215,81.260
288.731,207.426,74.617,82.428
288.373,205.108,74.963,82.981
288.223,202.500,75.087,83.171
287.671,200.475,75.353,83.462
287.347,198.066,75.430,83.805
286.896,196.678,75.601,84.034
286.650,195.727,76.023,84.231
286.180,194.685,76.218,84.355
285.941,193.524,76.517,84.891
286.323,193.344,76.399,84.862
286.890,191.983,76.394,84.982
287.926,191.539,76.119,85.006
289.509,191.949,76.293,84.661
290.237,192.528,76.310,84.438
290.867,192.851,76.201,84.160
291.478,193.135,76.317,83.862
291.673,192.887,76.340,83.720
292.497,192.705,76.231,83.919
292.653,191.710,76.173,84.468
294.430,191.757,75.729,84.353
294.652,190.384,75.823,84.465
294.994,189.200,75.698,84.921
295.810,189.226,75.672,84.758
296.053,188.389,75.619,84.915
296.713,188.888,75.410,84.756
297.080,188.625,75.108,84.823
296.507,186.931,75.095,85.192
296.648,186.107,75.123,85.402
296.288,186.594,74.990,85.044
296.968,185.852,74.935,85.119
297.465,186.695,75.005,85.075
297.347,186.885,74.912,84.872
297.881,186.508,75.151,85.021
298.037,186.996,75.386,84.906
297.347,187.118,75.555,84.699
297.886,186.603,75.581,84.596
296.850,186.026,75.724,84.490
296.838,185.833,75.785,84.607
296.184,186.163,75.712,84.680
296.278,185.530,75.789,84.820
296.003,186.615,75.911,84.701
296.382,187.127,76.218,84.701
296.617,186.638,76.210,84.785
296.173,186.043,76.048,84.837
295.762,185.283,76.144,84.873
296.310,184.687,76.442,85.004
296.570,183.508,76.560,85.133
296.697,183.083,76.683,85.024
295.612,183.006,77.050,84.912
295.988,182.189,76.955,85.107
295.879,180.626,76.994,85.244
296.100,179.871,76.927,85.144
295.537,181.230,76.852,84.841
296.116,180.134,76.944,84.861
295.125,178.332,76.822,84.870
295.296,178.472,76.911,84.465
294.261,177.475,77.050,84.637
293.636,176.807,77.340,84.316
292.136,176.287,77.604,83.935
292.141,175.040,77.763,83.608
291.711,174.148,77.970,83.284
291.456,172.625,77.973,83.234
292.926,173.104,77.807,82.983
292.667,172.132,77.909,82.792
293.172,171.552,77.648,82.808
293.029,171.922,77.489,82.653
292.498,171.732,77.571,82.681
292.584,172.266,77.723,82.495
292.941,172.465,77.897,82.451
292.749,172.141,78.111,82.492
293.159,172.915,78.094,82.491
293.391,173.514,78.183,82.421
294.613,174.402,78.018,82.258
294.617,174.247,77.836,82.512
294.379,174.580,77.494,82.622
295.193,174.950,77.183,82.576
295.248,174.412,76.856,82.766
295.374,174.257,76.366,82.699
294.767,173.596,75.996,82.706
294.596,172.651,75.853,82.545
293.999,170.879,75.815,82.694
294.119,169.212,75.860,82.328
293.617,167.530,75.997,82.037
293.033,166.520,75.816,82.076
293.010,165.984,75.919,82.106
292.791,165.147,76.011,81.773
292.345,164.919,75.862,81.892
291.773,164.953,75.811,81.964
290.867,165.250,75.894,82.255
290.750,165.997,75.803,82.581
290.459,167.373,75.639,82.841
290.315,167.597,75.706,83.094
290.435,168.673,75.552,82.917
290.605,170.069,75.276,83.151
291.089,170.686,75.159,83.149
291.773,171.841,74.594,83.179
292.096,173.060,74.043,82.930
292.578,173.902,73.745,82.680
292.692,174.401,73.452,82.509
293.355,174.497,73.193,82.452
293.456,174.288,73.247,82.292
292.915,174.249,73.309,82.085
293.329,174.735,72.997,81.892
292.941,173.628,73.179,81.550
293.458,173.665,73.023,81.432
293.847,172.101,72.739,81.427
294.073,170.480,72.662,81.523
295.521,170.137,72.503,81.330
296.484,169.289,72.386,81.213
296.934,168.580,72.247,81.111
297.462,168.776,72.300,81.219
298.098,169.322,72.407,81.342
299.262,170.518,72.070,81.691
300.268,171.162,72.068,81.706
301.353,171.559,72.112,81.988
303.061,172.322,71.938,82.126
304.373,173.327,71.504,82.097
304.494,173.817,71.360,82.165
305.144,175.225,70.979,82.162
305.548,175.547,71.143,82.164
305.257,175.603,71.215,82.122
304.099,175.562,71.279,82.120
302.890,175.276,71.350,82.279
302.235,174.616,71.523,82.564
300.837,174.277,71.919,82.744
299.278,173.638,72.123,82.917
298.404,172.621,72.304,83.398
297.655,171.812,72.280,83.617
296.440,170.565,72.442,83.752
296.269,168.876,72.473,83.957
296.246,167.468,72.610,83.879
295.655,165.462,72.949,83.887
295.638,163.653,73.249,84.134
294.756,161.873,73.685,84.286
293.782,160.369,74.522,84.428
292.609,158.571,75.835,84.211
291.338,157.066,76.994,84.024
290.625,156.087,78.030,84.045
289.810,154.904,78.578,83.967
288.307,153.638,79.313,83.911
287.443,151.710,80.179,84.342
286.256,148.982,81.043,85.091
287.448,155.601,81.399,85.176
287.433,151.546,82.015,85.602
286.738,146.956,82.825,86.199
286.301,144.078,83.946,87.044
286.905,150.371,84.832,86.917
286.344,144.921,85.862,87.592
285.495,139.728,86.689,88.812
285.009,135.831,87.427,90.333
284.267,133.365,88.225,91.694
283.259,130.688,89.041,92.975
282.415,128.960,89.984,94.099
283.125,136.863,90.741,93.550
283.404,134.172,91.404,94.165
281.979,132.115,92.632,94.464
280.041,130.343,93.834,94.772
278.127,129.047,95.064,95.554
276.947,127.368,95.992,96.214
276.524,126.010,96.524,96.930
276.494,125.049,97.347,97.566
276.542,124.452,98.030,97.923
276.757,124.908,98.434,98.300
276.539,125.281,99.100,98.402
276.524,126.032,99.318,98.625
276.374,126.427,99.902,98.628
276.823,127.217,100.254,98.979
277.830,127.284,100.147,98.595
278.062,128.096,100.089,98.084
278.311,128.702,99.278,97.500
278.805,129.586,98.106,97.068
279.657,130.529,96.890,96.254
280.351,132.475,95.826,95.249
280.994,134.333,94.505,93.882
281.991,136.962,93.208,92.577
282.487,138.689,91.875,91.657
283.573,140.951,90.551,90.707
284.684,143.645,89.393,89.644
285.117,146.266,88.361,88.591
285.492,148.901,87.317,87.609
286.421,151.872,86.441,86.668
288.081,154.868,85.415,86.068
289.222,158.405,84.058,85.705
290.877,162.111,82.440,85.208
291.528,165.487,81.237,84.501
291.745,166.422,79.811,83.995
291.493,166.690,79.079,83.629
291.617,165.997,78.439,83.630
290.579,166.390,78.148,83.637
289.865,167.445,77.781,83.473
289.752,168.099,77.300,83.727
290.017,169.342,76.831,83.724
289.149,171.213,76.402,83.476
288.600,171.722,75.802,83.736
288.243,171.571,75.221,84.014
288.880,172.358,75.110,83.804
289.131,171.886,74.918,83.468
289.491,171.134,74.690,83.074
289.873,170.598,74.260,82.763
290.326,171.484,73.850,81.945
291.555,171.827,73.457,81.658
291.861,170.595,73.289,81.381
292.541,170.516,73.091,80.811
293.075,170.955,72.822,80.045
293.633,170.876,72.602,79.612
293.855,169.742,72.271,79.435
294.404,169.021,72.018,79.018
293.876,168.319,71.961,78.825
294.350,167.597,71.728,78.675
294.142,167.095,71.796,78.297
294.135,166.705,71.876,78.011
294.644,166.596,71.807,77.689
294.273,166.346,71.926,77.191
293.282,166.128,72.141,77.211
292.206,165.269,72.519,77.615
290.984,164.255,72.799,78.142
290.111,163.560,73.063,78.788
289.398,163.248,73.575,79.334
288.597,162.894,73.921,80.109
288.476,161.975,74.342,81.071
288.569,161.074,75.002,81.913
289.039,160.663,75.773,82.759
289.571,159.641,76.694,84.041
290.644,159.733,77.638,84.901
289.733,159.327,78.855,85.103
289.043,159.079,79.867,85.179
288.063,159.299,80.802,84.988
286.991,159.213,81.352,84.547
284.897,157.519,82.098,84.185
283.984,155.311,82.711,84.038
283.081,152.726,82.818,83.943
282.444,150.009,82.901,83.722
281.882,147.734,82.670,84.159
280.831,145.376,82.523,84.876
278.983,141.613,82.622,85.470
285.379,140.385,81.612,85.793
282.117,137.913,81.184,85.917
279.315,134.494,80.979,86.329
277.371,124.105,81.225,87.314
283.227,125.214,81.572,87.357
280.949,124.875,81.482,87.086
279.244,124.750,81.137,87.129
277.890,124.501,80.836,86.961
276.649,124.353,80.786,86.958
275.616,124.949,80.702,86.423
275.240,125.963,80.339,86.305
275.064,127.528,79.652,85.942
276.227,129.752,78.724,85.607
276.699,131.410,77.885,85.380
277.451,132.648,77.690,84.854
277.918,134.273,77.597,84.118
278.765,135.947,77.342,83.749
279.844,138.004,76.832,83.399
280.766,140.417,76.539,82.766
281.138,142.389,76.346,82.205
282.046,143.906,76.065,82.122
282.744,144.774,76.026,82.459
283.424,144.940,75.905,83.018
283.754,145.381,76.072,83.475
283.987,146.180,76.307,83.942
284.349,146.642,76.382,84.170
285.634,146.906,76.246,84.503
286.934,147.201,76.064,85.150
288.079,147.101,76.087,86.072
288.588,147.460,76.513,87.163
289.588,148.869,76.987,87.548
290.781,148.600,77.300,88.185
290.804,149.217,77.557,88.732
290.310,149.462,77.802,89.237
289.893,149.557,78.318,89.628
289.474,149.910,78.883,89.802
289.121,144.551,79.250,90.259
289.168,146.198,79.394,91.175
288.713,141.639,79.270,90.734
289.435,144.265,79.289,91.268
288.784,146.247,79.501,92.027
287.955,146.536,79.547,92.287
287.164,147.043,79.781,92.373
286.213,147.391,79.893,92.496
286.297,148.192,79.813,92.324
286.813,144.206,79.358,92.037
287.193,147.257,79.723,91.848
286.560,150.105,80.082,91.992
286.298,152.148,80.241,92.223
287.156,153.745,80.005,92.208
287.047,155.462,80.075,92.104
286.751,157.248,80.161,92.052
286.194,159.337,80.127,91.829
285.869,161.785,79.847,91.632
285.454,164.138,79.235,91.578
285.431,165.435,79.026,91.633
285.803,167.486,78.848,91.547
285.895,169.604,78.615,91.499
286.203,171.723,78.298,91.606
285.509,173.253,78.450,91.542
285.221,175.597,78.405,91.359
285.152,177.434,78.496,90.999
284.803,178.772,78.502,90.842
284.198,179.849,78.760,90.566
283.790,175.422,78.967,90.181
284.336,178.044,78.822,90.097
283.529,180.411,79.061,89.946
284.030,175.756,79.364,89.848
283.652,177.836,79.854,89.917
283.715,174.962,80.645,89.255
282.814,177.637,81.363,89.203
281.697,179.164,82.249,89.034
280.698,180.038,83.520,89.197
280.113,179.559,84.253,89.590
280.107,180.133,84.880,89.819
280.105,180.999,85.245,89.829
279.733,181.727,85.499,89.512
280.175,182.149,85.552,89.402
280.160,182.561,85.793,89.294
280.363,181.932,85.898,89.445
280.705,176.520,85.562,89.683
279.197,178.265,86.359,90.251
278.476,171.392,86.925,90.766
270.926,173.810,87.272,91.543
264.046,175.403,87.560,91.755
266.601,175.217,87.944,92.691
259.735,175.501,88.313,92.771
262.814,175.187,88.862,93.350
263.877,173.565,89.416,93.703
257.989,165.976,89.391,93.889
252.424,167.990,89.340,94.181
256.727,161.167,89.110,94.386
250.464,164.186,88.760,95.189
254.502,156.072,88.537,96.171
316.589,195.624,67.823,68.752
316.522,194.557,67.956,68.887
268.308,164.398,91.065,95.815
266.309,159.602,92.782,95.279
265.480,155.357,94.406,95.135
264.378,145.655,95.934,96.142
262.805,144.986,97.153,96.761
261.533,142.628,98.339,97.058
252.871,139.548,98.617,97.339
243.685,136.202,98.390,97.171
234.361,135.028,98.231,96.691
236.890,132.652,98.122,96.343
250.459,129.156,97.800,95.935
240.553,126.451,97.886,95.486
242.817,123.301,97.872,95.103
246.423,120.559,97.489,94.868
256.974,119.638,97.434,93.765
255.765,118.532,97.050,92.623
255.592,119.170,96.454,91.697
256.288,119.949,95.825,91.005
257.103,121.797,94.789,90.513
257.560,123.137,94.275,90.035
257.488,125.440,94.138,89.489
258.585,128.868,93.741,88.803
259.871,132.394,93.089,88.147
261.745,135.964,92.371,87.750
261.993,138.253,91.542,87.190
263.572,140.788,90.128,86.570
266.478,143.372,88.530,85.773
268.673,146.198,86.980,85.047
270.000,148.814,85.288,84.275
272.550,152.001,83.737,83.905
274.314,155.289,82.401,83.621
276.184,158.064,80.644,83.467
278.181,162.427,79.404,83.535
279.805,166.497,78.374,83.474
281.491,170.313,77.473,83.020
283.432,174.159,76.835,82.917
285.825,177.978,76.205,82.415
286.626,181.509,75.601,82.005
288.178,183.813,75.163,81.281
289.038,186.289,75.258,80.809
289.710,188.315,75.255,80.137
289.836,189.665,75.087,79.937
290.282,191.109,74.812,80.313
290.186,192.252,74.594,80.514
290.384,192.557,74.244,81.042
290.055,191.969,74.482,81.582
290.259,191.780,74.557,81.830
290.817,191.406,74.647,82.350
291.748,190.873,74.855,82.843
292.379,190.846,75.218,83.333
300.002,189.271,75.457,83.596
298.757,189.586,75.885,83.413
298.104,190.557,76.392,83.335
298.552,191.233,76.857,83.614
298.648,191.335,77.372,83.868
298.960,191.838,77.792,84.014
298.846,191.739,78.219,84.497
298.967,190.946,78.679,85.198
300.331,185.231,79.470,84.439
300.223,187.881,79.679,84.001
300.257,188.435,79.656,84.629
299.803,188.978,79.737,84.991
299.441,189.415,79.936,85.506
299.477,189.730,80.001,85.968
298.396,190.874,80.306,86.563
297.167,191.576,80.647,87.301
296.681,192.930,81.000,87.777
296.096,194.315,81.179,88.388
296.565,194.514,81.783,89.254
297.585,194.619,82.684,90.120
298.098,187.918,83.862,90.310
296.883,189.526,85.243,91.893
296.455,190.462,86.773,93.388
296.148,190.530,87.745,94.410
295.861,190.389,89.093,95.207
295.600,181.266,90.749,96.640
294.582,184.226,92.279,97.853
293.090,185.091,93.777,99.069
290.831,185.259,95.191,100.350
282.380,188.249,96.663,101.350
281.025,186.263,98.767,101.881
279.166,184.210,100.586,102.166
278.914,181.295,101.735,102.967
278.012,178.185,102.465,103.693
277.719,175.102,102.961,104.353
278.221,173.221,103.016,104.887
277.521,170.422,103.233,105.204
278.376,168.772,103.068,105.041
278.257,169.298,102.627,104.788
278.952,170.090,101.418,103.994
278.543,170.346,100.277,103.290
278.982,170.757,99.549,101.782
279.463,171.937,98.996,100.480
280.066,171.538,98.219,99.510
281.360,170.774,96.984,99.291
283.561,170.811,95.902,99.470
284.364,170.455,94.404,99.469
285.575,169.643,93.212,99.636
286.061,168.755,92.150,99.664
285.325,168.048,91.414,99.623
284.767,167.177,90.958,99.335
284.282,166.389,90.545,99.392
284.040,165.709,90.488,99.231
283.136,164.815,90.254,99.340
283.061,163.725,90.297,99.679
280.320,162.411,90.408,99.698
279.656,161.540,90.438,99.531
278.515,160.025,90.300,99.496
277.656,158.277,90.437,99.674
276.737,156.552,90.813,99.732
276.386,155.198,90.848,99.875
275.623,153.337,91.008,99.889
274.392,152.064,91.283,99.740
274.097,150.209,91.519,99.702
273.353,148.899,91.692,99.719
273.321,146.944,91.835,100.190
273.036,145.801,92.117,100.150
272.710,144.637,92.513,100.091
273.019,144.126,92.486,100.246
272.788,143.455,92.826,100.018
274.035,143.111,92.729,100.351
274.468,143.052,92.838,100.061
273.835,142.604,93.179,99.371
274.040,142.472,93.294,98.759
273.987,141.636,93.684,98.340
274.892,139.818,93.652,98.773
274.969,138.347,93.575,99.038
275.818,137.414,92.963,98.749
276.555,136.616,92.434,98.423
277.833,135.772,91.669,98.407
278.970,135.827,90.785,97.943
279.737,136.401,89.955,96.992
281.161,137.612,88.974,95.254
282.497,139.239,87.865,93.923
283.697,140.707,86.531,93.217
283.700,143.702,85.520,92.696
284.984,144.384,84.661,92.164
285.197,147.030,83.744,91.635
286.352,146.919,82.804,91.433
287.242,147.329,81.778,91.345
287.612,147.075,80.786,91.014
287.666,147.895,80.111,90.785
287.228,148.866,79.544,90.302
287.130,148.766,78.952,89.559
287.373,148.272,78.665,89.225
287.843,148.966,78.327,88.783
287.958,148.436,77.920,88.327
288.469,148.621,77.486,87.648
289.509,149.331,76.962,86.818
290.851,149.662,76.490,86.063
291.269,150.385,75.882,85.493
292.052,150.960,75.427,84.631
292.783,151.940,75.124,83.776
293.015,152.361,74.796,83.302
293.414,152.576,74.391,82.782
294.228,152.436,73.906,82.691
294.662,152.238,73.762,82.772
294.644,151.898,73.702,83.185
294.660,151.312,73.935,84.049
294.423,145.107,74.480,84.386
295.695,147.518,75.416,85.195
297.577,148.322,76.424,86.524
298.580,147.554,77.897,88.215
299.845,147.493,79.482,89.337
300.661,141.298,80.496,90.067
302.696,143.847,82.084,90.699
303.733,145.566,83.696,91.495
304.208,146.255,84.760,92.189
305.284,146.623,85.367,92.724
305.879,146.786,86.096,93.040
307.343,146.501,86.890,93.319
307.527,145.359,88.063,93.601
306.498,144.865,89.293,93.933
305.642,144.361,90.539,94.309
303.831,143.718,92.286,94.461
302.559,144.014,93.823,94.527
302.119,145.136,95.480,94.128
300.852,146.120,97.375,93.830
299.809,145.821,99.205,93.343
298.715,146.617,100.854,92.401
297.805,147.542,102.116,91.619
298.626,147.643,103.160,90.938
298.500,147.276,104.085,90.769
297.222,146.099,104.935,90.712
296.745,145.985,105.660,90.767
295.868,146.294,106.063,90.702
294.830,145.394,106.237,90.829
295.702,146.158,105.855,91.052
294.426,144.968,105.793,90.864
293.980,144.641,105.279,90.907
293.238,143.431,105.272,91.045
292.759,143.650,105.341,91.275
290.988,143.547,105.851,91.595
288.873,143.225,106.547,92.110
282.438,143.396,105.235,92.219
283.439,143.197,104.362,92.194
283.373,143.041,104.234,92.284
282.032,143.226,104.379,92.253
280.329,143.763,104.550,92.368
278.440,144.859,104.659,92.428
276.508,145.710,104.680,92.070
274.028,146.749,104.785,91.623
271.152,147.555,104.230,91.364
269.563,148.988,103.054,91.141
267.507,149.916,101.985,90.803
266.162,150.764,100.974,90.655
264.900,151.344,99.831,90.365
263.306,151.690,98.406,90.475
262.298,153.973,97.170,90.145
262.285,153.155,95.503,90.264
261.120,154.781,94.214,89.772
260.683,154.315,92.610,89.431
260.473,155.101,90.917,89.283
259.582,155.684,89.453,89.107
259.431,155.888,88.216,89.265
259.167,155.357,87.392,89.683
260.085,154.688,86.645,90.555
261.675,153.070,86.204,91.810
261.741,151.633,85.490,92.540
263.353,150.622,84.744,92.936
263.516,149.699,84.192,92.941
263.176,150.458,83.304,92.492
264.589,150.191,82.664,92.290
265.069,149.917,81.867,91.983
265.089,150.524,81.045,91.657
265.395,150.678,80.395,91.704
266.835,150.230,79.867,91.572
268.087,149.718,79.471,91.505
268.892,149.525,79.019,91.469
270.084,148.228,78.855,91.384
270.747,146.872,78.903,91.310
271.392,145.516,79.466,91.652
278.408,143.699,79.391,91.618
277.957,143.340,79.988,92.025
278.752,143.562,80.958,92.398
286.925,143.242,81.601,92.459
287.336,144.286,81.853,92.741
295.048,145.285,81.681,92.489
295.510,148.127,82.313,92.390
297.528,151.142,82.389,92.274
299.536,153.106,82.786,92.464
301.634,155.433,83.418,92.248
303.140,157.127,83.743,92.350
305.571,159.002,83.922,92.831
307.712,159.326,84.055,93.366
309.681,159.639,84.334,93.365
310.519,159.987,84.754,93.521
311.081,160.302,85.053,94.040
311.184,160.029,85.240,94.783
311.137,160.224,85.845,95.380
310.238,160.851,86.270,95.781
309.613,160.220,87.169,96.568
307.846,158.705,87.957,97.550
306.901,157.141,88.555,98.014
306.146,155.766,89.258,98.686
306.226,155.487,89.877,98.920
305.810,155.401,90.743,99.069
306.381,155.532,90.966,99.286
307.234,155.973,91.305,99.599
307.272,156.115,91.702,99.690
305.498,155.202,92.248,99.454
304.360,154.956,92.370,99.457
301.961,154.174,93.094,99.001
298.229,152.756,94.590,98.640
293.477,150.460,96.054,98.400
289.237,147.855,97.170,98.018
288.147,145.013,97.318,97.747
285.163,143.493,97.068,96.710
285.011,141.587,96.536,95.579
286.260,138.556,95.842,94.891
287.685,135.992,94.824,94.077
288.667,133.850,93.840,93.358
292.272,133.595,92.662,92.620
293.911,133.208,91.784,92.217
295.778,133.048,91.409,91.826
296.686,132.525,91.450,91.497
297.333,131.915,91.365,91.083
298.685,131.289,91.537,90.719
299.257,131.060,91.182,90.176
299.488,131.018,90.753,90.166
299.722,130.601,90.273,89.989
299.540,130.395,89.680,89.907
299.723,130.200,89.276,90.053
299.424,129.992,88.785,90.156
299.316,130.662,88.798,90.345
299.048,131.507,88.567,90.299
299.259,131.689,88.021,90.456
298.785,132.986,87.291,90.130
298.794,133.421,86.967,90.062
299.400,135.464,86.890,89.835
300.363,136.305,87.043,89.744
301.130,138.460,87.444,89.962
302.406,141.100,87.992,90.214
302.877,142.769,88.672,90.352
304.764,144.890,88.889,90.466
305.585,145.594,89.527,90.641
305.949,147.438,89.954,90.908
306.878,149.320,90.062,90.981
307.312,149.760,90.071,91.022
307.659,148.942,89.665,90.909
307.996,147.404,89.064,91.369
307.260,145.517,88.101,91.637
307.100,145.678,86.884,91.429
306.880,145.695,85.619,91.135
306.859,146.157,84.669,90.931
306.725,147.298,83.879,90.582
306.770,148.492,83.572,90.186
308.263,149.320,83.230,90.447
309.241,140.504,82.983,90.285
309.391,141.394,83.076,89.981
308.813,141.112,83.442,89.717
308.333,140.841,84.122,89.224
307.756,148.806,84.602,89.293
306.887,146.125,84.898,89.720
304.911,143.968,85.665,90.004
304.427,142.823,86.621,89.440
302.507,142.449,87.500,88.992
300.726,142.762,88.009,88.777
292.003,143.622,88.342,89.152
293.226,150.588,88.417,90.184
294.765,147.409,88.269,91.721
295.155,146.125,88.363,92.338
287.325,144.884,88.400,93.214
287.680,151.201,88.869,93.567
286.670,147.197,89.462,94.051
286.088,143.505,90.292,94.963
285.009,140.432,90.925,96.177
284.603,137.730,91.808,97.197
284.118,143.091,92.028,97.249
282.943,138.830,92.459,97.569
275.939,134.728,92.442,98.453
278.409,132.835,92.976,98.988
280.386,139.705,93.111,98.877
280.320,136.028,93.822,98.874
280.055,133.158,94.786,98.815
280.767,140.469,94.742,98.812
279.617,136.334,94.934,99.346
279.368,133.408,95.466,99.512
279.144,140.104,95.574,98.792
280.085,136.244,95.540,99.293
278.365,142.899,96.037,97.521
278.036,138.491,96.329,97.733
277.811,136.485,96.402,98.372
277.830,135.268,97.081,98.712
270.033,137.866,97.371,99.165
272.388,137.837,98.337,99.304
273.514,138.054,99.746,99.386
274.841,137.373,101.097,99.757
275.826,137.691,102.352,100.343
278.325,136.498,103.497,100.858
279.558,136.705,104.491,101.369
280.192,136.555,105.222,102.019
278.509,136.762,105.765,102.149
276.631,137.711,105.914,101.873
274.139,139.917,105.362,100.880
271.952,141.417,104.465,99.767
269.866,142.874,103.276,98.758
267.900,143.867,102.018,97.908
267.491,144.892,99.750,97.105
267.287,145.971,97.517,96.447
267.439,147.003,95.332,95.723
268.333,148.195,93.042,94.181
269.045,149.890,90.507,92.900
269.729,151.706,88.285,91.527
269.925,153.711,86.274,90.094
269.941,155.042,85.153,88.711
269.748,156.389,84.185,87.316
269.657,158.225,82.990,86.100
269.645,160.183,81.829,85.273
269.944,161.483,80.579,84.469
270.677,162.662,79.148,84.097
270.338,163.405,78.426,83.907
271.315,164.284,77.644,83.356
271.539,165.046,77.395,82.998
272.368,165.443,77.233,82.865
272.333,165.873,77.225,82.623
272.406,164.426,77.044,82.733
272.965,164.053,76.939,83.077
272.456,162.354,77.164,83.322
272.312,161.492,77.370,83.712
272.653,160.377,77.874,84.136
272.137,158.326,78.452,84.579
272.644,156.614,78.693,85.352
273.202,154.933,79.164,86.090
273.435,153.349,79.768,87.009
273.487,146.240,81.043,85.705
272.973,141.244,82.320,83.884
272.576,136.723,83.738,82.205
272.794,140.212,84.537,81.883
272.933,134.341,85.640,81.241
273.282,136.970,86.634,81.559
273.348,130.919,88.067,81.175
273.624,133.524,89.160,81.928
273.155,135.668,90.251,82.974
272.853,135.938,91.978,84.483
272.809,136.571,93.638,85.717
271.820,136.304,94.865,86.878
270.845,136.542,95.615,88.114
270.683,136.390,95.898,89.134
269.765,136.253,96.289,90.232
270.490,135.921,96.591,90.996
269.794,135.607,96.718,91.924
270.256,135.046,96.810,93.128
270.469,134.817,97.102,94.114
271.187,134.494,97.392,95.151
272.231,133.646,97.620,96.457
272.567,132.904,97.666,97.464
273.501,131.826,98.106,98.378
272.558,130.196,99.013,99.274
272.342,128.891,99.715,100.299
272.746,128.020,100.330,100.913
272.735,127.097,100.305,101.871
272.986,126.168,100.114,102.805
272.754,125.355,100.371,103.909
272.881,125.818,99.984,104.861
272.547,126.241,100.100,105.050
272.490,127.753,100.223,104.615
273.312,127.755,99.907,104.131
273.630,128.692,99.605,103.870
275.010,127.997,99.363,103.474
276.127,127.582,98.995,103.135
276.534,127.400,98.852,102.715
276.803,127.735,99.066,102.350
276.797,128.819,99.082,101.813
277.812,128.428,98.887,101.394
277.258,128.269,99.198,100.639
276.732,128.371,99.214,100.295
276.906,127.861,99.040,100.353
277.873,126.953,98.382,100.473
277.317,126.289,97.915,100.448
277.338,124.846,97.602,100.273
276.729,124.166,97.064,99.887
276.265,122.759,96.560,99.124
275.679,121.267,96.224,98.315
276.074,118.458,95.416,98.313
275.391,114.736,94.365,98.445
275.906,112.683,93.641,98.542
276.859,109.430,93.096,98.623
277.326,107.937,92.405,98.392
277.945,106.221,92.127,98.202
278.322,106.036,91.784,97.863
278.580,105.889,91.639,97.589
279.719,105.611,91.694,97.374
279.831,105.685,91.081,97.098
280.620,105.982,90.554,97.071
281.444,106.304,90.157,96.758
281.504,106.863,89.499,96.349
281.918,106.617,89.384,95.687
280.353,106.363,89.167,94.993
280.381,106.240,89.171,94.476
279.874,107.148,89.119,93.940
279.735,107.886,88.722,93.460
280.112,108.718,88.375,92.533
280.459,110.242,87.882,91.962
280.443,112.083,87.674,91.295
280.266,113.778,87.184,90.966
280.248,116.197,86.821,90.502
279.834,118.737,86.664,90.230
279.185,121.471,86.964,90.435
279.916,130.048,86.961,89.751
279.437,131.149,87.502,89.392
278.659,132.022,88.325,89.057
283.824,140.433,88.163,87.851
279.969,139.874,88.210,86.894
277.762,139.843,88.838,86.330
276.748,139.915,89.666,86.477
276.960,147.741,89.652,85.997
276.430,146.145,90.423,86.124
275.220,145.158,91.509,86.419
273.874,151.303,92.155,85.920
273.293,148.351,93.345,85.577
272.190,153.089,94.495,85.574
270.310,148.704,95.569,86.643
267.459,145.249,97.050,87.510
266.440,150.748,97.301,87.476
263.578,147.249,97.725,87.686
262.266,143.343,97.949,88.847
263.232,140.603,98.010,89.862
263.894,137.758,98.244,90.962
264.608,143.918,97.903,91.071
265.285,140.405,97.474,92.293
266.256,138.627,96.505,93.331
267.530,136.528,94.988,94.614
268.338,135.999,93.130,95.061
269.843,135.221,91.398,95.381
269.949,135.464,89.895,95.627
271.077,135.775,88.506,95.446
272.211,137.482,87.051,95.239
272.374,138.934,85.499,95.483
273.250,141.472,84.245,95.462
273.716,144.145,83.258,95.006
274.514,146.271,82.211,94.462
274.953,148.445,81.292,93.990
275.588,149.982,80.157,93.628
275.629,151.463,79.098,93.053
275.657,153.235,78.272,92.519
275.834,155.206,77.577,92.174
276.620,156.367,76.820,92.022
276.562,157.741,76.284,91.838
277.148,159.512,75.888,91.581
277.359,161.799,75.627,91.373
276.778,163.723,75.651,91.594
276.650,164.760,75.687,91.653
277.340,165.634,75.615,91.799
276.668,165.214,75.948,91.560
276.170,165.227,76.002,91.647
275.902,165.261,76.138,92.062
275.979,165.451,76.320,92.290
276.679,165.374,76.578,92.387
277.796,166.156,76.976,92.150
279.135,167.611,77.133,91.988
280.527,168.113,77.584,91.719
281.847,168.756,77.999,91.648
283.321,169.294,78.259,91.701
284.654,169.358,78.696,91.918
285.728,169.748,78.809,92.022
287.360,170.273,79.012,92.220
289.237,171.763,79.469,92.587
290.759,174.315,80.079,92.440
291.541,176.472,80.849,92.266
292.781,178.664,82.032,92.102
293.818,179.756,82.858,92.160
293.528,181.496,83.825,91.757
292.998,182.649,84.942,91.388
293.240,184.013,86.118,91.049
293.891,183.612,87.271,90.789
294.167,183.750,87.750,90.655
294.568,183.867,88.457,90.427
295.365,183.877,89.081,90.327
296.691,183.184,89.795,90.207
297.616,181.560,89.995,90.387
297.931,179.052,89.837,90.660
299.946,177.637,89.766,90.995
298.768,175.173,89.679,91.332
299.494,172.888,89.928,91.582
299.121,169.673,89.998,92.062
297.811,167.457,90.183,92.392
296.962,165.605,89.968,92.945
297.483,163.489,89.401,93.321
297.281,160.467,88.719,93.841
296.370,158.522,88.146,94.336
296.049,157.014,87.915,94.587
293.937,156.473,88.350,94.540
292.443,155.216,89.045,94.668
291.926,154.602,89.951,94.899
291.049,154.464,90.682,94.829
291.680,154.584,91.030,94.984
292.047,154.027,91.409,95.403
292.007,152.876,91.641,96.237
292.805,153.593,91.461,96.972
291.720,152.491,91.261,97.866
290.752,152.708,91.335,98.414
289.198,153.498,91.441,99.060
279.920,156.947,92.141,98.605
282.010,158.532,92.841,97.823
283.361,159.604,92.877,97.256
284.796,150.391,92.642,97.514
284.234,152.333,92.585,98.107
284.550,154.875,92.377,98.145
284.807,155.746,92.124,97.953
284.724,156.763,91.853,97.693
284.694,157.241,91.472,97.287
284.834,157.260,90.790,97.149
284.537,157.130,89.991,96.709
284.437,157.003,89.201,96.644
284.670,157.647,88.675,96.151
284.422,157.798,87.754,95.690
283.113,157.203,86.475,95.830
282.829,157.310,85.135,95.683
282.369,157.468,84.065,95.279
282.616,149.260,83.563,94.663
282.805,151.020,82.566,93.772
282.841,151.637,81.884,93.045
282.435,151.784,81.307,92.472
280.684,150.354,81.265,91.924
279.904,149.271,81.369,90.984
279.749,149.529,81.506,89.574
279.174,149.338,81.803,88.172
277.934,149.187,82.095,86.206
277.116,150.063,82.020,84.674
276.034,150.229,81.976,83.464
276.158,149.883,81.716,82.815
275.680,149.317,81.593,82.583
275.848,148.150,80.943,83.082
275.296,145.447,80.731,84.039
268.010,145.004,79.736,84.487
270.347,143.530,79.438,84.898
272.465,134.977,80.325,84.244
273.643,135.456,81.224,83.681
266.644,135.356,80.416,83.870
269.718,134.534,80.208,84.101
261.587,142.009,75.508,87.280
253.754,137.227,69.375,91.930
255.863,133.105,64.095,95.812
396.945,168.163,41.110,41.673
396.006,167.226,40.987,41.549
395.017,168.236,40.966,41.527
394.016,168.236,40.968,41.529
394.110,169.331,40.780,41.339
393.271,169.494,40.458,41.012
392.336,169.560,40.329,40.881
391.401,169.625,40.199,40.750
389.419,170.644,40.162,40.712
388.512,172.739,39.975,40.523
394.600,164.827,39.800,40.345
325.482,126.719,74.876,82.272
323.609,127.239,75.986,81.834
322.800,126.322,76.901,81.746
322.094,125.768,77.659,81.497
321.491,124.725,78.543,80.909
321.678,123.288,78.464,80.363
321.712,121.053,78.424,79.983
321.909,118.446,78.087,79.826
329.811,118.300,78.150,78.787
329.190,118.362,77.745,78.513
327.291,117.844,76.950,78.632
326.131,124.407,76.445,78.081
314.857,128.535,76.060,77.505
322.328,125.736,75.362,77.307
380.727,164.943,41.545,42.114
379.562,165.776,41.875,42.449
379.526,165.739,41.948,42.523
378.535,166.748,41.930,42.504
378.569,167.782,41.862,42.435
377.659,168.874,41.682,42.253
377.633,167.847,41.734,42.306
376.735,168.950,41.530,42.099
375.804,170.021,41.392,41.959
375.904,170.122,41.191,41.755
375.030,171.250,40.940,41.501
374.094,172.314,40.812,41.371
374.155,173.377,40.689,41.247
374.213,173.435,40.573,41.129
374.340,174.564,40.319,40.872
374.390,174.614,40.221,40.772
373.421,174.646,40.159,40.709
373.443,174.668,40.114,40.664
372.462,173.688,40.076,40.625
372.396,173.620,40.209,40.760
372.336,173.560,40.327,40.880
372.145,173.366,40.711,41.268
372.143,173.364,40.715,41.273
372.112,174.332,40.777,41.335
373.098,173.318,40.805,41.364
372.270,173.493,40.460,41.014
372.418,173.643,40.163,40.713
373.388,173.612,40.224,40.775
373.368,171.593,40.263,40.815
372.257,170.479,40.487,41.041
374.113,169.334,40.773,41.332
374.084,168.304,40.833,41.392
375.966,167.185,41.067,41.630
377.814,166.030,41.373,41.939
379.680,164.895,41.640,42.210
382.529,164.741,41.943,42.517
383.375,163.586,42.250,42.829
387.223,163.432,42.554,43.137
388.266,162.475,42.469,43.051
390.067,162.273,42.867,43.454
393.067,161.274,42.865,43.452
393.927,159.132,43.145,43.736
369.345,142.193,89.217,81.398
312.491,114.183,88.153,80.771
309.369,116.344,86.764,80.161
306.434,117.755,85.001,79.772
311.195,120.795,83.407,79.172
307.433,122.638,82.497,78.565
312.597,118.128,82.016,76.746
309.671,122.751,80.961,75.400
308.180,126.878,79.993,74.571
309.104,123.653,79.041,73.107
308.857,129.097,78.050,72.012
308.450,133.357,77.358,71.835
314.638,137.185,76.559,71.200
306.073,139.517,75.780,71.748
313.893,135.864,75.421,71.318
304.875,140.117,75.136,71.467
417.219,142.428,42.561,43.144
416.338,137.548,42.325,42.904
415.422,133.633,42.156,42.734
414.460,130.672,42.080,42.656
413.323,129.533,42.355,42.935
412.405,126.616,42.190,42.768
412.312,125.522,42.376,42.957
412.378,126.588,42.245,42.823
412.353,127.563,42.294,42.873
412.320,129.530,42.361,42.941
413.388,131.599,42.224,42.803
414.434,135.645,42.132,42.709
415.426,136.637,42.148,42.725
416.499,138.712,42.001,42.577
416.528,139.740,41.945,42.519
416.520,138.732,41.961,42.536
416.482,138.694,42.036,42.612
416.538,137.751,41.924,42.499
416.581,136.795,41.837,42.410
415.592,135.806,41.815,42.388
414.650,134.865,41.699,42.270
413.633,133.847,41.735,42.306
412.665,132.879,41.671,42.242
411.697,131.912,41.606,42.176
410.726,129.942,41.547,42.116
408.789,128.005,41.422,41.989
408.894,126.112,41.212,41.777
409.007,123.226,40.986,41.547
409.116,120.337,40.768,41.326
409.160,118.381,40.681,41.238
409.248,116.470,40.505,41.060
410.288,114.511,40.425,40.978
410.250,113.473,40.499,41.054
411.283,111.506,40.434,40.988
411.276,110.499,40.448,41.002
412.315,108.538,40.371,40.924
413.274,107.497,40.452,41.006
413.204,105.426,40.591,41.147
413.124,105.345,40.752,41.310
413.077,104.297,40.846,41.406
413.028,103.248,40.944,41.505
414.016,101.235,40.968,41.530
405.189,80.496,66.257,79.659
406.173,78.646,66.479,77.940
407.608,76.521,66.475,76.565
407.482,74.629,66.368,75.504
406.410,80.949,66.433,73.526
406.766,80.031,66.148,71.910
407.331,85.598,65.636,70.357
407.742,90.593,65.051,69.174
409.387,88.941,64.246,68.243
410.064,94.356,63.581,67.434
409.889,99.227,63.128,66.804
422.166,109.388,40.667,41.224
421.079,113.300,40.841,41.401
421.080,118.300,40.841,41.400
420.988,122.207,41.024,41.586
418.983,125.202,41.034,41.596
417.886,129.103,41.228,41.793
414.832,131.049,41.336,41.903
413.853,134.070,41.295,41.860
410.888,137.105,41.224,41.789
406.888,141.106,41.223,41.788
400.674,143.889,41.652,42.222
394.559,145.772,41.883,42.456
387.485,148.697,42.030,42.606
382.452,150.664,42.095,42.672
377.342,151.552,42.316,42.895
372.249,153.458,42.502,43.085
368.063,157.269,42.874,43.461
363.072,160.279,42.856,43.443
359.051,166.257,42.898,43.486
355.066,172.272,42.868,43.455
350.101,176.308,42.798,43.384
333.032,162.139,62.902,72.101
322.256,163.495,68.127,67.971
314.465,163.943,72.766,64.171
304.574,163.561,77.085,60.688
282.908,88.665,76.633,60.877
287.774,83.084,78.658,58.351
288.485,83.730,79.581,56.855
285.233,84.938,80.290,55.640
287.690,85.241,80.669,54.816
288.092,85.323,80.922,54.214
284.620,86.067,81.386,53.497
286.661,85.574,81.675,52.996
289.381,81.048,81.829,51.735
291.029,82.388,81.358,51.218
287.617,82.985,81.243,50.908
289.413,82.865,80.791,50.766
289.972,82.541,80.449,50.539
291.212,82.923,79.954,50.344
287.807,83.887,79.652,50.056
290.603,85.200,79.618,49.649
292.631,85.998,78.987,49.277
293.791,85.707,78.445,49.325
290.740,88.264,75.967,50.999
294.335,88.156,73.248,52.924
296.157,80.508,73.970,51.347
298.177,82.536,71.965,52.477
298.283,76.725,72.882,50.718
298.358,76.668,73.673,49.299
297.706,76.695,74.131,48.226
297.648,77.689,74.101,47.337
296.820,78.698,74.062,46.597
293.062,80.656,74.448,45.905
289.829,81.379,75.054,45.266
288.277,82.285,76.164,44.699
286.331,82.835,77.447,44.374
283.761,83.011,78.766,44.142
281.781,83.409,79.854,43.992
282.107,84.384,80.768,43.968
287.029,79.291,81.035,44.077
281.928,86.562,77.218,47.376
284.348,85.381,74.104,49.795
287.095,78.604,72.262,51.593
289.367,78.339,70.618,52.884
367.054,121.233,46.892,47.534
335.156,109.172,66.553,57.188
335.797,106.156,64.340,60.690
335.676,104.298,63.262,62.735
341.117,101.947,62.028,64.809
341.025,100.327,60.904,66.969
340.032,98.733,60.532,68.842
348.546,94.585,56.699,73.353
348.797,91.745,54.170,76.531
349.225,90.319,52.306,79.106
349.276,89.360,51.100,81.076
349.569,88.446,50.131,82.877
348.917,88.301,49.384,84.374
348.326,88.383,49.228,85.692
343.031,96.952,52.201,82.994
339.935,96.794,54.923,81.178
337.933,96.867,57.142,80.321
335.853,96.891,59.228,79.872
334.295,96.156,61.364,79.924
338.290,95.329,63.286,79.900
335.591,94.883,65.378,80.145
333.728,94.368,67.530,80.622
332.359,93.146,69.855,81.134
330.386,92.088,72.025,82.223
328.976,91.354,74.138,83.327
327.160,90.378,76.233,84.084
326.436,89.685,78.237,84.714
325.045,87.989,80.024,85.586
324.222,86.822,81.750,86.205
323.966,85.275,83.084,87.137
324.372,84.451,84.330,87.967
323.316,83.354,85.790,88.564
322.297,82.211,86.747,89.366
320.235,80.689,88.207,90.176
319.604,78.709,89.365,91.024
317.215,76.603,90.530,91.596
315.132,74.141,91.433,91.876
313.825,72.281,92.228,91.943
312.686,71.994,92.908,91.716
310.615,71.978,93.861,91.984
309.043,72.619,94.625,92.010
307.289,72.990,95.422,92.155
305.620,75.133,96.413,91.778
304.277,75.872,96.957,91.565
303.518,76.957,97.061,91.794
302.583,78.539,96.890,92.143
301.051,79.610,96.957,92.518
300.757,81.079,97.241,92.967
301.692,81.612,97.327,93.590
301.417,81.874,97.298,94.159
300.966,82.977,97.533,94.559
300.118,83.754,98.220,95.041
293.039,84.441,97.881,95.241
295.604,85.522,97.395,95.815
296.740,86.040,97.419,96.100
297.709,85.670,97.827,96.024
290.633,86.139,97.692,95.527
295.058,86.878,97.112,95.887
297.410,86.751,96.822,96.017
297.996,87.113,96.868,95.977
298.389,87.747,97.069,96.114
298.405,88.400,97.253,96.205
291.023,89.523,96.146,96.438
293.218,90.728,95.489,96.689
295.244,91.985,94.721,96.942
289.208,93.446,93.734,97.354
292.534,93.102,92.517,97.518
295.572,93.349,91.771,98.153
295.694,92.345,91.208,98.487
296.626,92.261,90.329,98.704
297.989,92.012,89.758,99.054
298.354,92.683,90.099,99.537
298.020,94.928,91.037,98.921
296.511,97.036,92.746,98.294
295.027,98.850,94.622,97.525
293.494,100.181,96.233,97.409
285.827,102.486,96.387,97.642
288.178,103.245,97.343,97.961
289.969,104.117,98.354,97.883
290.145,104.868,99.942,97.410
290.425,106.093,101.134,97.204
289.369,106.628,102.666,96.940
288.391,107.351,104.026,96.810
287.306,107.608,104.963,96.826
285.941,107.789,105.732,96.866
285.220,107.718,106.512,97.030
284.761,107.147,107.010,97.047
284.224,106.590,107.324,97.210
284.587,105.563,107.439,97.163
284.927,104.625,107.216,97.488
285.359,103.439,106.836,97.661
285.240,102.114,106.696,97.751
285.492,101.243,106.382,97.833
285.094,100.798,106.169,97.994
284.540,101.625,106.477,97.886
284.404,102.340,106.589,97.929
284.099,103.153,105.966,98.072
285.071,104.464,105.482,98.247
285.257,105.549,105.257,97.967
286.211,106.118,104.938,98.034
286.001,106.443,104.785,98.155
284.067,106.645,105.030,98.020
282.804,105.769,105.155,98.192
280.057,104.956,105.191,98.452
278.926,104.307,104.963,98.334
277.996,104.240,104.352,97.834
276.940,103.637,104.340,97.308
276.866,103.398,103.871,96.932
276.888,103.090,103.586,96.299
276.831,103.161,103.180,96.088
276.603,103.383,102.910,95.737
275.593,104.034,102.889,95.312
275.018,103.938,102.556,94.985
275.721,104.125,101.897,94.847
276.436,103.023,101.105,95.094
277.183,102.229,100.148,95.623
278.112,101.484,98.731,95.935
278.035,100.906,97.960,95.704
277.653,99.400,97.223,95.237
278.648,98.350,96.643,95.067
279.516,97.980,96.074,94.953
278.549,97.478,95.783,94.873
279.970,97.043,95.136,95.470
279.690,96.687,94.931,95.772
279.573,96.470,94.737,96.419
279.317,96.647,94.809,97.304
277.860,97.355,95.607,97.961
278.274,98.453,95.876,98.430
278.366,99.564,96.407,99.050
278.440,99.659,97.077,99.524
279.826,100.175,97.225,99.827
279.649,99.592,97.641,100.308
280.312,99.008,98.320,100.807
281.394,97.488,99.054,101.438
280.975,95.594,99.772,101.644
281.532,94.150,100.300,101.989
281.423,92.196,100.722,102.250
281.222,90.022,101.083,102.694
279.787,88.994,101.255,103.241
279.512,87.157,101.329,103.765
278.571,85.729,101.592,104.146
278.221,84.776,102.215,104.617
277.481,84.832,102.967,104.810
276.809,84.699,104.084,104.790
276.630,84.390,105.086,105.273
275.801,83.207,106.686,105.551
275.143,81.614,107.872,105.612
274.591,81.798,109.304,105.844
274.414,80.035,110.549,105.969
273.607,79.360,111.771,105.872
273.268,78.653,113.407,105.605
272.032,71.507,116.151,105.154
271.513,73.732,118.381,104.818
269.700,74.298,120.201,104.558
268.114,74.149,121.351,104.126
267.961,74.062,121.776,103.688
267.965,73.647,122.043,103.764
268.510,72.992,121.962,103.717
270.483,73.555,121.514,103.754
271.423,73.292,120.844,103.482
274.386,73.332,119.953,103.294
274.693,73.455,118.559,103.019
275.598,73.658,117.411,102.723
276.534,73.867,115.577,102.520
278.811,73.057,113.743,102.222
279.162,73.001,112.208,101.342
280.976,73.192,110.493,100.804
281.883,74.086,109.215,100.092
283.298,73.874,107.575,99.601
284.729,74.344,106.242,98.834
286.021,75.131,105.091,98.191
286.318,75.981,104.024,97.238
286.905,77.001,102.772,96.495
289.450,79.340,101.684,95.573
292.968,80.943,100.001,95.221
296.828,81.821,98.444,94.796
298.318,82.869,97.064,95.012
299.171,84.674,95.950,94.751
300.409,84.403,94.934,94.734
301.709,86.710,94.340,94.482
303.018,88.378,93.718,94.433
304.844,90.289,93.650,93.827
304.403,91.168,92.835,93.412
304.201,93.030,92.679,92.909
304.499,94.418,92.140,92.750
303.202,94.751,92.240,92.465
303.642,96.991,92.598,91.946
303.543,96.717,92.957,91.461
301.516,95.804,93.065,90.855
300.848,97.266,93.444,90.449
298.096,98.776,93.235,90.094
297.209,98.583,93.716,90.092
295.110,99.146,94.162,90.222
294.865,99.444,94.705,90.236
294.558,99.589,94.927,90.472
293.920,99.863,95.056,90.699
293.280,99.015,94.948,91.407
292.202,98.691,94.829,92.088
290.545,97.757,94.905,92.350
290.053,97.533,95.356,92.948
288.361,95.877,95.606,94.230
286.781,95.300,96.032,95.424
286.210,94.475,97.092,96.312
286.023,93.663,97.565,97.767
285.575,93.648,97.785,99.205
285.247,93.197,98.295,100.184
284.712,93.858,98.764,100.723
284.593,94.821,99.286,101.390
284.743,95.067,100.100,101.721
284.089,95.516,100.716,102.061
283.808,95.859,100.922,102.518
282.485,95.784,100.465,103.221
280.460,96.245,100.334,103.598
280.001,97.685,100.318,103.611
279.037,98.780,100.393,103.526
279.154,100.078,100.918,103.268
279.530,101.548,101.472,103.127
279.617,101.877,102.219,102.425
279.572,102.742,103.076,101.878
280.077,103.440,103.466,101.509
280.493,104.554,103.499,101.583
280.362,105.691,103.646,101.186
278.863,106.386,104.168,100.558
278.809,107.128,104.173,100.463
278.209,107.302,104.518,100.250
277.667,107.211,104.633,100.104
277.391,106.979,104.828,99.739
277.750,107.072,104.633,99.836
278.675,107.594,104.476,99.794
279.874,109.023,104.139,99.761
280.136,108.978,104.370,99.801
280.862,109.802,104.499,99.861
281.364,109.290,104.210,99.703
281.652,109.082,104.209,99.790
282.583,109.846,103.771,100.105
283.044,109.707,103.621,100.082
283.255,109.209,103.651,100.227
283.128,109.529,103.551,100.182
283.148,109.842,103.638,99.997
283.023,109.987,103.551,99.950
283.449,109.839,103.061,100.121
284.332,110.351,102.562,100.328
283.874,110.562,102.579,100.001
284.267,111.261,102.340,99.693
284.063,111.253,102.364,99.477
284.574,111.618,102.147,99.471
284.551,112.058,101.841,99.310
284.154,112.145,101.581,99.393
284.394,111.484,101.395,99.698
284.548,111.481,101.087,99.929
285.193,111.759,100.697,100.045
285.993,111.467,100.426,100.168
286.721,112.139,99.954,100.110
287.223,112.292,99.414,100.349
287.985,112.911,99.313,100.466
288.478,112.441,99.138,100.661
289.763,112.837,98.616,101.154
290.596,112.714,98.016,101.304
291.108,112.810,97.357,101.231
291.508,112.947,96.887,101.212
291.351,113.103,96.475,101.118
290.924,114.250,95.954,101.063
291.444,115.940,95.345,100.676
290.725,115.950,94.813,99.952
290.260,118.026,94.482,99.610
289.925,118.900,94.207,99.483
289.258,118.631,93.950,99.392
288.617,118.498,93.288,99.688
287.973,119.075,93.206,99.553
287.342,119.125,93.352,99.327
287.702,118.866,93.493,99.313
288.105,118.946,93.675,99.096
288.433,118.480,93.734,99.323
288.288,117.947,93.730,99.755
289.066,118.660,93.484,99.852
289.659,119.122,93.268,99.264
290.026,120.502,92.785,99.241
290.907,122.495,92.595,98.907
290.664,123.592,92.428,98.515
291.324,125.100,92.330,98.450
291.596,126.172,92.371,98.182
292.639,128.294,92.130,97.799
293.460,130.388,91.747,97.227
294.311,132.176,91.738,96.600
294.963,134.360,91.699,96.035
294.567,135.553,91.861,95.302
295.823,136.153,91.816,94.822
296.458,136.724,91.714,94.469
297.918,137.413,91.310,94.073
298.917,137.172,90.841,93.600
299.564,137.391,90.689,93.208
299.861,136.877,90.450,92.972
299.843,136.441,90.509,92.670
299.488,136.094,90.314,92.325
298.720,135.384,90.192,91.921
297.715,135.553,89.381,91.600
297.463,136.261,88.631,91.223
297.365,137.012,87.936,91.005
297.694,137.755,87.449,91.262
297.566,140.440,87.449,91.638
297.542,142.733,87.387,91.894
297.246,145.360,87.623,91.955
297.324,147.783,87.920,91.844
298.488,149.081,88.266,91.729
298.141,150.685,88.509,91.789
299.194,151.624,88.475,91.698
299.722,152.241,88.006,91.471
300.041,152.435,87.614,91.284
300.395,152.609,87.083,91.344
300.508,152.405,86.909,91.142
300.182,151.584,86.497,91.138
300.061,150.013,86.414,91.349
299.997,149.456,86.304,91.313
299.737,148.442,85.861,91.397
300.642,147.838,85.658,91.259
301.521,147.248,85.631,91.506
302.626,145.261,85.485,91.984
303.007,142.912,85.396,92.119
303.646,140.880,85.525,92.418
304.504,138.183,85.659,93.078
305.051,135.556,85.943,93.414
304.740,132.333,86.823,93.847
305.413,129.801,87.646,94.535
305.731,126.405,88.289,95.339
304.485,123.495,88.752,95.871
303.882,120.133,88.998,96.699
303.198,117.217,89.719,97.321
299.286,113.660,90.810,97.836
296.012,111.256,91.515,97.939
293.088,110.714,92.138,98.243
290.694,110.035,92.490,98.533
288.162,110.023,92.709,98.622
286.087,109.807,93.071,98.795
283.817,109.618,93.317,99.030
283.200,109.775,93.556,99.190
282.353,109.762,93.639,99.497
281.768,109.875,93.986,99.718
280.589,110.070,94.140,99.838
280.131,111.118,94.117,99.963
279.272,111.536,94.220,99.945
278.761,111.915,94.410,99.918
278.749,112.646,94.427,99.842
278.183,112.848,94.818,99.972
277.132,113.352,95.081,100.069
277.057,113.114,95.130,100.132
277.211,112.917,95.179,100.116
277.501,113.695,95.265,100.309
277.541,112.985,95.519,100.379
278.161,112.453,95.407,100.506
279.076,112.664,95.484,100.636
279.030,112.048,95.595,100.815
278.716,111.982,95.791,100.859
278.420,111.838,95.951,101.024
279.895,111.296,95.816,101.466
280.703,110.800,96.330,101.543
281.813,110.831,96.820,101.455
281.611,109.831,97.505,101.302
280.540,108.992,98.186,101.483
280.912,109.459,98.679,101.262
280.312,109.290,99.051,101.294
280.864,110.259,99.308,101.078
280.501,109.853,99.575,101.271
281.396,110.348,99.697,101.310
281.041,109.617,100.136,101.534
280.780,109.155,100.317,101.685
280.880,108.752,100.545,101.839
280.661,108.006,100.855,102.078
281.019,107.348,101.109,102.256
281.395,107.666,101.353,102.483
281.346,108.105,101.530,102.589
281.322,108.127,101.975,102.764
281.799,108.583,102.078,102.955
282.052,108.744,102.341,103.143
281.748,109.698,102.519,103.281
281.174,110.874,102.954,103.093
280.239,111.444,103.278,103.132
279.879,112.798,103.207,103.234
279.427,113.649,103.090,103.272
279.395,114.890,103.199,103.183
278.458,116.178,103.585,103.269
278.037,117.731,103.557,103.373
277.814,118.868,103.368,103.623
278.623,119.380,103.164,103.824
278.752,120.386,102.904,103.792
278.991,120.529,102.779,104.082
279.502,120.387,102.778,104.251
279.590,120.083,102.819,104.664
281.000,120.465,102.613,104.927
281.504,120.034,102.729,105.254
282.579,118.810,102.505,105.169
284.222,118.062,102.059,105.475
287.044,118.131,101.164,105.521
287.203,116.646,101.839,103.954
286.870,117.150,101.526,103.556
283.735,116.732,101.676,103.406
283.987,116.734,100.246,103.836
285.123,118.039,99.426,103.946
285.543,119.587,99.706,103.640
286.980,119.979,100.695,103.696
288.610,119.406,100.968,103.787
288.165,118.097,101.506,103.696
289.524,117.568,101.779,104.114
290.267,117.063,102.372,104.437
290.541,116.222,102.988,104.680
290.979,115.745,103.552,105.033
292.138,116.501,103.793,105.446
292.965,117.062,104.075,105.732
295.202,118.323,103.964,106.023
295.890,118.882,104.178,106.341
297.956,119.957,104.232,106.333
299.936,120.996,104.309,106.511
301.390,121.947,104.442,106.620
303.314,121.612,104.443,106.733
305.964,122.651,104.527,106.793
307.236,122.663,104.540,106.799
308.196,122.239,104.478,106.794
309.325,121.642,104.437,106.819
310.172,119.487,104.474,106.874
310.985,118.555,104.555,106.956
310.207,117.268,104.738,106.852
308.596,115.270,104.922,106.806
307.936,114.263,105.285,106.848
306.883,113.671,105.843,106.844
305.801,111.743,106.387,106.514
304.525,110.168,107.149,106.473
301.971,108.008,107.774,106.560
299.838,106.948,108.427,106.439
297.544,105.802,108.896,106.169
295.394,103.820,109.273,105.812
293.730,102.693,109.508,105.532
292.894,102.163,109.602,105.253
290.918,100.571,109.361,104.565
289.684,100.826,109.186,104.519
288.194,100.483,108.929,104.274
286.566,102.005,108.510,103.934
285.339,102.810,108.098,103.735
284.405,104.220,107.513,103.513
283.390,105.553,106.928,103.173
283.380,106.797,106.490,102.925
282.525,107.635,105.920,102.770
281.925,109.131,105.510,102.478
280.956,109.693,104.970,102.379
281.062,110.616,104.422,102.183
280.463,110.446,103.842,102.252
282.058,111.467,103.113,102.123
281.855,111.861,103.150,101.731
282.629,112.821,102.961,101.222
282.496,112.770,102.409,100.325
280.640,113.087,101.423,98.306
283.538,117.217,99.260,98.726
288.754,118.486,97.322,100.223
291.918,119.064,97.106,100.362
292.734,118.795,97.577,100.787
293.066,119.199,98.004,101.017
294.108,120.379,98.441,101.544
295.476,121.489,98.619,102.073
296.071,121.530,99.006,102.712
296.403,122.100,99.493,102.912
296.796,121.977,99.773,103.186
297.273,121.892,99.948,103.347
297.104,121.753,100.340,103.473
297.012,121.717,100.774,103.568
297.458,121.006,100.984,103.835
298.036,121.341,100.771,104.108
298.951,120.729,100.872,104.448
299.394,120.785,100.993,104.548
299.662,120.182,101.132,104.848
299.803,120.325,101.448,104.757
299.265,120.607,101.679,104.641
299.430,120.928,101.871,104.444
299.415,121.117,101.859,104.433
298.302,121.321,102.231,104.422
296.545,121.253,102.766,104.388
294.371,121.988,103.134,104.198
293.383,121.292,103.040,104.150
291.585,121.915,103.227,103.924
290.760,121.849,103.076,103.855
290.382,121.869,102.827,103.818
289.679,121.921,102.919,103.910
289.447,122.270,102.928,104.060
289.575,122.153,102.863,104.409
290.526,122.572,102.363,104.947
291.162,122.269,102.266,105.375
292.197,123.392,102.104,105.582
292.976,122.901,102.312,105.456
293.712,123.389,102.473,105.387
293.381,123.651,102.955,104.933
292.970,123.989,103.274,104.564
292.999,124.733,103.390,104.455
292.678,125.211,103.621,104.418
293.327,125.833,103.574,104.934
292.135,125.292,104.396,104.883
292.197,125.806,104.448,105.194
292.649,126.646,104.499,105.520
291.576,126.203,104.888,105.587
291.023,125.776,105.268,105.572
290.430,125.525,105.797,105.501
290.827,126.236,105.756,106.079
290.650,125.600,106.103,105.942
290.196,125.938,106.176,106.291
290.167,126.004,106.409,106.421
289.533,125.542,106.378,106.314
289.635,126.356,106.625,106.461
288.854,125.879,106.783,106.392
289.490,126.566,106.709,106.478
288.239,126.476,106.951,106.335
287.489,125.889,107.042,106.147
287.908,126.135,106.633,106.646
288.116,126.287,106.676,106.843
287.580,126.002,106.776,106.739
287.470,127.271,106.780,106.724
284.995,127.823,107.162,106.563
284.167,128.760,107.443,106.375
282.851,131.211,107.546,106.318
280.031,132.094,107.720,106.394
278.113,134.156,107.610,106.740
277.976,136.556,107.526,106.706
277.993,137.734,106.854,107.213
278.416,139.403,105.829,107.739
276.865,140.413,105.475,108.006
275.681,142.523,105.573,108.572
275.044,143.737,106.179,109.233
273.582,144.692,106.846,109.626
272.800,144.849,107.418,110.455
272.216,144.548,108.274,110.930
271.867,144.449,109.145,110.711
270.664,144.673,109.833,110.506
270.588,144.335,110.404,110.441
270.811,144.184,110.739,110.309
267.573,144.254,111.417,109.986
266.140,144.125,111.699,109.659
266.438,143.249,112.037,109.214
265.599,141.788,112.317,108.457
263.560,140.421,112.365,107.998
262.827,139.511,112.149,107.861
262.824,138.755,112.438,107.442
261.886,138.310,112.598,107.668
260.559,138.875,112.435,107.638
260.784,139.053,111.832,107.858
260.078,139.105,111.194,107.458
261.508,139.314,110.072,107.432
261.481,139.236,109.073,106.938
263.224,138.935,108.020,106.299
266.252,138.506,106.475,105.426
267.693,139.347,105.230,104.058
268.957,139.736,104.111,102.975
271.255,140.033,102.896,101.816
272.639,140.373,100.717,100.656
273.687,140.428,98.710,99.525
273.645,140.399,97.053,98.820
273.516,139.334,95.464,98.238
274.913,139.703,93.944,98.326
275.879,140.499,92.737,98.164
277.080,140.983,91.840,97.690
278.854,141.682,90.535,97.219
280.103,142.870,89.276,96.913
280.683,142.794,88.810,96.721
282.001,142.741,88.727,96.694
282.347,142.477,88.732,96.933
283.064,142.571,89.306,97.594
283.040,142.482,89.822,98.329
283.294,142.450,90.337,99.092
283.425,142.010,91.031,99.631
282.299,141.578,91.316,100.368
281.377,141.520,91.760,100.843
280.742,140.811,92.637,101.670
280.716,139.963,93.317,102.227
281.182,139.891,94.068,102.841
280.323,138.696,95.024,103.201
279.134,138.272,95.874,103.643
277.728,136.583,96.575,104.224
277.179,134.754,97.693,104.703
275.936,134.058,98.656,105.463
275.023,133.693,99.499,106.618
273.818,132.989,100.394,107.449
272.140,132.868,101.183,108.481
270.942,133.056,102.205,109.480
269.975,133.022,104.151,110.508
267.799,134.807,105.388,111.488
269.825,136.387,106.009,112.348
271.218,138.347,106.495,112.790
272.726,139.044,106.996,112.314
273.473,139.951,107.000,112.052
275.072,139.950,106.957,111.563
276.106,139.858,106.965,110.654
276.144,139.057,107.195,109.826
275.597,136.731,107.634,109.122
275.399,133.022,108.180,108.604
276.331,130.891,108.627,107.978
277.313,128.586,108.792,106.992
277.141,124.885,109.204,106.647
277.051,122.682,109.571,105.894
277.222,119.959,109.792,104.815
277.775,119.122,109.111,104.482
278.425,117.829,108.596,104.519
278.485,117.316,108.081,104.509
278.639,116.157,107.719,104.537
279.188,116.491,107.034,104.071
278.956,116.750,106.359,103.706
278.845,116.718,105.614,103.410
278.246,116.527,105.111,103.332
278.532,116.829,105.000,102.888
279.406,118.570,104.751,102.507
281.174,119.316,104.626,101.887
282.068,119.461,104.377,101.350
281.986,121.047,104.162,100.808
282.602,123.046,103.135,100.494
283.950,124.765,101.748,100.008
284.149,126.385,100.973,99.371
282.974,126.760,100.084,98.522
281.233,126.943,98.779,97.916
279.895,127.207,97.802,97.282
278.830,127.953,97.022,96.916
276.498,128.120,96.199,96.340
275.203,127.827,95.437,96.212
273.841,127.823,95.168,95.925
273.390,127.704,95.133,95.600
273.377,127.849,95.262,95.281
273.097,128.637,95.512,94.739
274.138,129.420,95.432,94.770
274.637,130.204,95.964,94.540
275.326,131.069,96.338,94.271
276.375,132.484,96.705,94.184
277.480,133.544,96.904,94.211
278.830,134.069,97.089,94.383
280.152,134.561,97.101,95.086
282.269,135.320,96.637,95.813
284.117,135.116,97.027,96.453
285.737,135.056,97.418,97.306
287.113,134.939,97.964,98.214
287.409,134.509,98.337,99.120
288.487,145.271,98.954,99.151
299.268,144.495,98.929,98.560
298.727,143.982,99.315,97.919
299.256,144.607,100.003,97.518
299.125,145.331,100.667,97.267
298.564,146.700,101.103,96.928
297.574,146.529,100.950,96.514
297.936,146.660,100.815,96.619
297.415,146.789,100.305,96.206
296.197,146.424,99.542,95.829
295.746,147.344,98.524,95.367
295.222,147.944,96.913,94.431
294.047,148.600,95.526,93.594
294.350,148.685,93.877,93.276
293.649,148.770,92.199,92.798
292.978,149.925,90.921,92.328
292.972,150.442,89.810,91.782
292.276,150.769,88.975,91.514
292.262,151.020,88.344,91.283
292.554,151.478,87.802,90.991
292.224,152.236,87.310,90.752
292.742,152.422,86.600,90.669
292.688,152.481,85.690,90.893
292.963,152.552,84.513,90.693
292.831,151.702,83.376,90.224
292.147,150.927,82.209,89.950
291.213,150.575,81.151,89.734
290.816,150.061,80.535,89.554
290.350,148.915,79.967,89.622
289.310,147.669,79.848,89.641
289.157,146.169,79.273,90.011
287.891,144.429,78.816,90.161
287.589,142.796,79.008,90.242
287.059,140.903,79.136,90.475
286.343,139.448,79.232,90.687
285.194,137.448,79.336,91.202
284.315,135.355,79.865,91.665
283.181,133.050,80.551,92.133
282.774,130.649,80.987,92.648
282.014,128.448,81.787,93.304
281.248,126.175,82.720,93.890
280.245,123.381,83.800,94.783
278.936,120.784,84.972,95.363
278.665,118.626,86.034,95.773
278.217,116.561,87.223,96.170
276.744,114.827,88.538,96.384
275.317,113.899,89.957,96.662
274.161,113.527,90.899,96.738
272.943,113.364,91.857,96.904
272.197,113.120,92.657,97.050
270.795,112.678,93.487,97.354
269.743,111.844,94.476,97.814
270.049,111.316,95.083,98.400
268.515,110.301,96.204,99.305
267.613,108.635,97.219,100.484
267.862,107.720,98.270,101.083
267.341,106.777,99.387,101.294
266.981,106.279,100.608,101.420
266.591,105.666,101.535,101.582
265.954,104.590,102.593,101.544
265.418,103.898,103.637,101.463
264.784,104.384,104.214,101.436
265.330,104.721,104.767,101.039
265.269,104.866,105.208,100.732
265.597,105.775,105.781,100.326
265.605,107.465,106.127,100.090
265.465,108.997,106.130,99.766
266.032,111.232,105.972,99.148
265.981,113.415,105.437,98.635
267.001,115.189,104.788,98.040
267.565,117.662,104.163,97.580
267.717,118.945,103.327,97.657
269.132,120.795,101.864,97.918
270.214,121.597,100.441,97.866
272.896,121.134,98.809,97.925
271.620,121.506,97.731,97.724
272.802,122.193,96.412,97.184
273.618,122.158,95.020,97.345
274.388,122.801,93.681,97.171
276.593,122.411,92.198,97.184
277.329,123.299,90.822,96.428
279.750,124.015,89.409,96.012
281.701,125.760,88.590,95.780
284.605,128.043,87.989,95.473
286.715,130.285,87.475,95.203
287.896,132.031,87.261,94.590
287.139,132.767,87.184,94.406
286.308,132.987,87.241,94.325
284.978,131.927,87.465,94.981
282.704,130.109,87.926,95.800
282.031,128.270,88.345,96.492
280.557,125.314,88.616,97.526
278.305,122.530,89.100,98.364
276.086,120.298,89.721,99.361
275.201,118.876,90.358,99.952
273.411,116.897,91.101,100.753
272.764,115.780,91.497,101.331
270.987,115.095,92.163,101.889
269.807,114.295,92.763,102.845
267.976,112.174,93.161,104.140
265.362,110.666,94.045,105.790
261.822,109.469,95.457,107.195
257.506,108.012,97.197,108.965
252.390,106.822,99.037,110.756
247.153,105.207,100.457,113.105
241.726,102.525,101.988,115.063
236.437,99.271,103.760,117.021
230.738,95.536,104.984,119.149
225.171,92.206,106.280,120.919
219.768,88.156,107.423,122.473
215.324,82.929,108.715,123.872
211.749,76.869,110.255,124.629
207.953,71.314,111.781,125.301
207.353,67.110,112.319,126.705
207.358,64.446,112.581,128.105
208.410,61.254,112.594,129.109
209.719,55.982,112.929,129.565
211.139,52.540,112.741,129.562
211.443,49.894,112.797,129.380
213.393,48.276,112.663,128.816
215.258,47.911,113.170,127.973
215.680,49.974,113.596,127.070
217.381,51.980,113.177,126.789
219.176,58.763,113.064,126.881
220.576,66.311,113.357,126.564
232.659,72.317,113.825,125.018
231.895,76.542,114.518,122.796
233.639,78.541,114.441,121.661
235.444,77.710,115.049,120.421
235.063,76.186,114.662,119.535
234.752,72.495,114.499,119.766
235.280,66.212,114.072,120.298
237.234,53.597,114.103,121.793
240.890,50.336,114.140,123.204
245.371,47.127,114.314,123.747
247.604,37.437,115.256,123.442
252.759,36.729,115.309,124.898
257.151,33.756,115.265,126.170
260.758,31.543,115.336,126.891
263.728,29.777,115.689,127.627
266.454,28.764,115.755,128.155
268.686,28.695,116.243,128.828
271.040,28.314,116.830,129.786
273.467,28.022,117.357,130.664
274.844,27.002,117.869,131.463
274.751,25.821,119.220,132.089
273.824,25.054,120.657,132.842
272.930,23.817,122.259,133.521
271.707,22.462,124.175,135.105
269.698,19.911,125.739,136.885
268.397,18.219,127.477,138.706
267.623,16.872,128.969,140.508
266.510,16.272,130.700,142.094
267.356,15.664,132.666,143.952
