347.000,58.000,103.000,251.000
338.143,56.802,102.838,255.573
335.466,52.895,103.040,258.633
329.277,50.657,102.703,260.601
326.027,48.225,102.382,262.058
320.088,46.184,102.744,262.932
314.538,47.406,103.130,262.837
307.197,52.711,104.252,261.224
302.304,51.192,104.586,259.307
298.662,55.775,103.906,254.281
294.076,59.857,104.380,248.840
288.367,64.955,103.048,244.947
282.642,73.031,102.752,240.386
278.417,74.733,102.183,236.618
275.357,75.400,101.156,233.470
272.417,74.613,101.325,232.687
271.518,76.569,101.214,231.752
270.052,76.541,102.092,231.461
267.136,72.585,102.760,230.430
266.488,72.533,104.254,229.516
265.537,74.826,104.967,227.745
264.117,74.327,105.435,225.099
264.745,75.014,105.609,221.908
265.235,75.057,106.257,220.815
266.601,79.405,108.564,220.435
266.499,80.094,111.355,221.194
267.950,80.901,112.984,222.023
270.078,81.268,115.788,223.055
274.071,80.231,116.061,223.337
278.807,78.842,117.228,224.034
286.465,73.811,117.568,226.660
290.067,69.404,117.531,229.098
289.891,68.028,116.946,229.058
289.969,65.510,114.763,228.639
288.118,63.666,112.477,228.152
286.966,65.026,111.669,226.696
284.067,66.491,111.976,225.146
282.575,70.487,111.632,222.812
282.236,79.083,113.424,219.056
278.462,81.296,115.075,217.437
280.541,90.035,116.035,212.613
282.130,88.002,113.984,210.260
285.641,85.520,112.262,206.631
291.302,86.949,110.973,205.245
301.962,80.902,108.066,205.517
312.198,75.497,102.682,208.967
320.734,79.366,99.294,210.608
325.757,80.027,96.703,212.860
328.561,79.942,94.372,214.442
329.262,77.817,92.301,216.297
332.298,71.367,90.624,218.098
335.071,69.675,90.145,219.302
336.401,69.842,91.253,219.059
338.266,68.776,91.997,220.580
342.209,70.064,92.672,221.974
344.886,69.911,92.404,223.522
346.931,69.460,92.479,223.563
348.701,66.971,91.982,223.911
349.574,64.774,91.204,221.153
350.375,63.884,91.182,220.146
352.999,61.558,91.018,221.695
353.908,61.187,90.889,221.834
353.120,58.245,90.043,222.256
352.839,58.209,89.875,222.682
349.204,57.244,90.763,225.224
346.515,54.482,90.541,228.589
337.590,52.504,89.699,230.078
328.971,50.239,89.179,232.624
322.495,50.807,88.003,236.119
316.292,50.359,87.561,239.618
307.819,49.385,88.467,241.109
303.173,46.803,88.997,242.152
296.531,46.607,90.059,242.640
293.310,48.150,90.787,243.356
290.628,51.149,91.689,243.904
288.000,50.726,92.902,242.659
282.529,54.777,95.264,240.525
281.212,54.134,96.281,237.912
277.674,59.699,96.745,235.948
273.859,62.099,97.815,233.975
271.432,66.988,99.963,230.965
272.672,61.391,100.080,231.387
275.151,55.579,99.164,230.858
278.116,53.772,97.844,232.931
281.983,55.095,96.877,233.313
288.507,52.907,96.276,233.742
294.024,53.027,95.201,235.323
298.031,50.829,94.911,236.204
302.700,58.577,94.858,233.580
305.367,61.970,94.622,231.560
305.068,69.424,95.858,227.421
304.259,73.119,97.006,224.538
303.016,79.187,98.181,220.381
301.844,83.421,99.421,218.788
301.997,87.812,103.593,215.854
303.762,90.866,107.172,213.424
305.408,92.158,107.164,211.816
306.674,93.606,107.719,210.624
305.618,96.355,111.216,208.259
306.518,94.876,113.826,207.676
307.513,91.239,115.392,207.248
306.476,88.693,116.680,207.280
304.445,85.927,115.478,209.776
301.598,82.155,113.499,212.675
296.821,75.017,109.436,216.647
290.678,70.132,105.538,218.981
285.292,64.970,101.438,221.762
280.462,62.330,99.239,224.200
273.201,61.112,98.066,226.972
266.960,57.726,98.008,229.035
260.651,57.938,98.534,227.639
259.412,57.179,98.542,228.678
259.565,51.566,96.983,230.550
259.805,51.211,95.115,231.569
260.446,51.143,92.570,232.891
261.175,50.722,90.744,234.322
263.180,51.125,89.786,233.465
265.102,53.201,89.362,231.516
267.360,57.573,89.929,229.269
270.552,54.576,90.236,229.073
276.659,55.023,91.485,228.858
282.125,51.847,92.391,231.124
289.422,49.414,92.961,233.703
295.030,47.298,93.575,236.222
301.430,51.388,95.423,237.875
307.037,45.957,96.131,240.366
310.948,48.683,98.654,241.277
313.087,46.076,100.115,243.487
312.153,51.213,100.499,244.721
311.038,54.673,100.557,243.649
313.657,54.312,99.787,241.923
314.192,56.225,98.827,240.448
314.813,60.081,97.606,238.312
311.550,65.014,98.466,235.852
311.181,66.781,97.710,233.721
308.796,69.721,99.874,231.279
308.216,66.365,99.415,232.188
308.742,60.951,98.180,234.127
306.124,56.523,96.431,236.281
302.689,53.739,94.274,239.716
297.282,53.459,94.032,242.209
294.421,54.482,94.734,242.166
291.930,54.184,94.207,241.651
290.069,54.907,93.616,241.388
287.745,58.466,94.250,237.967
286.446,59.404,93.283,234.362
284.243,61.581,92.386,232.469
282.416,62.999,92.471,231.223
278.500,59.849,90.801,227.459
274.543,58.696,90.038,224.019
277.542,58.387,89.253,221.552
278.809,56.858,89.735,219.663
284.539,58.144,89.913,219.011
288.363,59.079,90.055,218.487
289.548,61.273,88.802,215.595
289.921,64.720,88.600,213.113
292.959,66.294,88.443,213.159
295.626,66.879,89.263,212.547
299.624,67.930,90.881,209.223
300.089,64.148,89.971,205.783
299.361,60.427,87.741,206.744
302.105,57.806,84.890,209.399
308.441,54.790,83.191,211.358
311.505,50.816,81.363,213.218
311.556,51.182,81.858,216.478
313.703,47.601,82.113,216.416
317.487,50.923,81.343,214.883
319.092,50.799,80.601,213.255
322.764,51.759,80.730,212.085
324.336,54.650,81.563,210.144
328.501,54.497,81.454,208.015
328.804,52.014,81.902,207.980
329.272,50.129,82.996,205.335
329.078,50.701,82.844,205.092
329.435,52.504,83.048,205.033
328.637,54.328,83.832,206.624
322.093,54.284,84.151,206.816
322.885,49.788,83.174,205.753
328.511,53.491,84.474,204.387
332.642,55.979,84.653,201.346
333.460,58.573,83.852,197.879
335.422,61.491,84.156,196.335
339.401,64.098,84.387,193.714
344.975,62.446,85.826,192.808
348.623,62.629,86.977,190.961
349.749,59.954,87.451,191.647
349.068,57.336,86.826,192.380
347.687,56.108,87.234,190.018
346.005,59.410,87.127,188.144
342.327,61.413,86.827,185.140
338.779,63.375,85.432,181.485
337.907,60.051,83.452,179.498
338.115,61.241,81.024,181.258
340.122,60.671,79.708,182.334
341.448,59.021,78.737,183.991
342.480,57.686,78.619,184.605
343.625,58.532,79.254,184.563
345.113,55.198,79.209,184.996
345.542,51.422,78.691,186.121
347.104,48.791,78.361,186.726
346.535,47.982,78.075,188.304
347.047,53.027,77.838,189.358
349.319,53.192,76.938,192.029
350.849,53.513,77.054,193.694
351.860,53.807,77.438,194.337
350.906,57.265,77.900,194.483
351.573,57.619,78.526,194.841
352.325,57.245,78.763,196.057
352.336,57.994,78.768,197.140
350.591,57.295,78.390,198.388
349.054,55.563,78.115,200.391
349.239,54.097,77.748,203.118
348.010,50.681,77.786,205.628
344.631,44.099,76.235,207.375
342.298,41.411,75.328,207.511
341.433,42.725,76.759,207.188
340.051,46.000,78.786,206.305
337.008,53.981,82.008,203.163
333.594,56.871,85.329,201.961
329.202,59.699,89.548,200.209
325.183,64.323,93.162,197.316
320.082,68.643,95.841,193.620
317.203,72.605,97.749,190.243
316.043,75.064,99.928,185.705
314.833,77.665,101.976,182.183
307.233,83.041,112.021,171.011
304.864,86.763,119.900,162.559
305.257,89.066,126.005,156.633
306.645,91.220,129.362,153.394
311.482,91.712,128.172,152.206
314.772,92.477,126.249,152.097
319.472,89.999,122.076,152.981
321.337,86.338,118.400,153.942
321.408,81.167,114.464,154.688
321.176,78.005,110.114,156.878
316.984,76.435,106.868,161.259
314.673,76.521,107.526,163.706
310.159,76.691,108.759,163.993
307.084,76.897,109.934,164.621
328.796,66.435,100.198,169.678
330.117,61.171,93.509,173.057
326.947,62.952,89.361,173.845
322.775,60.459,86.273,174.787
319.175,61.393,84.063,176.708
315.715,62.260,82.336,177.570
312.040,60.523,80.052,178.173
308.792,60.535,78.388,178.128
306.731,60.126,78.619,179.256
305.296,58.156,78.046,180.278
301.943,61.181,76.697,179.086
300.027,66.800,75.663,175.932
301.244,72.294,76.106,173.419
301.780,73.066,76.320,170.293
297.617,71.067,74.658,172.396
297.503,70.310,73.543,173.816
300.802,74.572,74.221,172.082
300.218,79.497,74.423,170.072
302.258,82.053,73.596,167.251
303.554,81.852,73.939,166.398
308.537,78.704,74.001,168.307
312.000,80.640,73.656,170.527
313.548,81.828,74.144,171.481
314.782,81.838,74.917,171.382
316.728,81.956,76.025,171.702
316.485,84.902,77.887,172.823
315.862,83.056,77.574,174.174
315.227,85.266,79.201,173.841
316.420,89.074,80.564,172.899
317.109,92.035,81.359,171.900
315.602,94.327,81.157,170.990
314.861,95.680,81.564,170.303
316.143,97.274,82.298,168.818
316.906,98.631,82.735,166.822
316.278,99.953,84.997,162.211
314.521,103.344,86.920,158.880
311.989,104.451,88.710,157.217
309.015,104.795,90.047,156.965
306.277,104.334,90.649,156.944
304.062,103.839,91.161,157.515
302.132,101.293,90.939,158.161
299.504,96.857,89.643,159.462
295.567,95.797,87.289,162.070
292.271,101.768,85.190,161.642
274.142,105.121,85.636,161.615
271.020,106.429,85.770,160.378
269.605,107.222,87.087,159.989
266.609,105.051,88.826,159.515
263.599,106.238,89.208,159.459
261.849,110.056,88.948,156.784
264.414,106.925,88.242,156.848
268.487,104.221,86.256,158.185
273.286,99.047,84.896,157.909
274.316,98.254,83.255,157.913
276.382,97.167,83.091,158.139
276.818,98.162,83.153,158.266
281.225,92.291,80.020,161.324
285.547,89.090,78.478,163.140
289.149,89.481,77.155,164.232
292.077,90.827,76.383,164.712
294.119,94.761,74.749,165.916
294.411,96.049,73.344,166.052
291.833,101.673,72.541,166.987
289.367,105.350,73.577,165.866
291.394,111.086,76.961,161.838
291.386,110.870,77.911,158.886
290.261,112.779,80.039,157.677
288.023,116.792,85.894,155.781
286.159,117.791,90.680,155.404
281.522,115.753,94.097,155.881
276.506,112.028,98.170,156.173
271.610,108.732,102.183,156.700
267.619,107.529,105.744,157.405
264.481,106.283,108.254,158.897
262.973,107.889,116.427,155.591
263.019,106.913,122.191,155.064
262.537,108.218,124.054,155.922
262.664,108.049,124.046,158.114
260.513,106.294,121.744,161.199
258.753,106.348,119.528,163.518
258.416,104.547,118.739,164.544
258.324,102.419,118.755,165.605
258.811,103.465,117.529,166.541
258.715,100.641,116.260,167.424
256.623,101.652,113.880,168.599
256.462,101.770,111.848,168.828
260.127,100.717,109.153,170.536
263.664,98.686,106.373,172.109
266.317,84.977,99.125,178.378
269.486,80.612,94.029,184.637
271.954,77.635,89.673,190.665
274.341,76.028,88.134,192.825
280.340,75.654,88.155,193.306
283.747,76.339,88.160,193.308
288.851,77.583,88.201,193.842
289.816,76.206,88.988,194.600
294.238,77.021,89.256,198.746
296.616,78.007,90.584,200.834
296.477,79.859,91.779,201.959
296.637,80.753,93.011,202.225
296.366,81.080,93.551,202.305
295.821,81.119,94.684,201.350
295.281,82.711,96.677,199.599
292.518,85.854,97.584,197.253
287.583,84.055,96.271,197.759
282.024,83.439,94.400,198.257
274.844,87.868,91.668,196.695
271.873,88.208,88.999,194.888
271.501,89.357,87.009,193.415
271.890,97.166,86.753,193.351
272.288,99.513,86.701,192.809
274.669,97.723,85.169,192.463
276.485,97.219,84.006,193.985
277.064,101.692,83.584,191.881
276.241,104.476,83.255,190.914
275.091,108.698,83.002,189.888
273.270,109.300,82.649,188.624
271.997,108.842,82.573,187.741
269.509,108.012,82.861,187.841
266.371,101.991,82.671,190.723
264.257,95.471,81.998,193.533
261.565,91.948,81.740,196.930
262.790,86.862,80.823,201.597
260.874,85.077,80.492,205.084
259.134,82.770,81.029,207.663
259.574,79.311,82.696,209.115
259.050,80.780,84.936,208.774
258.310,81.465,87.291,207.262
258.871,80.342,89.013,207.587
256.764,80.575,91.891,208.198
256.545,81.386,95.259,208.711
258.982,80.847,96.545,212.012
261.155,79.549,97.395,216.149
268.176,78.118,98.212,218.142
274.266,82.507,99.572,218.086
279.805,78.497,100.600,220.847
283.404,77.716,101.851,221.927
288.433,75.687,101.708,222.941
294.578,66.450,100.874,225.294
297.999,63.863,99.100,229.798
298.674,62.448,99.129,231.617
302.500,63.317,98.877,232.430
306.672,66.026,98.501,233.489
308.977,67.493,99.001,234.258
310.968,66.087,99.570,235.220
307.284,71.517,100.064,236.104
309.262,68.181,99.616,236.093
304.999,66.688,100.201,236.702
303.010,64.148,100.287,238.202
301.454,57.554,101.135,240.699
302.495,53.745,101.696,244.109
302.066,44.767,102.045,244.300
301.644,48.491,102.517,245.585
301.581,52.457,101.535,245.104
300.212,54.389,102.003,241.835
297.529,50.118,103.442,237.230
296.257,54.135,103.915,235.630
296.494,50.113,103.075,238.312
297.030,49.273,102.857,238.810
295.059,43.464,102.618,241.145
294.687,39.904,102.802,242.315
294.531,43.125,105.190,239.058
274.702,46.541,103.521,236.215
275.783,47.971,100.392,236.530
276.898,43.794,98.391,237.873
272.706,39.506,96.485,240.257
273.966,33.368,94.523,242.461
273.196,29.296,93.662,240.799
272.701,35.419,92.566,236.866
271.831,45.171,89.698,236.642
270.329,49.536,86.490,235.732
267.436,58.934,85.649,233.073
264.331,62.239,86.042,229.989
258.464,67.872,87.859,224.002
251.840,71.424,88.966,219.853
245.416,72.400,89.394,215.791
241.191,73.457,90.150,212.061
238.128,72.177,90.360,211.841
223.786,41.109,123.429,300.783
214.961,38.100,125.077,304.800
224.996,67.385,90.420,217.957
218.909,69.206,88.825,218.001
215.078,71.278,87.317,219.431
210.969,71.745,85.234,221.158
208.128,72.770,83.111,222.438
206.683,77.243,81.830,220.513
206.784,77.467,81.091,218.403
207.517,74.022,80.625,219.136
196.593,41.201,125.815,306.598
215.835,69.041,84.145,219.381
211.479,69.555,85.574,220.965
209.685,69.024,85.867,221.539
208.777,68.833,86.036,221.219
211.164,71.327,85.088,218.528
200.914,40.110,129.173,314.780
218.737,85.346,83.574,211.693
199.542,39.205,129.915,316.590
195.256,38.507,130.488,317.985
194.279,37.562,130.443,317.875
191.267,36.535,130.465,317.930
209.761,90.741,80.454,199.474
206.070,87.335,77.923,202.298
205.408,85.054,75.538,206.564
210.890,89.082,75.712,205.592
199.828,33.463,131.345,320.074
205.257,35.511,130.485,317.979
225.458,96.374,80.466,198.176
223.808,100.289,82.156,194.629
221.118,99.859,84.536,190.791
220.072,102.148,84.569,188.196
218.732,101.189,84.283,187.791
217.590,103.200,84.260,187.704
214.779,103.452,84.495,187.312
214.163,104.968,84.188,185.908
212.993,106.369,84.356,184.082
214.282,109.181,83.522,182.512
216.113,112.177,83.353,179.870
216.252,117.640,82.385,177.104
215.455,120.075,82.482,175.855
214.383,120.525,81.419,177.339
214.115,119.530,81.308,179.542
200.129,118.100,80.109,181.438
202.314,115.773,78.845,183.171
213.220,42.730,124.560,303.539
269.979,105.034,79.503,186.509
286.402,100.251,79.171,189.156
286.548,97.268,79.153,192.283
287.212,94.907,81.812,195.856
287.901,91.416,83.345,199.365
287.578,91.217,84.385,201.367
288.868,92.458,85.690,204.431
290.778,93.977,86.927,208.138
291.342,94.593,87.860,211.752
291.616,92.203,90.028,214.736
