232.000,88.000,76.000,84.000
238.567,87.095,76.723,83.790
246.583,87.161,77.515,83.502
259.018,90.309,76.493,82.704
265.547,93.991,75.966,82.135
277.039,98.166,75.083,81.334
287.879,101.991,74.494,80.553
294.082,105.406,73.826,80.102
299.342,108.330,73.170,79.640
305.175,110.332,73.057,79.082
310.977,111.663,72.822,78.689
316.354,112.440,72.777,78.143
318.582,111.859,72.755,76.872
313.701,109.390,72.474,76.621
302.074,106.150,71.840,76.523
294.519,103.120,71.253,77.279
279.131,99.057,71.659,78.765
264.295,94.411,72.493,79.977
250.248,91.636,73.649,80.911
241.215,92.440,74.578,80.705
235.827,92.392,75.075,82.652
222.917,90.350,75.447,84.217
211.784,86.844,76.634,84.059
209.762,84.319,77.420,84.104
214.438,83.095,75.615,85.514
221.070,85.043,75.547,85.769
235.228,88.242,75.765,86.325
243.820,89.773,77.114,85.841
260.387,92.169,76.498,86.328
270.420,96.057,75.106,86.208
284.077,99.901,73.874,86.606
295.380,103.793,72.683,86.551
300.624,106.245,72.080,86.304
303.618,105.606,71.203,87.924
300.775,107.866,72.412,86.203
298.023,110.299,73.154,84.879
293.929,111.956,74.321,83.908
288.643,111.751,75.956,82.801
277.446,110.972,78.031,82.546
264.559,110.865,79.520,81.856
251.210,102.383,80.482,82.250
238.048,99.791,80.450,83.446
234.231,86.779,80.592,85.207
234.072,82.940,81.134,87.044
239.926,81.219,82.841,87.661
260.934,78.578,84.301,88.952
294.595,76.134,83.827,90.718
317.727,74.339,82.686,91.513
338.899,73.826,81.769,91.062
346.235,74.718,80.804,90.654
348.876,78.708,80.191,89.945
340.192,83.337,79.530,88.133
327.653,91.465,77.674,86.177
311.031,97.103,76.958,84.369
291.144,102.339,77.238,82.357
263.145,105.190,75.959,82.475
238.882,107.645,76.638,83.088
215.786,112.394,76.322,83.209
212.808,135.305,77.358,81.319
210.604,136.390,79.449,80.211
211.348,136.634,80.614,79.455
171.319,106.142,79.362,87.715
176.362,89.319,80.705,79.974
191.370,76.277,81.418,79.927
207.389,66.812,80.921,81.736
228.361,55.646,81.486,82.653
251.294,54.217,82.554,83.141
275.877,53.715,84.127,83.474
295.555,54.864,85.453,84.625
304.202,54.354,84.844,86.459
299.262,54.240,85.289,88.224
298.185,57.005,84.350,89.337
308.288,59.734,85.088,90.056
316.683,61.755,85.113,92.349
332.351,75.513,87.068,92.630
351.534,73.989,87.900,93.530
371.641,69.470,87.859,94.921
384.474,63.365,87.553,97.080
384.131,58.125,89.025,98.902
371.120,55.468,92.759,98.794
356.923,55.767,96.133,98.319
328.961,59.033,99.359,97.579
302.876,62.686,99.961,97.084
277.067,64.281,100.287,97.080
252.972,66.433,99.724,97.675
237.858,68.225,99.188,97.856
224.763,69.710,98.252,98.576
211.923,72.251,96.942,98.755
199.573,71.711,94.934,98.952
194.674,69.726,95.331,98.921
180.238,67.147,95.044,98.865
179.983,56.991,96.505,97.644
158.123,48.374,97.767,96.100
127.087,47.254,91.825,101.491
104.623,57.598,98.280,94.959
108.476,59.343,97.620,94.702
111.345,65.183,97.189,93.465
116.224,71.980,96.502,92.559
120.879,77.527,95.077,92.489
139.499,81.066,93.807,92.938
148.502,83.234,92.074,93.270
159.356,75.798,90.993,91.638
175.008,88.053,91.735,89.512
180.870,89.324,89.526,89.169
178.020,92.182,87.655,88.882
206.717,59.845,88.236,89.035
204.683,58.947,88.566,89.000
196.299,60.476,89.234,87.504
194.292,63.139,88.929,87.168
195.168,66.760,86.557,87.484
206.683,71.302,84.263,87.876
219.036,75.799,82.300,88.280
231.758,80.093,81.994,87.598
248.314,82.785,82.586,86.652
272.941,87.036,81.997,86.661
293.733,91.269,82.304,85.440
318.484,93.961,81.405,84.041
335.586,94.618,80.618,83.251
350.569,94.365,78.777,82.341
357.689,93.558,76.891,81.321
363.314,93.399,75.900,80.172
365.074,95.187,75.661,78.834
365.237,98.039,76.032,76.646
363.078,100.841,76.127,74.649
361.973,102.631,75.896,73.253
364.596,100.213,75.501,73.732
366.921,93.742,75.084,75.524
366.484,88.311,75.906,77.141
356.839,83.737,77.561,78.830
344.406,80.924,80.017,79.251
332.601,72.432,81.274,79.529
310.156,75.665,83.877,80.121
297.755,68.064,84.524,80.217
297.380,60.524,83.853,80.361
286.509,62.054,82.529,81.006
254.932,63.289,81.436,81.687
230.044,66.933,80.697,81.418
217.206,69.337,81.878,80.955
204.365,71.481,83.156,80.118
181.346,75.019,86.086,78.051
169.980,70.328,86.702,77.001
145.305,83.745,86.806,76.836
131.453,86.011,86.572,77.357
116.354,87.393,84.993,79.020
110.226,89.533,83.107,80.030
107.017,89.228,81.230,81.371
112.911,79.786,81.235,81.619
125.576,81.005,80.657,80.471
139.045,75.263,81.702,79.117
153.091,80.174,82.694,78.113
168.502,82.873,83.202,77.860
193.489,77.766,83.540,77.792
212.034,78.788,84.178,78.247
232.791,77.530,83.725,79.766
261.524,74.999,84.075,81.312
283.308,69.353,83.720,84.176
306.038,63.224,83.157,86.214
320.747,49.489,82.173,87.318
329.918,49.059,81.966,87.759
328.721,48.861,83.679,88.084
326.400,49.707,85.567,88.458
321.803,50.968,87.409,88.262
306.496,47.729,88.890,89.900
300.137,47.188,89.863,90.129
284.120,48.640,89.774,91.465
277.168,52.441,88.820,91.594
263.583,55.653,88.730,90.773
250.668,59.416,87.969,90.303
238.628,62.538,86.484,89.804
225.575,63.740,85.438,88.822
223.658,65.888,86.155,88.347
208.471,66.905,86.652,87.070
182.037,70.690,88.709,84.636
165.274,72.227,89.573,83.155
153.654,73.917,87.051,83.442
155.307,75.131,85.312,81.670
163.800,78.289,84.700,80.338
180.066,80.401,84.820,78.699
197.815,80.985,84.448,78.257
226.503,78.073,84.669,80.112
245.458,71.786,84.126,82.618
255.258,65.438,83.223,85.323
252.223,63.791,84.986,86.565
237.451,64.197,86.243,87.310
221.548,63.253,86.552,87.999
218.054,59.655,86.901,88.822
227.308,52.974,87.406,91.293
244.209,45.851,85.589,94.492
257.019,43.579,83.353,96.343
261.975,56.292,83.261,97.998
265.383,71.767,82.372,99.900
260.774,85.716,81.459,99.794
256.428,89.387,79.593,100.126
258.755,90.518,78.903,98.683
266.060,89.702,79.207,97.664
278.485,88.944,79.307,96.369
282.054,87.120,78.994,95.565
277.610,73.753,78.181,95.831
269.746,70.804,79.674,95.699
265.052,64.223,80.718,96.383
264.418,58.467,82.156,97.484
257.375,50.186,85.127,95.840
241.642,50.512,86.599,94.379
228.805,61.318,86.340,95.141
228.581,75.316,85.512,95.544
228.144,78.406,85.545,97.543
235.088,72.003,83.968,98.358
241.071,64.636,83.200,99.243
238.739,61.426,82.155,97.266
232.711,59.435,81.374,94.295
221.270,65.571,81.994,90.708
213.678,69.939,82.624,89.570
211.799,69.876,83.982,87.895
227.937,59.955,82.801,88.952
240.944,50.284,81.159,89.800
253.733,40.922,79.638,90.263
265.081,79.254,79.968,92.342
279.666,78.806,80.159,93.427
297.194,66.709,81.562,94.288
312.197,56.094,83.345,93.540
325.644,55.123,85.484,92.193
331.677,54.978,86.279,92.265
319.187,57.299,86.191,93.176
306.206,82.448,87.476,92.537
282.972,97.746,89.169,91.495
257.899,99.095,90.152,90.339
243.596,95.697,89.192,90.729
241.897,88.000,89.223,92.941
246.999,82.152,87.582,95.291
258.996,78.776,85.591,96.497
264.319,76.805,83.566,97.999
262.869,81.409,83.242,97.469
248.336,86.389,84.031,97.039
233.858,85.836,83.772,97.707
221.737,72.931,84.287,96.274
212.071,63.861,84.693,95.003
208.701,66.971,84.840,93.915
207.809,71.673,87.382,91.381
213.706,77.753,85.934,91.860
232.777,76.569,85.211,92.093
258.535,73.297,83.650,93.048
278.306,74.926,82.693,93.642
293.485,77.632,82.078,93.691
300.897,81.046,81.097,93.933
301.806,84.816,80.178,92.580
288.081,90.217,78.918,91.982
268.749,95.389,77.828,91.498
243.272,97.161,76.981,91.925
231.640,100.932,76.458,90.755
225.982,105.031,75.107,89.231
220.069,103.666,73.655,88.621
218.937,102.536,72.437,89.140
222.061,99.647,72.961,89.553
236.121,96.065,74.628,88.387
267.951,80.915,74.961,88.602
287.527,68.576,75.467,88.306
297.845,65.685,75.737,88.135
295.232,62.515,76.101,87.281
287.751,62.984,76.016,86.355
290.714,65.930,75.935,85.793
296.058,68.980,76.139,85.093
309.262,71.137,76.276,84.069
321.274,70.822,76.257,83.257
328.307,59.807,76.073,83.949
327.934,49.124,76.118,83.506
328.453,49.495,76.618,82.386
326.696,50.052,76.080,81.683
328.045,53.633,76.118,80.537
331.627,58.210,75.758,79.301
326.312,62.852,75.036,77.902
319.333,66.794,74.357,76.791
318.569,69.422,72.935,77.114
317.980,68.982,72.787,77.734
321.429,57.906,72.450,79.139
326.880,46.083,72.537,80.829
331.491,32.675,73.603,82.115
331.551,19.107,74.636,83.124
325.891,9.695,76.886,82.874
319.810,8.698,79.209,82.858
305.361,9.962,81.391,83.183
298.806,13.365,82.550,84.268
293.413,20.392,82.251,82.574
290.286,36.054,79.397,84.761
287.425,40.504,78.021,83.378
283.423,44.786,76.228,82.631
282.044,61.189,74.495,85.584
274.748,78.568,73.621,87.136
263.495,83.969,73.376,87.577
250.446,87.980,74.413,88.196
237.477,90.701,75.322,88.587
226.056,81.276,76.781,87.209
212.998,76.346,79.183,85.085
211.681,70.804,81.327,84.643
209.276,65.626,82.218,85.242
210.931,65.042,83.545,85.223
220.399,63.986,83.510,86.426
228.318,64.338,83.374,86.891
227.784,64.022,85.031,87.861
218.578,65.784,85.555,89.199
218.327,65.224,86.081,89.795
212.385,66.617,86.188,91.184
218.756,63.299,86.584,93.190
228.813,53.380,87.220,96.752
230.416,39.451,87.739,99.101
228.135,38.106,87.882,100.584
215.356,37.957,90.290,100.460
195.576,49.080,92.736,100.953
195.037,50.006,95.508,100.214
198.439,55.444,95.794,99.432
203.015,58.670,97.101,98.206
220.543,61.491,97.367,96.538
246.536,43.257,96.237,95.470
260.287,49.062,95.472,94.224
274.193,77.239,92.924,97.857
284.404,91.589,88.984,99.550
279.451,96.316,85.966,99.618
262.835,99.259,83.329,99.147
245.887,101.964,81.134,99.336
235.493,90.343,76.756,103.389
228.774,131.918,80.101,98.667
228.613,132.868,83.305,95.894
248.013,108.648,84.243,96.938
277.745,81.107,83.302,98.928
297.999,63.712,83.455,100.844
300.195,34.484,84.567,101.378
294.758,33.627,88.854,100.241
270.243,33.984,91.929,98.941
255.133,46.936,94.244,96.241
242.810,46.385,95.387,95.158
245.423,44.140,95.053,96.209
247.674,42.355,92.335,98.540
244.377,56.732,90.363,101.173
234.276,74.774,88.728,102.630
230.779,90.406,86.768,100.641
231.433,92.257,85.430,99.169
236.400,91.784,85.031,96.716
252.120,91.920,84.955,94.582
260.356,91.858,83.950,93.735
258.835,82.798,84.442,89.955
229.883,81.857,83.984,90.286
208.862,74.153,83.976,89.433
194.342,65.849,86.053,87.368
196.746,65.546,85.805,87.486
197.065,59.316,84.931,87.302
196.081,62.015,84.858,86.608
194.627,65.074,84.292,85.961
194.636,67.224,83.359,85.224
194.050,69.028,82.863,84.836
183.279,109.151,97.442,107.699
196.527,130.729,79.170,86.042
165.525,99.422,96.951,107.156
167.059,91.014,78.515,81.407
160.052,79.362,78.770,79.719
145.973,70.798,78.296,78.060
