70.000,51.000,107.000,87.000
68.093,49.856,107.000,87.000
68.474,48.712,107.000,87.000
69.983,52.213,104.718,85.145
68.117,54.079,104.718,85.145
66.250,49.227,104.718,85.145
68.863,51.839,104.718,85.145
66.250,53.706,104.718,85.145
68.117,50.346,104.718,85.145
67.743,53.706,104.718,85.145
65.877,49.600,104.718,85.145
66.997,52.213,104.718,85.145
65.877,50.346,104.718,85.145
66.997,51.466,104.718,85.145
63.902,47.813,107.035,87.029
65.047,48.958,107.035,87.029
63.902,49.339,107.035,87.029
64.284,50.484,107.035,87.029
61.912,46.750,109.403,88.954
59.183,48.700,109.403,88.954
61.912,49.870,109.403,88.954
59.183,50.260,109.403,88.954
58.793,49.090,109.403,88.954
59.183,51.040,109.403,88.954
56.759,49.651,111.824,90.922
55.563,48.456,111.824,90.922
57.556,48.854,111.824,90.922
53.424,46.608,114.298,92.934
57.392,47.991,111.860,90.952
55.740,45.744,114.335,92.964
54.518,45.337,114.335,92.964
55.740,46.559,114.335,92.964
55.333,47.782,114.335,92.964
53.295,48.189,114.335,92.964
55.693,46.431,111.897,90.982
57.687,49.223,111.897,90.982
57.288,46.431,111.897,90.982
53.981,48.321,114.373,92.995
54.022,48.920,111.934,91.012
55.219,46.127,111.934,91.012
56.416,48.122,111.934,91.012
54.421,49.319,111.934,91.012
58.012,44.930,111.934,91.012
56.815,46.127,111.934,91.012
56.416,48.122,111.934,91.012
57.613,46.925,111.934,91.012
57.214,48.920,111.934,91.012
57.613,50.915,111.934,91.012
59.960,49.962,109.547,89.071
58.008,50.353,109.547,89.071
61.522,53.086,109.547,89.071
63.066,49.143,107.211,87.171
63.448,50.290,107.211,87.171
60.773,49.143,107.211,87.171
64.977,51.818,107.211,87.171
63.830,52.965,107.211,87.171
67.270,49.525,107.211,87.171
64.361,49.350,104.924,85.312
66.231,52.716,104.924,85.312
68.849,50.098,104.924,85.312
66.724,52.089,102.687,83.493
64.894,53.919,102.687,83.493
67.456,55.017,102.687,83.493
69.286,50.991,102.687,83.493
68.188,52.089,102.687,83.493
70.018,53.187,102.687,83.493
65.992,48.429,102.687,83.493
68.554,50.991,102.687,83.493
68.188,53.553,102.687,83.493
68.224,51.974,100.497,81.713
67.150,53.048,100.497,81.713
70.373,54.839,100.497,81.713
69.719,55.365,98.354,79.970
69.078,55.204,96.256,78.265
69.774,55.708,94.204,76.596
70.109,54.029,94.204,76.596
71.437,59.053,92.195,74.962
72.104,62.703,90.229,73.364
70.772,57.554,92.225,74.987
69.786,58.540,92.225,74.987
70.772,60.841,92.225,74.987
71.438,62.591,90.258,73.388
69.830,62.269,90.258,73.388
70.795,60.661,90.258,73.388
71.117,64.200,90.258,73.388
71.438,64.521,90.258,73.388
69.187,62.913,90.258,73.388
71.438,63.235,90.258,73.388
69.610,64.947,88.334,71.823
71.184,65.262,88.334,71.823
70.240,66.207,88.334,71.823
71.184,64.633,88.334,71.823
69.610,65.577,88.334,71.823
70.555,65.262,88.334,71.823
70.586,63.904,86.450,70.291
72.127,64.212,86.450,70.291
73.051,65.136,86.450,70.291
71.511,63.596,86.450,70.291
72.435,63.287,86.450,70.291
73.359,64.828,86.450,70.291
72.435,62.055,86.450,70.291
72.743,63.596,86.450,70.291
73.051,60.822,86.450,70.291
75.208,62.363,86.450,70.291
76.749,59.590,86.450,70.291
75.824,61.747,86.450,70.291
76.133,58.357,86.450,70.291
76.441,59.898,86.450,70.291
76.749,60.822,86.450,70.291
77.673,61.747,86.450,70.291
76.133,59.590,86.450,70.291
78.290,60.514,86.450,70.291
77.365,62.055,86.450,70.291
77.673,59.898,86.450,70.291
77.365,62.055,86.450,70.291
78.290,62.979,86.450,70.291
80.696,61.650,84.606,68.792
79.188,60.142,84.606,68.792
81.299,64.062,84.606,68.792
79.188,64.364,84.606,68.792
80.696,65.269,84.606,68.792
81.601,64.967,84.606,68.792
83.109,67.078,84.606,68.792
80.998,63.761,84.606,68.792
82.506,67.681,84.606,68.792
81.601,65.570,84.606,68.792
82.506,67.078,84.606,68.792
82.807,67.983,84.606,68.792
81.903,67.078,84.606,68.792
85.823,70.998,84.606,68.792
84.315,68.887,84.606,68.792
83.410,67.380,84.606,68.792
85.290,67.557,86.478,70.314
84.982,65.400,86.478,70.314
85.290,62.625,86.478,70.314
86.831,64.167,86.478,70.314
88.989,62.625,86.478,70.314
86.831,62.934,86.478,70.314
88.989,62.009,86.478,70.314
87.073,60.911,88.391,71.870
89.278,61.856,88.391,71.870
89.593,58.391,88.391,71.870
90.539,57.446,88.391,71.870
93.374,56.501,88.391,71.870
93.059,56.185,88.391,71.870
92.744,55.240,88.391,71.870
93.689,55.555,88.391,71.870
93.374,56.501,88.391,71.870
93.059,53.035,88.391,71.870
96.127,55.927,86.507,70.337
93.969,52.535,86.507,70.337
96.377,56.554,84.662,68.837
97.283,56.856,84.662,68.837
99.395,59.572,84.662,68.837
97.886,57.460,84.662,68.837
101.809,59.572,84.662,68.837
100.904,58.063,84.662,68.837
103.016,61.382,84.662,68.837
103.318,60.477,84.662,68.837
105.093,63.829,82.856,67.369
104.798,61.762,82.856,67.369
105.093,64.420,82.856,67.369
105.979,61.171,82.856,67.369
106.865,64.420,82.856,67.369
107.751,61.171,82.856,67.369
109.228,63.829,82.856,67.369
108.688,64.832,81.089,65.932
110.133,64.543,81.089,65.932
110.422,64.832,81.089,65.932
111.867,65.699,81.089,65.932
111.578,64.832,81.089,65.932
112.445,65.121,81.089,65.932
114.468,65.410,81.089,65.932
116.169,68.620,79.360,64.526
115.886,68.337,79.360,64.526
116.734,66.923,79.360,64.526
118.715,64.943,79.360,64.526
117.300,65.226,79.360,64.526
119.846,62.680,79.360,64.526
111.683,60.499,83.634,68.001
120.129,62.322,79.360,64.526
122.674,62.040,79.360,64.526
123.523,60.060,79.360,64.526
122.461,61.565,77.668,63.150
124.399,59.074,77.668,63.150
122.461,59.904,77.668,63.150
123.845,57.967,77.668,63.150
124.122,57.136,77.668,63.150
125.506,56.306,77.668,63.150
125.783,57.690,77.668,63.150
125.506,55.752,77.668,63.150
127.444,54.922,77.668,63.150
127.721,53.537,77.668,63.150
126.890,56.029,77.668,63.150
128.274,54.645,77.668,63.150
128.551,56.583,77.668,63.150
129.382,55.752,77.668,63.150
130.212,55.475,77.668,63.150
131.043,57.967,77.668,63.150
130.212,55.475,77.668,63.150
132.704,57.967,77.668,63.150
131.319,55.475,77.668,63.150
133.257,59.628,77.668,63.150
133.819,59.501,76.011,61.804
135.173,59.230,76.011,61.804
136.528,57.875,76.011,61.804
136.033,61.406,74.390,60.486
138.104,62.307,72.804,59.196
139.630,63.188,71.252,57.933
139.884,62.426,71.252,57.933
139.910,65.247,69.732,56.698
142.147,63.507,69.732,56.698
142.395,65.744,69.732,56.698
144.632,64.999,69.732,56.698
144.881,65.744,69.732,56.698
145.129,65.496,69.732,56.698
148.029,65.382,68.245,55.489
147.785,67.084,68.245,55.489
149.975,66.355,68.245,55.489
150.704,66.598,68.245,55.489
150.461,67.814,68.245,55.489
151.191,66.111,68.245,55.489
153.867,66.841,68.245,55.489
153.623,67.571,68.245,55.489
154.840,68.301,68.245,55.489
155.569,66.111,68.245,55.489
156.299,65.868,68.245,55.489
158.002,66.598,68.245,55.489
158.732,66.841,68.245,55.489
158.975,64.165,68.245,55.489
160.191,65.382,68.245,55.489
161.153,68.083,66.790,54.306
161.391,65.941,66.790,54.306
164.010,67.607,66.790,54.306
164.493,65.662,65.365,53.148
164.260,67.759,65.365,53.148
166.822,68.458,65.365,53.148
166.589,70.089,65.365,53.148
167.960,70.431,63.971,52.014
169.556,70.203,63.971,52.014
169.579,71.856,62.607,50.905
171.141,71.633,62.607,50.905
172.257,71.410,62.607,50.905
171.141,71.633,62.607,50.905
174.042,71.410,62.607,50.905
173.373,69.848,62.607,50.905
173.596,72.303,62.607,50.905
173.373,69.848,62.607,50.905
176.836,70.606,61.272,49.819
176.181,69.514,61.272,49.819
178.147,70.606,61.272,49.819
177.491,68.640,61.272,49.819
177.710,69.732,61.272,49.819
179.239,67.330,61.272,49.819
182.078,67.985,61.272,49.819
180.112,66.893,61.272,49.819
182.951,68.422,61.272,49.819
182.296,66.457,61.272,49.819
184.262,67.112,61.272,49.819
183.606,67.330,61.272,49.819
182.951,67.548,61.272,49.819
184.480,66.893,61.272,49.819
184.262,68.422,61.272,49.819
185.790,66.457,61.272,49.819
186.446,67.985,61.272,49.819
186.227,69.514,61.272,49.819
186.882,67.112,61.272,49.819
188.411,68.640,61.272,49.819
187.319,69.732,61.272,49.819
189.285,71.261,61.272,49.819
190.377,70.606,61.272,49.819
188.411,72.572,61.272,49.819
189.503,74.537,61.272,49.819
189.285,73.445,61.272,49.819
190.813,71.043,61.272,49.819
191.032,72.572,61.272,49.819
190.377,70.606,61.272,49.819
191.469,67.330,61.272,49.819
192.124,66.675,61.272,49.819
194.672,66.154,59.965,48.757
194.030,65.085,59.965,48.757
196.381,68.291,59.965,48.757
194.609,66.643,61.292,49.836
195.702,67.735,61.292,49.836
195.483,70.575,61.292,49.836
195.265,70.794,61.292,49.836
196.794,71.012,61.292,49.836
196.139,69.483,61.292,49.836
197.668,69.264,61.292,49.836
196.139,68.172,61.292,49.836
197.668,66.206,61.292,49.836
197.886,67.735,61.292,49.836
198.105,67.517,61.292,49.836
198.760,66.424,61.292,49.836
198.542,67.517,61.292,49.836
197.886,68.609,61.292,49.836
199.416,69.701,61.292,49.836
197.886,69.920,61.292,49.836
199.416,70.138,61.292,49.836
199.859,70.880,59.985,48.773
201.116,72.431,58.706,47.733
200.907,69.710,58.706,47.733
200.279,69.083,58.706,47.733
202.163,68.455,58.706,47.733
203.209,67.409,58.706,47.733
204.255,67.200,58.706,47.733
204.464,69.083,58.706,47.733
205.092,68.873,58.706,47.733
204.883,71.175,58.706,47.733
205.092,70.129,58.706,47.733
205.301,72.431,58.706,47.733
205.511,69.710,58.706,47.733
206.557,71.594,58.706,47.733
206.124,74.322,60.005,48.789
206.766,70.686,60.005,48.789
207.835,73.894,60.005,48.789
207.194,71.969,60.005,48.789
209.689,71.047,58.725,47.748
208.642,72.093,58.725,47.748
210.108,69.791,58.725,47.748
211.154,72.093,58.725,47.748
209.270,72.721,58.725,47.748
211.154,71.256,58.725,47.748
211.363,73.558,58.725,47.748
211.154,75.442,58.725,47.748
212.619,73.140,58.725,47.748
211.991,75.442,58.725,47.748
213.875,73.140,58.725,47.748
213.247,75.024,58.725,47.748
212.619,75.652,58.725,47.748
214.922,73.768,58.725,47.748
214.294,74.814,58.725,47.748
213.247,73.768,58.725,47.748
215.131,74.396,58.725,47.748
215.759,72.930,58.725,47.748
214.294,73.977,58.725,47.748
215.759,73.349,58.725,47.748
214.458,73.038,60.024,48.805
215.528,74.108,60.024,48.805
215.314,72.610,60.024,48.805
217.667,73.680,60.024,48.805
215.742,72.610,60.024,48.805
217.667,72.396,60.024,48.805
217.025,70.899,60.024,48.805
218.095,69.401,60.024,48.805
217.881,67.903,60.024,48.805
218.523,69.829,60.024,48.805
218.309,70.043,60.024,48.805
217.667,74.108,60.024,48.805
217.881,77.317,60.024,48.805
220.662,78.815,60.024,48.805
219.165,79.884,60.024,48.805
220.662,78.387,60.024,48.805
220.876,76.033,60.024,48.805
220.878,73.496,61.352,49.885
222.409,69.778,61.352,49.885
222.628,63.874,61.352,49.885
223.284,61.468,61.352,49.885
221.471,57.513,62.710,50.988
222.141,59.972,62.710,50.988
222.812,59.748,62.710,50.988
223.035,62.207,62.710,50.988
223.488,64.690,61.373,49.901
221.957,68.846,61.373,49.901
223.488,71.252,61.373,49.901
223.707,72.346,61.373,49.901
224.363,73.440,61.373,49.901
224.582,73.659,61.373,49.901
225.238,74.315,61.373,49.901
226.332,72.346,61.373,49.901
225.676,71.252,61.373,49.901
227.207,71.471,61.373,49.901
226.988,71.690,61.373,49.901
226.332,71.908,61.373,49.901
225.238,72.127,61.373,49.901
226.602,69.987,62.730,51.005
225.037,72.446,62.730,51.005
226.602,70.434,62.730,51.005
225.484,70.210,62.730,51.005
226.155,70.434,62.730,51.005
225.484,71.104,62.730,51.005
225.708,72.670,62.730,51.005
227.273,72.446,62.730,51.005
225.571,74.067,61.393,49.917
226.228,75.162,61.393,49.917
226.884,77.569,61.393,49.917
226.228,76.474,61.393,49.917
226.446,77.569,61.393,49.917
227.103,80.851,61.393,49.917
226.446,81.945,61.393,49.917
224.915,83.039,61.393,49.917
227.759,84.133,61.393,49.917
226.228,79.100,61.393,49.917
226.884,75.818,61.393,49.917
225.790,77.350,61.393,49.917
225.133,74.067,61.393,49.917
225.790,76.912,61.393,49.917
224.258,79.319,61.393,49.917
225.790,80.413,61.393,49.917
224.258,81.945,61.393,49.917
226.228,82.164,61.393,49.917
224.696,78.882,61.393,49.917
224.039,78.225,61.393,49.917
225.133,77.131,61.393,49.917
223.602,76.474,61.393,49.917
222.508,73.630,61.393,49.917
224.039,74.286,61.393,49.917
222.945,72.317,61.393,49.917
224.039,71.223,61.393,49.917
223.821,70.129,61.393,49.917
223.602,70.347,61.393,49.917
222.070,71.442,61.393,49.917
224.477,71.660,61.393,49.917
222.945,71.879,61.393,49.917
222.726,73.411,61.393,49.917
222.070,74.505,61.393,49.917
223.602,72.098,61.393,49.917
222.508,72.754,61.393,49.917
221.851,70.785,61.393,49.917
223.383,69.691,61.393,49.917
222.289,69.910,61.393,49.917
224.696,69.253,61.393,49.917
222.726,67.284,61.393,49.917
222.945,70.129,61.393,49.917
222.289,70.785,61.393,49.917
221.632,71.879,61.393,49.917
220.272,69.738,62.751,51.022
220.294,72.653,61.413,49.934
219.638,70.683,61.413,49.934
222.046,67.838,61.413,49.934
224.016,68.932,61.413,49.934
221.608,71.778,61.413,49.934
220.513,71.121,61.413,49.934
218.981,70.464,61.413,49.934
219.425,72.052,60.103,48.869
217.649,72.178,61.433,49.950
216.554,71.521,61.433,49.950
215.021,70.864,61.433,49.950
216.992,73.711,61.433,49.950
215.325,72.766,60.123,48.885
213.548,72.892,61.453,49.967
212.891,73.549,61.453,49.967
215.301,72.892,61.453,49.967
212.453,74.425,61.453,49.967
211.796,73.330,61.453,49.967
210.701,73.549,61.453,49.967
210.920,73.330,61.453,49.967
209.825,73.987,61.453,49.967
209.168,75.959,61.453,49.967
210.263,74.863,61.453,49.967
209.168,75.082,61.453,49.967
212.568,76.248,60.143,48.901
210.209,74.319,60.143,48.901
208.709,74.534,60.143,48.901
208.495,74.748,60.143,48.901
208.709,74.534,60.143,48.901
207.637,74.748,60.143,48.901
207.851,74.105,60.143,48.901
207.873,74.420,58.860,47.858
206.824,74.629,58.860,47.858
208.712,74.839,58.860,47.858
207.663,73.790,58.860,47.858
207.034,72.741,58.860,47.858
207.663,72.112,58.860,47.858
210.390,74.000,58.860,47.858
207.243,72.112,58.860,47.858
205.504,73.106,60.162,48.917
206.147,71.605,60.162,48.917
203.924,71.731,61.493,49.999
204.791,74.588,60.182,48.933
207.151,73.087,60.182,48.933
204.791,74.159,60.182,48.933
205.006,74.803,60.182,48.933
206.936,73.301,60.182,48.933
204.577,75.661,60.182,48.933
206.936,75.017,60.182,48.933
205.006,73.945,60.182,48.933
204.362,75.875,60.182,48.933
206.722,74.374,60.182,48.933
205.649,75.017,60.182,48.933
204.148,73.516,60.182,48.933
204.150,74.087,61.514,50.016
203.930,72.552,61.514,50.016
203.273,71.895,61.514,50.016
201.455,72.479,62.875,51.122
201.909,72.376,61.534,50.032
202.567,74.350,61.534,50.032
205.418,72.376,61.534,50.032
203.749,74.389,60.222,48.965
206.110,71.599,60.222,48.965
202.891,73.960,60.222,48.965
201.388,72.887,60.222,48.965
201.603,74.389,60.222,48.965
203.105,74.174,60.222,48.965
201.173,74.389,60.222,48.965
202.512,74.961,61.554,50.049
201.853,74.303,61.554,50.049
200.756,73.644,61.554,50.049
199.848,72.408,62.916,51.156
201.418,73.529,62.916,51.156
201.193,72.408,62.916,51.156
200.072,73.978,62.916,51.156
200.745,71.959,62.916,51.156
199.624,73.529,62.916,51.156
198.951,71.062,62.916,51.156
200.521,72.632,62.916,51.156
199.246,72.962,61.574,50.065
199.904,70.547,61.574,50.065
198.368,68.572,61.574,50.065
198.149,69.669,61.574,50.065
199.685,67.694,61.574,50.065
197.271,68.792,61.574,50.065
199.246,70.328,61.574,50.065
197.710,70.108,61.574,50.065
199.685,71.206,61.574,50.065
198.149,68.792,61.574,50.065
198.151,69.376,62.936,51.173
196.756,69.508,64.329,52.305
198.820,67.903,64.329,52.305
198.132,68.591,64.329,52.305
201.113,70.196,64.329,52.305
199.508,69.967,64.329,52.305
198.361,71.113,64.329,52.305
199.049,69.967,64.329,52.305
200.654,69.738,64.329,52.305
197.673,70.426,64.329,52.305
198.580,71.204,62.957,51.189
198.356,72.326,62.957,51.189
198.131,72.551,62.957,51.189
197.907,74.121,62.957,51.189
197.909,73.788,64.350,52.322
198.597,74.017,64.350,52.322
197.450,74.247,64.350,52.322
198.597,75.393,64.350,52.322
199.744,71.953,64.350,52.322
199.056,73.100,64.350,52.322
200.661,73.788,64.350,52.322
199.712,73.447,65.774,53.480
201.353,73.213,65.774,53.480
200.180,73.447,65.774,53.480
200.415,72.744,65.774,53.480
201.587,72.978,65.774,53.480
200.415,74.150,65.774,53.480
201.118,72.978,65.774,53.480
199.946,73.682,65.774,53.480
202.056,72.978,65.774,53.480
201.822,72.275,65.774,53.480
201.587,72.509,65.774,53.480
201.353,72.744,65.774,53.480
203.463,73.447,65.774,53.480
201.822,72.275,65.774,53.480
203.463,71.103,65.774,53.480
202.759,71.806,65.774,53.480
202.525,72.040,65.774,53.480
203.697,69.931,65.774,53.480
205.338,71.572,65.774,53.480
205.827,69.277,67.229,54.663
206.545,69.996,67.229,54.663
205.827,69.757,67.229,54.663
205.587,71.434,67.229,54.663
206.306,69.277,67.229,54.663
205.587,68.558,67.229,54.663
205.347,70.236,67.229,54.663
207.504,68.079,67.229,54.663
208.452,68.893,65.795,53.497
207.481,69.031,67.251,54.681
206.762,69.750,67.251,54.681
209.398,70.469,67.251,54.681
211.076,69.750,67.251,54.681
210.581,70.886,68.739,55.891
211.600,72.047,70.260,57.127
210.043,69.077,71.814,58.391
211.835,67.285,71.814,58.391
213.115,69.589,71.814,58.391
212.055,69.740,73.403,59.683
213.686,69.894,75.027,61.003
213.418,66.952,75.027,61.003
213.151,68.289,75.027,61.003
214.488,68.557,75.027,61.003
215.290,66.150,75.027,61.003
215.023,68.557,75.027,61.003
215.290,67.754,75.027,61.003
216.627,69.626,75.027,61.003
217.685,67.957,73.427,59.703
217.423,70.836,73.427,59.703
217.685,71.621,73.427,59.703
219.517,72.406,73.427,59.703
220.302,72.668,73.427,59.703
220.041,74.500,73.427,59.703
222.215,74.111,75.052,61.023
222.483,75.449,75.052,61.023
223.820,72.506,75.052,61.023
223.553,73.308,75.052,61.023
225.960,75.181,75.052,61.023
225.693,70.098,75.052,61.023
227.030,70.901,75.052,61.023
228.143,68.838,76.712,62.374
227.323,70.205,76.712,62.374
229.237,70.479,76.712,62.374
230.057,71.299,76.712,62.374
230.877,69.932,76.712,62.374
231.697,70.752,76.712,62.374
231.424,71.026,76.712,62.374
233.885,69.112,76.712,62.374
233.611,69.932,76.712,62.374
235.525,69.112,76.712,62.374
235.799,71.026,76.712,62.374
234.432,71.299,76.712,62.374
236.892,71.572,76.712,62.374
239.732,68.897,78.410,63.754
238.893,69.176,78.410,63.754
239.732,67.220,78.410,63.754
242.247,65.822,78.410,63.754
242.526,66.102,78.410,63.754
242.806,65.822,78.410,63.754
245.321,67.779,78.410,63.754
247.278,66.940,78.410,63.754
247.557,69.456,78.410,63.754
250.072,68.058,78.410,63.754
248.675,68.338,78.410,63.754
252.308,67.499,78.410,63.754
251.470,69.456,78.410,63.754
251.472,67.301,80.144,65.164
252.067,68.654,81.918,66.606
252.943,67.778,81.918,66.606
251.483,68.654,81.918,66.606
254.111,70.114,81.918,66.606
252.651,70.990,81.918,66.606
253.260,68.739,83.730,68.080
253.558,72.021,83.730,68.080
256.244,68.739,83.730,68.080
255.008,70.772,85.583,69.586
248.633,60.206,91.735,74.588
256.376,68.817,87.476,71.125
255.441,71.624,87.476,71.125
257.623,69.441,87.476,71.125
257.935,71.000,87.476,71.125
256.376,71.935,87.476,71.125
258.559,70.376,87.476,71.125
260.741,68.194,87.476,71.125
261.053,68.506,87.476,71.125
260.118,68.817,87.476,71.125
262.300,69.753,87.476,71.125
260.741,67.570,87.476,71.125
262.300,70.376,87.476,71.125
261.365,69.441,87.476,71.125
264.795,67.882,87.476,71.125
261.988,69.441,87.476,71.125
264.795,68.506,87.476,71.125
262.612,69.441,87.476,71.125
264.795,70.376,87.476,71.125
263.236,68.194,87.476,71.125
266.665,68.506,87.476,71.125
265.730,68.817,87.476,71.125
265.418,70.376,87.476,71.125
267.601,71.312,87.476,71.125
266.665,71.624,87.476,71.125
269.471,72.559,87.476,71.125
267.289,74.118,87.476,71.125
