6.000,166.000,42.000,26.000
7.728,166.133,42.000,26.000
9.190,167.063,42.000,26.000
10.918,166.399,42.000,26.000
12.381,167.329,42.000,26.000
13.709,167.180,42.929,26.575
15.747,167.315,42.929,26.575
17.785,167.995,42.929,26.575
19.424,168.406,43.879,27.163
20.397,167.711,43.879,27.163
21.369,168.683,43.879,27.163
22.619,168.544,43.879,27.163
22.480,168.683,43.879,27.163
24.285,169.100,43.879,27.163
25.813,167.850,43.879,27.163
27.063,169.378,43.879,27.163
28.868,168.961,43.879,27.163
30.396,168.544,43.879,27.163
31.923,169.794,43.879,27.163
33.173,170.489,43.879,27.163
34.701,169.794,43.879,27.163
36.228,170.767,43.879,27.163
38.312,170.350,43.879,27.163
39.839,170.211,43.879,27.163
41.089,170.905,43.879,27.163
42.617,171.878,43.879,27.163
43.867,172.016,43.879,27.163
44.839,170.767,43.879,27.163
46.089,172.294,43.879,27.163
47.061,171.600,43.879,27.163
48.311,172.572,43.879,27.163
49.283,172.155,43.879,27.163
50.255,172.016,43.879,27.163
51.227,172.155,43.879,27.163
51.921,172.294,43.879,27.163
52.616,173.266,43.879,27.163
53.310,172.572,43.879,27.163
54.838,173.544,43.879,27.163
55.254,173.127,43.879,27.163
56.504,172.711,43.879,27.163
58.587,173.405,43.879,27.163
58.171,172.433,43.879,27.163
59.976,172.572,43.879,27.163
60.948,172.989,43.879,27.163
62.198,171.461,43.879,27.163
64.004,172.433,43.879,27.163
65.531,171.183,43.879,27.163
67.337,171.322,43.879,27.163
68.587,172.016,43.879,27.163
69.398,171.572,44.850,27.764
70.959,171.998,44.850,27.764
71.101,171.856,44.850,27.764
72.379,171.430,44.850,27.764
73.656,171.288,44.850,27.764
74.780,172.012,45.842,28.378
74.925,171.867,45.842,28.378
76.231,171.141,45.842,28.378
77.827,172.157,45.842,28.378
77.972,170.851,45.842,28.378
79.568,172.157,45.842,28.378
80.584,171.722,45.842,28.378
80.729,170.996,45.842,28.378
82.035,172.302,45.842,28.378
82.760,171.576,45.842,28.378
81.744,171.431,45.842,28.378
82.760,170.996,45.842,28.378
82.905,172.012,45.842,28.378
81.890,172.157,45.842,28.378
83.195,171.721,45.842,28.378
82.180,170.996,45.842,28.378
82.425,172.037,46.856,29.006
81.980,171.889,46.856,29.006
83.018,172.333,46.856,29.006
82.277,173.075,46.856,29.006
83.612,172.630,46.856,29.006
81.387,172.482,46.856,29.006
82.869,173.238,47.893,29.648
84.536,171.874,47.893,29.648
83.475,172.935,47.893,29.648
82.111,173.389,47.893,29.648
82.263,172.328,47.893,29.648
82.519,173.416,48.953,30.304
81.125,172.021,48.953,30.304
82.829,173.416,48.953,30.304
84.843,172.331,48.953,30.304
83.759,174.036,48.953,30.304
84.342,174.504,50.036,30.975
83.234,173.079,50.036,30.975
84.976,173.871,50.036,30.975
83.550,174.029,50.036,30.975
82.442,173.237,50.036,30.975
83.867,174.346,50.036,30.975
82.125,174.187,50.036,30.975
81.650,174.662,50.036,30.975
80.542,174.504,50.036,30.975
81.017,174.029,50.036,30.975
82.270,174.179,51.143,31.660
82.756,173.370,51.143,31.660
81.623,174.179,51.143,31.660
82.756,173.694,51.143,31.660
80.976,174.179,51.143,31.660
82.257,172.989,52.274,32.360
83.415,173.817,52.274,32.360
81.926,173.982,52.274,32.360
82.753,173.817,52.274,32.360
83.581,174.644,52.274,32.360
84.077,174.147,52.274,32.360
81.926,172.989,52.274,32.360
84.266,173.833,53.431,33.076
85.605,174.344,54.613,33.808
84.741,173.480,54.613,33.808
85.750,172.927,55.821,34.556
84.160,173.457,55.821,34.556
86.810,171.867,55.821,34.556
85.574,172.397,55.821,34.556
87.517,171.160,55.821,34.556
85.927,172.750,55.821,34.556
87.692,170.718,57.057,35.321
89.318,172.343,57.057,35.321
89.623,169.517,58.319,36.102
87.593,170.809,58.319,36.102
88.885,170.624,58.319,36.102
90.546,171.178,58.319,36.102
92.007,170.204,59.609,36.901
91.544,170.383,60.928,37.717
91.737,170.576,60.928,37.717
93.472,170.383,60.928,37.717
94.199,170.566,62.276,38.552
94.790,171.157,62.276,38.552
96.170,169.384,62.276,38.552
96.094,170.389,63.654,39.405
98.713,168.978,63.654,39.405
98.218,170.424,65.062,40.277
98.012,168.570,65.062,40.277
99.865,170.012,65.062,40.277
101.496,170.207,66.502,41.168
100.978,168.660,67.973,42.079
101.789,167.525,69.477,43.010
102.009,169.064,69.477,43.010
100.909,167.085,69.477,43.010
103.563,168.206,71.014,43.961
102.439,166.183,71.014,43.961
105.810,167.307,71.014,43.961
107.590,167.054,72.585,44.934
109.198,165.446,72.585,44.934
110.806,167.054,72.585,44.934
110.718,165.365,74.191,45.928
111.423,166.539,74.191,45.928
112.127,164.426,74.191,45.928
114.710,166.070,74.191,45.928
116.082,163.369,75.833,46.944
118.722,165.529,75.833,46.944
120.124,162.769,77.511,47.983
116.935,161.542,77.511,47.983
119.143,162.278,77.511,47.983
117.916,161.051,77.511,47.983
118.652,161.787,77.511,47.983
116.444,163.014,77.511,47.983
113.255,161.297,77.511,47.983
128.641,162.778,84.717,52.444
126.705,162.198,86.590,53.603
129.354,162.981,87.292,54.038
127.212,160.893,87.577,54.214
136.921,163.713,88.157,54.573
134.893,163.695,88.215,54.609
131.607,163.518,88.786,54.963
157.884,163.276,79.252,49.061
154.121,161.019,79.252,49.061
148.352,158.260,79.252,49.061
136.806,158.498,81.005,50.146
129.371,156.190,81.005,50.146
118.347,158.498,81.005,50.146
168.853,167.984,81.005,50.146
166.033,166.702,81.005,50.146
161.147,162.689,82.797,51.255
159.837,160.855,82.797,51.255
166.388,164.785,82.797,51.255
165.078,167.144,82.797,51.255
164.977,165.217,84.629,52.389
164.174,162.807,84.629,52.389
166.585,165.217,84.629,52.389
167.594,166.027,86.502,53.549
168.625,164.015,88.415,54.733
170.584,166.533,88.415,54.733
166.993,163.896,90.372,55.944
171.283,164.754,90.372,55.944
174.735,165.025,92.371,57.182
176.196,162.978,92.371,57.182
179.724,162.043,94.415,58.447
183.950,159.846,96.504,59.740
189.142,158.319,96.504,59.740
192.828,158.609,98.639,61.062
197.243,156.961,100.821,62.413
201.391,154.728,100.821,62.413
209.369,158.876,100.821,62.413
214.155,160.471,100.821,62.413
216.389,159.514,100.821,62.413
214.155,157.280,100.821,62.413
209.398,153.610,103.052,63.794
186.243,144.770,123.513,76.461
206.502,149.564,105.332,65.206
211.502,153.231,105.332,65.206
207.169,146.897,105.332,65.206
204.168,143.896,105.332,65.206
200.501,144.896,105.332,65.206
196.167,143.896,105.332,65.206
197.834,146.897,105.332,65.206
190.833,141.896,105.332,65.206
186.499,136.895,105.332,65.206
143.298,130.946,129.405,80.108
145.636,130.156,128.727,79.688
147.085,129.434,127.830,79.133
153.950,128.350,128.100,79.300
162.782,128.246,128.436,79.508
154.140,119.879,105.367,65.227
172.701,125.196,128.599,79.609
181.525,126.087,128.951,79.827
188.235,125.907,129.530,80.185
195.217,124.896,129.566,80.207
187.421,119.895,103.120,63.836
203.858,123.674,130.283,80.652
210.440,124.415,131.121,81.170
219.930,125.100,132.140,81.801
227.536,124.856,132.928,82.289
233.174,123.631,133.653,82.737
239.881,122.450,134.239,83.100
246.578,120.263,134.844,83.475
310.611,138.436,103.120,63.836
316.812,140.720,103.120,63.836
322.360,137.783,103.120,63.836
327.256,140.720,103.120,63.836
330.846,137.783,103.120,63.836
333.783,133.540,103.120,63.836
342.747,139.569,100.920,62.475
344.983,137.333,100.920,62.475
349.774,140.207,100.920,62.475
352.649,136.694,100.920,62.475
354.885,133.819,100.920,62.475
362.231,136.055,100.920,62.475
359.357,129.986,100.920,62.475
363.509,123.918,100.920,62.475
367.022,124.237,100.920,62.475
372.452,129.667,100.920,62.475
376.605,126.153,100.920,62.475
382.447,129.108,103.153,63.857
393.874,124.863,103.153,63.857
406.607,128.455,103.153,63.857
419.339,124.863,103.153,63.857
434.684,124.537,103.153,63.857
451.334,120.946,103.153,63.857
470.596,118.660,103.153,63.857
495.735,123.557,103.153,63.857
