58.000,100.000,28.000,23.000
59.504,99.298,28.000,23.000
60.808,100.401,28.000,23.000
62.111,100.100,28.000,23.000
63.214,100.201,28.000,23.000
64.718,100.902,28.000,23.000
66.423,102.206,28.000,23.000
67.927,101.905,28.000,23.000
69.431,103.008,28.000,23.000
70.334,102.106,28.000,23.000
71.236,102.808,28.000,23.000
72.339,104.111,28.000,23.000
71.437,103.610,28.000,23.000
70.534,104.713,28.000,23.000
69.231,105.415,28.000,23.000
69.933,104.512,28.000,23.000
68.428,105.615,28.000,23.000
67.726,106.117,28.000,23.000
66.423,106.217,28.000,23.000
67.325,106.317,28.000,23.000
66.623,107.019,28.000,23.000
65.721,107.721,28.000,23.000
65.420,108.423,28.000,23.000
67.526,108.122,28.000,23.000
69.030,108.423,28.000,23.000
69.933,108.724,28.000,23.000
71.637,108.824,28.000,23.000
75.748,108.523,28.000,23.000
79.860,108.222,28.000,23.000
84.372,107.520,28.000,23.000
88.884,108.824,28.000,23.000
90.589,109.526,28.000,23.000
92.093,109.025,28.000,23.000
92.995,108.323,28.000,23.000
93.697,109.426,28.000,23.000
95.252,110.734,27.403,22.510
95.743,110.243,27.403,22.510
96.430,111.127,27.403,22.510
96.920,110.440,27.403,22.510
98.196,110.538,27.403,22.510
99.472,110.243,27.403,22.510
99.178,111.127,27.403,22.510
101.827,111.617,27.403,22.510
103.299,110.930,27.403,22.510
104.968,111.814,27.403,22.510
106.243,111.323,27.403,22.510
106.145,110.636,27.403,22.510
107.421,109.753,27.403,22.510
109.874,107.888,27.403,22.510
109.384,107.594,27.403,22.510
111.248,105.140,27.403,22.510
112.916,103.472,27.403,22.510
113.996,100.626,27.403,22.510
115.468,98.958,27.403,22.510
117.136,97.878,27.403,22.510
118.019,98.173,27.403,22.510
118.706,96.897,27.403,22.510
120.767,97.977,27.403,22.510
122.435,98.860,27.403,22.510
123.711,98.173,27.403,22.510
124.398,99.056,27.403,22.510
124.889,98.173,27.403,22.510
124.594,98.860,27.403,22.510
126.852,99.154,27.403,22.510
127.538,99.645,27.403,22.510
128.422,98.762,27.403,22.510
129.501,99.449,27.403,22.510
131.366,98.762,27.403,22.510
132.838,99.449,27.403,22.510
134.310,99.350,27.403,22.510
135.782,98.663,27.403,22.510
136.272,99.350,27.403,22.510
137.548,99.252,27.403,22.510
139.020,98.762,27.403,22.510
140.689,99.841,27.403,22.510
142.553,99.939,27.403,22.510
144.418,100.626,27.403,22.510
143.927,99.743,27.403,22.510
144.810,100.626,27.403,22.510
144.908,100.332,27.403,22.510
146.577,100.822,27.403,22.510
148.441,101.509,27.403,22.510
148.932,101.215,27.403,22.510
148.245,102.098,27.403,22.510
149.717,102.393,27.403,22.510
150.993,101.509,27.403,22.510
152.661,101.608,27.403,22.510
154.329,101.313,27.403,22.510
158.353,101.804,27.403,22.510
160.414,101.706,27.403,22.510
161.689,101.411,27.403,22.510
162.965,101.706,27.403,22.510
164.045,102.589,27.403,22.510
165.713,102.098,27.403,22.510
166.400,103.570,27.403,22.510
165.909,102.883,27.403,22.510
166.596,103.963,27.403,22.510
168.068,103.472,27.403,22.510
169.540,103.178,27.403,22.510
171.405,104.061,27.403,22.510
171.110,103.570,27.403,22.510
172.582,103.276,27.403,22.510
174.447,102.981,27.403,22.510
175.723,104.650,27.403,22.510
176.410,104.355,27.403,22.510
177.096,105.631,27.403,22.510
178.372,106.907,27.403,22.510
179.648,107.790,27.403,22.510
180.531,107.888,27.403,22.510
181.414,108.379,27.403,22.510
180.924,107.496,27.403,22.510
181.218,107.986,27.403,22.510
181.709,108.673,27.403,22.510
182.592,108.575,27.403,22.510
183.083,109.262,27.403,22.510
182.592,108.968,27.403,22.510
183.279,110.047,27.403,22.510
183.377,110.734,27.403,22.510
182.886,110.832,27.403,22.510
184.358,111.715,27.403,22.510
185.438,112.206,27.403,22.510
185.536,112.697,27.403,22.510
185.634,111.617,27.403,22.510
186.714,112.500,27.403,22.510
187.793,112.206,27.403,22.510
187.106,113.286,27.403,22.510
186.419,112.795,27.403,22.510
187.695,113.678,27.403,22.510
188.578,114.365,27.403,22.510
188.088,113.874,27.403,22.510
187.204,115.543,27.403,22.510
187.499,116.426,27.403,22.510
186.812,116.720,27.403,22.510
185.340,117.800,27.403,22.510
186.027,116.917,27.403,22.510
185.089,118.197,26.819,22.029
185.838,119.635,26.247,21.560
186.496,118.601,26.247,21.560
184.898,119.823,26.247,21.560
185.744,118.601,26.247,21.560
184.665,120.553,25.687,21.100
183.469,121.748,25.687,21.100
183.009,122.760,25.687,21.100
182.733,122.300,25.687,21.100
180.985,123.496,25.687,21.100
179.238,124.140,25.687,21.100
177.122,124.600,25.687,21.100
176.478,125.612,25.687,21.100
175.466,125.888,25.687,21.100
175.742,126.164,25.687,21.100
174.546,125.336,25.687,21.100
173.350,125.796,25.687,21.100
172.154,126.440,25.687,21.100
169.671,127.268,25.687,21.100
168.291,126.440,25.687,21.100
167.279,127.084,25.687,21.100
165.899,126.992,25.687,21.100
161.392,126.900,25.687,21.100
160.196,126.992,25.687,21.100
158.816,124.692,25.687,21.100
158.172,124.968,25.687,21.100
156.976,122.300,25.687,21.100
155.780,120.001,25.687,21.100
154.584,116.413,25.687,21.100
153.573,114.297,25.687,21.100
152.561,111.262,25.687,21.100
151.733,110.802,25.687,21.100
149.801,109.790,25.687,21.100
146.397,107.858,25.687,21.100
144.466,106.478,25.687,21.100
143.454,105.650,25.687,21.100
141.706,104.822,25.687,21.100
139.590,103.627,25.687,21.100
138.711,102.522,25.139,20.650
138.261,102.071,25.139,20.650
137.091,101.441,25.139,20.650
136.101,100.631,25.139,20.650
135.110,99.821,25.139,20.650
133.580,100.451,25.139,20.650
132.950,99.821,25.139,20.650
131.419,99.731,25.139,20.650
130.249,98.920,25.139,20.650
126.918,99.371,25.139,20.650
127.728,98.380,25.139,20.650
126.018,98.650,25.139,20.650
124.307,98.560,25.139,20.650
124.397,98.290,25.139,20.650
123.227,97.480,25.139,20.650
121.696,96.850,25.139,20.650
120.526,96.400,25.139,20.650
119.355,95.409,25.139,20.650
118.005,94.779,25.139,20.650
117.015,95.589,25.139,20.650
115.664,94.599,25.139,20.650
113.414,93.969,25.139,20.650
112.603,95.139,25.139,20.650
109.487,94.231,24.603,20.210
107.813,94.320,24.603,20.210
106.844,94.055,24.603,20.210
105.663,93.337,24.078,19.779
105.231,93.250,24.078,19.779
105.145,92.302,24.078,19.779
105.576,91.871,24.078,19.779
97.552,91.632,28.897,23.736
101.720,91.920,24.078,19.779
100.599,91.144,24.078,19.779
99.609,90.773,23.565,19.357
99.693,91.870,23.565,19.357
98.765,90.604,23.565,19.357
98.005,91.026,23.565,19.357
98.258,89.761,23.565,19.357
98.512,90.351,23.565,19.357
97.414,89.254,23.565,19.357
96.149,88.157,23.565,19.357
94.208,87.229,23.565,19.357
92.942,86.132,23.565,19.357
87.260,86.214,27.480,22.573
91.983,86.030,23.565,19.357
84.354,86.291,27.292,22.418
82.456,85.374,27.089,22.251
81.502,85.413,26.995,22.174
81.567,85.466,26.866,22.068
93.241,87.900,23.565,19.357
92.988,87.984,23.565,19.357
91.589,87.332,24.086,19.785
90.159,85.950,24.619,20.223
89.063,85.086,25.164,20.670
88.072,85.356,25.164,20.670
86.952,84.286,25.721,21.128
86.308,83.457,25.721,21.128
87.137,84.286,25.721,21.128
85.939,82.904,25.721,21.128
84.557,82.075,25.721,21.128
83.360,80.694,25.721,21.128
82.347,80.049,25.721,21.128
82.071,79.404,25.721,21.128
80.689,78.944,25.721,21.128
80.044,78.299,25.721,21.128
80.320,78.759,25.721,21.128
80.413,79.036,25.721,21.128
79.215,77.654,25.721,21.128
77.833,77.562,25.721,21.128
77.004,77.101,25.721,21.128
75.991,76.088,25.721,21.128
74.794,74.891,25.721,21.128
73.781,76.088,25.721,21.128
72.767,74.707,25.721,21.128
73.228,75.351,25.721,21.128
72.583,74.154,25.721,21.128
73.228,73.325,25.721,21.128
72.031,73.049,25.721,21.128
71.570,72.035,25.721,21.128
72.399,71.759,25.721,21.128
71.570,72.220,25.721,21.128
72.215,71.575,25.721,21.128
70.833,70.746,25.721,21.128
70.373,70.101,25.721,21.128
69.912,68.535,25.721,21.128
70.188,69.364,25.721,21.128
70.096,68.351,25.721,21.128
69.451,66.969,25.721,21.128
70.280,67.614,25.721,21.128
69.451,66.969,25.721,21.128
69.728,66.509,25.721,21.128
68.715,66.048,25.721,21.128
68.254,65.219,25.721,21.128
68.899,65.864,25.721,21.128
67.701,65.219,25.721,21.128
66.688,64.206,25.721,21.128
67.517,64.667,25.721,21.128
67.978,64.022,25.721,21.128
66.780,62.456,25.721,21.128
65.951,61.995,25.721,21.128
66.596,61.535,25.721,21.128
67.057,62.548,25.721,21.128
66.412,61.535,25.721,21.128
66.135,60.522,25.721,21.128
65.491,59.877,25.721,21.128
66.320,60.522,25.721,21.128
65.675,59.693,25.721,21.128
65.583,60.153,25.721,21.128
66.228,58.956,25.721,21.128
66.320,57.758,25.721,21.128
66.412,58.772,25.721,21.128
65.951,57.574,25.721,21.128
65.491,57.298,25.721,21.128
65.399,57.021,25.721,21.128
64.754,55.640,25.721,21.128
65.294,54.711,25.172,20.677
64.663,55.522,25.172,20.677
65.475,54.711,25.172,20.677
64.483,54.621,25.172,20.677
64.213,53.449,25.172,20.677
63.582,52.818,25.172,20.677
64.754,53.269,25.172,20.677
65.204,52.457,25.172,20.677
64.393,52.547,25.172,20.677
64.844,52.457,25.172,20.677
65.475,53.088,25.172,20.677
65.024,53.719,25.172,20.677
65.114,52.367,25.172,20.677
65.385,51.376,25.172,20.677
65.655,50.745,25.172,20.677
67.007,51.195,25.172,20.677
65.835,50.204,25.172,20.677
66.647,49.573,25.172,20.677
65.655,48.581,25.172,20.677
66.106,48.671,25.172,20.677
64.032,47.860,25.172,20.677
63.401,47.770,25.172,20.677
62.770,46.778,25.172,20.677
61.779,46.327,25.172,20.677
60.967,45.516,25.172,20.677
60.280,46.171,24.635,20.236
59.310,45.201,24.635,20.236
60.508,44.821,24.110,19.805
59.558,44.907,24.110,19.805
60.564,45.535,23.596,19.382
59.757,44.845,23.093,18.969
59.286,44.330,22.600,18.564
58.980,44.138,22.118,18.169
59.377,44.693,22.118,18.169
59.614,44.455,22.118,18.169
58.858,43.656,21.647,17.781
58.315,43.424,21.647,17.781
57.307,42.726,21.647,17.781
57.695,43.269,21.647,17.781
57.927,42.261,21.647,17.781
57.075,41.408,21.647,17.781
57.617,41.486,21.647,17.781
55.834,41.098,21.647,17.781
56.067,41.951,21.647,17.781
55.214,41.873,21.647,17.781
53.586,41.486,21.647,17.781
52.733,40.943,21.647,17.781
52.346,41.486,21.647,17.781
51.338,40.788,21.647,17.781
51.261,41.331,21.647,17.781
49.943,40.323,21.647,17.781
48.470,39.935,21.647,17.781
47.152,40.633,21.647,17.781
46.299,39.935,21.647,17.781
45.602,40.478,21.647,17.781
44.749,39.470,21.647,17.781
44.051,39.238,21.647,17.781
43.509,39.470,21.647,17.781
42.656,40.168,21.647,17.781
41.803,39.470,21.647,17.781
40.950,40.168,21.647,17.781
39.477,39.780,21.647,17.781
38.470,40.478,21.647,17.781
39.633,40.245,21.647,17.781
38.780,40.323,21.647,17.781
37.152,41.021,21.647,17.781
37.074,41.718,21.647,17.781
38.363,40.476,22.125,18.174
37.333,41.506,22.125,18.174
36.778,42.061,22.125,18.174
35.748,42.457,22.125,18.174
33.006,43.033,21.654,17.787
33.859,44.041,21.654,17.787
33.006,45.049,21.654,17.787
28.429,39.995,23.142,19.010
31.836,45.131,21.654,17.787
27.626,41.157,22.748,18.686
27.745,41.255,22.510,18.490
31.147,44.270,21.654,17.787
32.000,45.123,21.654,17.787
30.526,45.510,21.654,17.787
29.673,46.208,21.654,17.787
29.906,45.976,21.654,17.787
25.998,42.462,22.005,18.075
26.137,42.577,21.727,17.847
28.371,47.286,21.654,17.787
25.199,42.627,21.603,17.745
25.820,48.061,21.654,17.787
24.481,49.223,21.192,17.408
23.495,50.209,21.192,17.408
24.481,51.044,21.192,17.408
25.013,50.209,21.192,17.408
25.999,51.499,21.192,17.408
26.379,51.879,21.192,17.408
25.848,52.714,21.192,17.408
24.861,53.549,21.192,17.408
25.089,53.473,21.192,17.408
23.798,54.004,21.192,17.408
22.964,54.687,21.192,17.408
23.495,54.004,21.192,17.408
22.660,55.294,21.192,17.408
22.584,56.432,21.192,17.408
22.660,56.053,21.192,17.408
22.736,56.888,21.192,17.408
22.205,57.571,21.192,17.408
22.888,57.040,21.192,17.408
22.205,58.178,21.192,17.408
21.825,58.557,21.192,17.408
21.598,57.874,21.192,17.408
21.218,58.861,21.192,17.408
22.053,59.392,21.192,17.408
21.673,58.709,21.192,17.408
21.446,59.240,21.192,17.408
22.129,59.620,21.192,17.408
22.964,59.696,21.192,17.408
23.950,60.531,21.192,17.408
24.026,60.303,21.192,17.408
24.102,60.075,21.192,17.408
25.089,61.214,21.192,17.408
24.709,61.289,21.192,17.408
25.392,62.124,21.192,17.408
26.227,61.897,21.192,17.408
25.848,62.276,21.192,17.408
26.986,63.263,21.192,17.408
27.517,63.946,21.192,17.408
26.075,64.325,21.192,17.408
26.758,63.490,21.192,17.408
27.138,64.780,21.192,17.408
27.973,65.919,21.192,17.408
28.656,67.057,21.192,17.408
29.035,67.588,21.192,17.408
29.414,67.513,21.192,17.408
28.580,67.285,21.192,17.408
29.263,68.423,21.192,17.408
29.794,67.740,21.192,17.408
29.566,68.575,21.192,17.408
30.401,68.803,21.192,17.408
31.843,69.789,21.192,17.408
32.071,69.410,21.192,17.408
32.905,69.941,21.192,17.408
33.588,70.928,21.192,17.408
33.968,71.611,21.192,17.408
34.651,71.231,21.192,17.408
34.879,72.218,21.192,17.408
35.713,72.749,21.192,17.408
36.818,73.265,21.661,17.793
37.050,72.257,21.661,17.793
37.593,72.800,21.661,17.793
38.447,73.808,21.661,17.793
39.145,74.817,21.661,17.793
40.463,75.825,21.661,17.793
40.541,76.368,21.661,17.793
41.187,76.252,22.140,18.186
40.632,75.538,22.140,18.186
42.138,77.203,22.140,18.186
42.798,78.071,22.630,18.589
42.069,77.180,22.630,18.589
42.960,78.071,22.630,18.589
43.365,77.504,22.630,18.589
44.257,78.558,22.630,18.589
44.986,79.287,22.630,18.589
44.419,78.558,22.630,18.589
45.959,79.611,22.630,18.589
46.364,80.016,22.630,18.589
47.579,79.287,22.630,18.589
48.147,80.016,22.630,18.589
49.038,80.584,22.630,18.589
49.930,81.313,22.630,18.589
51.145,81.070,22.630,18.589
52.685,81.799,22.630,18.589
53.252,81.070,22.630,18.589
53.820,81.961,22.630,18.589
54.831,82.681,23.130,19.000
56.239,83.260,23.130,19.000
55.493,82.349,23.130,19.000
56.570,83.260,23.130,19.000
57.813,84.172,23.130,19.000
58.724,84.586,23.130,19.000
58.972,85.166,23.130,19.000
59.221,85.248,23.130,19.000
60.132,85.994,23.130,19.000
60.478,86.729,23.642,19.420
61.578,87.152,23.642,19.420
61.832,86.221,23.642,19.420
62.425,86.814,23.642,19.420
64.034,86.560,23.642,19.420
65.134,87.830,23.642,19.420
66.404,87.914,23.642,19.420
67.166,88.338,23.642,19.420
66.290,88.738,24.165,19.850
67.934,88.824,24.165,19.850
69.232,89.430,24.165,19.850
70.357,89.863,24.165,19.850
72.002,89.603,24.165,19.850
73.646,90.382,24.165,19.850
73.386,91.161,24.165,19.850
75.204,91.594,24.165,19.850
76.502,91.507,24.165,19.850
77.627,92.805,24.165,19.850
78.059,92.026,24.165,19.850
78.959,92.974,24.700,20.289
80.463,93.947,24.700,20.289
81.790,94.743,24.700,20.289
82.763,94.301,24.700,20.289
84.443,95.451,24.700,20.289
85.240,94.655,24.700,20.289
86.526,95.440,25.246,20.738
87.842,95.679,25.805,21.197
88.673,96.511,25.805,21.197
89.136,96.049,25.805,21.197
91.076,95.772,25.805,21.197
92.647,96.973,25.805,21.197
95.882,97.435,25.805,21.197
96.713,98.082,25.805,21.197
97.360,97.620,25.805,21.197
98.321,98.248,26.376,21.666
97.093,97.209,26.376,21.666
98.132,97.682,26.376,21.666
99.507,96.756,26.960,22.145
100.911,97.613,27.556,22.635
102.589,98.501,27.556,22.635
104.464,98.600,27.556,22.635
106.339,99.290,27.556,22.635
106.437,98.402,27.556,22.635
107.918,99.685,27.556,22.635
110.582,98.994,27.556,22.635
113.839,99.685,27.556,22.635
115.911,99.784,27.556,22.635
114.889,100.250,28.166,23.136
115.938,100.727,28.789,23.648
116.454,100.624,28.789,23.648
117.588,99.902,28.789,23.648
118.516,101.036,28.789,23.648
117.382,100.727,28.789,23.648
119.134,100.417,28.789,23.648
120.848,99.835,29.426,24.171
125.590,100.573,29.426,24.171
128.014,99.624,29.426,24.171
130.438,100.573,29.426,24.171
132.440,99.624,29.426,24.171
134.442,100.362,29.426,24.171
135.390,99.413,29.426,24.171
136.760,100.151,29.426,24.171
136.444,99.413,29.426,24.171
137.393,99.940,29.426,24.171
139.395,98.360,29.426,24.171
139.179,99.295,30.077,24.706
142.949,97.679,30.077,24.706
144.780,99.079,30.077,24.706
147.472,100.049,30.077,24.706
149.088,98.864,30.077,24.706
147.303,98.926,30.742,25.253
146.163,99.218,31.423,25.811
147.851,97.980,31.423,25.811
148.864,98.993,31.423,25.811
149.876,99.105,31.423,25.811
150.664,97.642,31.423,25.811
151.902,98.430,31.423,25.811
153.072,96.627,32.118,26.382
154.107,97.432,32.118,26.382
155.603,96.857,32.118,26.382
156.868,95.822,32.118,26.382
157.673,96.167,32.118,26.382
159.628,95.592,32.118,26.382
161.584,95.476,32.118,26.382
163.539,94.671,32.118,26.382
164.804,94.786,32.118,26.382
165.149,94.901,32.118,26.382
164.574,93.636,32.118,26.382
168.370,92.831,32.118,26.382
169.865,92.026,32.118,26.382
172.050,92.831,32.118,26.382
171.705,91.796,32.118,26.382
172.970,93.291,32.118,26.382
173.546,92.026,32.118,26.382
174.811,91.681,32.118,26.382
176.536,92.256,32.118,26.382
176.191,91.451,32.118,26.382
178.196,92.286,31.433,25.820
179.885,91.048,31.433,25.820
179.997,92.061,31.433,25.820
181.461,91.724,31.433,25.820
180.673,91.386,31.433,25.820
180.335,91.498,31.433,25.820
180.448,91.161,31.433,25.820
181.236,90.148,31.433,25.820
182.024,88.909,31.433,25.820
181.911,89.472,31.433,25.820
181.921,88.554,30.763,25.269
182.992,88.080,30.106,24.730
182.586,87.824,29.464,24.203
183.324,86.664,29.464,24.203
182.797,85.503,29.464,24.203
182.269,84.975,29.464,24.203
183.008,85.714,29.464,24.203
182.813,84.447,28.836,23.687
183.123,84.343,28.836,23.687
181.781,83.414,28.836,23.687
181.058,82.691,28.836,23.687
181.781,82.381,28.836,23.687
181.058,82.071,28.836,23.687
181.161,81.762,28.836,23.687
180.232,81.039,28.836,23.687
179.046,80.395,28.221,23.182
177.530,79.890,28.221,23.182
176.014,78.981,28.221,23.182
175.913,80.092,28.221,23.182
173.993,78.778,28.221,23.182
171.264,77.465,28.221,23.182
172.376,77.970,28.221,23.182
170.456,77.262,28.221,23.182
168.940,76.959,28.221,23.182
167.019,76.050,28.221,23.182
166.393,76.317,28.846,23.695
165.463,75.181,28.846,23.695
163.536,74.812,29.484,24.219
161.108,74.284,29.484,24.219
158.679,74.601,29.484,24.219
157.095,73.862,29.484,24.219
155.934,74.601,29.484,24.219
154.350,73.650,29.484,24.219
153.400,74.178,29.484,24.219
153.505,73.650,29.484,24.219
152.977,72.489,29.484,24.219
152.238,72.595,29.484,24.219
151.922,73.334,29.484,24.219
150.760,73.862,29.484,24.219
149.176,72.489,29.484,24.219
147.426,71.454,30.136,24.755
148.397,72.210,30.136,24.755
146.608,71.152,30.803,25.302
146.057,72.145,30.803,25.302
146.608,72.255,30.803,25.302
144.513,71.924,30.803,25.302
144.182,71.373,30.803,25.302
143.851,70.821,30.803,25.302
144.623,71.593,30.803,25.302
140.541,70.821,30.803,25.302
136.019,70.049,30.803,25.302
131.496,70.380,30.803,25.302
130.062,68.946,30.803,25.302
129.290,70.159,30.803,25.302
126.753,69.166,30.803,25.302
125.318,69.497,30.803,25.302
124.767,68.063,30.803,25.302
123.995,68.836,30.803,25.302
125.649,68.063,30.803,25.302
123.995,69.056,30.803,25.302
122.781,67.401,30.803,25.302
121.347,66.629,30.803,25.302
118.832,66.922,31.484,25.862
117.366,66.809,31.484,25.862
115.901,66.020,31.484,25.862
115.562,64.779,31.484,25.862
116.803,66.245,31.484,25.862
115.337,65.005,31.484,25.862
114.548,66.471,31.484,25.862
113.307,64.779,31.484,25.862
114.999,66.471,31.484,25.862
113.082,64.779,31.484,25.862
110.263,63.539,31.484,25.862
108.346,63.426,31.484,25.862
106.204,62.186,31.484,25.862
105.640,63.201,31.484,25.862
103.723,62.186,31.484,25.862
103.160,61.622,31.484,25.862
102.370,60.833,31.484,25.862
100.905,60.044,31.484,25.862
100.115,60.608,31.484,25.862
99.101,59.367,31.484,25.862
98.458,58.665,30.813,25.311
99.451,59.217,30.813,25.311
98.017,59.548,30.813,25.311
96.141,58.555,30.813,25.311
94.706,58.665,30.813,25.311
93.272,58.113,30.813,25.311
93.162,59.106,30.813,25.311
91.682,57.994,30.156,24.771
89.846,58.534,30.156,24.771
88.226,57.130,30.156,24.771
88.982,56.590,30.156,24.771
88.010,57.562,30.156,24.771
88.118,57.454,30.156,24.771
87.503,56.781,29.513,24.243
87.820,57.521,29.513,24.243
86.235,56.358,29.513,24.243
85.495,56.675,29.513,24.243
84.544,55.724,29.513,24.243
84.649,55.830,29.513,24.243
84.755,55.935,29.513,24.243
83.381,54.773,29.513,24.243
83.064,53.822,29.513,24.243
81.901,53.505,29.513,24.243
80.316,52.553,29.513,24.243
81.267,53.293,29.513,24.243
79.893,53.610,29.513,24.243
78.731,52.236,29.513,24.243
78.414,52.976,29.513,24.243
77.462,52.236,29.513,24.243
76.088,52.342,29.513,24.243
74.926,52.025,29.513,24.243
73.763,51.074,29.513,24.243
75.198,51.638,28.883,23.726
74.061,50.293,28.883,23.726
73.337,51.224,28.883,23.726
73.026,50.086,28.883,23.726
73.957,49.569,28.883,23.726
73.026,50.293,28.883,23.726
73.337,49.569,28.883,23.726
71.371,49.052,28.883,23.726
71.061,48.535,28.883,23.726
71.578,49.259,28.883,23.726
69.820,47.914,28.883,23.726
69.829,46.871,28.267,23.220
69.120,46.567,28.267,23.220
68.411,46.264,28.267,23.220
67.500,46.972,28.267,23.220
66.792,45.859,28.267,23.220
65.881,45.150,28.267,23.220
64.160,45.859,28.267,23.220
64.463,45.352,28.267,23.220
62.945,45.656,28.267,23.220
60.819,44.340,28.267,23.220
60.313,44.644,28.267,23.220
58.794,43.530,28.267,23.220
59.503,43.024,28.267,23.220
58.341,42.784,27.665,22.725
59.233,43.279,27.665,22.725
57.945,42.784,27.665,22.725
58.836,42.487,27.665,22.725
58.935,43.775,27.665,22.725
57.647,42.487,27.665,22.725
56.756,41.991,27.665,22.725
56.382,41.183,27.075,22.240
57.512,41.140,26.497,21.766
56.423,40.549,25.932,21.302
56.252,41.224,25.379,20.847
56.084,41.008,24.838,20.403
54.572,40.207,24.838,20.403
54.305,40.474,24.838,20.403
53.505,40.741,24.838,20.403
53.416,41.008,24.838,20.403
52.437,39.852,24.838,20.403
51.459,39.407,24.838,20.403
49.947,40.029,24.838,20.403
48.790,39.229,24.838,20.403
47.990,39.496,24.838,20.403
47.189,39.585,24.838,20.403
46.211,39.674,24.838,20.403
45.410,39.407,24.838,20.403
45.855,39.318,24.838,20.403
44.699,38.873,24.838,20.403
43.542,38.073,24.838,20.403
44.343,38.873,24.838,20.403
43.187,38.073,24.838,20.403
42.564,38.873,24.838,20.403
41.200,38.148,24.308,19.968
39.546,37.364,24.308,19.968
39.459,37.799,24.308,19.968
38.501,38.235,24.308,19.968
38.762,37.277,24.308,19.968
38.099,38.413,23.790,19.542
38.695,37.305,23.790,19.542
37.587,37.561,23.790,19.542
36.650,37.305,23.790,19.542
36.565,36.879,23.790,19.542
35.458,37.987,23.790,19.542
34.180,38.242,23.790,19.542
32.561,37.135,23.790,19.542
31.624,38.072,23.790,19.542
31.027,37.646,23.790,19.542
31.453,37.561,23.790,19.542
30.346,37.817,23.790,19.542
28.216,37.391,23.790,19.542
26.256,36.965,23.790,19.542
25.319,37.731,23.790,19.542
26.312,36.708,23.283,19.125
25.837,37.796,22.786,18.717
25.592,36.572,22.786,18.717
26.326,37.306,22.786,18.717
25.266,36.409,22.786,18.717
25.674,37.143,22.786,18.717
24.613,36.245,22.786,18.717
24.858,37.306,22.786,18.717
25.966,37.899,22.300,18.318
26.365,37.979,22.300,18.318
26.764,38.059,22.300,18.318
27.803,39.097,22.300,18.318
27.084,40.295,22.300,18.318
26.685,41.812,22.300,18.318
27.563,43.010,22.300,18.318
26.205,42.291,22.300,18.318
25.646,42.691,22.300,18.318
26.365,44.048,22.300,18.318
26.764,44.927,22.300,18.318
25.726,45.805,22.300,18.318
25.966,46.844,22.300,18.318
24.608,45.805,22.300,18.318
25.167,47.003,22.300,18.318
23.969,47.083,22.300,18.318
23.410,47.802,22.300,18.318
23.650,48.840,22.300,18.318
24.049,49.559,22.300,18.318
23.490,50.278,22.300,18.318
23.889,50.038,22.300,18.318
23.490,51.076,22.300,18.318
24.528,50.837,22.300,18.318
24.448,51.555,22.300,18.318
25.071,51.674,21.825,17.927
25.831,52.694,21.359,17.545
24.990,53.229,21.359,17.545
24.913,52.846,21.359,17.545
25.952,54.287,20.904,17.171
25.578,54.961,20.904,17.171
25.653,54.437,20.904,17.171
25.877,55.410,20.904,17.171
25.653,55.934,20.904,17.171
25.128,55.709,20.904,17.171
24.455,56.832,20.904,17.171
25.278,57.057,20.904,17.171
24.604,56.682,20.904,17.171
25.278,57.656,20.904,17.171
24.904,58.479,20.904,17.171
26.326,59.153,20.904,17.171
25.952,58.479,20.904,17.171
27.075,59.602,20.904,17.171
26.850,60.425,20.904,17.171
28.273,61.099,20.904,17.171
27.749,60.875,20.904,17.171
28.722,61.997,20.904,17.171
28.347,61.024,20.904,17.171
28.572,61.698,20.904,17.171
29.545,62.522,20.904,17.171
29.021,63.345,20.904,17.171
29.994,64.168,20.904,17.171
30.369,64.992,20.904,17.171
29.545,66.265,20.904,17.171
29.470,66.339,20.904,17.171
29.845,67.462,20.904,17.171
30.818,68.286,20.904,17.171
29.888,69.261,21.366,17.551
29.505,68.725,21.366,17.551
30.653,69.108,21.366,17.551
31.035,69.490,21.366,17.551
30.653,70.179,21.366,17.551
31.188,70.715,21.366,17.551
31.877,71.862,21.366,17.551
31.954,73.163,21.366,17.551
32.642,74.158,21.366,17.551
33.331,73.928,21.366,17.551
33.101,75.076,21.366,17.551
33.943,76.071,21.366,17.551
33.866,75.841,21.366,17.551
33.484,75.306,21.366,17.551
34.326,76.300,21.366,17.551
34.555,76.836,21.366,17.551
35.091,77.831,21.366,17.551
34.555,78.213,21.366,17.551
35.397,78.749,21.366,17.551
34.861,79.590,21.366,17.551
35.091,82.728,21.366,17.551
35.626,83.263,21.366,17.551
35.703,84.411,21.366,17.551
35.167,84.181,21.366,17.551
34.632,83.952,21.366,17.551
35.779,84.794,21.366,17.551
36.315,84.564,21.366,17.551
35.626,83.569,21.366,17.551
36.927,86.400,21.366,17.551
36.698,87.242,21.366,17.551
37.539,87.013,21.366,17.551
38.075,88.772,21.366,17.551
38.151,89.767,21.366,17.551
38.228,90.303,21.366,17.551
38.763,91.910,21.366,17.551
39.299,91.527,21.366,17.551
38.763,91.144,21.366,17.551
39.605,91.833,21.366,17.551
39.988,92.828,21.366,17.551
39.146,92.292,21.366,17.551
39.682,93.899,21.366,17.551
40.160,95.848,21.839,17.939
40.707,97.021,21.839,17.939
40.003,98.664,21.839,17.939
40.979,99.196,22.322,18.336
40.100,99.435,22.322,18.336
41.139,99.835,22.322,18.336
39.980,99.052,22.816,18.742
40.715,99.297,22.816,18.742
41.287,100.359,22.816,18.742
42.022,100.604,22.816,18.742
42.431,101.340,22.816,18.742
43.493,102.238,22.816,18.742
44.392,103.464,22.816,18.742
45.291,104.853,22.816,18.742
45.699,106.079,22.816,18.742
44.964,105.507,22.816,18.742
46.026,107.059,22.816,18.742
46.761,106.324,22.816,18.742
46.026,107.876,22.816,18.742
47.578,108.775,22.816,18.742
48.258,109.670,23.321,19.156
49.511,110.922,23.321,19.156
48.426,112.175,23.321,19.156
49.344,113.762,23.321,19.156
49.762,113.846,23.321,19.156
50.179,113.929,23.321,19.156
51.265,114.848,23.321,19.156
50.747,116.109,23.837,19.580
50.041,114.918,24.364,20.013
50.767,115.511,24.903,20.456
50.321,115.244,24.903,20.456
52.015,116.938,24.903,20.456
52.996,117.919,24.903,20.456
53.799,119.079,24.903,20.456
54.958,120.238,24.903,20.456
55.701,121.215,25.454,20.909
56.157,122.582,25.454,20.909
56.430,121.397,25.454,20.909
56.810,122.773,26.017,21.371
57.393,123.987,26.593,21.844
56.209,123.251,27.181,22.328
57.669,124.322,27.181,22.328
58.156,125.393,27.181,22.328
59.168,126.459,27.783,22.822
58.273,126.160,27.783,22.822
58.894,127.043,28.398,23.327
60.013,126.535,28.398,23.327
60.016,127.859,29.026,23.843
60.743,130.250,29.026,23.843
61.177,130.526,29.668,24.370
61.620,131.689,30.324,24.909
62.074,130.850,30.995,25.460
62.407,132.071,30.995,25.460
63.628,133.292,30.995,25.460
62.629,132.515,30.995,25.460
64.072,133.736,30.995,25.460
65.917,135.642,31.681,26.024
67.619,138.252,31.681,26.024
69.547,140.181,31.681,26.024
70.795,142.336,31.681,26.024
70.001,143.584,31.681,26.024
71.022,141.883,31.681,26.024
71.816,143.131,31.681,26.024
72.611,144.152,31.681,26.024
74.086,145.173,31.681,26.024
72.838,144.379,31.681,26.024
74.086,146.307,31.681,26.024
74.653,148.009,31.681,26.024
75.674,149.484,31.681,26.024
75.334,150.959,31.681,26.024
76.355,150.392,31.681,26.024
77.376,152.320,31.681,26.024
77.943,153.795,31.681,26.024
78.737,155.724,31.681,26.024
79.531,154.930,31.681,26.024
81.460,156.405,31.681,26.024
82.481,157.653,31.681,26.024
84.637,159.128,31.681,26.024
86.793,161.057,31.681,26.024
88.721,161.851,31.681,26.024
89.430,162.151,32.382,26.600
90.474,163.195,32.382,26.600
92.445,164.703,32.382,26.600
93.489,163.659,32.382,26.600
91.982,162.615,32.382,26.600
93.187,163.644,33.099,27.188
95.158,164.450,33.831,27.790
96.669,165.777,34.579,28.404
98.728,168.418,35.344,29.033
99.256,169.016,36.126,29.675
100.064,170.433,36.926,30.332
101.988,172.155,37.743,31.003
104.286,174.993,37.743,31.003
105.773,176.480,37.743,31.003
104.093,174.595,38.578,31.689
105.889,175.562,38.578,31.689
107.132,176.805,38.578,31.689
108.099,175.562,38.578,31.689
110.172,177.082,38.578,31.689
113.073,178.325,38.578,31.689
116.251,179.845,38.578,31.689
115.680,180.211,39.431,32.390
116.951,180.917,39.431,32.390
119.069,181.905,39.431,32.390
117.315,179.642,40.304,33.107
120.057,181.519,40.304,33.107
122.456,183.399,41.195,33.839
125.521,185.320,42.107,34.588
127.481,186.979,42.107,34.588
129.140,188.638,42.107,34.588
130.196,189.090,42.107,34.588
132.156,189.844,42.107,34.588
133.211,190.900,42.107,34.588
134.569,191.955,42.107,34.588
135.021,192.407,42.107,34.588
136.276,191.243,43.038,35.353
137.663,192.938,43.038,35.353
138.126,192.784,43.038,35.353
139.513,193.246,43.038,35.353
140.156,193.655,43.991,36.135
142.448,194.399,44.964,36.935
145.125,194.826,45.959,37.752
145.289,194.003,45.959,37.752
145.783,195.155,45.959,37.752
147.153,195.933,46.976,38.587
159.770,197.783,46.976,38.587
161.170,198.229,48.015,39.441
164.437,199.089,48.015,39.441
168.392,198.229,48.015,39.441
169.467,198.328,49.077,40.313
171.659,198.794,50.163,41.205
