289.000,67.000,64.000,236.000
288.434,61.908,64.000,236.000
286.737,65.868,64.000,236.000
281.645,65.303,64.000,236.000
279.948,64.737,64.000,236.000
277.119,68.697,64.000,236.000
274.290,68.132,64.000,236.000
268.067,70.960,64.000,236.000
266.369,73.789,64.000,236.000
263.541,76.618,64.000,236.000
260.712,79.447,64.000,236.000
255.620,81.144,64.000,236.000
252.791,81.710,64.000,236.000
254.488,83.407,64.000,236.000
249.396,86.236,64.000,236.000
254.488,80.013,64.000,236.000
244.870,89.631,64.000,236.000
237.515,99.249,64.000,236.000
234.687,90.762,64.000,236.000
242.041,78.881,64.000,236.000
239.213,82.841,64.000,236.000
238.647,86.802,64.000,236.000
246.002,76.052,64.000,236.000
251.094,67.566,64.000,236.000
243.739,89.631,64.000,236.000
239.778,99.249,64.000,236.000
239.213,109.998,64.000,236.000
236.384,119.616,64.000,236.000
310.269,49.306,65.461,241.389
306.277,24.646,64.000,236.000
316.229,20.073,62.635,230.967
312.353,26.164,62.635,230.967
288.544,73.228,62.635,230.967
282.454,79.319,62.635,230.967
279.685,71.014,62.635,230.967
283.561,64.923,62.635,230.967
275.400,70.985,64.021,236.077
273.702,69.287,64.021,236.077
269.741,80.040,64.021,236.077
272.570,86.266,64.021,236.077
281.060,91.359,64.021,236.077
277.098,97.585,64.021,236.077
282.191,90.227,64.021,236.077
294.076,81.738,64.021,236.077
309.357,75.512,64.021,236.077
313.319,72.683,64.021,236.077
309.357,80.040,64.021,236.077
312.187,73.815,64.021,236.077
307.093,78.908,64.021,236.077
307.659,79.474,64.021,236.077
309.357,80.040,64.021,236.077
309.923,74.947,64.021,236.077
305.961,74.381,64.021,236.077
307.659,76.078,64.021,236.077
308.225,77.776,64.021,236.077
304.264,78.342,64.021,236.077
311.621,74.381,64.021,236.077
314.451,73.815,64.021,236.077
308.225,73.249,64.021,236.077
311.055,69.287,64.021,236.077
312.753,69.853,64.021,236.077
315.583,67.023,64.021,236.077
309.357,61.930,64.021,236.077
305.130,60.628,62.656,231.043
296.822,61.182,62.656,231.043
305.130,63.952,62.656,231.043
311.223,70.044,62.656,231.043
305.130,73.922,62.656,231.043
299.038,66.721,62.656,231.043
292.945,75.029,62.656,231.043
283.529,68.937,62.656,231.043
276.328,65.059,62.656,231.043
270.236,72.260,62.656,231.043
275.221,66.167,62.656,231.043
277.401,51.544,64.042,236.155
280.232,45.316,64.042,236.155
276.269,51.544,64.042,236.155
272.306,58.903,64.042,236.155
264.946,57.205,64.042,236.155
260.983,61.168,64.042,236.155
257.020,60.602,64.042,236.155
262.115,62.300,64.042,236.155
269.475,66.263,64.042,236.155
279.099,64.565,64.042,236.155
289.856,66.263,64.042,236.155
297.216,70.226,64.042,236.155
302.311,65.131,64.042,236.155
300.612,62.300,64.042,236.155
292.268,52.052,65.459,241.380
298.633,63.047,65.459,241.380
294.583,67.097,65.459,241.380
300.948,72.305,65.459,241.380
291.111,75.198,65.459,241.380
285.903,76.934,65.459,241.380
292.268,82.142,65.459,241.380
288.218,78.092,65.459,241.380
295.740,86.772,65.459,241.380
291.690,81.564,65.459,241.380
300.369,90.244,65.459,241.380
307.892,96.609,65.459,241.380
303.841,91.401,65.459,241.380
298.633,85.036,65.459,241.380
295.740,78.670,65.459,241.380
291.690,71.148,65.459,241.380
281.852,63.625,65.459,241.380
272.015,52.631,65.459,241.380
262.178,43.951,65.459,241.380
262.756,48.001,65.459,241.380
263.335,55.524,65.459,241.380
261.599,59.575,65.459,241.380
255.234,61.311,65.459,241.380
256.970,65.361,65.459,241.380
250.604,57.839,65.459,241.380
254.655,54.945,65.459,241.380
248.290,56.681,65.459,241.380
251.183,58.417,65.459,241.380
248.290,60.153,65.459,241.380
250.026,63.047,65.459,241.380
254.076,62.468,65.459,241.380
255.812,65.361,65.459,241.380
259.863,61.311,65.459,241.380
262.756,63.047,65.459,241.380
266.807,56.681,65.459,241.380
265.071,54.945,65.459,241.380
272.594,50.895,65.459,241.380
274.330,53.788,65.459,241.380
278.380,56.681,65.459,241.380
280.116,59.575,65.459,241.380
285.324,62.468,65.459,241.380
287.060,64.204,65.459,241.380
289.954,68.255,65.459,241.380
292.847,67.676,65.459,241.380
293.426,74.041,65.459,241.380
295.162,68.833,65.459,241.380
295.740,70.569,65.459,241.380
294.004,71.148,65.459,241.380
296.898,61.311,65.459,241.380
295.162,53.788,65.459,241.380
293.837,55.320,66.907,246.720
287.331,53.546,66.907,246.720
280.825,57.686,66.907,246.720
273.136,61.826,66.907,246.720
266.873,59.711,68.388,252.179
269.895,55.479,68.388,252.179
276.546,53.665,68.388,252.179
279.568,55.479,68.388,252.179
277.755,45.201,68.388,252.179
277.150,47.015,68.388,252.179
272.918,53.665,68.388,252.179
274.732,49.433,68.388,252.179
280.173,41.574,68.388,252.179
279.568,42.179,68.388,252.179
283.800,46.410,68.388,252.179
281.987,47.015,68.388,252.179
287.428,51.247,68.388,252.179
290.450,49.433,68.388,252.179
295.891,54.874,68.388,252.179
301.865,58.146,66.929,246.801
304.823,56.371,66.929,246.801
303.048,53.413,66.929,246.801
307.190,49.271,66.929,246.801
304.231,47.496,66.929,246.801
304.823,43.354,66.929,246.801
304.231,41.579,66.929,246.801
308.373,33.888,66.929,246.801
306.598,39.213,66.929,246.801
317.840,38.621,66.929,246.801
312.515,33.296,66.929,246.801
321.389,37.438,66.929,246.801
326.714,35.663,66.929,246.801
323.436,34.302,65.502,241.538
330.274,38.552,64.105,236.387
327.440,39.119,64.105,236.387
329.140,35.152,64.105,236.387
328.574,37.985,64.105,236.387
325.740,38.552,64.105,236.387
318.373,39.119,64.105,236.387
323.473,40.819,64.105,236.387
328.574,35.719,64.105,236.387
324.607,43.086,64.105,236.387
324.744,43.968,62.738,231.346
327.517,41.195,62.738,231.346
333.618,41.749,62.738,231.346
330.845,37.867,62.738,231.346
328.072,42.858,62.738,231.346
330.845,40.085,62.738,231.346
328.072,43.968,62.738,231.346
326.408,45.631,62.738,231.346
323.635,48.404,62.738,231.346
319.753,50.068,62.738,231.346
316.980,50.623,62.738,231.346
313.097,51.178,62.738,231.346
318.577,55.248,61.400,226.413
314.778,53.620,61.400,226.413
313.150,53.077,61.400,226.413
315.864,51.448,61.400,226.413
313.150,53.077,61.400,226.413
313.692,49.277,61.400,226.413
310.978,50.906,61.400,226.413
307.179,47.106,61.400,226.413
301.208,47.649,61.400,226.413
294.152,42.764,61.400,226.413
288.182,41.136,61.400,226.413
285.468,42.764,61.400,226.413
287.096,41.136,61.400,226.413
285.468,44.935,61.400,226.413
290.353,46.563,61.400,226.413
285.468,39.507,61.400,226.413
282.754,42.221,61.400,226.413
285.468,36.251,61.400,226.413
284.925,38.964,61.400,226.413
289.810,35.165,61.400,226.413
286.011,31.366,61.400,226.413
290.896,36.251,61.400,226.413
292.524,33.537,61.400,226.413
296.323,39.507,61.400,226.413
297.952,42.221,61.400,226.413
298.494,47.106,61.400,226.413
294.695,53.077,61.400,226.413
295.238,48.192,61.400,226.413
294.695,55.248,61.400,226.413
300.210,46.549,62.759,231.422
299.655,52.651,62.759,231.422
294.662,57.645,62.759,231.422
299.655,51.542,62.759,231.422
297.991,47.658,62.759,231.422
300.765,49.323,62.759,231.422
294.662,53.206,62.759,231.422
300.765,53.761,62.759,231.422
306.868,55.425,62.759,231.422
312.970,49.323,62.759,231.422
316.854,50.987,62.759,231.422
321.847,44.884,62.759,231.422
315.565,52.165,61.420,226.487
318.280,48.364,61.420,226.487
312.307,52.165,61.420,226.487
307.420,48.364,61.420,226.487
298.190,43.477,61.420,226.487
293.303,40.762,61.420,226.487
300.362,46.735,61.420,226.487
299.819,41.848,61.420,226.487
294.932,47.821,61.420,226.487
288.960,40.762,61.420,226.487
284.073,38.048,61.420,226.487
286.298,47.266,60.110,221.657
284.704,53.111,60.110,221.657
279.921,50.454,60.110,221.657
276.202,56.299,60.110,221.657
277.355,53.029,58.829,216.930
282.035,57.709,58.829,216.930
288.796,54.069,58.829,216.930
295.557,57.709,58.829,216.930
295.036,53.029,58.829,216.930
293.476,50.429,58.829,216.930
291.916,53.029,58.829,216.930
298.677,58.749,58.829,216.930
302.317,59.270,58.829,216.930
299.717,64.990,58.829,216.930
305.437,68.630,58.829,216.930
311.579,74.452,57.574,212.304
309.034,68.854,57.574,212.304
307.507,66.309,57.574,212.304
316.159,72.925,57.574,212.304
309.543,74.452,57.574,212.304
301.908,72.925,57.574,212.304
300.381,72.416,57.574,212.304
300.890,76.997,57.574,212.304
298.070,75.827,56.346,207.777
295.580,78.317,56.346,207.777
289.104,81.804,56.346,207.777
283.830,78.989,57.593,212.374
283.321,83.571,57.593,212.374
281.794,84.080,57.593,212.374
276.193,82.553,57.593,212.374
276.702,86.117,57.593,212.374
269.065,83.571,57.593,212.374
266.520,86.117,57.593,212.374
260.919,83.571,57.593,212.374
263.465,82.044,57.593,212.374
268.047,76.443,57.593,212.374
268.556,82.044,57.593,212.374
269.065,83.571,57.593,212.374
265.501,83.062,57.593,212.374
272.120,83.571,57.593,212.374
271.611,88.153,57.593,212.374
279.248,84.589,57.593,212.374
273.648,91.208,57.593,212.374
269.065,86.626,57.593,212.374
263.465,84.080,57.593,212.374
272.120,81.534,57.593,212.374
275.684,81.025,57.593,212.374
279.248,75.425,57.593,212.374
273.648,81.025,57.593,212.374
273.138,74.407,57.593,212.374
274.666,71.861,57.593,212.374
270.084,66.261,57.593,212.374
274.666,68.806,57.593,212.374
276.193,71.352,57.593,212.374
278.739,68.806,57.593,212.374
284.339,75.425,57.593,212.374
280.775,72.879,57.593,212.374
283.321,77.461,57.593,212.374
278.739,83.062,57.593,212.374
284.339,88.662,57.593,212.374
276.702,84.080,57.593,212.374
272.120,90.699,57.593,212.374
274.666,92.226,57.593,212.374
269.065,87.644,57.593,212.374
264.483,89.171,57.593,212.374
255.828,83.571,57.593,212.374
249.209,82.044,57.593,212.374
243.609,76.443,57.593,212.374
243.100,73.898,57.593,212.374
244.627,74.407,57.593,212.374
246.155,77.971,57.593,212.374
248.241,77.781,56.365,207.845
251.729,78.280,56.365,207.845
257.210,82.764,56.365,207.845
259.701,81.269,56.365,207.845
257.210,86.750,56.365,207.845
261.694,85.255,56.365,207.845
268.172,82.764,56.365,207.845
264.684,86.252,56.365,207.845
272.158,79.774,56.365,207.845
268.670,76.287,56.365,207.845
273.154,81.768,56.365,207.845
270.663,78.280,56.365,207.845
271.161,83.761,56.365,207.845
270.663,80.273,56.365,207.845
268.172,86.750,56.365,207.845
273.235,76.697,57.612,212.443
276.800,84.336,57.612,212.443
274.253,78.734,57.612,212.443
281.893,84.336,57.612,212.443
283.421,79.752,57.612,212.443
289.023,87.392,57.612,212.443
287.495,80.771,57.612,212.443
291.060,87.392,57.612,212.443
290.551,80.771,57.612,212.443
289.023,75.169,57.612,212.443
291.569,83.827,57.612,212.443
288.004,89.429,57.612,212.443
285.458,96.050,57.612,212.443
279.855,101.652,57.612,212.443
274.253,104.198,57.612,212.443
270.688,95.540,57.612,212.443
270.179,90.957,57.612,212.443
268.651,89.429,57.612,212.443
261.012,95.031,57.612,212.443
257.447,102.671,57.612,212.443
250.826,111.329,57.612,212.443
246.242,116.931,57.612,212.443
254.900,107.254,57.612,212.443
251.335,107.763,57.612,212.443
244.714,114.384,57.612,212.443
251.335,106.745,57.612,212.443
249.807,103.180,57.612,212.443
247.261,106.745,57.612,212.443
242.677,99.106,57.612,212.443
236.056,103.689,57.612,212.443
232.491,94.013,57.612,212.443
229.212,87.964,58.886,217.144
233.897,83.279,58.886,217.144
234.418,79.635,58.886,217.144
241.867,71.292,60.189,221.948
239.545,74.909,61.521,226.858
245.528,72.189,61.521,226.858
249.335,77.084,61.521,226.858
247.703,75.453,61.521,226.858
253.686,80.347,61.521,226.858
260.756,75.453,61.521,226.858
263.475,79.260,61.521,226.858
270.129,80.700,62.882,231.878
276.244,85.703,62.882,231.878
282.359,87.370,62.882,231.878
280.691,87.926,62.882,231.878
282.359,79.588,62.882,231.878
286.250,75.697,62.882,231.878
282.359,66.247,62.882,231.878
284.027,67.914,62.882,231.878
277.912,72.917,62.882,231.878
275.132,76.808,62.882,231.878
273.465,80.700,62.882,231.878
272.909,82.367,62.882,231.878
273.465,79.588,62.882,231.878
272.909,75.697,62.882,231.878
264.716,76.015,64.273,237.008
260.739,72.038,64.273,237.008
266.989,64.651,64.273,237.008
272.102,65.220,64.273,237.008
281.761,65.788,64.273,237.008
289.148,73.174,64.273,237.008
296.534,77.152,64.273,237.008
292.557,68.629,64.273,237.008
285.170,63.515,64.273,237.008
277.784,59.538,64.273,237.008
271.534,45.333,64.273,237.008
264.148,34.538,64.273,237.008
268.125,36.242,64.273,237.008
268.693,36.811,64.273,237.008
263.579,39.651,64.273,237.008
268.693,33.401,64.273,237.008
264.450,33.190,62.903,231.954
263.894,31.522,62.903,231.954
265.562,36.527,62.903,231.954
262.781,31.522,62.903,231.954
254.440,40.975,62.903,231.954
257.221,48.204,62.903,231.954
262.225,47.648,62.903,231.954
258.333,53.765,62.903,231.954
254.440,56.545,62.903,231.954
245.226,24.272,85.547,315.455
248.596,58.070,62.903,231.954
241.367,56.402,62.903,231.954
235.250,53.622,62.903,231.954
230.245,56.402,62.903,231.954
225.241,54.734,62.903,231.954
222.460,54.178,62.903,231.954
219.680,48.061,62.903,231.954
218.012,45.281,62.903,231.954
211.895,51.397,62.903,231.954
200.663,31.882,84.674,312.236
206.932,77.416,62.903,231.954
204.152,77.972,62.903,231.954
210.268,70.743,62.903,231.954
206.688,58.369,64.294,237.086
201.573,47.570,64.294,237.086
195.320,49.275,64.294,237.086
190.205,47.570,64.294,237.086
182.816,51.549,64.294,237.086
191.342,57.801,64.294,237.086
187.363,61.779,64.294,237.086
195.889,65.758,64.294,237.086
189.637,69.737,64.294,237.086
183.385,73.715,64.294,237.086
192.288,77.887,62.923,232.030
186.169,69.543,62.923,232.030
185.613,68.987,62.923,232.030
189.506,65.093,62.923,232.030
193.400,68.987,62.923,232.030
201.744,61.755,62.923,232.030
203.413,60.087,62.923,232.030
206.756,50.017,64.316,237.163
200.502,55.134,64.316,237.163
199.934,64.800,64.316,237.163
205.051,72.191,64.316,237.163
211.305,84.131,64.316,237.163
210.736,90.385,64.316,237.163
212.442,89.816,64.316,237.163
208.462,91.522,64.316,237.163
198.736,98.983,62.944,232.106
205.866,44.006,80.268,295.989
203.890,45.093,80.221,295.814
203.036,45.631,79.929,294.738
202.107,46.893,79.787,294.214
201.185,47.184,79.629,293.632
207.133,106.712,62.944,232.106
197.096,47.855,79.807,294.290
220.372,84.106,65.760,242.490
221.454,90.470,67.215,247.855
218.483,87.499,67.215,247.855
225.019,78.587,67.215,247.855
231.555,70.862,67.215,247.855
235.714,75.021,67.215,247.855
242.250,67.297,67.215,247.855
247.598,72.645,67.215,247.855
258.887,67.297,67.215,247.855
265.423,72.645,67.215,247.855
263.641,76.804,67.215,247.855
268.989,80.963,67.215,247.855
263.641,82.746,67.215,247.855
267.800,82.152,67.215,247.855
269.583,86.311,67.215,247.855
