142.000,125.000,91.000,40.000
139.218,124.747,91.000,40.000
134.412,125.000,91.000,40.000
129.100,125.253,91.000,40.000
125.306,126.012,91.000,40.000
121.512,123.229,91.000,40.000
116.706,124.494,91.000,40.000
111.900,123.229,91.000,40.000
108.106,122.471,91.000,40.000
102.288,121.206,91.000,40.000
96.977,119.941,91.000,40.000
93.182,120.194,91.000,40.000
87.871,118.424,91.000,40.000
84.077,120.194,91.000,40.000
77.753,117.412,91.000,40.000
73.453,118.171,91.000,40.000
68.647,116.400,91.000,40.000
63.335,117.159,91.000,40.000
58.024,115.388,91.000,40.000
51.700,116.147,91.000,40.000
46.894,114.376,91.000,40.000
41.582,114.629,91.000,40.000
35.765,113.365,91.000,40.000
28.935,113.618,91.000,40.000
23.118,114.882,91.000,40.000
16.288,115.135,91.000,40.000
11.482,116.906,91.000,40.000
5.665,117.665,91.000,40.000
0.353,118.424,91.000,40.000
-4.959,121.712,91.000,40.000
-10.776,120.447,91.000,40.000
-15.582,123.735,91.000,40.000
-19.376,123.988,91.000,40.000
-22.063,126.609,89.059,39.147
-21.816,127.352,89.059,39.147
-24.044,127.599,89.059,39.147
-22.311,128.342,89.059,39.147
-24.044,128.589,89.059,39.147
-22.806,128.837,89.059,39.147
-24.539,128.589,89.059,39.147
-23.796,127.847,89.059,39.147
-23.548,128.094,89.059,39.147
-21.816,125.371,89.059,39.147
-23.548,125.619,89.059,39.147
-21.321,123.886,89.059,39.147
-20.083,123.143,89.059,39.147
-18.350,120.915,89.059,39.147
-17.607,120.173,89.059,39.147
-15.874,118.935,89.059,39.147
-13.647,116.707,89.059,39.147
-12.904,117.450,89.059,39.147
-11.666,114.727,89.059,39.147
-8.569,112.997,87.160,38.312
-7.358,111.785,87.160,38.312
-5.662,111.059,87.160,38.312
-0.090,109.847,87.160,38.312
3.060,107.667,87.160,38.312
9.116,106.455,87.160,38.312
12.750,105.729,87.160,38.312
16.869,105.002,87.160,38.312
23.410,103.790,87.160,38.312
28.013,104.517,87.160,38.312
34.555,102.337,87.160,38.312
38.673,103.548,87.160,38.312
43.276,102.337,87.160,38.312
49.817,104.033,87.160,38.312
53.451,102.337,87.160,38.312
57.086,105.002,87.160,38.312
57.812,107.182,87.160,38.312
58.539,108.394,87.160,38.312
59.266,109.605,87.160,38.312
59.508,111.785,87.160,38.312
59.266,112.997,87.160,38.312
59.056,112.824,89.089,39.160
59.799,115.053,89.089,39.160
60.046,116.291,89.089,39.160
60.294,117.529,89.089,39.160
59.551,117.282,89.089,39.160
58.808,120.005,89.089,39.160
59.056,118.767,89.089,39.160
60.294,120.996,89.089,39.160
61.037,121.739,89.089,39.160
59.799,121.491,89.089,39.160
58.561,123.720,89.089,39.160
58.808,122.482,89.089,39.160
60.046,124.710,89.089,39.160
59.303,126.444,89.089,39.160
59.056,124.710,89.089,39.160
59.303,127.434,89.089,39.160
60.542,127.682,89.089,39.160
58.808,129.911,89.089,39.160
59.551,130.158,89.089,39.160
58.313,131.396,89.089,39.160
59.056,133.130,89.089,39.160
58.808,132.882,89.089,39.160
59.551,135.111,89.089,39.160
59.303,134.368,89.089,39.160
62.027,137.092,89.089,39.160
63.761,137.339,89.089,39.160
65.989,138.082,89.089,39.160
67.723,140.311,89.089,39.160
68.961,139.073,89.089,39.160
70.199,141.797,89.089,39.160
71.932,141.054,89.089,39.160
74.161,143.282,89.089,39.160
78.371,145.511,89.089,39.160
81.590,143.778,89.089,39.160
85.304,146.997,89.089,39.160
88.028,148.730,89.089,39.160
92.733,149.473,89.089,39.160
95.952,150.711,89.089,39.160
101.153,150.959,89.089,39.160
104.867,152.197,89.089,39.160
108.086,152.940,89.089,39.160
112.791,153.683,89.089,39.160
116.506,154.921,89.089,39.160
119.725,154.178,89.089,39.160
125.420,156.407,89.089,39.160
129.630,156.654,89.089,39.160
132.849,157.397,89.089,39.160
137.059,157.150,89.089,39.160
140.278,158.883,89.089,39.160
144.983,158.140,89.089,39.160
148.697,160.369,89.089,39.160
152.907,161.607,89.089,39.160
157.612,159.378,89.089,39.160
161.326,162.102,89.089,39.160
166.031,161.855,89.089,39.160
170.241,164.083,89.089,39.160
174.451,164.331,89.089,39.160
177.175,165.569,89.089,39.160
180.889,164.331,89.089,39.160
182.622,167.550,89.089,39.160
186.832,167.798,89.089,39.160
191.042,168.541,89.089,39.160
192.750,167.450,93.500,41.099
195.561,167.367,93.878,41.265
200.627,168.396,93.747,41.207
203.218,171.663,89.089,39.160
203.573,169.373,93.855,41.255
207.208,174.149,89.089,39.160
204.419,170.305,94.161,41.390
206.553,172.364,93.894,41.272
206.531,172.354,93.939,41.292
209.602,173.385,93.797,41.229
209.590,174.380,93.821,41.240
211.544,174.360,93.913,41.280
212.598,175.384,93.805,41.233
210.642,176.403,93.716,41.194
209.680,177.420,93.640,41.160
208.684,179.422,93.631,41.157
211.218,180.187,89.089,39.160
209.979,182.911,89.089,39.160
209.732,182.663,89.089,39.160
207.998,184.892,89.089,39.160
207.256,186.625,89.089,39.160
206.017,187.368,89.089,39.160
204.284,189.597,89.089,39.160
204.036,189.349,89.089,39.160
203.293,191.578,89.089,39.160
203.541,190.339,89.089,39.160
201.808,193.063,89.089,39.160
203.046,193.806,89.089,39.160
203.293,192.568,89.089,39.160
200.570,194.302,89.089,39.160
195.865,195.044,89.089,39.160
192.567,193.327,91.060,40.026
190.795,195.605,91.060,40.026
189.023,193.327,91.060,40.026
189.276,196.111,91.060,40.026
192.061,193.327,91.060,40.026
190.289,192.567,91.060,40.026
188.011,190.796,91.060,40.026
185.733,191.555,91.060,40.026
186.492,189.277,91.060,40.026
185.227,190.036,91.060,40.026
182.443,187.252,91.060,40.026
183.202,186.493,91.060,40.026
182.949,184.215,91.060,40.026
183.202,183.962,91.060,40.026
180.924,181.684,91.060,40.026
181.177,180.418,91.060,40.026
178.393,179.153,91.060,40.026
177.634,176.875,91.060,40.026
176.874,175.103,91.060,40.026
175.609,175.862,91.060,40.026
175.356,172.572,91.060,40.026
174.090,170.294,91.060,40.026
171.244,171.689,93.074,40.912
171.503,167.809,93.074,40.912
169.692,168.067,93.074,40.912
167.881,164.704,93.074,40.912
167.623,165.998,93.074,40.912
166.846,164.704,93.074,40.912
167.623,161.858,93.074,40.912
164.777,163.152,93.074,40.912
165.553,159.789,93.074,40.912
165.812,161.082,93.074,40.912
167.623,156.684,93.074,40.912
164.259,158.495,93.074,40.912
157.274,157.202,93.074,40.912
150.608,155.407,95.134,41.817
150.344,152.498,95.134,41.817
149.550,152.763,95.134,41.817
149.286,149.325,95.134,41.817
146.906,152.234,95.134,41.817
147.699,148.796,95.134,41.817
144.791,152.234,95.134,41.817
140.295,149.325,95.134,41.817
141.617,149.590,95.134,41.817
138.180,150.383,95.134,41.817
134.213,147.474,95.134,41.817
135.535,149.325,95.134,41.817
133.684,145.888,95.134,41.817
131.305,147.210,95.134,41.817
127.867,145.359,95.134,41.817
127.074,144.036,95.134,41.817
123.636,145.359,95.134,41.817
121.785,143.508,95.134,41.817
123.636,143.243,95.134,41.817
122.314,140.863,95.134,41.817
122.050,141.128,95.134,41.817
120.198,140.863,95.134,41.817
118.347,141.128,95.134,41.817
116.496,141.392,95.134,41.817
114.117,142.185,95.134,41.817
116.496,140.863,95.134,41.817
117.819,140.599,95.134,41.817
114.381,138.748,95.134,41.817
108.828,138.483,95.134,41.817
107.506,139.806,95.134,41.817
104.068,138.483,95.134,41.817
101.688,139.806,95.134,41.817
100.366,139.012,95.134,41.817
99.044,140.334,95.134,41.817
96.135,139.541,95.134,41.817
93.755,141.392,95.134,41.817
92.433,140.599,95.134,41.817
90.053,139.806,95.134,41.817
89.789,141.128,95.134,41.817
91.640,140.334,95.134,41.817
92.433,142.714,95.134,41.817
94.284,139.806,95.134,41.817
98.251,141.128,95.134,41.817
101.159,138.748,95.134,41.817
105.655,137.426,95.134,41.817
109.092,139.277,95.134,41.817
112.001,136.897,95.134,41.817
115.439,135.575,95.134,41.817
120.463,134.781,95.134,41.817
123.901,132.930,95.134,41.817
128.396,131.079,95.134,41.817
131.305,129.757,95.134,41.817
134.213,127.906,95.134,41.817
137.651,126.584,95.134,41.817
141.089,127.906,95.134,41.817
142.940,125.526,95.134,41.817
147.435,125.791,95.134,41.817
149.286,124.997,95.134,41.817
154.310,123.675,95.134,41.817
157.219,123.940,95.134,41.817
160.128,122.618,95.134,41.817
164.623,120.767,95.134,41.817
166.474,121.560,95.134,41.817
171.498,120.238,95.134,41.817
172.820,119.973,95.134,41.817
175.200,118.651,95.134,41.817
175.465,119.444,95.134,41.817
176.787,120.238,95.134,41.817
178.109,120.502,95.134,41.817
178.373,121.295,95.134,41.817
180.224,119.973,95.134,41.817
180.489,121.824,95.134,41.817
178.109,120.502,95.134,41.817
176.258,123.940,95.134,41.817
173.349,124.733,95.134,41.817
172.027,126.055,95.134,41.817
168.589,129.493,95.134,41.817
166.738,130.286,95.134,41.817
166.474,133.195,95.134,41.817
160.392,135.046,95.134,41.817
160.128,136.368,95.134,41.817
155.103,139.277,95.134,41.817
154.839,140.599,95.134,41.817
149.815,143.508,95.134,41.817
149.550,145.359,95.134,41.817
144.526,146.681,95.134,41.817
143.204,148.003,95.134,41.817
140.824,146.681,95.134,41.817
139.502,148.532,95.134,41.817
138.709,148.267,95.134,41.817
138.444,146.416,95.134,41.817
135.007,145.623,95.134,41.817
132.098,143.243,95.134,41.817
130.776,144.565,95.134,41.817
128.396,141.657,95.134,41.817
126.545,139.806,95.134,41.817
124.694,137.955,95.134,41.817
121.785,137.690,95.134,41.817
121.521,135.310,95.134,41.817
115.968,134.517,95.134,41.817
115.703,133.195,95.134,41.817
114.381,131.344,95.134,41.817
111.472,130.022,95.134,41.817
110.679,129.228,95.134,41.817
108.299,128.435,95.134,41.817
105.919,128.699,95.134,41.817
105.126,126.848,95.134,41.817
104.861,129.228,95.134,41.817
106.713,127.906,95.134,41.817
107.506,129.757,95.134,41.817
108.299,128.435,95.134,41.817
109.092,130.286,95.134,41.817
110.415,128.964,95.134,41.817
111.737,128.699,95.134,41.817
113.059,127.906,95.134,41.817
114.910,128.699,95.134,41.817
118.347,127.906,95.134,41.817
120.727,128.699,95.134,41.817
125.223,127.377,95.134,41.817
127.074,128.699,95.134,41.817
131.040,125.262,95.134,41.817
133.420,126.055,95.134,41.817
137.915,124.204,95.134,41.817
141.353,122.353,95.134,41.817
143.733,120.502,95.134,41.817
147.170,117.593,95.134,41.817
149.550,114.156,95.134,41.817
151.930,111.776,95.134,41.817
153.781,108.338,95.134,41.817
155.103,106.487,95.134,41.817
155.368,105.165,95.134,41.817
156.690,103.843,95.134,41.817
155.897,105.694,95.134,41.817
156.690,104.372,95.134,41.817
157.483,107.809,95.134,41.817
158.805,106.487,95.134,41.817
159.070,109.396,95.134,41.817
159.334,108.603,95.134,41.817
160.128,109.925,95.134,41.817
160.392,110.189,95.134,41.817
161.714,113.098,95.134,41.817
163.565,111.776,95.134,41.817
164.887,113.627,95.134,41.817
166.209,114.949,95.134,41.817
166.474,116.271,95.134,41.817
168.763,117.991,93.105,40.925
170.057,118.250,93.105,40.925
168.763,117.991,93.105,40.925
164.881,120.321,93.105,40.925
162.034,121.097,93.105,40.925
164.363,122.391,93.105,40.925
168.245,120.062,93.105,40.925
165.916,122.391,93.105,40.925
167.728,121.097,93.105,40.925
165.916,122.909,93.105,40.925
165.140,124.720,93.105,40.925
167.469,123.426,93.105,40.925
167.728,124.720,93.105,40.925
170.057,124.461,93.105,40.925
170.833,124.202,93.105,40.925
171.609,124.979,93.105,40.925
172.386,124.720,93.105,40.925
172.127,126.532,93.105,40.925
172.903,124.202,93.105,40.925
173.162,126.014,93.105,40.925
174.456,126.273,93.105,40.925
172.645,125.496,93.105,40.925
172.903,127.308,93.105,40.925
171.092,124.979,93.105,40.925
168.763,127.826,93.105,40.925
167.986,126.014,93.105,40.925
164.104,128.343,93.105,40.925
162.293,126.014,93.105,40.925
159.446,128.861,93.105,40.925
157.117,128.084,93.105,40.925
154.788,127.308,93.105,40.925
153.494,129.637,93.105,40.925
152.200,127.308,93.105,40.925
150.388,129.637,93.105,40.925
148.577,127.308,93.105,40.925
147.283,129.120,93.105,40.925
144.436,127.308,93.105,40.925
143.660,129.120,93.105,40.925
141.848,127.826,93.105,40.925
139.519,127.567,93.105,40.925
136.155,129.896,93.105,40.925
133.826,128.084,93.105,40.925
131.497,127.308,93.105,40.925
128.132,129.120,93.105,40.925
126.321,130.413,93.105,40.925
122.956,131.190,93.105,40.925
121.145,129.378,93.105,40.925
118.298,131.707,93.105,40.925
115.452,132.484,93.105,40.925
114.675,130.672,93.105,40.925
112.346,133.519,93.105,40.925
110.017,130.672,93.105,40.925
108.205,133.001,93.105,40.925
103.806,133.260,93.105,40.925
102.512,131.449,93.105,40.925
98.630,133.778,93.105,40.925
95.783,131.966,93.105,40.925
95.007,134.813,93.105,40.925
90.607,133.001,93.105,40.925
89.831,133.778,93.105,40.925
87.502,132.484,93.105,40.925
84.655,133.778,93.105,40.925
80.773,135.589,93.105,40.925
77.927,133.260,93.105,40.925
75.598,136.107,93.105,40.925
72.751,134.295,93.105,40.925
71.457,134.554,93.105,40.925
68.093,135.848,93.105,40.925
65.246,134.037,93.105,40.925
63.434,136.366,93.105,40.925
58.517,134.554,93.105,40.925
56.188,136.366,93.105,40.925
54.894,134.554,93.105,40.925
52.565,135.331,93.105,40.925
50.754,134.554,93.105,40.925
47.907,136.366,93.105,40.925
45.578,134.037,93.105,40.925
43.249,136.883,93.105,40.925
39.884,135.072,93.105,40.925
39.625,133.778,93.105,40.925
36.779,136.107,93.105,40.925
35.485,133.778,93.105,40.925
32.121,135.589,93.105,40.925
30.309,133.778,93.105,40.925
27.462,135.589,93.105,40.925
26.686,133.260,93.105,40.925
24.357,132.484,93.105,40.925
22.028,131.190,93.105,40.925
19.181,130.931,93.105,40.925
17.369,131.707,93.105,40.925
15.558,129.378,93.105,40.925
13.746,129.637,93.105,40.925
11.417,127.826,93.105,40.925
9.606,126.532,93.105,40.925
9.864,124.720,93.105,40.925
10.641,122.909,93.105,40.925
10.900,123.167,93.105,40.925
11.676,120.838,93.105,40.925
12.970,119.027,93.105,40.925
13.746,117.215,93.105,40.925
14.523,115.404,93.105,40.925
15.817,113.592,93.105,40.925
18.146,112.298,93.105,40.925
16.852,111.004,93.105,40.925
19.698,108.675,93.105,40.925
18.405,109.969,93.105,40.925
19.698,108.157,93.105,40.925
20.475,107.381,93.105,40.925
19.181,109.710,93.105,40.925
19.440,107.899,93.105,40.925
20.734,109.193,93.105,40.925
22.028,107.381,93.105,40.925
21.769,109.193,93.105,40.925
22.028,110.487,93.105,40.925
22.286,109.710,93.105,40.925
23.063,112.557,93.105,40.925
22.286,113.333,93.105,40.925
25.133,113.592,93.105,40.925
24.874,115.921,93.105,40.925
24.616,117.215,93.105,40.925
27.980,117.991,93.105,40.925
26.168,118.768,93.105,40.925
29.533,120.062,93.105,40.925
27.721,119.285,93.105,40.925
29.533,121.097,93.105,40.925
29.274,123.426,93.105,40.925
29.533,124.720,93.105,40.925
32.897,126.532,93.105,40.925
31.603,125.238,93.105,40.925
34.450,127.567,93.105,40.925
33.673,129.378,93.105,40.925
36.002,128.602,93.105,40.925
35.226,131.449,93.105,40.925
39.108,133.260,93.105,40.925
37.814,134.037,93.105,40.925
41.178,135.331,93.105,40.925
39.367,136.107,93.105,40.925
42.731,135.331,93.105,40.925
44.543,137.660,93.105,40.925
47.389,137.918,93.105,40.925
48.683,140.248,93.105,40.925
48.424,139.471,93.105,40.925
50.236,141.283,93.105,40.925
51.530,140.506,93.105,40.925
52.306,143.353,93.105,40.925
54.635,143.612,93.105,40.925
56.965,144.906,93.105,40.925
57.741,145.682,93.105,40.925
60.070,143.871,93.105,40.925
61.364,145.682,93.105,40.925
61.623,145.941,93.105,40.925
62.399,148.788,93.105,40.925
61.623,149.564,93.105,40.925
61.882,149.823,93.105,40.925
63.693,152.152,93.105,40.925
64.987,151.893,93.105,40.925
65.763,154.740,93.105,40.925
67.575,157.587,93.105,40.925
70.939,158.363,93.105,40.925
74.304,159.657,93.105,40.925
70.422,157.328,93.105,40.925
70.163,160.692,93.105,40.925
74.045,161.469,93.105,40.925
77.927,163.798,93.105,40.925
81.809,161.986,93.105,40.925
84.655,163.798,93.105,40.925
84.968,160.928,95.165,41.831
96.342,165.425,95.165,41.831
104.013,166.748,95.165,41.831
113.800,168.599,95.165,41.831
78.803,163.155,99.394,43.690
86.579,161.554,97.270,42.756
82.502,164.463,97.996,43.075
81.826,167.605,97.348,42.790
83.632,166.519,97.736,42.961
86.840,167.611,97.321,42.778
86.437,167.434,98.125,43.132
80.933,164.504,99.422,43.702
77.893,165.885,99.422,43.702
82.591,163.951,99.422,43.702
92.816,167.543,99.422,43.702
96.590,169.640,101.622,44.669
98.567,167.098,101.622,44.669
105.064,167.946,101.622,44.669
116.080,169.923,101.622,44.669
95.137,168.302,98.726,43.396
92.647,163.799,101.622,44.669
97.463,166.445,98.074,43.110
86.173,160.669,101.622,44.669
89.444,157.537,103.871,45.657
93.198,153.784,103.871,45.657
104.458,155.805,103.871,45.657
108.788,152.629,103.871,45.657
113.119,155.227,103.871,45.657
115.864,151.427,106.169,46.668
124.422,149.952,106.169,46.668
109.962,154.378,106.169,46.668
110.257,153.493,106.169,46.668
112.913,156.149,106.169,46.668
116.331,157.164,108.518,47.700
94.312,151.432,108.518,47.700
100.646,147.511,108.518,47.700
107.584,146.003,108.518,47.700
115.125,142.685,108.518,47.700
119.649,141.177,108.518,47.700
122.831,148.168,99.338,43.665
132.108,140.109,108.518,47.700
146.888,139.204,108.518,47.700
160.462,136.490,108.518,47.700
167.399,136.188,108.518,47.700
174.940,132.870,108.518,47.700
182.481,134.378,108.518,47.700
188.815,137.696,108.518,47.700
199.372,135.585,108.518,47.700
202.690,137.696,108.518,47.700
111.493,141.019,100.015,43.962
111.371,140.965,100.258,44.069
107.424,139.989,100.152,44.023
105.113,139.852,100.774,44.296
98.722,140.680,101.557,44.640
95.577,139.616,101.846,44.768
81.977,141.761,108.518,47.700
78.056,139.650,108.518,47.700
74.738,142.365,108.518,47.700
74.437,140.253,108.518,47.700
77.151,141.158,108.518,47.700
75.040,139.047,108.518,47.700
74.135,138.142,108.518,47.700
72.627,137.840,108.518,47.700
69.309,138.142,108.518,47.700
69.611,135.427,108.518,47.700
69.309,138.142,108.518,47.700
65.388,134.824,108.518,47.700
65.689,133.919,108.518,47.700
62.371,133.014,108.518,47.700
61.466,132.109,108.518,47.700
59.355,133.014,108.518,47.700
57.244,129.696,108.518,47.700
58.148,130.601,108.518,47.700
56.037,129.696,108.518,47.700
55.132,128.791,108.518,47.700
53.021,129.696,108.518,47.700
52.719,127.585,108.518,47.700
50.004,129.696,108.518,47.700
49.703,126.378,108.518,47.700
48.195,128.490,108.518,47.700
49.099,126.981,108.518,47.700
46.988,125.473,108.518,47.700
47.290,126.981,108.518,47.700
42.162,125.473,108.518,47.700
43.670,127.585,108.518,47.700
38.542,124.870,108.518,47.700
39.447,123.362,108.518,47.700
35.526,126.076,108.518,47.700
36.431,123.362,108.518,47.700
37.336,124.870,108.518,47.700
34.018,122.155,108.518,47.700
34.923,120.044,108.518,47.700
30.398,120.345,108.518,47.700
31.906,118.234,108.518,47.700
32.110,118.851,100.779,44.299
32.231,118.904,100.537,44.192
35.277,118.924,100.445,44.152
37.365,118.963,100.270,44.075
43.264,117.918,100.472,44.164
37.999,119.280,110.919,48.755
42.624,120.822,110.919,48.755
46.015,120.514,110.919,48.755
49.406,118.355,110.919,48.755
54.031,119.280,110.919,48.755
59.272,116.506,110.919,48.755
63.280,118.664,110.919,48.755
66.055,117.739,110.919,48.755
71.296,116.814,110.919,48.755
75.921,116.506,110.919,48.755
80.545,114.964,110.919,48.755
83.320,115.889,110.919,48.755
84.862,113.731,110.919,48.755
87.637,113.423,110.919,48.755
89.795,111.881,110.919,48.755
91.953,112.189,110.919,48.755
94.111,111.264,110.919,48.755
95.652,112.189,110.919,48.755
98.427,110.648,110.919,48.755
99.969,113.423,110.919,48.755
102.127,111.881,110.919,48.755
102.435,112.806,110.919,48.755
105.210,111.881,110.919,48.755
109.067,112.104,108.553,47.716
111.783,112.405,108.553,47.716
113.895,115.121,108.553,47.716
114.800,112.405,108.553,47.716
118.119,114.518,108.553,47.716
119.628,113.612,108.553,47.716
122.343,111.500,108.553,47.716
123.249,114.216,108.553,47.716
125.361,111.500,108.553,47.716
127.473,113.612,108.553,47.716
129.585,110.897,108.553,47.716
132.904,110.595,108.553,47.716
134.413,112.104,108.553,47.716
133.507,109.388,108.553,47.716
133.809,112.104,108.553,47.716
129.887,109.992,108.553,47.716
127.775,108.483,108.553,47.716
122.645,111.199,108.553,47.716
116.309,107.880,108.553,47.716
109.972,108.785,108.553,47.716
105.446,106.069,108.553,47.716
106.895,108.032,106.238,46.698
106.604,105.968,103.973,45.702
86.663,105.679,103.973,45.702
80.594,108.280,103.973,45.702
82.617,106.835,103.973,45.702
86.374,108.280,103.973,45.702
91.865,105.101,103.973,45.702
107.760,103.656,103.973,45.702
122.518,102.194,101.756,44.728
135.811,101.345,101.756,44.728
151.367,98.800,101.756,44.728
165.226,100.780,101.756,44.728
178.520,98.800,101.756,44.728
185.591,100.214,101.756,44.728
190.965,97.103,101.756,44.728
196.339,95.689,101.756,44.728
201.712,95.971,101.756,44.728
206.887,93.450,99.586,43.774
209.932,93.173,99.586,43.774
205.302,95.935,100.396,44.130
218.003,91.247,99.586,43.774
214.958,89.863,99.586,43.774
221.089,88.995,97.462,42.840
226.236,88.183,97.462,42.840
233.009,90.079,97.462,42.840
237.072,88.724,97.462,42.840
240.594,88.995,97.462,42.840
244.116,86.015,97.462,42.840
238.968,74.908,97.462,42.840
201.071,94.834,100.857,44.333
198.480,95.574,102.040,44.853
187.369,95.100,97.462,42.840
190.349,94.287,97.462,42.840
194.413,95.642,97.462,42.840
196.309,96.996,97.462,42.840
197.122,98.893,97.462,42.840
199.018,98.080,97.462,42.840
200.373,98.351,97.462,42.840
199.018,96.996,97.462,42.840
197.122,98.351,97.462,42.840
197.935,96.996,97.462,42.840
199.289,97.809,97.462,42.840
201.185,96.454,97.462,42.840
199.831,96.183,97.462,42.840
200.644,95.371,97.462,42.840
198.206,97.267,97.462,42.840
199.018,94.829,97.462,42.840
197.122,97.267,97.462,42.840
197.393,95.371,97.462,42.840
197.664,95.100,97.462,42.840
194.684,96.454,97.462,42.840
196.580,94.558,97.462,42.840
195.226,96.454,97.462,42.840
195.496,94.016,97.462,42.840
194.142,95.913,97.462,42.840
195.496,94.016,97.462,42.840
194.142,94.829,97.462,42.840
190.620,94.558,97.462,42.840
187.640,95.371,97.462,42.840
185.202,94.558,97.462,42.840
181.139,95.371,97.462,42.840
178.701,94.558,97.462,42.840
175.721,96.454,97.462,42.840
172.199,95.100,97.462,42.840
167.594,96.996,97.462,42.840
164.072,98.893,97.462,42.840
165.426,96.996,97.462,42.840
157.570,99.434,97.462,42.840
153.507,98.080,97.462,42.840
147.276,99.976,97.462,42.840
138.336,101.872,97.462,42.840
133.731,99.976,97.462,42.840
126.416,103.498,97.462,42.840
117.477,102.685,97.462,42.840
113.955,102.956,97.462,42.840
106.640,105.394,97.462,42.840
99.326,104.581,97.462,42.840
94.179,107.020,97.462,42.840
83.614,108.916,97.462,42.840
79.550,107.020,97.462,42.840
74.945,110.541,97.462,42.840
71.423,109.187,97.462,42.840
70.610,111.083,97.462,42.840
70.881,110.812,97.462,42.840
72.778,112.167,97.462,42.840
75.216,110.812,97.462,42.840
75.487,112.709,97.462,42.840
78.467,111.896,97.462,42.840
77.654,113.792,97.462,42.840
81.176,112.979,97.462,42.840
81.988,112.709,97.462,42.840
81.717,114.063,97.462,42.840
86.323,113.792,97.462,42.840
89.303,112.438,97.462,42.840
87.948,114.334,97.462,42.840
92.012,113.521,97.462,42.840
92.283,115.959,97.462,42.840
95.263,117.314,97.462,42.840
97.701,114.876,97.462,42.840
99.055,117.856,97.462,42.840
99.326,118.127,97.462,42.840
102.306,116.772,97.462,42.840
100.952,119.752,97.462,42.840
105.557,118.397,97.462,42.840
107.453,120.294,97.462,42.840
108.808,120.023,97.462,42.840
111.246,121.919,97.462,42.840
113.142,121.107,97.462,42.840
116.122,121.377,97.462,42.840
118.018,120.023,97.462,42.840
120.456,122.461,97.462,42.840
123.978,120.565,97.462,42.840
125.333,121.919,97.462,42.840
128.313,121.107,97.462,42.840
131.293,120.294,97.462,42.840
135.356,119.481,97.462,42.840
137.794,120.294,97.462,42.840
141.316,119.481,97.462,42.840
145.921,118.668,97.462,42.840
148.359,117.856,97.462,42.840
149.714,114.876,97.462,42.840
148.359,110.270,97.462,42.840
145.921,107.290,97.462,42.840
147.935,104.287,99.618,43.788
145.997,102.349,99.618,43.788
136.305,97.088,99.618,43.788
108.892,100.687,99.618,43.788
104.185,106.502,99.618,43.788
122.289,115.490,102.422,45.021
118.976,114.352,103.047,45.296
110.838,114.114,99.618,43.788
102.254,117.160,99.618,43.788
101.977,116.329,99.618,43.788
100.039,117.713,99.618,43.788
102.531,115.775,99.618,43.788
100.039,117.160,99.618,43.788
100.870,116.329,99.618,43.788
96.163,117.160,99.618,43.788
92.563,114.668,99.618,43.788
90.625,116.606,99.618,43.788
88.133,117.990,99.618,43.788
86.194,114.945,99.618,43.788
82.595,117.437,99.618,43.788
81.764,114.945,99.618,43.788
77.611,116.329,99.618,43.788
76.226,114.945,99.618,43.788
73.734,114.668,99.618,43.788
72.350,112.729,99.618,43.788
72.073,114.114,99.618,43.788
71.796,113.283,99.618,43.788
70.965,114.668,99.618,43.788
71.796,112.176,99.618,43.788
69.857,114.114,99.618,43.788
72.350,112.176,99.618,43.788
69.857,115.221,99.618,43.788
70.134,112.176,99.618,43.788
71.519,114.668,99.618,43.788
69.027,112.176,99.618,43.788
68.196,114.114,99.618,43.788
69.581,112.729,99.618,43.788
72.626,111.345,99.618,43.788
70.688,113.283,99.618,43.788
67.089,112.452,99.618,43.788
62.381,112.176,99.618,43.788
59.335,111.899,99.618,43.788
56.843,111.068,99.618,43.788
50.475,113.006,99.618,43.788
48.536,112.729,99.618,43.788
45.491,114.114,99.618,43.788
42.999,113.283,99.618,43.788
39.953,115.221,99.618,43.788
40.783,112.176,99.618,43.788
36.630,113.560,99.618,43.788
38.014,112.176,99.618,43.788
36.630,114.114,99.618,43.788
35.799,112.176,99.618,43.788
35.522,113.560,99.618,43.788
36.353,112.729,99.618,43.788
37.184,111.345,99.618,43.788
34.692,113.283,99.618,43.788
36.076,111.899,99.618,43.788
35.245,113.283,99.618,43.788
36.630,111.345,99.618,43.788
35.245,113.283,99.618,43.788
36.630,111.899,99.618,43.788
36.353,111.068,99.618,43.788
33.307,113.560,99.618,43.788
34.138,112.176,99.618,43.788
35.522,110.791,99.618,43.788
34.138,112.729,99.618,43.788
35.522,109.683,99.618,43.788
35.799,112.729,99.618,43.788
34.415,111.345,99.618,43.788
36.907,112.176,99.618,43.788
33.861,112.452,99.618,43.788
35.245,111.068,99.618,43.788
33.307,113.560,99.618,43.788
32.477,111.622,99.618,43.788
34.415,111.345,99.618,43.788
30.815,113.283,99.618,43.788
33.307,111.899,99.618,43.788
29.708,114.945,99.618,43.788
29.431,112.452,99.618,43.788
29.154,114.945,99.618,43.788
26.108,113.560,99.618,43.788
28.600,114.945,99.618,43.788
26.108,113.006,99.618,43.788
27.492,113.837,99.618,43.788
25.000,113.006,99.618,43.788
23.062,114.945,99.618,43.788
25.554,111.899,99.618,43.788
23.062,114.945,99.618,43.788
22.785,113.006,99.618,43.788
21.401,114.945,99.618,43.788
20.570,115.775,99.618,43.788
21.954,112.729,99.618,43.788
18.909,115.775,99.618,43.788
20.293,113.283,99.618,43.788
21.124,115.775,99.618,43.788
16.970,114.945,99.618,43.788
21.124,113.560,99.618,43.788
23.062,116.606,99.618,43.788
23.893,113.560,99.618,43.788
25.831,117.160,99.618,43.788
26.662,115.775,99.618,43.788
26.385,118.267,99.618,43.788
29.984,116.329,99.618,43.788
30.815,118.267,99.618,43.788
33.307,116.329,99.618,43.788
36.353,117.713,99.618,43.788
38.291,115.775,99.618,43.788
39.122,116.606,99.618,43.788
42.168,115.775,99.618,43.788
41.891,117.160,99.618,43.788
46.044,114.668,99.618,43.788
47.429,117.160,99.618,43.788
46.598,119.098,99.618,43.788
49.644,117.160,99.618,43.788
49.921,119.652,99.618,43.788
51.305,116.606,99.618,43.788
53.244,119.098,99.618,43.788
52.967,117.160,99.618,43.788
54.905,119.098,99.618,43.788
57.397,117.160,99.618,43.788
58.228,119.098,99.618,43.788
61.828,117.713,99.618,43.788
59.889,119.098,99.618,43.788
64.043,117.160,99.618,43.788
62.658,119.098,99.618,43.788
67.365,117.713,99.618,43.788
66.535,118.544,99.618,43.788
71.242,117.713,99.618,43.788
69.304,120.206,99.618,43.788
71.796,117.160,99.618,43.788
74.288,120.206,99.618,43.788
72.903,118.821,99.618,43.788
77.057,119.098,99.618,43.788
74.565,121.036,99.618,43.788
78.164,119.098,99.618,43.788
80.103,121.036,99.618,43.788
78.718,119.652,99.618,43.788
82.318,118.821,99.618,43.788
82.041,121.313,99.618,43.788
85.087,119.929,99.618,43.788
86.471,121.313,99.618,43.788
88.963,122.144,99.618,43.788
88.133,121.867,99.618,43.788
91.732,121.036,99.618,43.788
91.455,122.974,99.618,43.788
94.501,122.698,99.618,43.788
95.886,122.974,99.618,43.788
93.947,124.359,99.618,43.788
97.547,122.974,99.618,43.788
98.378,124.913,99.618,43.788
101.424,122.974,99.618,43.788
100.593,125.467,99.618,43.788
103.639,125.190,99.618,43.788
105.577,124.359,99.618,43.788
104.746,127.405,99.618,43.788
105.023,126.574,99.618,43.788
107.515,127.959,99.618,43.788
109.454,126.020,99.618,43.788
110.838,128.512,99.618,43.788
113.884,126.574,99.618,43.788
111.946,129.620,99.618,43.788
114.438,127.128,99.618,43.788
114.715,130.174,99.618,43.788
114.438,128.236,99.618,43.788
117.484,128.512,99.618,43.788
117.207,131.004,99.618,43.788
