0.30112100
0.04503894
0.04511237
0.04511023
0.04518008
0.04509878
0.04524255
0.04502010
0.04497004
0.04506922
0.02979326
0.02979112
0.02986002
0.02987671
0.02984166
0.04492998
0.02983022
0.02989078
0.02989769
0.02980661
0.02985168
0.04501557
0.02994347
0.02986932
0.02995229
0.02990913
0.02987123
0.04508734
0.02985549
0.02980995
0.03251982
0.03246951
0.03248191
0.04772305
0.03238177
0.03238988
0.03150082
0.03241944
0.03249407
0.04752707
0.03163147
0.03150177
0.03256655
0.03155613
0.03170371
0.04684877
0.03179097
0.03269410
0.03172469
0.03180957
0.03262448
0.04688883
0.03179479
0.03166270
0.03260112
0.03166986
0.03270769
0.04796910
0.03183174
0.03173995
0.03264380
0.03169584
0.03257537
0.04784679
0.03249741
0.03251266
0.03257251
0.03040242
0.03246450
0.04766226
0.03264332
0.03072810
0.03274083
0.03269410
0.03264093
0.04788208
0.03273416
0.03269005
0.03257656
0.03269362
0.03259611
0.04774404
0.03249502
0.03251481
0.03238940
0.03241849
0.03241110
0.04767871
0.03158832
0.03253770
0.03254747
0.03158736
0.03157282
0.04673624
0.03149986
0.03150988
0.03151417
0.03139567
0.03150678
0.04672670
0.03157401
0.03153777
0.03157878
0.03167510
0.03160405
0.04678130
0.03156686
0.03147864
0.03157067
0.03142595
0.03149986
0.04658222
0.03155470
0.03150249
0.03152514
0.03147840
0.03150487
0.04664874
0.03157473
0.03156209
0.03147888
0.03138852
0.03139830
0.04673243
0.03147888
0.03146148
0.03041959
0.03052688
0.03244996
0.04568005
0.03042269
0.03044176
0.03244829
0.03041291
0.03236389
0.04562855
0.03043127
0.03041863
0.03140664
0.03039980
0.03037667
0.04666901
