0.30061960
0.04463887
0.04530621
0.04538727
0.04538965
0.04536486
0.04519868
0.04528594
0.04535294
0.04526448
0.02993083
0.03005862
0.03003192
0.03012466
0.03009200
0.04520559
0.03009319
0.03012013
0.03007197
0.03012919
0.03013659
0.04530692
0.03012395
0.03001595
0.03004217
0.02996349
0.03007388
0.04532051
0.03012586
0.03002286
0.03267097
0.03267670
0.03267837
0.04760671
0.03254938
0.03163314
0.03399920
0.03270984
0.03261065
0.04781890
0.03175974
0.03171563
0.03168297
0.03155828
0.03252888
0.04778671
0.03260493
0.03260279
0.03261662
0.03165793
0.03171682
0.04676175
0.03260040
0.03257823
0.03258085
0.03164816
0.03169513
0.04678059
0.03256178
0.03155041
0.03172851
0.03166676
0.03070664
0.04668593
0.03170943
0.03261900
0.03187370
0.03168249
0.03268361
0.04771256
0.03255844
0.03161669
0.03067160
0.03169751
0.03068566
0.04619265
0.03261113
0.03071022
0.03070116
0.03156996
0.03253388
0.04782128
0.03162909
0.03054714
0.03261590
0.03057384
0.03062153
0.04761982
0.03064871
0.03145027
0.03088713
0.03156424
0.03251982
0.04673624
0.03156066
0.03151131
0.03052092
0.03046179
0.03244424
0.04574013
0.03260064
0.03051877
0.03250408
0.03050828
0.03252888
0.04766917
0.03253412
0.03051686
0.03071260
0.03251457
0.03179383
0.04774928
0.03255820
0.03156161
0.03152895
0.03155112
0.03057122
0.04758668
0.03249335
0.03242660
0.03061175
0.03268194
0.03250027
0.04663467
0.03163171
0.03157759
0.03054070
0.03047514
0.03258514
0.04568291
0.03265429
0.03244543
0.03257132
0.03042293
0.03251004
0.04753041
0.03251004
0.03255773
0.03256965
0.03254628
0.03256154
0.04766035
0.03255677
0.03061104
0.03242540
0.03077626
0.03246713
0.04572463
0.03257871
0.03240824
0.03243303
0.03050661
0.03109121
0.04763293
0.03252673
0.03255129
0.03250217
0.03234863
0.03242850
0.04755616
0.03250122
0.03251171
0.03234577
0.03246617
0.03241682
0.04754138
0.03150415
0.03167295
0.03161907
0.03153038
0.03170538
0.04668880
0.03151894
0.03154874
0.03161120
0.03160048
0.03165722
0.04767704
0.03159070
0.03156090
0.03247666
0.03132796
0.03252673
0.04654050
0.03261948
0.03159261
0.03257418
0.03175044
0.03165150
0.04667974
0.03260779
0.03161359
0.03167224
0.03169274
0.03262067
0.04674554
0.03167367
0.03156638
0.03173423
0.03056860
0.03295040
0.04578495
0.03255987
0.03273416
0.03164101
0.03060269
0.03061342
0.04666519
0.03063035
0.03066683
0.03069854
0.03261280
0.03069353
0.04581618
0.03067470
0.03065610
0.03254938
0.03067374
0.03259611
0.04561877
0.03065753
0.03064466
0.03055692
0.03262019
0.03053927
0.04577446
0.03269196
0.03262901
0.03259921
0.03050184
0.03058958
0.04758430
0.03058219
0.03254175
0.03046012
0.03257370
0.03056502
0.04769349
0.03253984
0.03386593
0.03349233
0.03280640
0.03277445
0.04789305
0.03287530
0.03392434
0.03275347
0.03275228
0.03270793
0.04807115
0.03287196
0.03269243
0.03282690
0.03274059
0.03277731
0.04597592
0.03287864
0.03274322
0.03277802
0.03276277
0.03279805
0.04785681
0.03263688
0.03273058
0.03272152
0.03271008
0.03259993
0.04784179
0.03272343
0.03294373
0.03268957
0.03278899
0.03294230
0.04793763
0.03295064
0.03277087
0.03178525
0.03069448
0.03183198
0.04704952
0.03188276
0.03170872
0.03184915
0.03200603
0.03175974
0.04687548
0.03179455
0.03171325
0.03174186
0.03183794
0.03298092
0.04708195
0.03184819
0.03194427
0.03191853
0.03184080
0.03176570
0.04681158
0.03277230
0.03180552
0.03188157
0.03181362
0.03186345
0.04696250
0.03278637
0.03190517
0.03196096
0.03179908
0.03187227
0.04612875
0.03184557
0.03084111
0.03285599
0.03077817
0.03078389
0.04787207
0.03083634
0.03290057
0.03079128
0.03406763
0.03273296
0.04790735
0.03276277
0.03089309
0.03072333
0.03259015
0.03075075
0.04578972
0.03283191
0.03060150
0.03058672
0.03262854
0.03058529
0.04682016
0.03066111
0.03067875
0.03247499
0.03057337
0.03057837
0.04776025
0.03059196
0.03066278
0.03268147
0.03062057
0.03258753
0.04587531
0.03072357
0.03300571
0.03234577
0.03281689
0.03301430
0.04788542
0.03278518
0.03266859
0.03262782
0.03269148
0.03279305
0.04760981
0.03267717
0.03266454
0.03272009
0.03273702
0.03268552
0.04777217
0.03272319
0.03264642
0.03273606
0.03262711
0.03261328
0.04771852
0.03265667
0.03264141
0.03157163
0.03258014
0.03264022
0.04772210
0.03263664
0.03165698
0.03263307
0.03253126
0.03263521
0.04683280
0.03173780
0.03263569
0.03265548
0.03257012
0.03261256
0.05039573
0.03284478
0.03288746
0.03279781
0.03298521
0.03262258
0.04793668
0.03291845
0.03284144
0.03284144
0.03267717
0.03290415
0.04803824
0.03301692
0.03299093
0.03294730
0.03297472
0.03295350
0.04782748
0.03398848
0.03273678
