0.29282117
0.04277968
0.04334736
0.04353452
0.04368687
0.04347682
0.04345441
0.04434061
0.04396176
0.04388738
0.02877808
0.02879572
0.02855420
0.02853775
0.02840924
0.04354334
0.02846432
0.02853870
0.02862954
0.02856851
0.02852392
0.04374695
0.02868962
0.02867365
0.02874708
0.02859879
0.02879357
0.04379654
0.02860856
0.02870822
0.03131056
0.03123283
0.03131914
0.04652929
0.03130794
0.03127074
0.03139257
0.03128648
0.03127694
0.04636002
0.03121734
0.03131270
0.03113389
0.03111053
0.03109121
0.04640746
0.03124714
0.03111362
0.03137684
0.03129935
0.03118753
0.04606986
0.03121877
0.03106117
0.03106809
0.03136778
0.03138494
0.04614425
0.03106260
0.03108859
0.03099465
0.03023982
0.03106070
0.04541731
0.03114986
0.03121781
0.03137040
0.03017259
0.03118420
0.04653668
0.03128457
0.03137779
0.03127718
0.03114533
0.03111935
0.04644513
0.03125215
0.03133845
0.03117561
0.03116632
0.03141212
0.04642272
0.03148484
0.03141665
0.03159714
0.03158617
0.03148341
0.04650640
0.03147864
0.03158379
0.03155637
0.03139615
0.03142858
0.04644942
0.03217888
0.03136086
0.03151345
0.03145790
0.03159523
0.04704809
0.03086853
0.03033924
0.03043509
0.03123093
0.03030539
0.04682565
0.03045821
0.03029418
0.03043938
0.03124332
0.03061652
0.04540706
0.03031421
0.03053212
0.03112316
0.03016019
0.03130126
0.04521847
0.03035641
0.03029323
0.03036094
0.03028321
0.03043222
0.04584002
0.03048134
0.03020644
0.03039145
0.03036427
0.03038502
0.04513240
0.03009796
0.03005958
0.03011084
0.03041482
0.03109050
0.04518890
0.03020406
0.03011751
0.02922249
0.03035188
0.02945542
0.04545498
0.02917409
0.02919245
0.03117681
0.02925420
0.02931356
0.04637623
0.02934957
0.03124619
0.02934599
0.02928853
0.03119397
0.04500651
0.03132868
0.03136396
0.02942348
0.03144240
0.02945757
0.04660606
0.03179955
0.03050447
0.03025627
0.02933073
0.03118420
0.04442191
0.03128004
0.02920985
0.02935481
0.03035760
0.03019238
0.04635644
0.03048277
0.03048229
0.03024411
0.03041339
0.03119802
0.04636025
0.03154397
0.03139806
0.03169250
0.03173733
0.03053403
0.04552555
0.03055811
0.03048158
0.03057623
0.03048968
0.03034925
0.04517627
0.03024483
0.03115153
0.03132701
0.03015256
0.03040338
0.04634762
0.03130555
0.03141022
0.03120017
0.03107023
0.03032684
0.04523182
0.03024507
0.03019929
0.03036666
0.03035903
0.03020287
0.04531646
0.03129315
0.03045440
0.03030586
0.03037548
0.03039622
0.04525709
0.03053141
0.03049994
0.02941537
0.02937579
0.02933526
0.04435921
0.02943158
0.03135610
0.02934337
0.02932763
0.02954483
0.04447126
0.03133368
0.03031969
0.02939510
0.03042746
0.03041267
0.04547143
0.03133178
0.03028584
0.03049755
0.03032899
0.03152847
0.04558468
0.03031301
0.03043246
0.03127360
0.02968812
0.03078866
0.04539156
0.03043389
0.02950144
0.03050828
0.03041601
0.02934909
0.04534030
0.03049612
0.03030157
0.03027105
0.03029799
0.03043222
0.04531312
0.03039360
0.03131461
0.02933288
0.03131533
0.03025508
0.04536653
0.03019929
0.03012180
0.03014684
0.02911806
0.02917981
0.04526019
0.03023982
0.03020096
0.03020072
0.03014731
0.03098989
0.04524827
0.03017330
0.03003287
0.03025723
0.03006291
0.03003764
0.04604936
0.03125477
0.03117394
0.03010798
0.03018785
0.03120422
0.04523993
0.03038478
0.02913713
0.03022170
0.03042054
0.02918696
0.04442596
0.02912474
0.03131175
0.03112006
0.03025055
0.03017020
0.04533935
0.03042412
0.03025103
0.03023171
0.03142023
0.03036666
0.04542613
0.03031683
0.03033733
0.03035808
0.02924085
0.03018761
0.04546261
0.02940440
0.02922940
0.03124571
0.03135633
0.03029990
0.04565120
0.03033113
0.03026772
0.03032327
0.03127694
0.03134108
0.04543090
0.03046155
0.03032613
0.03039432
0.03038669
0.03053403
0.04541254
0.03050756
0.03125000
0.03139281
0.03018117
0.03023171
0.04526234
0.03127050
0.03042841
0.03035641
0.03112864
0.02931929
0.04527950
0.03038454
0.03028464
0.03033733
0.03028035
0.02940106
0.04537129
0.03045344
0.03033924
0.03025198
0.03021789
0.02936912
0.04526520
0.03021884
0.03021431
0.03037357
0.03024459
0.03061986
0.04546022
0.03021574
0.03121161
0.03022790
0.03015566
0.03019166
0.04526329
0.03035212
0.03121948
0.03024364
0.03013635
0.03022909
0.04517531
0.03024650
0.03021789
0.03037477
0.03019404
0.03022861
0.04420519
0.02919555
0.02915335
0.03117561
0.03023744
0.03037333
0.04521942
0.03024864
0.03126526
0.03124690
0.03035164
0.03032708
0.04562974
0.03033686
0.03048778
0.03038907
0.03138304
0.03038478
0.04550385
0.02945852
0.03050590
0.03145337
0.03037071
0.03038359
0.04615951
0.03041673
0.03047872
0.03158355
0.02939487
0.03140044
0.04537344
0.03141284
0.03035140
0.03040624
0.03148198
0.03035426
0.04548526
0.03046560
0.03039980
0.03039312
0.03143096
0.03142762
0.04439569
0.03133345
0.02938557
0.03126597
0.03120661
0.03041673
0.04636240
0.03030586
0.03119040
0.03030539
0.02924943
0.03030467
0.04520440
0.03128171
0.03049946
0.02942634
0.03035760
0.03036714
0.04543614
0.03044820
0.03031969
0.03133130
0.03030658
0.03129792
0.04611373
0.03119755
0.03125715
0.03042269
0.03029060
0.03055620
0.04535246
0.03049827
0.03043461
0.03031111
0.03043628
0.03045440
0.04561472
0.03057837
0.03044391
0.03147483
0.03040338
0.03060961
0.04442430
0.03146267
0.03037786
0.03046107
0.02934623
0.03046608
0.04541206
0.03050375
0.03038931
0.02954149
0.03042269
0.03047800
0.04544377
