0.30394411
0.04671192
0.04748797
0.04736066
0.04738760
0.04738021
0.04739499
0.04739952
0.04743624
0.04753017
0.03253293
0.03241920
0.03242517
0.03244162
0.03335071
0.04753184
0.03237700
0.03256536
0.03250265
0.03252578
0.03245020
0.04762125
0.03249431
0.03248334
0.03254938
0.03246808
0.03254604
0.04761028
0.03271770
0.03242469
0.03506017
0.03509426
0.03496480
0.05020237
0.03511286
0.03514123
0.03497458
0.03508091
0.03517246
0.05018640
0.03503656
0.03504705
0.03525186
0.03525901
0.03524661
0.05029416
0.03535700
0.03529787
0.03524733
0.03525686
0.03523898
0.05037713
0.03527737
0.03544497
0.03547597
0.03532839
0.03544092
0.05045438
0.03528118
0.03436160
0.03435755
0.03526735
0.03524399
0.04936457
0.03438663
0.03444362
0.03531528
0.03537965
0.03525281
0.05079222
0.03527761
0.03542280
0.03545833
0.03536177
0.03533888
0.05034375
0.03541112
0.03444862
0.03447580
0.03438449
0.03436160
0.04937816
0.03445315
0.03439569
0.03447461
0.03436184
0.03444624
0.04937196
0.03447890
0.03439474
0.03332543
0.03451085
0.03447843
0.04950738
0.03438425
0.03542709
0.03535056
0.03444529
0.03343272
0.05048680
0.03340602
0.03336716
0.03542352
0.03333926
0.03343058
0.05040359
0.03344655
0.03540301
0.03346539
0.03333950
0.03537917
0.05017567
0.03537560
0.03533101
0.03536105
0.03440237
0.03343081
0.04862189
0.03540635
0.03439498
0.03442931
0.03437066
0.03441167
0.04947495
0.03445721
0.03453612
0.03433347
0.03548026
0.03448820
0.04957604
0.03467751
0.03446651
0.03457117
0.03442502
0.03345394
0.04850078
0.03439641
0.03347373
0.03543997
0.03350711
0.03343296
0.05051589
0.03474998
0.03346753
0.03552127
0.03360486
0.03359532
0.05073571
0.03375077
0.03581119
0.03575802
0.03568220
0.03569031
0.05068946
0.03566766
0.03557587
0.03567719
0.03561854
0.03549099
0.05069137
0.03586078
0.03555346
0.03548884
0.03548741
0.03557181
0.05183554
0.03566885
0.03549933
0.03460240
0.03460217
0.03460217
0.05055857
0.03539777
0.03550863
0.03557992
0.03556824
0.03572249
0.04860950
0.03563476
0.03548074
0.03554869
0.03455734
0.03358960
0.05065584
0.03564715
0.03553987
0.03558898
0.03559399
0.03559375
0.05049944
0.03562665
0.03568172
0.03464055
0.03451395
0.03556037
0.05052948
0.03550410
0.03561521
0.03555822
0.03556490
0.03352857
0.05048990
0.03556848
0.03451157
0.03463840
0.03451777
0.03457952
0.04964590
0.03464150
0.03455520
0.03456068
0.03443336
0.03451610
0.05050206
0.03566027
0.03549123
0.03559685
0.03555107
0.03541350
0.05056334
0.03462481
0.03451014
0.03454590
0.03460169
0.03459382
0.05048895
0.03455591
0.03472638
0.03364611
0.03356886
0.03460288
0.04976797
0.03553534
0.03565860
0.03463030
0.03572297
0.03461885
0.05067897
0.03354931
0.03550529
0.03368664
0.03475499
0.03480458
0.04985881
0.03485060
0.03383732
0.03573966
0.03577256
0.03568029
0.05079412
0.03559709
0.03357959
0.03554487
0.03367329
0.03373384
0.05070972
0.03369260
0.03369093
0.03486943
0.03577423
0.03556919
0.04980826
0.03480291
0.03573728
0.03362656
0.03374982
0.03566074
0.05075836
0.03380895
0.03363872
0.03651237
0.03367424
0.03359866
0.05079913
0.03555918
0.03574729
0.03553391
0.03462791
0.03467107
0.04963756
0.03466225
0.03560686
0.03456330
0.03466272
0.03365612
0.04993248
0.03587389
0.03375530
0.03572154
0.03380036
0.03479004
