0.30111432
0.04512358
0.04569387
0.04559922
0.04547596
0.04555225
0.04555869
0.04554367
0.04557776
0.04553604
0.03026915
0.03022623
0.03029871
0.03028893
0.03024459
0.04543614
0.03003740
0.03008246
0.03003073
0.03004074
0.03015304
0.04527044
0.03006554
0.02998519
0.03006077
0.03012085
0.03013253
0.04537368
0.03018022
0.03007746
0.03267002
0.03253579
0.03265452
0.04691219
0.03282690
0.03265095
0.03276205
0.03264070
0.03273392
0.04785633
0.03269291
0.03262544
0.03180361
0.03347206
0.03278995
0.04697967
0.03276873
0.03168273
0.03177357
0.03268361
0.03174686
0.04717517
0.03276610
0.03176427
0.03177905
0.03287435
0.03174782
0.04686332
0.03271270
0.03167295
0.03167272
0.03265858
0.03065729
0.04678440
0.03267908
0.03171420
0.03068495
0.03270411
0.03185892
0.04737949
0.03064299
0.03169632
0.03179097
0.03060365
0.03167868
0.04678321
0.03177190
0.03207135
0.03190970
0.03175592
0.03172469
0.04693961
0.03177929
0.03167605
0.03167534
0.03169656
0.03176045
0.04689598
0.03178930
0.03175545
0.03178000
0.03166890
0.03170729
0.04682899
0.03178596
0.03169990
0.03186083
0.03172469
0.03175068
0.04699254
0.03187990
0.03174448
0.03075480
0.03061056
0.03185105
0.04592514
0.03272772
0.03275275
0.03179407
0.03062201
0.03282237
0.04710293
0.03284431
0.03174829
0.03182983
0.03271270
0.03177142
0.04692793
0.03276348
0.03164721
0.03176022
0.03260231
0.03198004
0.04699802
0.03277898
0.03162456
0.03173161
0.03071666
0.03270602
0.04676747
0.03286266
0.03166223
0.03172970
0.03257227
0.03297758
0.04678774
0.03269696
0.03176188
0.03172088
0.03264666
0.03266025
0.04690504
0.03271055
0.03160000
0.03173804
0.03269219
0.03070068
0.04680634
0.03176594
0.03059506
0.03187966
0.03165483
0.03272748
0.04588437
0.03265762
0.03169417
0.03180814
0.03162026
0.03172278
0.04696655
0.03287983
0.03190017
0.03183436
0.03087783
0.03186250
0.04699183
0.03187275
0.03176165
0.03189468
0.03277349
0.03191996
0.04707789
0.03191018
0.03193355
0.03187323
0.03085589
0.03197885
0.04707861
0.03191471
0.03283119
0.03202915
0.03189778
0.03198266
0.04704523
0.03192258
0.03196526
0.03187990
0.03176284
0.03085423
0.04698229
0.03177547
0.03067327
0.03182006
0.03080940
0.03277588
0.04703355
0.03197908
0.03282785
0.03193712
0.03204632
0.03197455
0.04706240
0.03194356
0.03189349
0.03199077
0.03089595
0.03184152
0.04703999
0.03088188
0.03277898
0.03186774
0.03087163
0.03289127
0.04594469
0.03283739
0.03075719
0.03289390
0.03279066
0.03283286
0.04696393
0.03191018
0.03281617
0.03186011
0.03083444
0.03279948
0.04706192
0.03193116
0.03183985
0.03090286
0.03284073
0.03292251
0.04795027
0.03193474
0.03189445
0.03192377
0.03190899
0.03288698
0.04708934
0.03197026
0.03187561
0.03191638
0.03199863
0.03192568
0.04707861
0.03084469
0.03286505
0.03188038
0.03071284
0.03295279
0.04696369
0.03185201
0.03088975
0.03287292
0.03275275
0.03078222
0.04613113
0.03288794
0.03285813
0.03188825
0.03084803
0.03291035
0.04700899
0.03188515
0.03280711
0.03263617
0.03084707
0.03289962
0.04699636
0.03126621
0.03096104
0.03294349
0.03080821
0.03200865
0.04717278
0.03285217
0.03279686
0.03195834
0.03281975
0.03282928
0.04699659
0.03294349
0.03290200
0.03204894
0.03287935
0.03288651
0.04613829
0.03294945
0.03303289
0.03288817
0.03296065
0.03194070
0.04725742
0.03291750
0.03188586
0.03198123
0.03300238
0.03194618
0.04708266
0.03287411
0.03295088
0.03287816
0.03286624
0.03189230
0.04813552
0.03088617
0.03288960
0.03281355
0.03295970
0.03287983
0.04801822
0.03293490
0.03286386
0.03289533
0.03301930
0.03285694
0.04799461
0.03287148
0.03188396
0.03196645
0.03185129
0.03195834
0.04703212
0.03189421
0.03287721
0.03208423
0.03208160
0.03201127
0.04722857
0.03203273
0.03202796
0.03186584
0.03188729
0.03290248
0.04717970
0.03198910
0.03193140
0.03185654
0.03200006
0.03290319
0.04708219
0.03202152
0.03198123
0.03204203
0.03306031
0.03306413
0.04642630
0.03301883
