0.29844189
0.04669809
0.04730034
0.04746103
0.04731870
0.04769087
0.04742217
0.04739118
0.04749703
0.04740691
0.03274179
0.03246093
0.03252649
0.03254771
0.03252244
0.04741764
0.03258610
0.03267956
0.03267765
0.03259110
0.03259850
0.04748797
0.03256130
0.03261399
0.03257060
0.03263021
0.03250480
0.04714942
0.03255987
0.03247523
0.03507113
0.03514767
0.03483844
0.04988480
0.03418398
0.03500462
0.03407550
0.03502321
0.03512979
0.04986215
0.03420687
0.03406024
0.03430295
0.03402877
0.03410578
0.04896998
0.03405762
0.03409195
0.03421855
0.03500199
0.03508592
0.04900384
0.03425026
0.03501892
0.03514123
0.03502226
0.03501081
0.04997659
0.03507209
0.03517175
0.03494883
0.03514552
0.03342319
0.05002165
0.03304195
0.03503132
0.03306603
0.03296804
0.03432393
0.04774117
0.03501892
0.03508592
0.03306842
0.03485823
0.03308797
0.04898095
0.03302693
0.03300714
0.03499699
0.03317976
0.03488064
0.04974246
0.03486705
0.03482580
0.03501248
0.03488111
0.03495121
0.04962492
0.03498650
0.03488445
0.03405404
0.03418875
0.03397083
0.04970074
0.03397775
0.03401089
0.03284788
0.03484249
0.03305602
0.04965234
0.03484321
0.03488946
0.03376198
0.03492165
0.03485489
0.04986739
0.03490758
0.03483915
0.03484678
0.03473711
0.03466034
0.04879928
0.03395295
0.03487110
0.03480387
0.03487945
0.03485346
0.04975390
0.03464413
0.03466868
0.03468728
0.03393888
0.03296661
0.04845500
0.03385448
0.03466725
0.03487182
0.03463888
0.03288984
0.04947424
0.03470421
0.03481722
0.03379917
0.03475046
0.03378296
0.04965377
0.03380990
0.03383970
0.03379226
0.03466773
0.03366494
0.05017471
0.03458261
0.03462481
0.03464866
0.03360224
0.03469181
0.04856467
0.03493357
0.03478980
0.03383064
0.03482270
0.03466392
0.04756308
0.03473926
0.03458619
0.03469419
0.03479195
0.03481627
0.04940963
0.03460622
0.03368378
0.03365111
0.03355622
0.03361821
0.04945445
0.03447652
0.03454423
0.03475690
0.03468847
0.03471851
0.04852796
0.03371453
0.03354502
0.03459811
0.03381109
0.03462696
0.04952502
0.03382730
0.03366995
0.03359151
0.03372335
0.03385234
0.04863572
0.03387904
0.03384018
0.03371072
0.03376055
0.03475618
0.04850006
0.03369617
0.03276634
0.03469467
0.03264499
0.03467679
0.04872274
0.03369546
0.03383398
0.03398252
0.03394175
0.03371334
0.04860568
0.03392744
0.03475690
0.03382945
0.03376150
0.03357506
0.04870176
0.03405619
0.03375530
0.03381562
0.03292274
0.03479004
0.04868150
0.03484797
0.03289771
0.03283262
0.03276253
0.03479600
0.04737878
0.03477335
0.03275776
0.03308582
0.03373289
0.03268147
0.04769301
0.03384352
0.03371382
0.03385425
0.03376365
0.03379679
0.04865408
0.03476405
0.03266501
0.03263736
0.03365612
0.03296900
0.04865789
0.03304076
0.03281546
0.03492665
0.03519416
0.03504062
0.04960752
0.03486967
0.03485179
0.03486228
0.03295445
0.03491211
0.04992843
0.03486896
0.03492427
0.03398871
0.03390360
0.03385043
0.04875302
0.03387237
0.03380299
0.03394842
0.03383350
0.03394699
0.04888129
0.03503036
0.03391790
0.03485870
0.03386497
0.03385329
0.04864120
0.03378177
0.03385615
0.03390265
0.03387237
0.03487086
0.04872441
0.03387332
0.03484321
0.03396225
0.03385115
0.03393936
0.04870796
0.03389382
0.03388453
0.03400254
0.03394938
0.03389430
0.04887486
0.03276896
0.03384042
0.03483868
0.03396320
0.03494120
0.04858971
0.03465533
0.03473306
0.03392601
0.03387642
0.03388190
0.04859495
0.03374052
0.03278542
0.03391552
0.03479242
0.03381205
0.04953957
0.03478551
0.03478503
0.03464675
0.03375340
0.03267980
0.04878855
0.03277493
0.03275228
0.03295684
0.03379965
0.03385210
0.04850745
0.03484058
0.03477144
0.03480220
0.03473091
0.03467631
0.04945827
0.03470492
0.03482556
0.03371263
0.03391433
0.03275633
0.04960394
0.03392768
0.03389859
0.03387237
0.03386426
0.03381276
0.04869318
0.03334498
0.03353071
0.03489542
0.03473210
0.03478527
0.04874325
0.03579497
0.03466487
0.03438425
0.03429294
0.03402352
0.04876137
0.03415942
0.03398705
0.03416491
0.03394151
0.03391600
0.04967141
0.03388119
0.03376937
0.03474545
0.03508663
0.03487325
0.04746509
0.03470111
0.03464437
0.03472924
0.03459501
0.03391790
0.04877210
0.03476000
0.03391743
0.03392529
0.03375125
0.03269506
0.04948473
0.03288007
0.03272891
0.03476691
0.03470802
0.03371024
0.04949832
0.03390813
0.03366733
0.03382111
0.03376865
0.03375864
0.04933977
0.03458023
0.03461957
0.03470993
0.03465486
0.03455782
0.04943657
0.03366280
0.03374958
0.03475451
0.03476667
0.03474402
0.04954386
0.03265047
0.03463411
0.03389406
0.03461123
0.03468060
0.04959416
0.03380990
0.03377175
0.03371191
0.03285503
0.03366017
0.04860544
0.03379846
0.03474927
0.03480005
0.03458309
0.03457403
0.04850674
0.03368449
0.03369069
0.03379464
0.03271484
0.03379011
0.04844737
0.03366852
0.03389525
0.03365707
0.03364468
0.03256488
0.04853439
0.03361440
0.03358316
0.03371191
0.03342795
0.03343868
0.04835773
0.03375196
0.03460979
0.03373361
0.03355050
0.03378749
0.04744720
0.03365231
0.03269863
0.03477263
0.03474665
0.03370953
0.04760194
0.03465486
0.03458905
0.03471971
0.03450871
0.03472757
0.04810500
0.03487277
0.03484368
0.03416610
0.03482342
0.03470087
0.04843473
0.03350782
0.03464270
0.03262901
0.03375173
0.03274822
0.04753327
0.03464746
0.03278995
0.03258371
0.03480196
0.03477788
0.04744887
0.03486753
0.03287697
0.03464746
0.03459525
0.03456783
