0.30378747
0.04694343
0.04740596
0.04756236
0.04812622
0.04762888
0.04736114
0.04745936
0.04776573
0.04730940
0.03254533
0.03250051
0.03245592
0.03265190
0.03244090
0.04718304
0.03247380
0.03248286
0.03252053
0.03257918
0.03260636
0.04720950
0.03257537
0.03239059
0.03261900
0.03245759
0.03264332
0.04737782
0.03253150
0.03256226
0.03510571
0.03512883
0.03485131
0.04995871
0.03494453
0.03493190
0.03495216
0.03518915
0.03503108
0.04997754
0.03495383
0.03483891
0.03502846
0.03508615
0.03511858
0.04985738
0.03496981
0.03492022
0.03509712
0.03506565
0.03524756
0.05045605
0.03509641
0.03495646
0.03489637
0.03506207
0.03506351
0.04990435
0.03512955
0.03408122
0.03497934
0.03404403
0.03388572
0.05007243
0.03421807
0.03401661
0.03411627
0.03412890
0.03399277
0.04966784
0.03515196
0.03414536
0.03494287
0.03503609
0.03495908
0.04997325
0.03502870
0.03516436
0.03503823
0.03490543
0.03512621
0.05005908
0.03413129
0.03491306
0.03492045
0.03506637
0.03504777
0.04893255
0.03496790
0.03527117
0.03519130
0.03498840
0.03500605
0.04886627
0.03405476
0.03385758
0.03401327
0.03495741
0.03487372
0.04878569
0.03493094
0.03488946
0.03493881
0.03409863
0.03420115
0.04877973
0.03406072
0.03387761
0.03491139
0.03500199
0.03490901
0.04901743
0.03496718
0.03493762
0.03485394
0.03479004
0.03293204
0.04969096
0.03387928
0.03386426
0.03383923
0.03392529
0.03443503
0.04991555
0.03394294
0.03484392
0.03395867
0.03492045
0.03489542
0.04925895
0.03418398
0.03503704
0.03503633
0.03517246
0.03496552
0.04893470
0.03492355
0.03500175
0.03408432
0.03405738
0.03401208
0.04890728
0.03306341
0.03421807
0.03483868
0.03489590
0.03311467
0.04780889
0.03422952
0.03307986
0.03401709
0.03503823
0.03302574
0.04995012
0.03292012
0.03504300
0.03313136
0.03317547
0.03499508
0.04982829
0.03487611
0.03399777
0.03394055
0.03503799
0.03303957
0.04965734
0.03495407
0.03293538
0.03404164
0.03318334
0.03497577
0.04984498
0.03394437
0.03415966
0.03484082
0.03510308
0.03320742
0.05027699
0.03321314
0.03516388
0.03499293
0.03487301
0.03322291
0.04907179
0.03489184
0.03283978
0.03304935
0.03387690
0.03386927
0.04978704
0.03390813
0.03400421
0.03484869
0.03485584
0.03473377
0.04899406
0.03395963
0.03389263
0.03404737
0.03390455
0.03410292
0.04868436
0.03302598
0.03411293
0.03305101
0.03404331
0.03497314
0.04972959
0.03502464
0.03404212
0.03486824
0.03448439
0.03610349
0.05185580
0.03420162
