0.29700732
0.04665303
0.04678774
0.04694057
0.04659081
0.04680920
0.04679418
0.04683995
0.04671240
0.04680371
0.03162575
0.03179836
0.03142953
0.03160739
0.03165722
0.04671764
0.03159499
0.03169560
0.03138423
0.03142428
0.03167653
0.04696488
0.03154516
0.03173327
0.03145933
0.03153849
0.03153825
0.04666281
0.03157520
0.03175902
0.03424621
0.03408527
0.03420401
0.04906344
0.03398252
0.03410363
0.03425145
0.03420734
0.03420949
0.04935718
0.03395581
0.03399324
0.03398371
0.03426695
0.03321624
0.04910827
0.03427410
0.03433490
0.03429604
0.03398657
0.03422880
0.04933953
0.03430200
0.03402948
0.03388548
0.03415442
0.03432918
0.04912591
0.03311205
0.03423786
0.03430629
0.03417397
0.03201580
0.04916954
0.03200817
0.03390193
0.03226995
0.03423572
0.03320503
0.04711771
0.03425241
0.03414726
0.03426409
0.03445601
0.03320742
0.04829788
0.03234911
0.03231382
0.03408170
0.03216243
0.03317094
0.04931211
0.03422379
0.03425121
0.03431487
0.03402448
0.03435707
0.04948187
0.03231096
0.03405666
0.03430104
0.03541422
0.03394079
0.04933405
0.03423810
0.03394365
0.03220034
0.03399825
0.03432679
0.04933667
0.03341913
0.03406072
0.03326726
0.03224778
0.03199100
0.04910994
0.03197956
0.03205919
0.03416181
0.03288031
0.03429461
0.04742765
0.03209615
0.03397918
0.03433275
0.03399658
0.03209114
0.04738355
0.03427696
0.03425145
0.03434420
0.03220010
0.03441739
0.04931331
0.03418660
0.03531814
0.03220344
0.03418350
0.03424978
0.04918361
0.03422904
0.03432941
0.03439665
0.03427124
0.03498411
0.04933882
0.03404331
0.03429389
0.03409886
0.03418851
0.03315759
0.04828715
0.03330231
0.03447819
0.03429413
0.03411031
0.03406549
0.04810810
0.03420687
0.03406882
0.03416443
0.03326702
0.03426075
0.04823136
0.03192735
0.03419137
0.03238130
0.03232455
0.03226352
0.04945159
0.03226542
0.03223491
0.03416944
0.03210998
0.03215766
0.04827595
0.03204298
0.03398132
0.03197050
0.03398681
0.03419805
0.04928970
0.03413367
0.03399682
0.03393769
0.03413820
0.03432822
0.04947734
0.03421378
0.03412819
0.03407931
0.03421426
0.03194094
0.04726982
0.03391981
0.03195453
0.03221631
0.03217101
0.03192568
0.04904103
0.03221989
0.03206849
0.03391099
0.03419137
0.03414297
0.04909420
0.03428078
0.03421974
0.03421021
0.03423810
0.03426790
0.04928684
0.03421640
0.03415489
0.03212738
0.03223038
0.03426576
0.04742289
0.03426075
0.03434181
0.03428078
0.03428173
0.03416324
0.04929280
0.03421760
0.03426242
0.03425574
0.03437209
0.03434682
0.04945350
0.03348994
0.03337598
0.03330994
0.03417397
0.03331375
0.04950047
0.03337765
0.03445721
0.03429985
0.03342319
0.03346276
0.04847884
0.03341651
0.03345323
0.03345871
0.03333354
0.03322983
0.04933810
0.03330541
0.03345776
0.03442430
0.03332591
0.03436375
0.04947996
0.03346872
0.03436685
0.03433681
0.03440571
0.03436589
0.04949689
0.03447533
0.03434038
0.03451061
0.03345346
0.03355217
0.04861450
0.03345037
0.03357387
0.03345966
0.03347707
0.03354025
0.04863834
0.03343654
0.03347707
0.03450227
0.03244257
0.03345609
0.04759741
0.03242993
0.03243637
0.03239655
0.03246379
0.03452277
0.04758143
0.03457975
0.03255916
0.03252840
0.03359318
0.03258896
0.04869580
0.03356194
0.03441644
0.03350163
0.03365636
0.03353167
0.04859042
0.03445077
0.03345513
0.03344393
0.03341508
0.03347278
0.04847670
0.03353786
0.03357100
0.03353095
0.03344989
0.03339791
0.04860640
0.03344965
0.03342843
0.03443813
0.03340173
0.03349018
0.04853249
0.03413558
0.03439474
0.03347659
0.03348851
0.03448725
0.04851437
0.03340364
0.03442049
0.03355217
0.03441334
0.03342295
0.04941082
0.03358150
0.03348470
0.03449774
0.03338623
0.03440857
0.04848480
0.03439689
0.03348231
0.03432703
0.03346014
0.03349519
0.04945517
0.03349447
0.03359795
0.03356433
0.03450537
0.03348136
0.04854703
0.03348565
0.03237820
0.03341722
0.03231359
0.03462458
0.04752350
0.03342080
0.03439569
0.03356075
0.03445911
0.03356624
0.04952741
0.03455114
0.03453255
0.03437161
0.03336334
0.03430367
0.04858088
0.03432536
0.03329802
0.03435326
0.03344893
0.03332686
0.04940677
0.03335738
0.03341293
0.03337097
0.03448653
0.03333569
0.04943633
0.03335023
0.03330636
0.03334236
0.03333783
0.03432488
0.04841256
0.03358912
0.03341246
0.03346944
0.03351450
0.03347254
0.04852700
0.03432894
0.03424525
0.03367209
0.03435636
0.03349924
0.04968762
0.03358054
0.03446722
0.03437591
0.03438997
0.03464937
0.04948425
0.03443480
0.03346062
0.03349328
0.03356266
0.03441882
0.04853678
0.03346229
0.03442669
0.03445387
0.03337860
0.03444910
0.04848289
0.03447914
0.03345871
0.03446794
0.03342032
0.03351021
0.04957485
0.03352809
0.03350830
0.03457165
0.03339362
0.03429580
0.04844189
0.03430629
0.03414011
0.03351235
0.03436041
0.03434324
0.04833174
0.03341770
0.03429580
0.03320718
0.03327823
0.03333092
0.04856825
0.03339028
0.03348589
0.03348660
0.03457046
0.03351951
0.04871392
0.03358364
0.03361177
0.03445888
0.03346968
0.03340125
0.04849029
0.03345680
0.03353357
0.03350949
0.03361225
0.03352904
0.04967237
0.03360677
0.03355145
0.03338575
0.03345680
0.03246188
0.04858041
0.03338671
0.03338361
0.03335118
0.03336883
0.03431964
0.04861689
0.03246379
0.03350902
0.03350377
0.03437495
0.03354645
0.04859233
0.03444290
0.03345776
0.03338623
0.03436279
0.03334451
0.04848790
0.03346443
0.03333783
0.03349972
0.03355455
0.03347731
0.04868460
0.03354549
0.03248072
0.03357601
0.03239250
0.03436875
0.04855824
0.03346705
0.03329158
0.03330040
0.03327370
0.03327775
0.04835773
0.03341818
0.03346586
0.03338766
0.03345037
0.03351736
0.04944539
0.03351116
0.03338385
0.03341889
0.03328085
0.03240132
0.04862237
0.03347301
0.03386545
0.03340292
0.03343081
0.03338504
0.04947066
0.03338909
0.03325987
0.03234410
0.03340602
0.03337622
0.04867578
0.03348708
0.03449106
0.03348660
0.03344846
0.03342986
0.04845524
0.03442383
0.03345561
0.03351140
0.03433013
0.03342128
0.04847527
0.03434300
0.03338838
0.03355694
0.03450871
0.03353572
0.04845953
0.03343964
0.03345346
0.03349018
0.03354573
0.03333259
0.04844856
0.03345633
0.03336740
0.03339648
0.03336477
0.03336549
0.04847074
0.03343678
0.03345776
0.03230762
0.03229475
0.03427815
0.04744864
0.03322649
0.03335023
0.03435683
0.03331470
0.03333998
0.04866004
0.03238487
0.03343916
0.03235483
0.03329539
0.03342938
0.04741240
0.03342366
0.03355336
0.03354669
0.03360200
0.03353214
0.04745722
0.03354573
0.03355336
0.03353047
0.03355265
0.03348184
0.04864073
0.03357530
0.03346443
0.03442240
0.03348136
0.03344655
0.04757786
0.03348088
0.03438735
0.03457808
0.03335738
0.03343678
0.04858255
0.03343558
0.03429675
0.03343987
0.03352404
0.03442264
0.04861379
0.03451872
0.03340340
0.03438878
0.03346729
0.03334880
0.04962802
0.03342724
0.03338814
0.03236938
0.03332806
0.03336787
0.04844236
0.03237891
0.03240347
0.03439713
0.03344369
0.03443980
0.04859757
0.03335238
0.03236341
0.03345370
0.03251004
0.03346610
0.04856563
0.03447914
0.03247976
0.03441095
0.03348041
0.03370357
0.04839635
0.03337121
0.03342462
0.03347993
0.03449917
0.03357959
0.04872632
0.03355837
0.03355312
0.03351784
0.03344631
0.03471923
0.05254221
0.03348756
0.03367639
0.03367734
0.03355122
0.03462458
0.04864955
0.03363061
0.03351903
0.03451061
0.03337383
0.03342342
0.04752803
0.03353858
0.03352499
0.03353596
0.03442478
0.03341675
0.04844713
0.03351760
0.03338170
0.03433967
0.03232884
0.03341937
0.04849100
0.03346539
0.03239799
0.03348565
0.03342366
0.03242087
0.04872489
0.03353548
0.03349972
0.03350854
0.03343248
0.03432798
0.04852796
0.03341174
0.03344393
0.03352475
0.03349781
0.03357959
0.04857540
0.03358698
0.03348756
0.03348732
0.03453207
0.03344488
0.04845643
0.03343844
0.03340340
0.03431344
0.03349924
0.03353024
0.04847407
0.03442717
0.03349519
0.03356791
0.03354907
0.03457379
0.04849243
0.03352952
0.03344560
0.03442049
0.03348255
0.03351331
0.04943347
0.03352880
0.03359485
0.03252244
0.03350616
0.03342843
0.04846096
0.03355169
0.03348303
0.03348660
0.03441834
0.03338218
0.04850960
0.03343344
0.03242683
0.03343153
0.03345299
0.03245711
0.04961824
0.03363347
0.03236175
0.03253126
0.03448939
0.03446913
0.04742980
0.03448582
0.03350067
0.03344655
0.03347516
0.03352904
0.04874253
0.03461313
0.03257990
0.03453803
0.03362465
0.03359413
0.04958510
0.03354549
0.03446293
0.03257275
0.03450012
0.03357601
0.04754114
0.03345537
0.03348947
0.03433657
0.03352189
0.03434587
0.04853845
0.03449297
0.03438544
0.03490496
0.03346062
0.03342438
0.04854536
0.03448749
0.03366661
0.03357887
0.03354883
0.03343844
0.04869604
0.03344464
0.03361511
0.03250957
0.03354883
0.03358436
0.04858112
0.03244853
0.03351283
0.03251839
0.03351068
0.03355551
0.04959846
0.03354239
0.03365517
0.03456807
0.03359079
0.03250504
0.04875350
0.03445387
0.03362489
0.03358555
0.03443646
0.03359032
0.04874253
0.03459764
0.03349829
0.03364182
0.03447342
0.03371215
0.04871392
0.03452826
0.03255033
0.03363132
0.03404331
0.03369164
0.04779363
0.03368521
0.03376389
0.03375030
0.03255296
0.03363252
0.04862165
0.03351998
0.03352737
0.03357077
0.03249931
0.03362846
0.04870200
0.03365397
0.03357458
0.03339672
0.03354406
0.03447342
0.04878664
0.03254557
0.03353977
0.03453684
0.03342199
0.03359032
0.04949117
0.03349328
0.03343558
0.03450322
0.03339148
0.03344250
0.04854679
0.03341746
0.03436446
0.03339005
0.03344798
0.03352380
0.04957008
0.03438759
0.03341961
0.03433156
0.03335810
0.03340483
0.04867983
0.03360415
0.03356695
0.03374958
0.03369856
0.03446293
0.04867244
0.03349876
0.03349137
0.03348732
0.03354883
0.03354263
0.04943705
0.03347731
0.03343225
0.03250909
0.03358197
0.03357744
0.04774404
0.03365493
0.03358746
0.03445554
0.03462577
0.03363228
0.04871821
0.03455901
0.03350353
0.03354645
0.03356338
0.03364754
0.04874897
0.03360295
0.03263068
0.03359056
0.03370404
0.03460407
0.04883981
0.03370285
0.03459048
0.03366208
0.03449416
0.03366208
0.04970312
0.03375864
0.03375006
0.03373957
0.03366923
0.03376269
0.04883027
0.03392792
0.03399944
0.03380108
0.03490472
0.03386593
0.04900813
0.03392029
0.03389096
0.03393531
0.03290081
0.03409481
0.05007100
0.03395343
0.03486347
0.04102373
0.03407431
0.03403115
0.04902673
0.03406310
0.03503251
0.03501344
0.03404093
0.03499556
0.04913402
0.03419352
0.03407097
0.03297329
0.03497839
0.03303409
0.05017281
0.03407955
0.03415012
0.03492618
0.03409123
0.03313899
0.04924226
0.03306532
0.03509808
0.03435588
0.03505468
0.03417516
0.04924202
0.03408599
0.03421497
0.03417706
0.03422189
0.03413486
0.04928637
0.03433657
0.03521633
0.03319192
0.03514624
0.03424311
0.05026150
0.03411293
0.03504229
0.03415513
0.03415036
0.03406119
0.04920697
0.03428006
0.03415942
0.03409410
0.03407216
0.03410864
0.05016994
0.03410530
0.03415489
0.03418612
0.03521729
0.03424454
0.04912019
0.03407645
0.03508520
0.03403234
0.03408694
0.03404307
0.04926324
0.03400016
0.03407097
0.03399992
0.03396583
0.03402686
0.04900217
0.03294349
0.03398681
0.03398323
0.03393459
0.03284431
0.04903889
0.03403497
0.03299379
0.03402328
0.03391719
0.03392696
0.04789758
0.03383994
0.03391075
0.03385639
0.03390288
0.03278208
0.04894829
0.03389788
0.03468251
0.03387451
0.03377318
0.03475094
0.04897404
0.03373003
0.03375196
0.03465581
0.03368855
0.03365207
0.04880738
0.03370476
0.03266501
0.03383064
0.03367853
0.03503847
0.04903889
0.03373432
0.03363514
0.03466082
0.03367472
0.03379011
0.04877353
0.03379917
0.03467321
0.03465962
0.03462553
0.03462911
0.04863954
0.03259349
0.03261995
0.03361392
0.03458571
0.03349686
0.04759932
0.03353167
0.03245258
0.03355384
0.03354621
0.03349495
0.04862761
0.03359866
0.03356552
0.03365207
0.03350663
0.03448200
0.04866815
0.03343630
0.03440905
0.03438401
0.03339767
0.03243375
0.04852343
0.03430772
0.03440166
0.03352571
0.03248429
0.03352690
0.04861832
0.03346825
0.03448033
0.03344178
0.03342509
0.03349185
0.04865217
0.03344035
0.03439975
0.03353858
0.03348303
0.03346348
0.04872322
0.03358269
0.03357720
0.03353786
0.03354073
0.03453517
0.04866123
0.03350401
0.03343964
0.03356123
0.03241158
0.03350186
0.04869509
0.03447008
0.03349328
0.03344774
0.03340721
0.03338265
0.04874372
0.03446651
0.03342795
0.03347087
0.03245759
0.03348064
0.04959369
0.03253198
0.03340125
0.03240299
0.03436399
0.03350067
0.04935861
0.03452921
0.03447080
0.03432012
0.03336906
0.03429079
0.04839206
0.03336859
0.03336835
0.03338623
0.03338099
0.03340459
0.04854107
0.03349853
0.03340983
0.03337455
0.03338432
0.03348947
0.04845834
0.03444171
0.03241491
0.03433180
0.03327823
0.03323579
0.04831409
0.03331423
0.03435779
0.03333998
0.03333640
0.03349614
0.04949665
0.03224730
0.03417873
0.03331614
0.03327227
0.03430581
0.04850197
0.03430772
0.03327537
0.03340602
0.03427315
0.03331923
0.04846454
0.03336620
0.03348136
0.03345537
0.03345060
0.03349161
0.04942107
0.03351450
0.03336191
0.03340364
0.03340483
0.03350449
0.04861069
0.03362584
0.03355360
0.03458834
0.03361177
0.03350735
0.04752564
0.03456736
0.03362727
0.03254223
0.03355837
0.03355002
0.04954982
0.03357387
0.03244638
0.03444672
0.03343296
0.03354287
0.04850340
0.03345013
0.03422809
0.03334069
0.03377724
0.03328872
0.04754400
0.03349924
0.03341508
0.03459644
0.03339267
0.03334022
0.04936552
0.03236556
0.03430367
0.03334427
0.03328609
0.03433180
0.04844069
0.03435946
0.03341150
0.03447676
0.03423762
0.03424239
0.04924369
0.03219771
0.03420591
0.03335071
0.03226900
0.03335404
0.04962373
0.03435278
0.03422880
0.03436947
0.03340125
0.03335285
0.04837108
0.03440523
0.03334832
0.03427196
0.03429818
0.03431106
0.04950380
0.03442216
0.03245282
0.03431082
0.03337240
0.03442097
0.04853392
0.03453183
0.03327847
0.03335738
0.03339815
0.03350616
0.04867506
0.03346515
0.03372812
0.03350449
0.03432822
0.03346896
0.04855657
0.03454089
0.03346682
0.03338051
0.03342986
0.03353548
0.04854059
0.03341627
0.03353834
0.03438973
0.03238940
0.03357911
0.04861641
0.03351426
0.03246188
0.03778172
0.03362703
0.03234124
0.04862261
0.03358555
0.03348947
0.03428340
0.03337097
0.03349304
0.04849291
0.03447461
0.03354526
0.03353548
0.03455520
0.03349018
0.04871988
0.03362584
0.03452206
0.03355193
0.03352571
0.03364563
0.04861188
0.03363156
0.03450346
0.03353477
0.03357005
0.03356218
0.04752016
0.03352809
0.03255439
0.03439903
0.03251982
0.03450179
0.04758811
0.03442669
0.03446460
0.03444195
0.03247094
0.03459072
0.04957938
0.03437018
0.03454089
0.03445268
0.03445458
0.03347039
0.04765272
0.03456354
0.03351021
0.03445983
0.03363276
0.03450394
0.04866695
0.03358603
0.03359103
0.03446054
0.03356314
0.03356099
0.04883909
0.03466177
0.03376818
0.03355694
0.03360438
0.03353763
0.04853821
0.03362846
0.03350830
0.03360915
0.03372049
0.03362656
0.04966164
0.03363776
0.03368473
0.03362727
0.03367352
0.03458929
0.04873347
0.03370523
0.03360629
0.03469634
0.03353381
0.03365254
0.04977942
0.03364682
0.03372502
0.03354526
0.03456855
0.03359652
0.04883242
0.03270388
0.03265452
0.03354764
0.03255129
0.03355837
0.04857349
0.03361273
0.03443336
0.03356409
0.03356504
0.03352761
0.04860902
0.03355432
0.03351474
0.03350639
0.03348184
0.03479862
0.04850626
0.03353620
0.03443766
0.03357339
0.03358793
0.03258324
0.04974771
0.03448939
0.03354764
0.03258467
0.03255057
0.03448343
0.04762316
0.03357387
0.03441238
0.03240705
0.03436208
0.03253651
0.04862761
0.03351068
0.03445792
0.03350234
0.03348875
0.03345871
0.04870343
0.03466892
0.03343773
0.03352261
0.03341484
0.03350568
0.04855609
0.03453588
0.03346968
0.03259039
0.03352308
0.03354120
0.04862618
0.03354144
0.03451252
0.03359032
0.03353071
0.03345561
0.04857159
0.03354454
0.03350782
0.03358340
0.03344846
0.03356957
0.04854035
0.03356361
0.03439474
0.03363061
0.03354096
0.03363395
0.04974341
0.03364182
0.03444505
0.03338194
0.03354120
0.03454018
0.04876757
0.03385901
0.03359008
0.03470182
0.03368592
0.03367949
0.04969645
0.03363585
0.03353119
0.03442669
0.03343916
0.03352094
0.04874706
0.03461075
0.03356719
0.03354239
0.03364587
0.03367949
0.04863262
0.03458285
0.03361654
0.03359222
0.03355432
0.03258705
0.04981613
0.03258681
0.03359032
0.03465414
0.03459358
0.03353286
0.04865122
0.03462911
0.03250575
0.03357625
0.03343177
0.03372335
0.04862809
0.03362465
0.03461671
0.03360987
0.03257799
0.03358603
0.04775715
0.03358626
0.03365731
0.03464985
0.03355241
0.03362846
0.04861307
0.03447199
0.03355169
0.03368640
0.03362966
0.03356647
0.04871488
0.03376174
0.03361320
0.03377604
0.03485823
0.03365874
0.04880691
0.03362870
0.03588939
0.03244185
0.03465080
0.03365707
0.04879260
0.03356338
0.03359413
0.03411078
0.03468013
0.03342772
0.04850125
0.03350973
0.03354025
0.03253722
0.03357148
0.03361821
0.04770732
0.03360462
0.03371477
0.03451943
0.03363085
0.03461242
0.04857373
0.03457856
0.03343725
0.03454566
0.03444338
0.03447008
0.04868388
0.03440332
0.03452325
0.03447390
0.03343511
0.03432298
0.04751658
0.03442121
0.03434992
0.03441000
0.03353500
0.03447890
0.04846811
0.03456569
0.03351855
0.03458548
0.03342080
0.03449059
0.04859519
0.03442550
0.03338099
0.03335690
0.03438997
0.03249717
0.04858327
0.03341174
0.03334785
0.03436542
0.03335452
0.03349233
0.04932547
0.03335452
0.03345203
0.03337455
0.03430891
0.03329754
0.04943395
0.03342652
0.03436780
0.03239512
0.03348160
0.03440619
0.04853892
0.03351116
0.03436041
0.03346968
0.03353834
0.03446937
0.04858661
0.03347445
0.03444672
0.03354645
0.03362608
0.03465319
0.04873252
0.03377008
0.03439283
0.03348255
0.03349185
0.03356242
0.04870033
0.03459215
0.03350997
0.03354216
0.03356695
0.03445745
0.04877353
0.03367662
0.03443098
0.03349042
0.03444171
0.03335357
0.04847240
0.03337455
0.03335333
0.03341436
0.03339195
0.03353548
0.04850745
0.03354836
0.03441167
0.03362322
0.03348517
0.03344893
0.04850030
0.03458977
0.03355932
0.03367591
0.03449774
0.03365970
0.04875970
0.03469825
0.03379536
0.03366756
0.03454113
0.03396368
0.04883456
0.03470564
0.03369689
0.03374290
0.03282857
0.03382468
0.04897547
0.03391290
0.03488469
0.03369808
0.03363585
0.03469348
0.04900932
0.03461885
0.03372335
0.03475666
0.03470659
0.03469729
0.04972386
0.03458929
0.03461552
0.03465152
0.03454208
0.03454161
0.04973698
0.03466892
0.03357053
0.03372931
0.03353572
0.03363800
0.04963088
0.03371620
0.03360128
0.03362131
0.03395247
0.03366613
0.04877138
0.03367424
0.03463411
0.03401160
0.03358150
0.03466511
0.04870605
0.03453469
0.03256345
0.03460860
0.03374553
0.03454685
0.04859996
0.03367424
0.03454757
0.03351378
0.03359556
0.03453803
0.04776216
0.03368258
0.03450799
0.03362370
0.03454924
0.03451824
0.04962826
0.03353834
0.03464460
0.03454232
0.03355837
0.03347445
0.04968905
0.03370118
0.03355742
0.03357482
0.03358364
0.03455138
0.04862690
0.03444457
0.03446865
0.03347731
0.03353953
0.03353453
0.04868388
0.03350186
0.03259706
0.03260040
0.03454590
0.03254914
0.04865360
0.03359985
0.03445959
0.03343415
0.03242207
0.03347611
0.04861093
0.03439522
0.03349710
0.03356338
0.03342605
0.03453803
0.04868126
0.03363156
0.03427005
0.03347039
0.03434968
0.03346682
0.04852700
0.03348184
0.03357601
0.03446031
0.03340888
0.03357220
0.04860783
0.03352404
0.03454018
0.03347397
0.03342628
0.03332520
0.04867816
0.03338385
0.03345537
0.03349733
0.03358245
0.03361893
0.04972887
0.03371763
0.03363085
0.03358221
0.03344846
0.03355622
0.04763246
0.03355002
0.03354573
0.03355455
0.03451180
0.03436041
0.04960728
0.03455114
0.03468037
0.03424025
0.03356957
0.03451347
0.04853058
0.03356981
0.03346848
0.03365064
0.03348660
0.03451848
0.04758978
0.03445268
0.03268027
0.03459835
0.03348041
0.03349876
0.04857492
0.03449798
0.03348660
0.03426623
0.03430486
0.03240538
0.04848003
0.03238773
0.03334618
0.03340721
0.03388500
0.03353477
0.04965878
0.03343749
0.03437185
0.03327227
0.03236127
0.03323913
0.04750204
0.03350067
0.03345561
0.03352308
0.03344703
0.03363538
0.04872394
0.03363252
0.03492165
0.03354788
0.03361726
0.03354692
0.04863596
0.03359580
0.03455496
0.03357792
0.03357577
0.03249741
0.04859734
0.03349900
0.03349233
0.03442764
0.03354335
0.03358507
0.04857635
0.03355408
0.03263879
0.03382635
0.03360391
0.03249168
0.04794312
0.03359962
0.03246999
0.03244662
0.03355432
0.03352404
0.04746675
0.03344202
0.03253078
0.03441191
0.03245807
0.03450203
0.04867649
0.03250170
0.03445387
0.03356576
0.03366709
0.03373575
0.04789925
0.03386712
0.03348780
0.03353906
0.03468347
0.03370881
0.04860926
0.03358269
0.03461146
0.03251481
0.03400493
0.03359747
0.04958081
0.03357768
0.03352141
0.03346205
0.03351116
0.03450894
0.04864740
0.03263044
0.03365016
0.03534198
0.03360033
0.03359103
0.04871273
0.03465247
0.03362083
0.03364539
0.03352451
0.03465390
0.04893351
0.03379989
0.03369904
0.03268003
0.03362226
0.03268147
0.04855299
0.03255844
0.03437066
0.03447676
0.03350687
0.03447843
0.04856539
0.03365993
0.03462219
0.03372574
0.03352928
0.03250861
0.04849124
0.03431368
0.03450727
0.03254485
0.03362298
0.03256559
0.04869843
0.03442979
0.03578520
0.03250051
0.03456235
0.03258181
0.04857826
0.03345418
0.03240371
0.03349900
0.03359628
0.03342628
0.04914522
0.03453398
0.03346753
0.03338814
0.03432083
0.03343678
0.04959798
0.03447127
0.03439188
0.03433061
0.03417540
0.03429985
0.04935622
0.03428364
0.03442502
0.03328514
0.03431797
0.03329301
0.04848218
0.03353786
0.03335595
0.03438044
0.03326321
0.03339028
0.04867554
0.03352475
0.03343534
0.03340673
0.03444171
0.03343511
0.04882073
0.03461337
0.03381109
0.03448653
0.03433442
0.03434348
0.04948378
0.03439474
0.03512144
0.03457832
0.03462458
0.03367448
0.04883790
0.03362608
0.03358364
0.03259230
0.03367472
0.03372049
0.04899621
0.03484130
0.03369451
0.03482962
0.03369141
0.03379107
0.04983425
0.03375125
0.03430486
0.03469968
0.03382182
0.03394079
0.04904628
0.03393149
0.03285885
0.03381991
0.03387761
0.03391600
0.04797196
0.03397560
0.03383398
0.03387308
0.03506064
0.03397179
0.04809093
0.03394461
0.03405309
0.03395987
0.03394985
0.03403664
0.05014348
0.03392506
0.03409314
0.03394270
0.03389525
0.03495741
0.04911184
0.03399253
0.03492689
0.03397036
0.03363061
0.03397822
0.04913187
0.03401804
0.03404427
0.03399706
0.03398347
0.03485942
0.05004168
0.03399110
0.03391767
0.03292966
0.03284907
0.03292894
0.04995775
0.03391290
0.03489017
0.03279853
0.03385782
0.03375173
0.04994273
0.03389931
0.03385592
0.03474712
0.03406882
0.03293204
0.04903150
0.03391290
0.03382158
0.03277349
0.03384089
0.03390288
0.04894519
0.03377128
0.03384805
0.03477430
0.03367424
0.03381467
0.04993677
0.03375006
0.03360295
0.03455067
0.03363919
0.03468013
0.04892206
0.03372455
0.03370023
0.03386426
0.03466821
0.03377867
0.04872370
0.03474307
0.03275537
0.03466916
0.03375244
0.03368378
0.04883313
0.03376603
0.03367352
0.03372550
0.03375459
0.03474140
0.04963326
0.03362870
0.03367758
0.03361034
0.03454256
0.03247643
0.04991961
0.03361940
0.03268361
0.03374338
0.03259492
0.03372431
0.04878616
0.03463650
0.03358078
0.03466868
0.03363514
0.03351355
0.05207849
0.03456140
0.03358483
0.03357244
0.03389812
0.03431487
0.04970765
0.03373456
0.03367305
0.03308630
0.03255534
0.03465939
0.04894495
0.03269958
0.03369856
0.03266478
0.03376627
0.03466558
0.04783344
0.03364921
0.03363085
0.03453517
0.03359723
0.03502226
0.04974008
0.03366685
0.03365278
0.03358674
0.03463054
0.03362751
0.04870415
0.03362226
0.03463340
0.03351784
0.03353167
0.03357482
0.04878139
0.03269076
0.03361392
0.03361893
0.03447151
0.03354859
0.04858279
0.03370833
0.03366804
0.03446007
0.03353286
0.03346491
0.04866004
0.03354764
0.03362894
0.03346562
0.03341746
0.03450799
0.04871082
0.03349710
0.03242445
0.03349614
0.03350019
0.03439045
0.04851580
0.03441906
0.03349257
0.03343248
0.03443098
0.03348804
0.04853845
0.03356695
0.03447437
0.03349900
0.03366709
0.03358674
0.04871297
0.03459191
0.03352928
0.03342628
0.03343272
0.03343749
0.04884410
0.03349304
0.03368425
0.03447866
0.03249335
0.03348494
0.04864144
0.03255367
0.03359914
0.03356886
0.03345776
0.03442669
0.04857016
0.03351831
0.03345132
0.03343344
0.03446794
0.03344631
0.04856515
0.03358388
0.03449035
0.03346229
0.03345466
0.03443241
0.04949713
0.03244376
0.03469515
0.03342843
0.03447199
0.03345776
0.04753327
0.03338814
0.03247213
0.03451252
0.03242874
0.03448868
0.04973078
0.03447390
0.03347349
0.03444839
0.03343034
0.03347564
0.04856133
0.03358245
0.03367877
0.03349352
0.03354502
0.03253937
0.04949522
0.03354073
0.03365088
0.03355789
0.03347301
0.03352284
0.04954958
0.03260803
0.03453994
0.03354478
0.03449750
0.03349590
0.04858041
0.03447652
0.03345537
0.03444743
0.03442645
0.03349280
0.04958701
0.03371739
0.03458858
0.03367543
0.03342986
0.03446794
0.04755473
0.03356624
0.03441143
0.03354979
0.03251195
0.03353739
0.04960108
0.03352976
0.03366947
0.03347611
0.03254580
0.03348804
0.04870105
0.03354979
0.03438497
0.03361607
0.03354406
0.03347278
0.04761600
0.03355455
0.03369188
0.03349662
0.03447938
0.03359365
0.04867911
0.03357124
0.03348017
0.03355837
0.03245497
0.03344297
0.04861903
0.03464842
0.03451562
0.03470707
0.03248310
0.03357220
0.04955649
0.03367758
0.03439546
0.03354979
0.03455973
0.03351092
0.04965639
0.03362417
0.03358173
0.03449988
0.03359413
0.03348112
0.06645703
0.03394246
0.03367424
0.03363276
0.03350830
0.03371286
0.04923415
0.03363967
0.03376961
0.03263378
0.03372622
0.03347874
0.04859591
0.03244090
0.03351235
0.03316474
0.03246689
0.03451729
0.04876447
0.03457546
0.03260040
0.03450012
0.03364706
0.03444839
0.04856849
0.03356266
0.03462195
0.03360057
0.03442287
0.03441930
0.04944062
0.03442597
0.03262377
0.03354239
0.03451157
0.03350234
0.04956317
0.03352857
0.03437209
0.03436780
0.03345084
0.03341413
0.04861498
0.03447270
0.03359032
0.03357625
0.03450298
0.03355837
0.04944658
0.03336859
0.03435731
0.03361535
0.03347468
0.03362989
0.04858708
0.03360295
0.03446817
0.03346753
0.03358293
0.03356099
0.04881334
0.03270030
0.03356791
0.03360176
0.03345037
0.03458810
0.04858685
0.03353572
0.03412771
0.03441715
0.03347993
0.03337073
0.04955411
0.03354335
0.03350139
0.03334951
0.03430343
0.03568411
0.04951525
0.03445911
0.03442192
0.03364515
0.03447342
0.03251123
0.04968691
0.03351140
0.03459048
0.03359461
0.03459668
0.03250909
0.04958415
0.03356457
0.03351378
0.03450632
0.03356266
0.03456807
0.04858851
0.03451490
0.03453708
0.03262496
0.03602433
0.03442979
0.04761958
0.03240776
0.03247166
0.03445387
0.03450894
0.03446794
0.04949808
0.03440714
0.03437710
0.03534079
0.03487587
0.03470278
0.04873586
0.03457141
0.03255987
0.03365374
0.03354502
0.03359246
0.04868889
0.03372407
0.03365493
0.03619003
0.03379846
0.03391576
0.04913807
0.03404212
0.03394413
0.03390169
0.03387165
0.03395987
0.04883265
0.03479433
0.03372312
0.03279901
0.03382373
0.03463721
0.04983068
0.03474140
0.03260255
0.03473902
0.03461838
0.03452063
0.04954314
0.03362465
0.03266811
0.03463769
0.03362870
0.03367043
0.04876924
0.03367496
0.03369451
0.03383565
0.03372359
0.03357792
0.04959559
0.03373790
0.03362918
0.03595614
0.03371453
0.03464246
0.04883051
0.03376245
0.03372765
0.03473496
0.03377891
0.03263807
0.04782438
0.03259850
0.03469849
0.03265691
0.03270984
0.03382969
0.04768229
0.03278685
0.03457189
0.03273511
0.03273392
0.03474569
0.04898143
0.03483510
0.03369665
0.03469372
0.03271914
0.03472710
0.05051923
0.03477001
0.03370905
0.03358769
0.03357434
0.03461146
0.04870439
0.03367925
0.03365755
0.03363514
0.03477550
0.03266072
0.04889178
0.03467226
0.03376198
0.03376865
0.03381181
0.03359771
0.04969072
0.03369045
0.03367281
0.03367043
0.03263187
0.03266764
0.04877043
0.03371692
0.03371453
0.03263879
0.03372693
0.03370380
0.04863787
0.03361201
0.03362632
0.03370309
0.03358769
0.03372741
0.04774642
0.03371406
0.03362393
0.03361607
0.03363395
0.03369284
0.04881310
0.03367209
0.03354883
0.03356695
0.03453135
0.03356671
0.04876471
0.03353429
0.03355145
0.03247213
0.03246570
0.03249955
0.04764533
0.03449202
0.03466606
0.03455210
0.03349161
0.03360748
0.04850650
0.03253150
0.03445172
0.03358555
0.03265810
0.03254366
0.05008793
0.03269386
0.03254986
0.03266048
0.03258634
0.03358030
0.04871178
0.03373623
0.03383350
0.03373957
0.03471613
0.03367662
0.04881144
0.03368306
0.03364086
0.03470135
0.03373408
0.03255939
0.04874516
0.03360701
0.03460908
0.03407955
0.03362250
0.03468895
0.04863024
0.03355145
0.03246474
0.03362918
0.03355074
0.03367567
0.04872537
0.03354883
0.03358293
0.03353596
0.03455758
0.03383183
0.04877138
0.03365135
0.03364015
0.03365707
0.03354645
0.03358364
0.04871631
0.03362131
0.03352475
0.03360772
0.03353071
0.03360391
0.04865718
0.03371835
0.03357840
0.03354502
0.03369808
0.03356099
0.04857635
0.03353572
0.03357863
0.03444338
0.03352857
0.03360367
0.04860663
0.03457570
0.03368831
0.03496337
0.03359008
0.03352571
0.04873157
0.03457761
0.03257012
0.03456712
0.03473973
0.03398442
0.04969621
0.03364635
0.03355455
0.03371263
0.03360319
0.03258109
0.04878950
0.03368926
0.03358126
0.03367019
0.03368115
0.03360319
0.04769230
0.03355074
0.03468752
0.03452158
0.03461385
0.03455424
0.04975128
0.03454328
0.03361416
0.03360677
0.03364635
0.03484654
0.04891515
0.03363991
0.03368735
0.03358078
0.03354907
0.03362584
0.04867840
0.03353000
0.03447151
0.03356194
0.03347063
0.03351927
0.04858994
0.03365111
0.03362155
0.03354287
0.03362060
0.03355217
0.04867482
0.03467488
0.03361773
0.03353810
0.03255510
0.03361464
0.05895042
0.03457332
0.03351021
0.03342199
0.03353095
0.03467941
0.04875112
0.03363538
0.03370333
0.03361416
0.03355289
0.03354287
0.04971910
0.03355575
0.03354096
0.03368711
0.03463888
0.03371072
0.04889083
0.03370309
0.03250813
0.03366852
0.03367257
0.03369975
0.04774070
0.03361177
0.03358197
0.03377175
0.03462601
0.03361011
0.04958582
0.03453040
0.03451562
0.03255749
0.03458667
0.03471684
0.04863930
0.03365636
0.03356385
0.03358793
0.03252506
0.03353000
0.04862666
0.03362155
0.03363585
0.03364229
0.03268242
0.03357244
0.04891086
0.03387403
0.03361106
0.03367901
0.03363729
0.03362083
0.04970479
0.03367853
0.03358245
0.03361893
0.03373742
0.03353953
0.04879975
0.03372645
0.03369761
0.03358245
0.03360534
0.03354073
0.04869890
0.03261089
0.03352928
0.03356981
0.03356218
0.03253889
0.04955482
0.03350902
0.03255582
0.03474116
0.03369665
0.03368115
0.04762244
0.03355050
0.03349257
0.03252029
0.03370285
0.03348827
0.04963160
0.03365541
0.03353715
0.03442383
0.03354049
0.03365612
0.04969907
0.03362799
0.03375649
0.03457880
0.03351736
0.03369069
0.04779220
0.03267050
0.03257680
0.03259850
0.03273273
0.03262138
0.04988432
0.03267956
0.03451657
0.03459024
0.03261352
0.03465605
0.04874921
0.03361678
0.03358340
0.03352904
0.03366351
0.03353238
0.04872870
0.03484631
0.03360844
0.03468919
0.03362799
0.03466082
0.04855180
0.03460312
0.03255653
0.03463483
0.03348827
0.03452039
0.04964733
0.03451014
0.03468275
0.03364468
0.03461218
0.03353524
0.04869604
0.03366661
0.03446960
0.03366613
0.03346658
0.03354526
0.04886270
0.03369999
0.03460264
0.03360367
0.03363848
0.03347087
0.04887080
0.03361344
0.03251934
0.03352284
0.03363943
0.03355503
0.04874563
0.03367567
0.03454685
0.03362298
0.03366232
0.03359008
0.04956865
0.03360486
0.03349805
0.03344703
0.03446388
0.03354049
0.04877734
0.03363752
0.03454733
0.03367424
0.03370190
0.04534578
0.04900837
0.03380537
0.03264117
0.03375936
0.03362393
0.03361964
0.04861760
0.03365636
0.03449988
0.03366160
0.03360295
0.03457117
0.04878473
0.03371549
0.03472972
0.03380013
0.03377652
0.03369570
0.04875684
0.03469300
0.03379130
0.03377843
0.03379154
0.03373456
0.04882336
0.03366303
0.03472614
0.03369546
0.03377938
0.03361940
0.04869246
0.03366065
0.03367329
0.03462648
0.03379416
0.03368473
0.04978609
0.03372312
0.03379416
0.03465223
0.03357577
0.03359675
0.04959202
0.03367758
0.03654718
0.03377318
0.03364968
0.03468156
0.04883695
0.03471613
0.03348041
0.03453994
0.03353119
0.03357029
0.04880381
0.03363466
0.03464055
0.03366208
0.03360915
0.03371978
0.04882765
0.03381968
0.03985429
0.03369427
0.03363228
0.03366351
0.04878592
0.03384876
0.03378654
0.03466177
0.03366661
0.03367281
0.04887486
0.03473973
0.03361011
0.03457499
0.03252816
0.03363442
0.04884529
0.03477716
0.03386497
0.03466082
0.03374743
0.03375316
0.04967546
0.03368711
0.03378272
0.03487420
0.03385544
0.03379369
0.04880452
0.03379512
0.03363895
0.03368545
0.03367352
0.03375864
0.04885721
0.03371477
0.03463197
0.03376842
0.03425932
0.03370047
0.04888082
0.03373075
0.03366756
0.03361344
0.03462601
0.03376532
0.04888010
0.03468180
0.03362560
0.03368330
0.03373361
0.03477645
0.04889107
0.03472567
0.03374028
0.03460622
0.03367543
0.03465390
0.04990530
0.03473973
0.03470087
0.03462791
0.03457308
0.03376389
0.04980946
0.03370571
0.03374219
0.03367424
0.03479433
0.03376222
0.04987192
0.03376937
0.03356576
0.03366470
0.03362441
0.03270841
0.04876351
0.03367734
0.03364778
0.03385353
0.03377390
0.03371716
0.04993606
0.03385067
0.03372407
0.03361368
0.03375125
0.03375983
0.04902005
0.03394389
0.03385854
0.03476787
0.03396344
0.03397417
0.04892349
0.03485179
0.03383970
0.03485417
0.03494143
0.03389335
0.05010271
0.03414774
0.03504610
0.03397632
0.03400183
0.03509784
0.04923534
0.03401399
0.03400683
0.03407502
0.03511572
0.03414655
0.04926682
0.03403687
0.03405261
0.03405213
0.03418469
0.03495502
0.04924202
0.03410077
0.03294539
0.03407955
0.03394580
0.03398490
0.04819107
0.03407216
0.03406882
0.03301191
0.03395796
0.03394866
0.04902959
0.03397489
0.03397036
0.03393674
0.03379273
0.03382826
0.04995608
0.03379130
0.03383946
0.03385520
0.03370500
0.03382683
0.04890060
0.03483510
0.03387213
0.03373456
0.03370857
0.03364277
0.04879832
0.03359938
0.03366613
0.03373909
0.03361058
0.03264952
0.04891276
0.03474045
0.03368926
0.03460836
0.03361416
0.03365183
0.04895878
0.03361750
0.03453159
0.03454685
0.03442192
0.03366733
0.04987884
0.03368688
0.03375101
0.03363490
0.03363609
0.03359222
0.04975390
0.03362823
0.03359532
0.03357172
0.03355598
0.03363228
0.04894280
0.03384805
0.03381610
0.03374648
0.03248453
0.03363776
0.04870796
0.03365612
0.03361344
0.03362727
0.03449726
0.03358817
0.04876661
0.03474689
0.03383136
0.03265882
0.03371215
0.03362632
0.04758859
0.03370523
0.03341269
0.03278470
0.03463650
0.03258681
0.04982471
0.03456235
0.03260922
0.03465796
0.03367186
0.03383446
0.04785919
0.03367400
0.03369689
0.03362226
0.03364515
0.03370333
0.04881263
0.03473544
0.03367925
0.03379846
0.03478146
0.03371072
0.04880190
0.03480744
0.03365278
0.03365278
0.03463507
0.03376842
0.04781675
0.03371382
0.03467798
0.03271484
0.03373647
0.03392196
0.04988647
0.03462315
0.03364825
0.03359771
0.03366733
0.03367805
0.04884052
0.03374171
0.03369761
0.03476810
0.03385496
0.03365088
0.04888010
0.03458405
0.03256226
0.03260183
0.03351927
0.03455615
0.04905605
0.03369737
0.03361320
0.03449154
0.03356886
0.03359079
0.04865122
0.03355050
0.03364015
0.03363848
0.03452110
0.03342581
0.04860711
0.03360343
0.03356266
0.03240180
0.03342319
0.03349042
0.04865885
0.03450370
0.03353024
0.03354335
0.03440309
0.03345966
0.04746842
0.03361082
0.03353643
0.03349257
0.03359985
0.03348684
0.04962230
0.03356194
0.03342175
0.03452492
0.03355455
0.03458095
0.04887223
0.03466702
0.03357506
0.03349209
0.03366446
0.03452682
0.04862547
0.03358126
0.03354406
0.03359151
0.03258872
0.03253412
0.04877400
0.03371453
0.03361440
0.03359699
0.03352261
0.03400111
0.04864025
0.03352928
0.03346443
0.03358293
0.03351259
0.03356719
0.04873753
0.03363633
0.03368187
0.03266859
0.03354955
0.03349805
0.04862809
0.03360629
0.03354406
0.03249931
0.03346062
0.03351092
0.04863739
0.03368378
0.03446150
0.03360939
0.03344226
0.03346229
0.04954457
0.03345919
0.03343797
0.03344989
0.03351927
0.03343201
0.04960060
0.03346038
0.03347826
0.03357220
0.03341269
0.03267336
0.04753399
0.03343606
0.03350401
0.03354263
0.03355026
0.03357267
0.04872131
0.03359723
0.03359413
0.03347540
0.03244710
0.03347349
0.04855847
0.03355145
0.03434038
0.03345513
0.03343225
0.03450656
0.04867721
0.03368402
0.03367233
0.03244805
0.03239012
0.03442049
0.04856968
0.03350115
0.03346562
0.03350353
0.03353310
0.03437304
0.04881287
0.03352094
0.03335190
0.03450394
0.03359485
0.03357387
0.04862952
0.03443885
0.03347039
0.03450465
0.03353453
0.03345180
0.04857326
0.03356266
0.03353143
0.03248525
0.03359699
0.03366876
0.04880762
0.03362489
0.03246832
0.03454471
0.03440499
0.03350687
0.04969049
0.03357673
0.03445840
0.03357005
0.03453636
0.03365541
0.04968429
0.03447962
0.03448725
0.03437567
0.03355622
0.03445029
0.04859424
0.03265166
0.03358793
0.03349900
0.03349066
0.03347683
0.04883575
0.03341269
0.03342748
0.03343534
0.03432369
0.03435731
0.04947376
0.03456211
0.03464103
0.03465629
0.03440714
0.03353763
0.04960990
0.03363752
0.03444147
0.03358150
0.03455925
0.03352976
0.04869199
0.03252554
0.03377438
0.03372264
0.03364491
0.03369069
0.04872942
0.03469586
0.03363037
0.03365755
0.03357649
0.03361011
0.04954529
0.03354168
0.03255701
0.03357506
0.03456235
0.03449202
0.04949880
0.03448486
0.03449583
0.03448486
0.03240943
0.03449988
0.04965782
0.03436446
0.03439164
0.03434706
0.03342772
0.03334212
0.04845333
0.03342605
0.03350163
0.03348112
0.03350449
0.03367305
0.04881835
0.03417516
0.03252888
0.03380561
0.03368545
0.03351235
0.04973364
0.03353763
0.03452229
0.03439498
0.03438139
0.03427410
0.04856825
0.03447485
0.03361654
0.03451037
0.03444648
0.03253603
0.04964733
0.03460455
0.03452277
0.03459978
0.03367972
0.03461170
0.04881191
0.03366709
0.03365088
0.03455353
0.03374672
0.03369236
0.04891205
0.03382802
0.03349018
0.03487134
0.03454900
0.03359723
0.04863739
0.03359127
0.03366375
0.03363848
0.03348231
0.03349137
0.04858923
0.03348684
0.03348374
0.03240752
0.03260326
0.03251314
0.04954100
0.03274465
0.03356361
0.03258204
0.03247333
0.03268576
0.04966354
0.03245020
0.03457379
0.03446126
0.03448820
0.03460765
0.04976797
0.03470182
0.03458548
0.03450799
0.03360987
0.03361511
0.04869342
0.03360248
0.03349090
0.03348804
0.03346372
0.03443742
0.04853630
0.03365564
0.03463149
0.03359962
0.03450322
0.03361487
0.04977298
0.03351688
0.03363776
0.03459096
0.03364539
0.03273082
0.04875898
0.03266931
0.03254724
0.03468466
0.03257918
0.03462076
0.04875112
0.03466892
0.03385067
0.03368878
0.03375173
0.03460670
0.04873276
0.03372097
0.03366542
0.03464413
0.03355527
0.03374743
0.04842806
0.03465438
0.03362489
0.03360105
0.03358340
0.03442335
0.04858589
0.03363299
0.03362441
0.03256559
0.03352380
0.03346777
0.04858541
0.03358054
0.03354430
0.03348351
0.03349090
0.03344226
0.04870415
0.03455853
0.03349948
0.03354788
0.03359103
0.03357863
0.04970455
0.03351712
0.03250122
0.03358173
0.03354955
0.03442740
0.04856062
0.03363776
0.03360295
0.03343153
0.03351402
0.03253531
0.04878116
0.03368139
0.03408241
0.03348494
0.03448701
0.03355217
0.04869461
0.03362513
0.03456926
0.03349614
0.03350210
0.03446460
0.04871702
0.03360009
0.03347778
0.03359962
0.03358817
0.03361893
0.04876924
0.03467226
0.03257251
0.03465986
0.03354120
0.03347349
0.04968333
0.03357911
0.03252840
0.03446865
0.03345561
0.03462744
0.04962826
0.03250313
0.03355122
0.03458357
0.03351474
0.03438687
0.04869318
0.03348708
0.03349423
0.03439474
0.03349996
0.03450990
0.04878998
0.03450489
0.03361988
0.03451657
0.03252244
0.03346395
0.04867101
0.03352618
0.03255606
0.03371739
0.03356385
0.03449082
0.04854345
0.03355694
0.03454638
0.03349996
0.03355074
0.03458738
0.04870939
0.03466129
0.03454494
0.03475022
0.03458428
0.03476000
0.04962397
0.03361058
0.03457570
0.03368664
0.03364420
0.03462815
0.04875088
0.03372765
0.03359556
0.03371000
0.03367257
0.03542376
0.04880500
0.03368616
0.03370500
0.03385019
0.03375483
0.03377056
0.04874778
0.03263378
0.03364658
0.03374410
0.03377295
0.03366303
0.04983258
0.03366280
0.03356385
0.03373599
0.03464556
0.03379297
0.04874587
0.03377771
0.03456140
0.03382254
0.03367710
0.03366065
0.04970908
0.03371692
0.03273749
0.03369546
0.03372788
0.03376031
0.04880834
0.03391361
0.03473830
0.03371763
0.03369188
0.03476095
0.04788327
0.03469563
0.03366399
0.03477597
0.03379774
0.03464270
0.04866195
0.03391194
0.03385949
0.03390193
0.03404117
0.03393769
0.04902887
0.03515267
0.03403401
0.03409362
0.03405237
0.03411984
0.05002952
0.03400350
0.03396964
0.03365874
0.03516483
0.03412271
0.04924035
0.03502488
0.03503489
0.03632784
0.03503466
0.03507137
0.04927492
0.03507447
0.03398752
0.03502274
0.03393769
0.03499961
0.05058527
0.03506064
0.03402448
0.03497839
0.03402781
0.03503847
0.04912806
0.03291655
0.03401160
0.03395891
0.03486919
0.03399730
0.04897594
0.03490973
0.03404975
0.03395319
0.03401470
0.03485632
0.04905224
0.03420496
0.03402066
0.03408051
0.03495646
0.03409004
0.04826045
0.03409791
0.03414416
0.03511763
0.03416944
0.03414583
0.05019093
0.03407550
0.03410196
0.03304052
0.03411365
0.03423619
0.05019736
0.03424048
0.03439951
0.03521800
0.03424692
0.03432655
0.04958558
0.03427982
0.03331542
0.03432941
0.03543401
0.03434253
0.05031037
0.03432846
0.03439021
0.03428602
0.03429008
0.03318095
0.04832840
0.03443360
0.03332424
0.03428364
0.03325725
0.03524232
0.04950070
0.03427052
0.03512740
0.03435755
0.03534961
0.03444219
0.04936242
0.03516531
0.03434086
0.03420615
0.03431129
0.03431749
0.05041933
0.03444457
0.03433037
0.03446078
0.03443241
0.03554320
0.04963779
0.03447175
0.03447390
0.03443909
0.03439045
0.03441477
0.04941964
0.03461790
0.03536177
0.03443336
0.03431058
0.03429317
0.04945803
0.03528476
0.03431559
0.03437114
0.03512335
0.03430557
0.04952788
0.03516912
0.03433776
0.03434658
0.03434634
0.03534794
0.04946184
0.03474140
0.03458953
0.03437829
0.03432751
0.03449750
0.04938507
0.03533912
0.03322792
0.03436637
0.03428626
0.03434253
0.04943419
0.03443098
0.03429961
0.03587556
0.03421593
0.03613734
0.04951239
0.03435946
0.03436112
0.03420639
0.03448629
0.03532457
0.04957199
0.03453374
0.03448939
0.03473711
0.03553915
0.03473258
0.04983807
0.03475451
0.03566837
0.03466153
0.03461742
0.03355742
0.04969025
0.03466702
0.03473544
0.03469372
0.03485417
0.03504634
0.05014133
0.03496480
0.03501201
0.03395176
0.03507829
0.03504562
0.04917955
0.03613567
0.03605533
0.03521848
0.03511119
0.03630304
0.04936337
0.03607392
0.03527331
0.03619695
0.03518701
0.03510690
0.05117583
0.03526044
0.03506851
0.03503919
0.03635550
0.03512979
0.05054116
0.03531528
0.03538465
0.03519464
0.03510308
0.03404641
0.05023980
0.03495336
0.03490138
0.03552198
0.03387976
0.03575134
0.04980850
0.03484440
0.03482175
0.03589535
0.03472662
0.03467321
0.04978132
0.03465724
0.03349471
0.03463531
0.03435826
0.03438950
0.04954791
0.03435326
0.03538013
0.03432727
0.03427482
0.03445125
0.04943037
0.03437662
0.03455448
0.03439713
0.03442407
0.03430867
0.04934645
0.03429794
0.03434324
0.03438187
0.03539348
0.03431177
0.04943228
0.03437948
0.03545380
0.03445244
0.03437114
0.03431034
0.04952812
0.03428173
0.03519917
0.03430271
0.03432703
0.03451085
0.04948664
0.03433108
0.03426003
0.03518534
0.03419423
0.03414512
0.04934692
0.03508735
0.03423333
0.03419065
0.03415465
0.03422022
0.04922891
0.03613234
0.03397989
0.03410316
0.03410125
0.06187367
0.05542707
0.03425884
0.03412819
0.03432393
0.03408122
0.03412557
0.04927301
0.03397322
0.03403163
0.03401017
0.03390574
0.03494477
0.04900193
0.03406167
0.03401160
0.03487992
0.03392911
0.03395224
0.04993749
0.03389525
0.03384423
0.03400135
0.03406692
0.03394771
0.04907298
0.03392434
0.03399491
0.03390241
0.03395772
0.03392029
0.04907131
0.03393722
0.03379154
0.03301907
0.03392339
0.03392339
0.04911304
0.03397584
0.03394628
0.03404164
0.03417420
0.03288603
0.04898715
0.03394365
0.03290725
0.03394866
0.03390813
