0.29166460
0.04257441
0.04312778
0.04336071
0.04341745
0.04339957
0.04343390
0.04330254
0.04322648
0.04325080
0.02808714
0.02812552
0.02817440
0.02799225
0.02790809
0.04318070
0.02825212
0.02801323
0.02848291
0.02805281
0.02802348
0.04323292
0.02816343
0.02802157
0.02803135
0.02812886
0.02800536
0.04327989
0.02802515
0.02810550
0.03063989
0.03068304
0.03078938
0.04574037
0.03051639
0.03068304
0.03060532
0.03054428
0.03067040
0.04583883
0.02978301
0.03060770
0.03058338
0.03060865
0.03054142
0.04578471
0.03053999
0.03059959
0.03067470
0.03068471
0.03051186
0.04582119
0.03062320
0.02960515
0.02962446
0.03067827
0.02968335
0.04479003
0.02966642
0.03045344
0.03049111
0.03056073
0.03079915
0.04597640
0.03072071
0.03061533
0.02864432
0.03055263
0.02854371
0.04587007
0.03067255
0.03072190
0.03055882
0.03069878
0.03064990
0.04488039
0.02980566
0.02981639
0.02964091
0.03080273
0.02971911
0.04588580
0.02969742
0.02974582
0.02968955
0.02974367
0.02988887
0.04402137
0.02868271
0.03073096
0.03062963
0.03060722
0.02970266
0.04498839
0.02965879
0.02971625
0.03065085
0.02861309
0.02962923
0.04481840
0.02961230
0.03059459
0.03056240
0.02951884
0.02957177
0.04378819
0.02973819
0.02866960
0.03064775
0.02864289
0.02879596
0.04591513
0.02876163
0.02858043
0.03066802
0.02866721
0.02873588
0.04595232
0.02869487
0.03082752
0.02866054
0.02863169
0.03071213
0.04578996
0.03077793
0.03069592
0.03070426
0.03054738
0.03080869
0.04476357
0.02877498
0.02869248
0.02989960
0.02863741
0.02885747
0.04585266
0.03087330
0.03069997
0.02876258
0.03060126
0.02878714
0.04391503
0.03080297
0.02858758
0.02873659
0.03068471
0.03092098
0.04566383
0.02873898
0.02964687
0.02991462
0.02966952
0.02986050
0.04506731
0.02978468
0.03062201
0.02870035
0.03067780
0.03075814
0.04573631
0.03077579
0.03069234
0.02978063
0.02959728
0.02870631
0.04375863
0.03065157
0.02969813
0.02981043
0.02968931
0.02975035
0.04479241
0.02989364
0.03069115
0.02999735
0.02978349
0.02886224
0.04586649
0.02885509
0.02985907
0.03076506
0.02974033
0.02976751
0.04674840
0.03107905
0.03098893
0.03098369
0.03086829
0.03080773
0.04583883
0.02973104
0.03073168
0.03070736
0.02968884
0.02980828
0.04586864
0.02879333
0.03076172
0.03079820
0.03075266
0.02978110
0.04486012
0.02868700
0.03056788
0.02878380
0.03069210
0.02862000
0.04482651
0.02976036
0.02871633
0.02973986
0.03068137
0.02967596
0.04386401
0.02878547
0.03063130
0.02866244
0.02967572
0.02972531
0.04590392
0.02983189
0.03070831
0.03092289
0.03086758
0.02874517
0.04594064
0.02879786
0.03067398
0.02875853
0.02888775
0.03067660
0.04415631
0.03079319
0.03069067
0.02871585
0.03066945
0.02874923
0.04604578
0.03075743
0.03077960
0.03069162
0.03072047
0.03064680
0.04588795
0.03097916
0.03074193
0.03079891
0.03078413
0.02967906
0.04493070
0.02971649
0.02964354
0.02983499
0.02875090
0.02972603
0.04394794
0.02866769
0.02967167
0.02880144
0.02862310
0.03072429
0.04596639
0.03083324
0.03067183
0.02882814
0.03095365
0.02980614
0.04501629
0.03093028
0.02880836
0.02897573
0.02899265
0.03087974
0.04437923
0.03113747
0.03092933
0.03070641
0.03092384
0.02881265
0.04605293
0.02885222
0.03086853
0.02993512
