0.30733347
0.04756951
0.04813957
0.04823232
0.04813886
0.04814696
0.04811645
0.04824972
0.04860139
0.04845643
0.03288269
0.03294039
0.03285241
0.03293085
0.03288102
0.04825091
0.03290749
0.03292465
0.03293371
0.03294563
0.03295135
0.04816222
0.03298330
0.03286719
0.03293562
0.03293014
0.03299046
0.04810548
0.03294373
0.03287983
0.03551841
0.03547382
0.03543448
0.05083871
0.03554869
0.03577399
0.03564167
0.03556633
0.03540254
0.05076480
0.03546119
0.03567290
0.03450775
0.03444219
0.03552365
0.05074167
0.03545785
0.03546906
0.03549719
0.03551507
0.03546834
0.05065584
0.03546453
0.03542423
0.03533435
0.03543353
0.03542161
0.05070710
0.03553724
0.03553891
0.03545451
0.03455472
0.03557730
0.04867697
0.03552246
0.03554559
0.03660679
0.03459263
0.03466988
0.05080652
0.03469205
0.03571153
0.03451991
0.03554630
0.03463602
0.04979467
0.03450203
0.03558469
0.03552079
0.03556085
0.03554654
0.05070972
0.03357601
0.03469586
0.03568363
0.03560805
0.03349519
0.04867816
0.03461671
0.03353453
0.03356004
0.03462529
0.03354597
0.05077767
0.03358078
0.03353882
0.03554559
0.03358483
0.03562474
0.04997039
0.03473735
0.03460836
0.03656983
0.03552699
0.03560805
0.04887962
0.03559470
0.03470135
0.03462243
0.03467369
0.03457665
0.04995179
0.03561568
0.03450799
0.03458834
0.03551769
0.03457355
0.04986024
0.03464174
0.03458786
0.03459144
0.03466940
0.03455114
0.05075407
0.03465986
0.03469300
0.03457999
0.03459692
0.03466773
0.04988313
0.03363442
0.03356051
0.03466225
0.03556108
0.03554225
0.05086517
0.03453684
0.03556061
0.03675318
0.03456092
0.03566408
0.04981470
0.03461146
0.03457403
0.03450084
0.03558230
0.03366804
0.05082154
0.03359365
0.03564596
0.03563190
0.03530502
0.03534865
0.04990196
0.03457904
0.03452420
0.03454924
0.03533864
0.03554225
0.04954839
0.03355765
0.03557253
0.03533268
0.03560972
0.03473258
0.05060196
0.03363514
0.03548384
0.03377652
0.03550744
0.03350425
0.04884076
0.03555870
0.03565407
0.03573775
0.03575993
0.03524184
0.04997969
0.03469348
0.03538084
0.03439593
0.03445411
0.03427505
0.04991221
0.03468370
0.03627086
0.03460813
0.03474522
0.03470063
0.04999542
0.03352571
0.03462839
0.03459597
0.03572106
0.03462815
0.05087471
0.03554440
0.03566003
0.03454924
0.03461838
0.03463721
0.06672573
0.03481936
0.03568649
0.03461862
0.03666782
0.03458977
0.04991293
0.03510642
0.03466702
0.03470182
0.03464055
0.03579378
0.05084300
0.03367782
0.03466153
0.03464222
0.03359008
0.03558540
0.04998851
0.03562856
0.03470373
0.03555942
0.03570604
0.03468394
0.04994559
0.03363800
0.03567004
0.03568578
0.03618526
0.03564024
0.04888749
0.03357172
0.03563595
0.03556681
0.03562760
0.03556776
0.04987741
0.03361630
0.03554344
0.03363729
0.03460670
0.03563023
0.05089116
0.03564811
0.03572249
0.03566313
0.03362560
0.03569293
0.05091310
0.03562880
0.03560400
0.03473592
0.03462148
0.03457904
0.04988647
0.03458977
0.03449702
0.03453374
0.03458524
0.03453350
0.04870319
0.03464985
0.03345132
0.03559637
0.03467917
0.03554845
0.05075717
0.03457165
0.03456974
0.03555226
0.03453374
0.03560138
0.04985285
0.03560686
0.03468513
0.03464437
0.03460789
0.03548002
0.05077481
0.03455234
0.03355432
0.03457618
0.03462005
0.03460932
0.04989338
0.03468513
0.03455544
0.03462148
0.03562999
0.03470206
0.05003810
0.03465772
0.03353119
0.03470302
0.03453445
0.03463221
0.04997206
0.03469419
0.03459024
0.03614020
0.03455544
0.03460526
0.05001330
0.03467155
0.03566313
0.03460860
0.03453207
0.03460264
0.04982805
0.03463078
0.03353143
0.03356099
0.03352284
0.03555655
0.04879165
0.03354454
0.03550816
0.03560400
0.03559971
0.03364205
0.04993820
0.03561091
0.03563285
0.03546429
0.03554440
0.03546500
0.04978657
0.03470278
0.03546453
0.03470302
0.03463769
0.03466392
0.05091739
0.03464651
0.03572345
0.03348470
0.03552032
0.03709936
0.05076981
0.03458357
0.03558969
0.03621578
0.03360701
0.03563094
0.05096674
0.03555655
0.03561282
0.03454781
0.03466153
0.03453159
0.04983354
0.03465199
0.03553629
0.03455997
0.03551817
0.03351235
0.04989862
0.03461170
0.03365207
0.03460264
0.03460860
0.03555870
0.04981184
0.03459692
0.03469324
0.03465629
0.03467035
0.03462577
0.05001378
0.03365397
0.03462911
0.03463054
0.03456879
0.03466606
0.04979420
0.03465176
0.03463817
0.03462267
0.03452897
0.03462124
0.04985738
0.03469205
0.03457046
0.03359246
0.03459096
0.03459167
0.04984045
0.03360486
0.03460455
0.03464460
0.03368950
0.03465104
0.04987574
0.03553748
0.03550363
0.03458357
0.03557277
0.03558493
0.05078483
0.03351259
0.03590608
0.03356886
0.03560805
0.03466535
0.04997516
0.03544593
0.03450704
0.03420424
0.03348851
0.03357935
0.04876304
0.03355932
0.03556180
0.03559065
0.03460789
0.03453445
0.04968238
0.03547215
0.03456545
0.03455734
0.03457952
0.03502989
0.05053067
0.03354216
0.03636646
0.03454256
0.03465557
0.03458881
0.04983163
0.03608298
0.03354478
0.03453970
0.03454256
0.03558016
0.05083179
0.03459501
0.03556252
0.03452826
0.03554201
0.03554392
0.04973793
0.03451920
0.03456712
0.03447413
0.03453994
0.03451443
0.04980302
0.03453207
0.03454447
0.03449416
0.03451371
0.03453898
0.04983211
0.03466940
0.03464150
0.03350616
0.03557754
0.03593063
0.05088878
0.03594422
0.03550482
0.03458118
0.03458691
0.03355598
0.04984331
0.03344536
0.03344512
0.03353095
0.03550267
0.03556585
0.05084872
0.03459072
0.03549242
0.03352547
0.03552699
0.03449893
0.04876256
0.03549719
0.03459740
0.03455019
0.03453779
0.03547335
0.05070233
0.03558898
0.03559518
0.03359485
0.03559065
0.03565192
0.04890680
0.03555179
0.03556442
0.03548646
0.03552222
0.03547621
0.05084944
0.03564453
0.03558874
0.03356218
0.03449535
0.03549504
0.05081677
0.03450251
0.03457975
0.03462958
0.03455496
0.03349686
0.04877067
0.03550315
0.03554296
0.03562117
0.03458476
0.03558373
0.05081129
0.03559947
0.03577304
0.03449607
0.03555465
0.03551984
0.04882812
0.03631544
0.03453779
0.03551936
0.03552794
0.03555369
0.05063009
0.03547502
0.03547692
0.03544211
0.03607988
0.03547263
0.05060458
0.03543997
0.03454328
0.03452134
0.03552985
0.03554583
0.05082297
0.03452253
0.03348207
0.03341413
0.03663468
0.03553534
0.05084538
0.03547072
0.03554368
0.03644443
0.03449988
0.03343964
0.05069709
0.03538013
0.03544807
0.03555918
0.03342795
0.03542519
0.04972458
0.03341222
0.03550792
0.03345537
0.03345227
0.03346181
0.04866385
0.03552032
0.03878999
0.03340173
0.03339648
0.03544474
0.05064392
0.03551722
0.03552008
0.03550863
0.03548527
0.03551412
0.05080175
0.03547764
0.03541851
0.03544998
0.03554702
0.03548813
0.04979467
0.03447986
0.03450894
0.03553462
0.03548503
0.03451705
0.05076146
0.03462386
0.03459048
0.03447247
0.03455138
0.03446746
0.05049396
0.03448105
0.03457212
0.03356266
0.03459954
0.03342867
0.05070710
0.03549790
0.03444958
0.03461576
0.03445363
0.03457212
0.04998922
0.03550458
0.03490829
0.03452420
0.03342724
0.03694820
0.04980874
0.03451228
0.03553581
0.03453946
0.03448486
0.03346729
0.05082726
0.03558254
0.03550720
0.03540063
0.03543520
0.03547907
0.05081367
0.03560710
0.03542328
0.03553462
0.03548384
0.03548717
0.05069256
0.03345823
0.03557634
0.03565621
0.03548861
0.03548241
0.04873967
0.03354883
0.03449655
0.03350854
0.03533840
0.03632331
0.04982877
0.03557587
0.03456640
0.03554773
0.03545713
0.03547406
0.04981542
0.03555059
0.03344107
0.03451419
0.03540540
0.03541851
0.04873204
0.03548765
0.03559041
0.03564095
0.03450179
0.03543997
0.05068660
0.03456926
0.03445697
0.03550172
0.03450418
0.03457713
0.05042291
0.03551674
0.03447008
0.03450727
0.03457856
0.03543234
0.05075598
0.03450561
0.03453326
0.03448296
0.03456616
0.03456140
0.05076981
0.03456545
0.03450036
0.03552437
0.03451061
0.03554273
0.04988933
0.03555346
0.03554773
0.03548956
0.03543568
0.03542852
0.04870391
0.03563738
0.03331375
0.03344607
0.03338575
0.03344202
0.05069613
0.03352165
0.03341937
0.03335476
0.03342152
0.03541565
0.04861689
0.03451943
0.03443074
0.03446484
0.03440642
0.03452325
0.04969549
0.03552413
0.03448558
0.03448367
0.03500223
0.03550029
0.05069375
0.03553605
0.03545642
0.03549123
0.03544998
0.03552938
0.04979467
0.03349853
0.03544259
0.03553057
0.03548884
0.03457308
0.04978561
0.03450179
0.03547955
0.03549194
0.03539538
0.03549910
0.05071855
0.03555155
0.03554797
0.03552985
0.03476858
0.03454256
0.05074453
0.03465819
0.03464746
0.03463221
0.03453660
0.03458190
0.04986024
0.03448129
0.03459382
0.03452659
0.03450060
0.03559279
0.04986382
0.03460789
0.03447032
0.03345704
0.03351235
0.03546810
0.04935908
0.03554225
0.03370905
0.03348732
0.03353858
0.03552127
0.04879618
0.03359771
0.03348994
0.03355765
0.03364849
0.03560233
0.04982209
0.03556800
