0.30976844
0.04926252
0.04982543
0.05120778
0.04995680
0.04996824
0.04982567
0.04984093
0.04982543
0.05008864
0.03449392
0.03454471
0.03454781
0.03450012
0.03461695
0.04987049
0.03458214
0.03455687
0.03475285
0.03462577
0.03473520
0.05017948
0.03472281
0.03487229
0.03466272
0.03480697
0.03472376
0.05000806
0.03458738
0.03459382
0.03738523
0.03727937
0.03753638
0.05275631
0.03740907
0.03728986
0.03759789
0.03737640
0.03761148
0.05262852
0.03733230
0.03865933
0.03745842
0.03749347
0.03733635
0.05287862
0.03822255
0.03735042
0.03738570
0.03793550
0.03737807
0.05295992
0.03649521
0.03657055
0.03764176
0.03733706
0.03655243
0.05276966
0.03744864
0.03749323
0.03732014
0.03738046
0.03748393
0.05253673
0.03730345
0.03747129
0.03727055
0.03639674
0.03629422
0.05256343
0.03649116
0.03744054
0.03655362
0.03763938
0.03767967
0.05259109
0.03766394
0.03636026
0.03740597
0.03634763
0.03634930
0.05167103
0.03638959
0.03621864
0.03736687
0.03549767
0.03627658
0.05177259
0.03636050
0.03547406
0.03747034
0.03758383
0.03661561
0.05190158
0.03772354
0.03775644
0.03670573
0.03677797
0.03802109
0.05219150
0.03594494
0.03821635
0.03699327
0.03808880
0.03804302
0.05260563
0.03786397
0.03747058
0.03846240
0.03749609
0.03745985
0.05357599
0.03864956
0.03712225
0.03805327
0.03699207
0.03803706
0.05235672
0.03699899
0.03688169
0.03766680
0.03690505
0.03584671
0.05213618
0.03561282
0.03667951
0.03681421
0.03656888
0.03657699
0.05189800
0.03762388
0.03659558
0.03753757
0.03666568
0.03672481
0.05194807
0.03761959
0.03656554
0.03559804
0.03665161
0.03663087
0.05188370
0.03663993
0.03659439
0.03667951
0.03668022
0.03765750
0.05185199
0.03659010
0.03683138
0.03667474
0.03663278
0.03667164
0.05177975
0.03654122
0.03755236
0.03771806
0.03647900
0.03643680
0.05189466
0.03654146
0.03645658
0.03747249
0.03644609
0.03643608
0.05158067
0.03525043
0.03625178
0.03533411
0.03627133
0.03643036
0.05257487
0.03612304
0.03614235
0.03615665
0.03617430
0.03700209
0.05152035
0.03620481
0.03626275
0.03613400
0.03635788
0.03609538
0.05147362
0.03699017
0.03611159
0.03633833
0.03612185
0.03600574
0.05131984
0.03697324
0.03608561
0.03600407
0.03613758
0.03609347
0.05144191
0.03706837
0.03612208
0.03590298
0.03608131
0.03490949
0.05141687
0.03592610
0.03706694
0.03594756
0.03599429
0.03591299
0.05133080
0.03677773
0.03602910
0.03683853
0.03598523
0.03602386
0.05217743
0.03598166
0.03589559
0.03582764
0.03594613
0.03693104
0.05122733
0.03585982
0.03594494
0.03593540
0.03598571
0.03677320
0.05110502
0.03617692
0.03599310
0.03583455
0.03590345
0.03612971
0.05225873
0.03602886
0.03592515
0.03610086
0.03594708
0.03703141
0.05122423
0.03606319
0.03598833
0.03603315
0.03689432
0.03620076
0.05147600
0.03616381
0.03826356
0.03612018
0.03604889
0.03589630
0.05110025
0.03591204
0.03601241
0.03599048
0.03594208
0.03700376
0.05125523
0.03596234
0.03595233
0.03611803
0.03580356
0.03686643
0.05101228
0.03595471
0.03584409
0.03590989
0.03579378
0.03591132
0.05117178
0.03602386
0.03689098
0.03600574
0.03596067
0.03606176
0.05127048
0.03602433
0.03618836
0.03602695
0.03605103
0.03592777
0.05117512
0.03604412
0.03593278
0.03597045
0.03490257
0.03599095
0.05120540
0.03596687
0.03593397
0.03594136
0.03583622
0.03599286
0.05120349
0.03608942
0.03624058
0.03591418
0.03579307
0.03601027
0.05099654
0.03594732
0.03573704
0.03581238
0.03710723
0.03581095
0.05000901
0.03707314
0.03560567
0.03571701
0.03567600
0.03574944
0.05095530
0.03582358
0.03577685
0.03586292
0.03573680
0.03582335
0.05208898
0.03576922
0.03561449
0.03588915
0.03575969
0.03581095
0.05106568
0.03600550
0.03593540
0.03609800
0.03683901
0.03608274
0.05121136
0.03607059
0.03585958
0.03756261
0.03584194
0.03595972
0.05004358
0.03603029
0.03588343
0.03610325
0.03588009
0.03748202
0.05111575
0.03707218
0.03577685
0.03603077
0.03580141
0.03598666
0.05106354
0.03607082
0.03591561
0.03604746
0.03589153
0.03838229
0.05126595
0.03611112
0.03598762
0.03605843
0.03603911
0.03758240
0.05236459
0.03626537
0.03616953
0.03718162
0.03636384
0.03621197
0.05170226
0.03637719
0.03627253
0.03623629
0.03638983
0.03628278
0.05164742
0.03724694
0.03615713
0.03621340
0.03604555
0.03606939
0.05128098
0.03598785
0.03596973
0.03603387
0.03588104
0.03501201
0.05102015
0.03591180
0.03565264
0.03583503
0.03575182
0.03587842
0.05099297
0.03580022
0.03572464
0.03582096
0.03572726
0.03583837
0.05117345
0.03595638
0.03570461
0.03492856
0.03577232
0.03591895
0.05111504
0.03590107
0.03583694
0.03589773
0.03579497
0.03597951
0.04993844
0.03579831
0.03569889
0.03592491
0.03582191
0.03583050
0.05102396
0.03584123
0.03576374
0.03583837
0.03582072
0.03596878
0.05110884
0.03488803
0.03710365
0.03596759
0.03578591
0.03599954
0.05122828
0.03604460
0.03578973
0.03596306
0.03590941
0.03595638
0.05105853
0.03589892
0.03574586
0.03593469
0.03577256
0.03593373
0.05123472
0.03593636
0.03588724
0.03596783
0.03585362
0.03597522
0.05111790
0.03604102
0.03597927
0.03597403
0.03584647
0.03598428
0.05117726
0.03613877
0.03584003
0.03608918
0.03590250
0.03612900
0.05108237
0.03618407
0.03592014
0.03623176
0.03588057
0.03628445
0.05040693
0.03618670
0.03592420
0.03513956
0.03698897
0.03614378
0.05108714
0.03608036
0.03591132
0.03715158
0.03602147
0.03616095
0.05130792
0.03614640
0.03595352
0.03610754
0.03591537
0.03614211
0.05231619
0.03514242
0.03692818
0.03710127
0.03598475
0.03606915
0.05026579
0.03514528
0.03612304
0.03709626
0.03503704
0.03680134
0.05136275
0.03512025
0.03603673
0.03623533
0.03605580
0.03496671
0.05119586
0.03606772
0.03738046
0.03605080
0.03595281
0.03609300
0.05216384
0.03615117
0.03600335
0.03614902
0.03595042
0.03623605
0.05129862
0.03613329
0.03585124
0.03611994
0.03594232
0.03511357
0.05158281
0.03603578
0.03597713
0.03608227
0.03610802
0.03772998
0.05128431
0.03715944
0.03587818
0.03603816
0.03586268
0.03599977
0.05008626
0.03611732
0.03584623
0.03600812
0.03587866
0.03613448
0.05106616
0.03603458
0.03489900
0.03505659
0.03678584
0.03616977
0.05215120
0.03601265
0.03591895
0.03610706
0.03587937
0.03592634
0.05114484
0.03595304
0.03587246
0.03686571
0.03581214
0.03501391
0.05111122
0.03604913
0.03570747
0.03598285
0.03584981
0.03594780
0.05109644
0.03601170
0.03578711
0.03598428
0.03681540
0.03595400
0.05114031
0.03602362
0.03596234
0.03602672
0.03601146
0.03502584
0.05114126
0.03583384
0.03906703
0.03615046
0.03591204
0.03593636
0.05123711
0.03607106
0.03597355
0.03595686
0.03482604
0.03596449
0.05127025
0.03656101
0.03611946
0.03485489
0.03583217
0.03585291
0.05119586
0.03592277
0.03671551
0.03589320
0.03587246
0.03588343
0.05123854
0.03591108
0.03595328
0.03694630
0.03590465
0.03604889
0.05120826
0.03601980
0.03603363
0.03689861
0.03587151
0.03599119
0.05122352
0.03590584
0.03582025
0.03684592
0.03585625
0.03578663
0.05104160
0.03684568
0.03577423
0.03576374
0.03578019
0.03583384
0.05203629
0.03580880
0.03577399
0.03475118
0.03581023
0.03582621
0.05207753
0.03589773
0.03576565
0.03687692
0.03574800
0.03591108
0.05212188
0.03729129
0.03573847
0.03593349
0.03578424
0.03703952
0.05105352
0.03604198
0.03679776
0.03601933
0.03582120
0.03692460
0.05114985
0.03602767
0.03581071
0.03595090
0.03480601
0.03583884
0.05110145
0.03702331
0.03578901
0.03600621
0.03676724
0.03487635
0.05200362
0.03585482
0.03556681
0.03573322
0.03559542
0.03582263
0.05189133
0.03570771
0.03555179
0.03567386
0.03551173
0.03569388
0.05177855
0.03563976
0.03549719
0.03573942
0.03560257
0.03665757
0.05079556
0.03565097
0.03555584
0.03657627
0.03548884
0.03562450
0.04979610
0.03561115
0.03547406
0.03552270
0.03552222
0.03664184
0.05077314
0.03564358
0.03551245
0.03675318
0.03613782
0.03664565
0.05088854
0.03583765
0.03561783
0.03660536
0.03555369
0.03563762
0.05097699
0.03662586
0.03572249
0.03466105
0.03565192
0.03671122
0.05089951
0.03563213
0.03558683
0.03570700
0.03567410
0.03572822
0.05192137
0.03471160
0.03567648
0.03573060
0.03589892
0.03469801
0.05104470
0.03577828
0.03580093
0.03582168
0.03575087
0.03575468
0.05112410
0.03586626
0.03587294
0.03480077
0.03590369
0.03580332
0.05108976
0.03675222
0.03589559
0.03679204
0.03590751
0.03618622
0.05106997
0.03585625
0.03586674
0.03592706
0.03607416
0.03578115
0.05107141
0.03584766
0.03593802
0.03580737
0.03591299
0.03587103
0.05115962
0.03585911
0.03711438
0.03578019
0.03591108
0.03586316
0.05126238
0.03591728
0.03592467
0.03589773
0.03700352
0.03590512
0.05116963
0.03584647
0.03605199
0.03588581
0.03609920
0.03590608
0.05130458
0.03593421
0.03591323
0.03480577
0.03688502
0.03592730
0.05141211
0.03697515
0.03600359
0.03588009
0.03598309
0.03582311
0.05129361
0.03483558
0.03677893
0.03476024
0.03578997
0.03605580
0.05220032
0.03697777
0.03598309
0.03587699
0.03608346
0.03593254
0.05158854
0.03588510
0.03691864
0.03586650
0.03589725
0.03591943
0.05130553
0.03697371
0.03603935
0.03602433
0.03495836
0.03704309
0.05228138
0.03599095
0.03608561
0.03600812
0.03606224
0.03707480
0.05121613
0.03612781
0.03592896
0.03701472
0.03597498
0.03695011
0.05118036
0.03613329
0.03601313
0.03625393
0.03593183
0.03514576
0.05216265
0.03724027
0.03588223
0.03523016
0.03694749
0.03726578
0.05227876
0.03721905
0.03593993
0.03715801
0.03681874
0.03625011
0.05218983
0.03611302
0.03595376
0.03611684
0.03690434
0.03590155
0.05141139
0.03591800
0.03589725
0.03687930
0.03585982
0.03706861
0.05121851
0.03623438
0.03600264
0.03615284
0.03687525
0.03608203
0.05123091
0.03606653
0.03601241
0.03598666
0.03595400
0.03616834
0.05116558
0.03610682
0.03595018
0.03606462
0.03631186
0.03610659
0.05118036
0.03600001
0.03583360
0.03604031
0.03589892
0.03605652
0.05113745
0.03599000
0.03493571
0.03618574
0.03592563
0.03614807
0.05123830
0.03612494
0.03598452
0.03607464
0.03684068
0.03610396
0.05113769
0.03609562
0.03593850
0.03610921
0.03516030
0.03612900
0.05136013
0.03622651
0.03601313
0.03712106
0.03607988
0.03622913
0.05142689
0.03619075
0.03500986
0.03725934
0.03607249
0.03729844
0.05231118
0.03615785
0.03504086
0.03713369
0.03600311
0.03718019
0.05136776
0.03632236
0.03711629
0.03628349
0.03715563
0.03723121
0.05241919
0.03620791
0.03503108
0.05058527
0.03619003
0.03726220
0.05155611
0.03721261
0.03506804
0.03713012
0.03715110
0.03729415
0.05040359
0.03514099
0.03718901
0.03713155
0.03705287
0.03515673
0.05230117
0.03726697
0.03732133
0.03646207
0.03538346
0.03731441
0.05259705
0.03877783
0.03516555
0.03535700
0.03732324
0.03731179
0.05046535
0.03716326
0.03712726
0.03719521
0.03730154
0.03710389
0.05249953
0.03710985
0.03728414
0.03719163
0.03734350
0.03714204
0.05237341
0.03617835
0.03733063
0.03743553
0.03729916
0.03652978
0.05162549
0.03533769
0.03630567
0.03714967
0.03729963
0.03719568
0.05052996
0.03707528
0.03720760
0.03505445
0.03723526
0.03717208
0.05231905
0.03705406
0.03718400
0.03708315
0.03723764
0.03607392
0.05134654
0.03698611
0.03611827
0.03594851
0.03603983
0.03596187
0.05040216
0.03598332
0.03706813
0.03598523
0.03703451
0.03589344
0.05131841
0.03694034
0.03601146
0.03599381
0.03707290
0.03601098
0.05034733
0.03600264
0.03611946
0.03608418
0.03711176
0.03599000
0.05043149
0.03699398
0.03719401
0.03604269
0.03616977
0.03611779
0.05149221
0.03606772
0.03610539
0.03703880
0.03511667
0.03609133
0.05252934
0.03599119
0.03719306
0.03707790
0.03525615
0.03608298
0.05142379
0.03608847
0.03611302
0.03610563
0.03621769
0.03607702
0.05145240
0.03610682
0.03627634
0.03603888
0.03610229
0.03615308
0.05230188
0.03603888
0.03515887
0.03700733
0.03721809
0.03605819
0.05037808
0.03615713
0.03519368
0.03502321
0.03628206
0.03709722
0.05158806
0.03742671
0.03615189
0.03707051
0.03633642
0.03710938
0.05153632
0.03621697
0.03526592
0.03612709
0.03625631
0.03736186
0.05160141
0.03618097
0.03722239
0.03616285
0.03724718
0.03612757
0.05153847
0.03618908
0.03624558
0.03601241
0.03537273
0.03604770
0.05143499
0.03603029
0.03616476
0.03607178
0.03621745
0.03599715
0.05198646
0.03603911
0.03629231
0.03610659
0.03625965
0.03614497
0.05154228
0.03631759
0.03628182
0.04324341
0.03671885
0.04425097
0.05302811
0.03895545
0.03772330
0.03638363
0.03718257
0.03628397
0.05265069
0.03630972
0.03726840
0.03638220
0.03734899
0.03736591
0.05261278
0.03668451
0.03729463
0.03645158
0.03736043
0.03738403
0.05158019
0.03627205
0.03734374
0.03653860
0.03629017
0.03641295
0.05173039
0.03654313
0.03747606
0.03646207
0.03529596
0.03642035
0.05247951
0.03539228
0.03725791
0.03654623
0.03631401
0.03635311
0.05143094
0.03735399
0.03713155
0.03619885
0.03711891
0.03603244
0.05146003
0.03696799
0.03605533
0.03605771
0.03609490
0.03591251
0.05137992
0.03725672
0.03501320
