0.30322480
0.04431272
0.04495955
0.04508424
0.04496026
0.04500818
0.04528165
0.04496431
0.04512787
0.04507279
0.02983165
0.02983165
0.02995133
0.02990699
0.02981091
0.04511786
0.02977300
0.02982569
0.02985573
0.02988005
0.02998257
0.04504108
0.02984095
0.02983332
0.02974916
0.02989960
0.02976274
0.04517722
0.02988482
0.02987671
0.03238821
0.03244925
0.03228879
0.04765368
0.03235102
0.03158927
0.03247809
0.03230596
0.03230381
0.04765606
0.03245759
0.03245425
0.03238773
0.03159714
0.03148389
0.04664826
0.03134680
0.03144813
0.03145838
0.03172994
0.03161836
0.04679918
0.03146601
0.03158450
0.03142238
0.03143978
0.03157687
0.04681993
0.03158545
0.03156543
0.03146791
0.03149986
0.03054261
0.04682899
0.03047085
0.03152013
0.03027153
0.03296113
0.03281450
0.04713678
0.03183961
0.03179526
0.03163767
0.03153968
0.03136516
0.04702878
0.03146935
0.03041530
0.03250813
0.03040171
0.03224015
0.04750562
0.03045964
0.03142548
0.03036165
0.03255010
0.03039336
0.04564309
0.03233576
0.03227973
0.03232694
0.03040290
0.03047872
0.04758167
0.03033662
0.03044081
0.03243375
0.03238487
0.03269649
0.04600453
0.03260851
0.03039312
0.03036571
0.03233981
0.03043580
0.04783964
0.03248930
0.03048682
0.03237200
0.03034687
0.03039098
0.04767060
0.03040600
0.03145885
0.03049779
0.03144026
0.03144574
0.04666615
0.03145599
0.03145289
0.03147674
0.03167105
0.03157163
0.04680729
0.03238964
0.03172970
0.03173733
0.03174806
0.03181243
0.04778194
0.03140140
0.03141856
0.03132105
0.03139257
