0.30447078
0.04505110
0.04594851
0.04585385
0.04588914
0.04588342
0.04598141
0.04595709
0.04589272
0.04585981
0.03046608
0.03058410
0.03048539
0.03059959
0.03044534
0.04587579
0.03050995
0.03049374
0.03055096
0.03048110
0.03048396
0.04593444
0.03055477
0.03047991
0.03049326
0.03044128
0.03059316
0.04591632
0.03046131
0.03048706
0.03310108
0.03292918
0.03304291
0.04846764
0.03354526
0.03303361
0.03305244
0.03302264
0.03307223
0.04848504
0.03300047
0.03295469
0.03316450
0.03309631
0.03340888
0.04854965
0.03305054
0.03199768
0.03302503
0.03302455
0.03309250
0.04852891
0.03317046
0.03311276
0.03309107
0.03312302
0.03315425
0.04852629
0.03301883
0.03207612
0.03309226
0.03214359
0.03105688
0.04757237
0.03120732
0.03316593
0.03216887
0.03316617
0.03207088
0.04769254
0.03327322
0.03332376
0.03330803
0.03312922
0.03312492
0.04845858
0.03204012
0.03285599
0.03455472
0.03298378
0.03299737
0.04830456
0.03288960
0.03285503
0.03434014
0.03302360
0.03308821
0.04634476
0.03099322
0.03321648
0.03408957
0.03295159
0.03301907
0.04860044
0.03313851
0.03313732
0.03320956
0.03314567
0.03309011
0.04839516
