0.30934381
0.04853702
0.04919076
0.04922843
0.04920578
0.04919505
0.04914045
0.04913259
0.04913282
0.04919195
0.03398967
0.03393006
0.03394175
0.03390789
0.03396010
0.04920983
0.03399396
0.03397608
0.03393602
0.03395319
0.03396535
0.04921913
0.03407216
0.03389001
0.03396630
0.03404808
0.03402281
0.04910779
0.03426886
0.03401423
0.03646159
0.03715086
0.03647614
0.05209470
0.03687239
0.03663802
0.03653145
0.03671288
0.03632712
0.05164099
0.03652573
0.03651237
0.03678727
0.03655195
0.03646803
0.05070400
0.03557658
0.03560162
0.03649020
0.03549147
0.03659844
0.05065656
0.03653240
0.03542900
0.03647327
0.03546953
0.03681302
0.05073071
0.03683090
0.03548908
0.03558326
0.03550220
0.03675199
0.05051899
0.03653193
0.03552079
0.03649974
0.03646731
0.03639913
0.05069304
0.03597260
0.03541636
0.03638577
0.03533769
0.03634191
0.04963851
0.03550005
0.03451157
0.03539991
0.03545189
0.03648090
0.04966903
0.05170155
0.03847337
0.03651047
0.03663206
0.03446126
0.05070090
0.03646302
0.03552604
0.03648114
0.03463721
0.03556728
0.04979491
0.03662920
0.03460097
0.03467321
0.03672123
0.03471923
0.04991770
0.03663421
0.03479099
0.03465986
0.03651643
0.03645968
0.05179930
0.03557181
0.03656745
0.03542399
0.03545690
0.03541446
0.05087209
0.03557444
0.03561020
0.03551388
0.03512073
0.03611708
0.05171299
0.03559828
0.03569555
0.03552437
0.03559494
0.03550243
0.05083942
0.03667617
0.03642344
0.03561091
0.03562808
0.03546619
0.05065084
0.03641558
0.03565145
0.03550696
0.03548121
0.03556132
0.05080175
0.03663278
0.03560805
0.03664160
0.03560638
0.03557038
0.05076194
0.03558016
0.03447914
0.03546357
0.03559422
0.03663397
0.05082440
0.03568149
0.03563643
0.03649640
0.03455615
0.03658199
0.04983473
0.03660107
0.03557134
0.03557658
0.03562307
0.03449273
0.05068564
0.03650331
0.03561711
0.03449249
0.03552532
0.03653550
0.05072093
0.03562188
0.03453445
0.03562093
0.03459311
0.03459644
0.05082536
0.03656411
0.03560758
0.03659320
0.03569579
0.03556347
0.05072927
0.03654456
0.03655505
0.03761721
0.03555894
0.03455591
0.05328369
0.03563166
0.03663540
0.03562522
0.03664756
0.03555942
0.05075574
0.03598166
0.03452969
0.03474092
0.03646898
0.03588605
0.04974484
0.03554440
0.03643894
0.03554487
0.03644204
0.03566003
0.05177617
0.03561997
0.03558445
0.03555560
0.03565049
0.03559399
0.05072331
0.03549337
0.03592324
0.03556538
0.03649926
0.03582191
0.05067325
0.03555512
0.03657460
0.03562307
0.03563857
0.03557968
0.04978228
0.03558803
0.03575230
0.03582454
0.03551030
0.03567600
0.05219579
0.03583980
0.03557897
0.03550220
0.03645611
0.03560972
0.05077624
0.03593040
0.03458953
0.03558111
0.03557873
0.03561926
0.04975915
0.03559279
0.03648686
0.03441119
0.03641629
0.03579450
0.05076599
0.03448033
0.03640246
0.03535843
0.03668952
0.03547502
0.05156350
0.03545070
0.03644776
0.03540659
0.03634620
0.03542948
0.05069900
0.03546214
0.03638196
0.03537655
0.03630948
0.03579712
0.05063939
0.03558588
0.03546643
0.03552294
0.03541613
0.03554797
0.05063796
0.03435469
0.03508759
0.03505921
0.03510165
0.03547335
0.05057669
0.03551054
0.03644681
0.03552818
0.03539729
0.03646874
0.05154252
0.03553653
0.03553319
0.03582430
0.03641033
0.03579307
0.04968214
0.03576899
0.03545022
0.03554106
0.03540945
0.03540301
0.05157495
0.03542852
0.03640699
0.03548837
0.03439927
0.03538680
0.05060983
0.03535700
0.03633785
0.03534102
0.03426194
0.03569937
0.05159068
0.03677845
0.03627682
0.03534961
0.03633976
0.03571105
0.05151176
0.03575850
0.03535318
0.03566504
0.03624678
0.03638506
0.05054903
0.03534889
0.03635097
0.03469586
0.03540683
0.03531790
0.05054903
0.03545499
0.03528547
0.03674221
0.03523183
0.03545642
0.05063367
0.03625584
0.03543591
0.03545141
0.03664303
0.03536391
0.05043054
0.03572559
0.03628016
0.03562641
0.03531456
0.03550839
0.05060601
0.03544927
0.03537011
0.03434181
0.03638935
0.03427696
0.05162740
0.03571916
0.03533840
0.03640199
0.03577447
0.03427935
0.05071926
0.03438401
0.03537655
0.03537250
0.03633070
0.03626680
0.05052495
0.03632379
0.03634906
0.03640079
0.03565598
0.03664017
0.05046988
0.03676629
0.03534794
0.03640199
0.03430724
0.03648305
0.05070233
0.03643155
0.03574085
0.03644347
0.03546619
0.03671384
0.05155659
0.03453207
0.03448057
0.03684807
0.03551555
0.03701282
0.05063176
0.03480983
0.03558421
0.03549194
0.03648829
0.03645468
0.05072355
0.03679538
0.03582811
0.03655481
0.03545308
0.03638220
0.05104136
0.03653383
0.03645205
0.03646374
0.03668904
0.03685021
0.05070281
0.03681040
0.03546977
0.03649497
0.03555346
0.03547835
0.05163741
0.03651333
0.03644347
0.03681850
0.03543234
0.03438377
0.05058694
0.03552532
0.03547597
0.03580260
0.03547549
0.03642678
0.05086112
0.03638482
0.03442121
0.03678131
0.03539205
0.03635001
0.05075836
0.03636408
0.03535938
0.03640604
0.03546000
0.03547716
0.05089092
0.03665137
0.03537822
0.03634167
0.03532004
0.03545380
0.05049109
0.03571630
0.03552842
0.03579807
0.03445792
0.03572726
0.05095339
0.03541732
0.03552818
0.03652763
0.03586531
0.03640413
0.05071902
0.03668928
0.03548717
0.03544712
0.03579259
0.03540564
0.05061841
0.03576231
0.03550386
0.03476572
0.03513050
0.03428125
0.04953027
0.03672218
0.03576732
0.03668046
0.03574371
0.03642344
0.05102992
0.03677249
0.03575134
0.03532600
0.03576350
0.03433752
0.05070281
0.03435040
