0.30644774
0.04732108
0.04793668
0.04788065
0.04790092
0.04784727
0.04788804
0.04786110
0.04794216
0.04790092
0.03274918
0.03269100
0.03275442
0.03271604
0.03274035
0.04786587
0.03280449
0.03275657
0.03266692
0.03267479
0.03266096
0.04785991
0.03267765
0.03268552
0.03265238
0.03264689
0.03277254
0.04795337
0.03275275
0.03272891
0.03525591
0.03525972
0.03514719
0.05036402
0.03524303
0.03521681
0.03527689
0.03528547
0.03530145
0.05041337
0.03522515
0.03527689
0.03530288
0.03500962
0.03519797
0.05032110
0.03521562
0.03513551
0.03424001
0.03527093
0.03420925
0.05033326
0.03513217
0.03513813
0.03520465
0.03520775
0.03523874
0.05042648
0.03529906
0.03428483
0.03521180
0.03530264
0.03431726
0.05049419
0.03531599
0.03515840
0.03432107
0.03428650
0.03400779
0.05044007
0.03421807
0.03532338
0.03407264
0.03528190
0.03427577
0.05032539
0.03436589
0.03529310
0.03517127
0.03528070
0.03526831
0.05045986
0.03532672
0.03433466
0.03527832
0.03522682
0.03424358
0.04954839
0.03440881
0.03556919
0.03437328
0.03435040
0.03540254
0.04958057
0.03534460
0.03430200
0.03334355
0.03439140
0.03448033
0.04958463
0.03544021
0.03345609
0.03537607
0.03447175
0.03438091
0.04947853
0.03435636
0.03436971
0.03433704
0.03435159
0.03444028
0.04960442
0.03451395
0.03443313
0.03335357
0.03441143
0.03442407
0.04966283
0.03448820
0.03432870
0.03433061
0.03450155
0.03459406
0.05177140
0.03447127
0.03442955
0.03462791
0.03340197
0.03444910
0.04968476
0.03447723
0.03457546
0.03442812
0.03442335
0.03449202
0.04967809
0.03460026
0.03446555
0.03448725
0.03451347
0.03464222
0.04976892
0.03548503
0.03367615
0.03563094
0.03460383
0.03553247
0.04976535
0.03455710
0.03450060
0.03459787
0.03456736
0.03460455
0.05067372
0.03467321
0.03457332
0.03456068
0.03552032
0.03452468
0.04964757
0.03462601
0.03460574
0.03560472
0.03461719
0.03559804
0.04987884
0.03466153
0.03550124
0.03470135
0.03566790
0.03466630
0.05080605
0.03468823
0.03470230
0.03571558
0.03474188
0.03567481
0.04987502
0.03595686
0.03564072
0.03570771
0.03573680
0.03576565
0.05083466
0.03578258
0.03478265
0.03472042
0.03472614
0.03562355
0.04992032
0.03465128
0.03703189
0.03464222
0.03465247
0.03363514
0.04972935
0.03360677
0.03461432
0.03461194
0.03567839
0.03463554
0.05074048
0.03567553
0.03565645
0.03468370
0.03461742
0.03566766
0.04988599
0.03472829
0.03470278
0.03471947
0.03467703
0.03479099
0.04975581
0.03461218
0.03469801
0.03467178
0.03470540
0.03468776
0.04972100
0.03465939
0.03465199
0.03459859
0.03457594
0.03357029
0.04984736
0.03457665
0.03552938
0.03462982
0.03465629
0.03464532
0.04984570
0.03455567
0.03553891
0.03457808
0.03463387
0.03461814
0.04979348
0.03675365
0.03464031
0.03471851
0.03359580
0.03468704
0.04876924
0.03372073
0.03568363
0.03559852
0.03565550
0.03369117
0.05076361
0.03472328
0.03564191
0.03572321
0.03477311
0.03367496
0.05089903
0.03578186
0.03476620
0.03480601
0.03490162
0.03695107
0.05107713
0.03582811
0.03586078
0.03379822
0.03579760
0.03574419
0.05090833
0.03479576
0.03579688
0.03577185
0.03572536
0.03579855
0.05089569
0.03566742
0.03563619
0.03579211
0.03561664
0.03565550
0.05083227
0.03567433
0.03559732
0.03586507
0.03612900
0.03492689
0.05002141
0.03500319
0.03500152
0.03493166
0.03590393
0.03489876
0.05013990
0.03589034
0.03503275
0.03494382
0.03492522
0.03511238
0.05041027
0.03498530
0.03513694
0.03506756
0.03525782
0.03515577
0.05050755
0.03514671
0.03526735
0.03514647
0.03604722
0.03547215
0.05043364
0.03532553
0.03529000
0.03515267
0.03526211
0.03518343
0.05134726
0.03619146
0.03611517
0.03593063
0.03517056
0.03420830
0.05134058
0.03506255
0.03525257
0.03500676
0.03410482
0.03502250
0.04994917
0.03511953
0.03411818
0.03605652
0.03506947
0.03508401
0.05015564
0.03392839
0.03622031
0.03587437
0.03419161
0.03406882
0.05038118
0.03407550
0.03626752
0.03403544
0.03425217
0.03605914
0.04929304
0.03408074
0.03523874
0.03423786
0.03414559
0.03630328
0.04943442
0.03413177
0.03627539
0.03604770
0.03633308
0.03525472
0.05149198
0.03629637
0.03623199
0.03631568
0.03625989
0.03637838
0.05140257
0.03638721
0.03616071
0.03607297
0.03519368
0.03514838
0.05026531
0.03515029
0.03516483
0.03621411
0.03614068
0.03614402
0.05027676
0.03606939
0.03531289
0.03514218
0.03629589
0.03631973
0.05143356
0.03541684
0.03529549
0.03533053
0.03403735
0.03595686
0.04940915
0.03404593
0.03602409
0.03624225
0.03525186
0.03515863
0.05141211
0.03623509
0.03633642
0.03394222
0.03627276
0.03608227
0.05118060
