0.29856825
0.04505658
0.04606867
0.04584265
0.04566526
0.04590845
0.04580808
0.04560709
0.04577827
0.04575610
0.03068018
0.03077650
0.03073835
0.03058910
0.03075027
0.04557896
0.03071260
0.03076053
0.03052640
0.03082228
0.03070116
0.04571366
0.03076363
0.03068995
0.03070807
0.03061533
0.03077340
0.04586458
0.03066278
0.03081727
0.03335500
0.03330970
0.03329611
0.04832911
0.03336072
0.03234768
0.03345227
0.03328276
0.03328443
0.04850197
0.03348327
0.03241706
0.03329039
0.03335977
0.03333759
0.04824901
0.03328729
0.03244209
0.03340101
0.03229260
0.03241682
0.04824162
0.03321481
0.03229761
0.03329444
0.03338838
0.03331423
0.04825020
0.03325462
0.03234816
0.03323007
0.03342295
0.03337741
0.04831171
0.03332639
0.03230453
0.03328967
0.03330493
0.03347158
0.04736137
0.03241348
0.03241181
0.03234744
0.03232956
0.03333044
0.04747248
0.03347135
0.03281832
0.03234744
0.03226686
0.03332734
0.04733801
0.03338408
0.03248358
0.03236580
0.03235030
0.03237796
0.04824734
0.03232861
0.03241587
0.03240776
0.03232741
0.03236556
0.04831529
0.03237724
0.03231406
0.03250575
0.03251529
0.03327656
0.04641461
0.03360772
0.03137851
0.03230357
0.03235126
0.03349233
0.04719639
0.03123188
0.03326178
0.03231573
0.03239441
0.03318357
0.04836345
0.03230333
0.03343725
0.03248024
0.03233767
0.03321719
0.04737139
0.03237915
0.03291011
0.03149009
0.03316689
0.03243017
0.04873204
0.03163195
0.03245521
0.03230357
0.03238845
0.03233123
0.04840279
0.03230524
0.03142643
0.03251338
0.03239512
0.03324151
0.04721713
0.03232622
0.03240967
0.03225660
0.03267217
0.03335214
0.04738927
0.03334379
0.03247333
0.03225780
0.03238750
0.03253031
0.04740429
0.03337264
0.03230643
0.03241682
0.03233981
0.03354239
0.04847670
0.03361917
0.03346229
0.03234053
0.03330898
0.03344989
0.04841709
