0.30932808
0.04786348
0.04867697
0.04865527
0.04856825
0.04861879
0.04862046
0.04857326
0.04861665
0.04838181
0.03318787
0.03313065
0.03310156
0.03310919
0.03313112
0.04835606
0.03312325
0.03318405
0.03315568
0.03316164
0.03313637
0.04871941
0.03321719
0.03303957
0.03316569
0.03299332
0.03308773
0.04835320
0.03310513
0.03308797
0.03567219
0.03559542
0.03567600
0.05092335
0.03564906
0.03562689
0.03561902
0.03574276
0.03561211
0.05071497
0.03566790
0.03552961
0.03540325
0.03445339
0.03544974
0.04981709
0.03478527
0.03455496
0.03470373
0.03468251
0.03577614
0.04987836
0.03458023
0.03560615
0.03565764
0.03569484
0.03556514
0.05090785
0.03563905
0.03558564
0.03464937
0.03465009
0.03462386
0.04902124
0.03471184
0.03471899
0.03536439
0.03375435
0.03569913
0.05097914
0.03571415
0.03562164
0.03564763
0.03564453
0.03566742
0.05092502
0.03579068
0.03568077
0.03579903
0.03565311
0.03574872
0.05112720
0.03389549
0.03410411
0.03636122
0.03420520
0.03519797
0.05049586
0.03617597
0.03599930
0.03619933
0.03496027
0.03509092
0.05115938
0.03503084
0.03487754
0.03594899
0.03491330
0.03595853
0.05023313
0.03385043
0.03578615
0.03584433
0.03572798
0.03571510
0.05108953
0.03566074
0.03566790
0.03570747
0.03563404
0.03474116
0.04993916
0.03474784
0.03487229
0.03477597
0.03485751
0.03581500
0.05110073
0.03638196
0.03378367
0.03477120
0.03377080
0.03376484
0.05115628
0.03497910
0.03484726
0.03590536
0.03580046
0.03499389
0.05117965
0.03603554
0.03594971
0.03593588
0.03590107
0.03586102
0.05003428
0.03591156
0.03603458
0.03607631
0.03412151
0.03388190
0.05009198
0.03493428
0.03484821
0.03504181
0.03483582
0.03485394
0.04903579
0.03377271
0.03374004
0.03380227
0.03379345
0.03584790
0.05096936
0.03579712
0.03485155
0.03384733
0.03357625
0.03564143
0.05091286
0.03478074
0.03564358
0.03566623
0.03569150
0.03564095
0.05095434
0.03455949
0.03445625
0.03554034
0.03561497
0.03578377
0.04892778
0.03473282
0.03373289
0.03475666
0.03369331
0.03363752
0.05106163
0.03371382
0.03377509
0.03566885
0.03473091
0.03494573
0.05004859
0.03579307
0.03569007
0.03575754
0.03476214
0.03472495
0.05097055
0.03576827
0.03568554
0.03474307
0.03573227
0.03576922
0.05006385
0.03578568
0.03475690
0.03472686
0.03482676
0.03447485
0.05101275
0.03566861
0.05141568
0.04001999
0.03828669
0.03488350
0.05012798
0.03383756
0.03598070
0.03394008
0.03383279
0.03590941
0.05106759
0.03576994
0.03578210
0.03567672
0.03463030
0.03453493
0.04982805
0.03475833
0.03558373
0.03476691
0.03583050
0.03585911
0.05111122
0.03578544
0.03483415
0.03484368
0.03478909
0.03380775
0.04912782
0.03576541
0.03374147
0.03562164
0.03558850
0.03450751
0.04967475
0.03454280
0.03553033
0.03554130
0.03572989
0.03569841
0.04993629
0.03384757
0.03572178
0.03477955
0.03478336
0.03476691
0.05111957
0.03471613
0.03379631
0.03366160
0.03564548
0.03464413
0.04968214
0.03460050
0.03348398
0.03354430
0.03459477
0.03463888
0.04994631
0.03363824
0.03561807
0.03576732
0.03469419
0.03562164
0.05101824
0.03578877
0.03572726
0.03567767
0.03470898
0.03489351
0.05010343
0.03584504
0.03569603
0.03575993
0.03366852
0.03470159
0.04901934
0.03468037
0.03367782
0.03377104
0.03570938
0.03375220
0.05122137
0.03576970
0.03576732
0.03580284
0.03576207
0.03475618
0.05106378
0.03486204
0.03485584
0.03491116
0.03385258
0.03497505
0.04908729
0.03578568
0.03474331
0.03377604
0.03374243
0.03580117
0.04900718
0.03367901
0.03364301
0.03561568
0.03468394
0.03580260
0.05009604
0.03491998
0.03378534
0.03375554
0.03580666
0.03583837
0.05004930
0.03487635
0.03588343
0.03587699
0.03588223
0.03593302
0.05134892
0.03501153
0.03599620
0.03604198
0.03594923
0.03592610
0.05031872
0.03394151
0.03591681
0.03597045
0.03582883
0.03587437
0.05021381
0.03607011
0.03586578
0.03584909
0.03489709
0.03584695
0.04898500
0.03565240
0.03561687
0.03598595
0.03577971
0.03584409
0.05114126
0.03594685
0.03586793
0.03588891
0.03581572
0.03598237
0.04911065
0.03388739
0.03585815
0.03377366
0.03562665
0.03457022
0.05088663
0.03378487
0.03481889
0.03477907
0.03487229
0.03488684
0.05103993
0.03578973
