0.29828215
0.04457211
0.04521608
0.04552436
0.04544115
0.04744697
0.04653192
0.04591346
0.04650092
0.04633689
0.03051615
0.03040123
0.03042579
0.03039050
0.03032088
0.04515219
0.03012228
0.03013277
0.03025007
0.03013444
0.03017855
0.04520845
0.03036165
0.03023481
0.03012562
0.03006005
0.03030324
0.04516864
0.03021646
0.03026056
0.03294468
0.03274179
0.03286862
0.04777575
0.03287125
0.03291440
0.03285694
0.03278160
0.03282070
0.04787827
0.03272486
0.03268027
0.03174067
0.03279328
0.03186321
0.04789877
0.03289104
0.03296566
0.03175783
0.03179669
0.03283930
0.04789472
0.03191233
0.03286743
0.03195333
0.03187013
0.03194213
0.04802299
0.03328419
0.03292346
0.03301787
0.03216052
0.03209066
0.04772711
0.03218865
0.03292704
0.03326869
0.03217745
0.03303599
0.04793262
0.03282785
0.03291368
0.03286767
0.03284073
0.03283072
0.04697871
0.03293014
0.03189492
0.03198600
0.03206801
0.03285623
0.04605246
0.03306007
0.03205776
0.03204346
0.03193521
0.03307819
0.04830551
0.03313637
0.03302169
0.03285360
0.03282642
0.03197193
0.04589963
0.03186131
0.03200126
0.03196120
0.03181577
0.03202677
0.04795766
0.03200793
0.03194141
0.03180003
0.03277898
0.03184295
0.04690266
0.03176665
0.03199434
0.03278708
0.03187704
0.03175592
0.04789066
0.03277183
0.03174663
0.03276539
0.03271651
0.03169465
0.04677629
0.03179431
0.03202176
0.03181696
0.03279853
0.03076434
0.04668689
0.03172565
0.03176308
0.03270936
0.03177714
0.03274417
0.04668522
0.03271174
0.03074718
0.03280830
0.03172731
0.03270912
0.04589057
0.03281260
0.03269887
0.03169107
0.03186488
0.03177881
0.04682922
0.03268504
0.03182125
0.03270936
0.03308725
0.03288412
0.04696059
0.03198290
0.03185439
0.03184748
0.03183365
0.03090620
0.04711580
0.03277707
0.03277254
0.03291249
0.03198624
0.03284121
0.04775572
0.03186440
0.03172469
0.03191471
0.03169584
0.03278279
0.04689479
0.03180289
0.03274488
0.03192878
0.03174639
0.03173494
0.04684281
0.03277469
0.03279138
0.03185463
0.03092837
0.03272271
0.04785109
0.03071046
0.03168273
0.03164864
0.03167105
0.03278732
0.04788518
0.03180671
0.03290415
0.03274679
0.03267336
0.03271413
0.04790640
0.03180003
0.03184271
0.03280854
0.03177595
0.03174424
0.04697084
0.03196120
0.03183436
0.03087258
0.03079319
0.03101182
0.04784942
0.03195095
0.03278399
0.03180361
0.03277659
0.03180981
0.04701829
0.03279781
0.03087401
0.03280401
0.03084230
0.03184414
0.04687238
0.03207731
0.03193092
0.03188396
0.03194046
0.03295875
0.04689527
0.03287077
0.03099275
0.03279591
0.03292584
0.03191376
0.04722476
0.03292489
0.03253698
0.03206754
0.03204083
0.03196621
0.04715300
0.03213644
0.03212070
0.03203559
0.03099442
0.03354764
0.04806590
0.03305483
0.03104615
0.03205204
0.03197813
0.03203368
0.04608488
0.03107595
0.03303146
0.03206873
0.03197598
0.03293872
0.04803491
0.03307509
0.03294325
0.03095889
0.03347588
0.03101802
0.04607368
0.03302336
0.03120685
0.03200316
0.03305793
0.03206110
0.04797888
0.03303337
0.03204370
0.03202295
0.03280830
0.03191257
0.04701400
0.03190637
0.03202653
0.03198624
