0.30557179
0.04878187
0.04933500
0.04941273
0.04931760
0.04956961
0.04947233
0.04962969
0.04918480
0.04935598
0.03432202
0.03418422
0.03449035
0.03421068
0.03412366
0.04949808
0.03403354
0.03424716
0.03427196
0.03425360
0.03427148
0.04954720
0.03438830
0.03438449
0.03429055
0.03421617
0.03420305
0.04946136
0.03428555
0.03410459
0.03695893
0.03685617
0.03713298
0.05209255
0.03686857
0.03685093
0.03676486
0.03676009
0.03705478
0.05234170
0.03689981
0.03704429
0.03707838
0.03693390
0.03701305
0.05245972
0.03703952
0.03710699
0.03709102
0.03693318
0.03706646
0.05234480
0.03697395
0.03688979
0.03694415
0.03698468
0.03708172
0.05223894
0.03708911
0.03599119
0.03714752
0.03707004
0.03691626
0.05205250
0.03698897
0.03688288
0.03706837
0.03595066
0.03715754
0.05120873
0.03605127
0.03609014
0.03611803
0.03703213
0.03594446
0.05118394
0.03618217
0.03596711
0.03625441
0.03698969
0.03620481
0.05131435
0.03615451
0.03604388
0.03610539
0.03597450
0.03609395
0.05126452
0.03608155
0.03604174
0.03611922
0.03606153
0.03603840
0.05131888
0.03614497
0.03606892
0.03502989
0.03601074
0.03512383
0.05238295
0.03709054
0.03707385
0.03515410
0.03509712
0.03702021
0.05020189
0.03507185
0.03717470
0.03507829
0.03714633
0.03512859
0.05025005
0.03709650
0.03500199
0.03496552
0.03608370
0.03513813
0.05018568
0.03712416
0.03500462
0.03711843
0.03499031
0.03498268
0.05224562
