0.30657053
0.04718900
0.04811692
0.04826593
0.04851103
0.04830194
0.04801178
0.04805970
0.04825425
0.04824901
0.03504372
0.03287697
0.03314114
0.03332758
0.03316212
0.04819250
0.03292751
0.03289676
0.03290963
0.03313208
0.03290939
0.04805136
0.03281736
0.03280425
0.03289938
0.03291464
0.03286457
0.04792809
0.03272581
0.03285027
0.03534555
0.03530407
0.03535271
0.05037832
0.03536129
0.03526902
0.03538036
0.03535271
0.03526306
0.05044055
0.03546119
0.03552413
0.03528762
0.03541160
0.03571510
0.05051398
0.03552032
0.03542447
0.03528738
0.03531003
0.03542590
0.05026269
0.03455520
0.03448129
0.03434253
0.03543401
0.03433275
0.04951286
0.03425360
0.03533649
0.03546834
0.03534508
0.03527975
0.05023170
0.03538990
0.03539443
0.03527689
0.03539515
0.03427243
0.05037785
0.03421903
0.03439522
0.03435326
0.03439832
0.03461409
0.04926896
0.03444028
0.03438640
0.03438020
0.03444767
0.03417492
0.04948735
0.03425527
0.03435874
0.03453898
0.03313804
0.03431916
0.05019355
0.03432608
0.03434587
0.03514695
0.03532577
0.03415704
0.04951119
0.03439403
0.03425407
0.03535914
0.03322959
0.03435707
0.04833055
0.03433967
0.03440142
0.03317976
0.03532577
0.03527641
0.05022931
0.03533912
0.03527904
0.03508639
0.03531814
0.03334522
0.04825115
0.03525972
0.03344870
0.03535366
0.03531075
0.03538370
0.04936028
0.03441215
0.03428459
0.03445935
0.03452849
0.03428602
0.04951000
0.03437328
0.03415537
0.03337669
0.03322220
0.03510809
0.04839706
0.03338194
0.03435993
0.03548217
0.03432059
0.03426766
0.04922628
0.03438330
0.03419089
0.03423357
0.03420925
0.03449845
0.04948997
0.03454280
0.03527522
0.03421283
0.03441906
0.03512049
0.04960012
0.03439188
0.03534484
0.03438282
0.03438544
0.03426170
0.04937315
0.03435397
0.03442764
0.03429222
0.03435802
0.03428888
0.04945207
0.03457308
0.03454208
0.03428698
0.03444314
0.03439951
0.04987383
0.03435493
0.03430653
0.03418326
0.03432512
0.03424811
0.05031180
0.03418040
0.03433657
0.03419709
0.03339314
0.03331470
0.05026364
0.03357720
0.03326583
0.03320980
0.03329015
0.03333950
0.04934144
0.03527665
0.03513312
0.03354025
0.03516126
0.03527784
0.05043244
0.03532386
0.03511024
0.03531456
0.03545666
0.03317380
0.04824901
0.03321052
0.03325915
0.03522372
0.03424549
0.03544044
0.04840970
0.03440619
0.03425574
0.03430605
0.03439069
0.03446698
0.04963923
0.03573084
0.03450847
0.03443909
0.03455472
0.03448796
0.05030918
0.03434491
0.03428364
0.03427505
0.03457975
0.03427839
0.04965258
0.03336287
0.03529167
0.03440428
0.03429890
0.03448272
0.04942727
0.03435588
0.03436494
0.03447485
0.03461099
0.03441858
0.05026555
0.03536582
0.03532505
0.03556418
0.03536248
0.03536057
0.05060339
0.03535938
0.03541446
0.03546858
0.03529739
0.03334284
0.05037451
0.03534985
0.03549290
0.03441119
0.03440356
0.03449368
0.04948497
0.03534985
0.03432822
0.03463125
0.03552365
0.03365064
0.04840326
0.03553319
0.03357100
0.03343177
0.03458309
0.03362989
0.04877400
0.03538775
0.03357911
0.03344846
0.03586030
0.03552723
0.04849100
0.03541374
0.03540492
0.03555107
0.03472137
0.03492904
0.04992294
0.03457594
0.03452635
0.03456473
0.03440762
0.03450465
0.04950237
0.03460741
0.03459716
0.03439140
0.03439474
0.03468966
0.05098295
0.03479600
0.03467655
0.03456926
0.03475237
0.03549480
0.04972196
0.03465128
0.03456616
0.03457379
0.03475404
0.03537536
0.04941368
0.03462982
0.03442478
0.03337026
0.03443503
0.03337359
0.04849935
0.03564930
0.03340578
0.03561306
0.03355122
0.03350449
0.05049729
0.03345871
0.03561950
0.03548694
0.03369856
0.03567290
0.05115223
0.03555441
0.03530622
0.03550649
0.03427744
0.03427005
0.04948545
0.03429151
0.03433442
0.03448725
0.03435063
0.03438091
0.04951358
0.03437448
0.03425670
0.03438687
0.03340244
0.03327250
0.04854345
0.03341079
0.03352714
0.03436518
0.03563333
0.03539562
0.05056429
0.03557944
0.03444338
0.03473067
0.03543258
0.03567886
0.05050898
0.03547978
0.03544092
0.03352809
0.03537321
0.03551745
0.05072284
0.03362298
0.03544307
0.03543878
0.03567934
0.03453588
0.05086756
0.03573871
0.03565121
0.03551650
0.03463411
0.03470397
0.04957342
0.03442073
0.03458428
0.03439164
0.03452182
0.03445840
0.04952312
0.03455567
0.03545046
0.03440714
0.03446698
0.03445506
0.04944372
0.03450418
0.03427649
0.03329206
0.03348660
0.03431392
0.04831791
0.03330207
0.03441811
0.03524327
0.03460097
0.03546381
0.04945064
0.03443170
0.03424668
0.03442383
0.03345752
0.03442383
0.05029559
0.03541541
0.03523779
0.03409052
0.03455281
0.03548503
0.05058837
0.03534007
0.03456450
0.03426313
0.03553796
0.03536701
0.04964232
0.03449035
0.03541279
0.03537822
0.03343320
0.03525805
0.05036211
0.03445435
0.03526711
0.03326368
0.03531861
0.03349757
0.04846430
0.03467965
0.03332186
0.03333282
0.03350401
0.03433013
0.04947758
0.03451133
0.03533435
0.03337908
0.03537631
0.03454375
0.05044723
0.03535175
0.03437543
0.03519249
0.03438020
0.03530645
0.04942107
0.03454447
0.03438878
0.03547239
0.03447843
0.03437662
0.05086970
0.03457904
0.03440809
0.03459024
0.03442168
0.03552628
0.04939270
0.03455210
0.03462172
0.03445745
0.03472781
0.03457260
0.05046320
0.03443027
0.03453016
0.03460193
0.03445911
0.03444958
0.04941010
0.03339958
0.03330326
0.03540063
0.03536081
0.03553677
0.04834080
0.03522301
0.03365993
0.03436899
0.03359580
0.03437591
0.04971695
0.03443670
0.03436518
0.03435206
0.03436995
0.03345823
0.05035925
0.03365421
0.03338385
0.03328133
0.03460097
0.03466463
0.04925227
0.03335881
0.03330207
0.03343415
0.03337216
0.03520799
0.05037785
0.03336310
0.03335762
0.03548431
0.03524399
0.03553939
0.04943013
0.03431845
0.03553939
0.03531313
0.03526068
0.03515577
0.05030560
0.03524876
0.03336978
0.03523517
0.03512454
0.03536081
0.05030704
0.03532958
0.03431964
0.03532410
0.03438377
0.03431773
0.05040908
0.03319931
0.03538561
0.03429508
0.03421617
0.03529787
0.04947281
0.03436470
0.03444648
0.03517437
0.03450584
0.03528714
0.04948735
0.03435564
0.03430319
0.03548455
0.03438234
0.03545070
0.04933953
0.03330469
0.03446746
0.03340530
0.03326559
0.03350091
0.05037332
0.03332734
0.03530788
0.03429985
0.03538990
0.03442979
0.04961276
0.03449202
0.03428960
0.03421021
0.03526759
0.03335714
0.04941273
0.03442955
0.03431010
0.03433704
0.03444529
0.03421807
0.04941940
0.03428483
0.03443885
0.03430033
0.03319097
0.03416204
0.04931331
0.03441072
0.03540015
0.03434229
0.03423452
0.03430820
0.05028701
0.03330493
