0.30505490
0.04560137
0.04681969
0.04679990
0.04662442
0.04659033
0.04669976
0.04670525
0.04676557
0.04671407
0.03114724
0.03120422
0.03135657
0.03137994
0.03146076
0.04646063
0.03135514
0.03132772
0.03141713
0.03130674
0.03125644
0.04648209
0.03145123
0.03144741
0.03151369
0.03146744
0.03155279
0.04677916
0.03146100
0.03135300
0.03380632
0.03407502
0.03400326
0.04916477
0.03401303
0.03406453
0.03387547
0.03287554
0.03403091
0.04826665
0.03413391
0.03389454
0.03396726
0.03396344
0.03416920
0.04936600
0.03404450
0.03308511
0.03406167
0.03306818
0.03300214
0.04830909
0.03406000
0.03302097
0.03401971
0.03405952
0.03308892
0.04932284
0.03311729
0.03315377
0.03310990
0.03310180
0.03311706
0.04833841
0.03310156
0.03308272
0.03410649
0.03300858
0.03307676
0.04716921
0.03532529
0.03295183
0.03303146
0.03304505
0.03302956
0.04825068
0.03392863
0.03301263
0.03396416
0.03303218
0.03403187
0.04842591
0.03311419
0.03306556
0.03204727
0.03407407
0.03306842
0.04828525
0.03382707
0.03399301
0.03301263
0.03293347
0.03399301
0.04930282
0.03300214
0.03296185
0.03290153
0.03306913
0.03296041
0.04829192
0.03402352
0.03301072
0.03404665
0.03312898
0.03307152
0.04822874
0.03307796
0.03406167
0.03306460
0.03298903
0.03296113
0.04816365
0.03399992
0.03295684
0.03295040
0.03299665
0.03396511
0.04828954
0.03295732
0.03302503
0.03294730
0.03297567
0.03291893
0.04823947
0.03297949
0.03297257
0.03393197
0.03296304
0.03299356
0.04840350
0.03302026
0.03319645
0.03300476
0.03289962
0.03301954
0.04826617
0.03297234
0.03306437
0.03396845
0.03293085
0.03290319
0.04918456
0.03287649
0.03295970
0.03301787
0.03327894
0.03297353
0.04827952
0.03401542
0.03303862
0.03299761
0.03301406
0.03306270
0.04731035
0.03300405
0.03298783
0.03288150
0.03293467
0.03292537
0.04813838
0.03185940
0.03300285
0.03288674
0.03391910
0.03181911
0.04816556
0.03292465
0.03298545
0.03297424
0.03294301
0.03293109
0.04723310
0.03291440
0.03391957
0.03291249
0.03293586
0.03197718
0.04826999
0.03300309
0.03390551
0.03296876
0.03298497
0.03297591
0.04833627
0.03195906
0.03304529
0.03301978
0.03297114
0.03396535
0.04833126
0.03304601
0.03299809
0.03400922
0.03294277
0.03298831
0.04822230
0.03394198
0.03304791
0.03304958
0.03302503
0.03457046
0.04969835
0.03311563
0.03302598
0.03410888
0.03311563
0.03308082
0.04833198
0.03319001
0.03301215
0.03405666
0.03297114
0.03301620
0.04827404
0.03298235
0.03401947
0.03300929
0.03389931
0.03290725
0.04822183
0.03188992
0.03197551
0.03293705
0.03294730
0.03296208
0.04820132
0.03289986
0.03300428
0.03402901
0.03293037
0.03295159
0.04713249
0.03297424
0.03196192
0.03305078
0.03300071
0.03400016
0.04843402
0.03304887
0.03407860
0.03298569
0.03299642
0.03397393
0.04832745
0.03195691
0.03297830
0.03187823
0.03305674
0.03292775
0.04727578
0.03306460
0.03303504
0.03300452
0.03291726
0.03303146
0.04929852
0.03299570
0.03296447
0.03298163
0.03397942
0.03299451
0.04932070
0.03306079
0.03306580
0.03294659
0.03300261
0.03297806
0.04819775
0.03402162
0.03300643
0.03310061
0.03302383
0.03307271
0.04826570
0.03299665
0.03294444
0.03293157
0.03306723
0.03297210
0.04924273
0.03305268
0.03193498
0.03296947
0.03299093
0.03294373
0.04814816
0.03193545
0.03198862
0.03397131
0.03298593
0.03300834
0.04725885
0.03303647
0.03293014
0.03299141
0.03293753
0.03299904
0.04913998
0.03294325
0.03290343
0.03287244
0.03295803
0.03294015
0.04826307
0.03210831
0.03297043
0.03303075
0.03295612
0.03297305
0.04816341
0.03381276
0.03282380
0.03345180
0.03283215
0.03385901
0.04818010
0.03291607
0.03295565
0.03289819
0.03290153
0.03293085
0.04908609
0.03286576
0.03291702
0.03286171
0.03289175
0.03289962
0.04919481
0.03297639
0.03306890
0.03296185
0.03393674
0.03307605
0.04815078
0.03290939
0.03297687
0.03289700
0.03290462
0.03392172
0.04809141
0.03296018
0.03388667
0.03289533
0.03299284
0.03298140
0.04826307
0.03411961
0.04571509
0.03602147
0.03318477
0.03414941
0.04834723
0.03313446
0.03207135
0.03310108
0.03406835
0.03303599
0.04830337
0.03307581
0.03307962
0.03395867
0.03294253
0.03304887
0.04834938
0.03324819
0.03409982
0.03304386
0.03309846
0.03307414
0.04831553
0.03303814
0.03305721
0.03302717
0.03285241
0.03295684
0.04828000
0.03398681
0.03301787
0.03191996
0.03307128
0.03433013
0.04926801
0.03301907
0.03305197
0.03196597
0.03305793
0.03301811
0.04728746
0.03298903
0.03291893
0.03294683
0.03302479
0.03301144
0.04918861
0.03301716
0.03301597
0.03293276
0.03307009
0.03303051
0.04908562
0.03302073
0.03295922
0.03229499
0.03189540
0.03401160
0.04834747
0.03301191
0.03296757
0.03290009
0.03389883
0.03293943
0.04817247
0.03288269
0.03300047
0.03308964
0.03268838
0.03295875
0.04794669
0.03301239
0.03300977
0.03300500
0.03295016
0.03191876
0.04713845
0.03396273
0.03189898
0.03296447
0.03193831
0.03301144
0.04736447
0.03397059
0.03301454
0.03303695
0.03396273
0.03312325
0.04841590
0.03403735
0.03306127
0.03191137
0.03304076
0.03295684
0.04822421
0.03313518
0.03408599
0.03375173
0.03299594
0.03403258
0.04823399
0.03292274
0.03399229
0.03305769
0.03304839
0.03307128
0.04821444
0.03199959
0.03303671
0.03305364
0.03300023
0.03299093
0.04936123
0.03308392
0.03315139
0.03301883
0.03300643
0.03386545
0.04826593
0.03196073
0.03301001
0.03301620
0.03303981
0.03302121
0.04823947
0.03222418
0.03298640
0.03296876
0.03300261
0.03296304
0.04819703
0.03312325
0.03397775
0.03302503
0.03291941
0.03192425
0.04827809
0.03201461
0.03306341
0.03291225
0.03402042
0.03301096
0.04828596
0.03295970
0.03304720
0.03294206
0.03458333
0.03293061
0.04834557
0.03401136
0.03301668
0.03296232
0.03302145
0.03297806
0.04824901
0.03303218
0.03297925
0.03304577
0.03314948
0.03313303
0.04839373
0.03299356
0.03401637
0.03300428
0.03294826
0.03299999
0.04716539
0.03298998
0.03192759
0.03308058
0.03403687
0.03203440
0.04827738
0.03304815
0.03316188
0.03413343
0.03303647
0.03304315
0.04835105
0.03305316
0.03299308
0.03394341
0.03310132
0.03296709
0.04832649
0.03399420
0.03288579
0.03188276
0.03288245
0.03290939
0.04713011
0.03296709
0.03290796
0.03392529
0.03186202
0.03469992
0.04933953
0.03400898
0.03305554
0.03297544
0.03298163
0.03300071
0.04838276
0.03413463
0.03302741
0.03298807
0.03395200
0.03395915
0.04917121
0.03392220
0.03391242
0.03399825
0.03392100
0.03400826
0.04925394
0.03403521
0.03403878
0.03404474
0.03434968
0.03404117
0.04945278
0.03407001
0.03401828
0.03309536
0.03301835
0.03302312
0.04917288
0.03410816
0.03309417
0.03414774
0.03303552
0.03401065
0.04826760
0.03307438
0.03398514
0.03297520
0.03300238
0.03380299
0.04827356
0.03301001
0.03298998
0.03293276
0.03293705
0.03388071
0.04830360
0.03303957
0.03301978
0.03298402
0.03303123
0.03291512
