0.01550579
0.01105428
0.01113129
0.01108074
0.01100779
0.01097059
0.01098895
0.01097083
0.01097846
0.01102209
0.01092148
0.01097965
0.01100135
0.01088953
0.01092100
0.01100039
0.01094389
0.01101160
0.01097989
0.01093841
0.01089311
0.01092863
0.01095295
0.01090217
0.01098657
0.01094341
0.01099515
0.01091528
0.01092219
0.01094055
0.01107168
0.01096654
0.01098442
0.01098275
0.01093793
0.01096010
0.01093006
0.01092315
0.01099920
0.01109457
0.01089478
0.01101398
0.01092291
0.01109123
0.01097870
0.01101351
0.01093054
0.01097631
0.01101494
0.01121235
0.01849008
0.01131797
0.01101208
0.01130390
0.01093268
0.01097107
0.01094747
0.01101398
0.01094079
0.01099086
0.01091886
0.01103163
0.01097846
0.01095748
0.01090002
0.01099348
0.01098466
0.01097298
0.01088357
0.01099777
0.01099062
0.01096821
0.01092601
0.01097918
0.01090288
0.01104546
0.01093197
0.01097345
0.01091599
0.01098704
0.01093721
0.01097202
0.01092529
0.01098180
0.01097345
0.01100135
0.01090789
0.01093268
0.01098847
0.01097274
0.01089883
0.01099205
0.01091766
0.01109791
0.01096678
0.01094389
0.01098204
0.01092458
0.01099825
0.01098466
0.01095080
0.01268148
0.01147246
0.01113343
0.01183653
0.01132822
0.01101494
0.01198888
0.01129365
0.01097202
0.01100326
0.01099443
0.01097345
0.01098967
0.01095414
0.01099038
0.01137209
0.01107001
0.01096869
0.01098967
0.01096082
0.01098919
0.01099658
0.01099348
0.01107979
0.01100397
0.01103234
0.01093078
0.01249862
0.01110291
0.01092625
0.01102233
0.01253557
0.01107812
0.01101255
0.01100278
0.01102877
0.01209521
0.01101518
0.01102304
0.01092649
0.01101232
0.01260662
0.01106358
0.01103115
0.01102209
0.01109409
0.01101756
0.01099157
0.01105499
0.01100278
0.01109552
0.01096487
0.01103210
0.01099348
0.01106143
0.01101112
0.01093411
0.01092911
0.01097083
0.01101089
0.01182771
0.02140880
0.01824331
0.01218677
0.01860142
0.01987195
0.01548982
0.01098490
0.01096082
0.01213455
0.01518774
0.02073741
0.01246977
0.01749039
0.01641870
0.02921057
0.01640081
0.01205683
0.02174664
0.01672673
0.01808119
0.01139736
0.01136756
0.01255751
0.01648569
0.01509190
0.01262188
0.01255441
0.01254916
0.01147032
0.01119924
0.01111293
0.01229668
0.01233101
0.01262689
0.01226950
0.01178718
0.01135564
0.01125312
0.01097441
0.01103997
0.01194119
0.01972365
0.01699972
0.01132202
0.01129103
0.01134181
0.01121116
0.01098514
0.01102161
0.01096463
0.01092958
0.01096749
0.01098323
0.01095939
0.01092172
0.01093197
0.01095438
0.01095510
0.01094580
0.01099324
0.01095247
0.01105571
0.01098466
0.01094103
0.01097775
0.01093531
0.01095557
0.01098371
0.01096320
0.01093006
0.01099443
0.01110601
0.01098013
0.01098514
0.01097131
0.01097965
0.01101184
0.01100945
0.01115227
0.01198435
0.01216316
0.01219201
0.01318169
0.01189137
0.01314378
0.01441312
0.01131129
0.01117158
0.01114845
0.01124930
0.01113558
0.01096964
0.01094127
0.01102138
0.01096344
0.01095915
0.01097107
0.01115608
0.01121020
0.01117730
0.01096201
0.01111531
0.01099920
0.01108122
0.01095819
0.01110649
0.01149297
0.01160979
0.01135921
0.01100469
0.01094961
0.01115918
0.01155543
0.01734519
0.01300120
0.01157832
0.01124310
0.01624107
0.01965618
0.01124215
0.01100063
0.01114058
0.01113868
0.01126194
0.01113772
0.01099229
0.01097894
0.01099706
0.01100564
0.01098776
0.01092410
0.01117802
0.01119494
0.01117086
0.01093435
0.01116443
0.01245356
0.01635671
0.01113653
0.01104641
0.01128340
0.01149392
0.01209569
0.01707649
0.01138496
0.02233481
0.01330352
0.01207542
0.01126266
0.01096034
0.01107764
0.01115966
0.01293039
0.01095676
0.01090741
0.01096368
0.01095629
0.01092362
0.01093793
0.01092243
0.01109695
0.01112080
0.01094413
0.01095319
0.01092005
0.01093102
0.01090646
0.01088023
0.01088595
0.01094604
0.01101947
0.01112008
0.01117563
0.01089644
0.01132035
0.01114821
0.01159048
0.01625323
0.01124668
0.01124740
0.01099682
0.01636243
0.01182389
0.01120996
0.01094246
0.01095891
0.01093340
0.01102376
0.01096177
0.01092434
0.01091123
0.01096153
0.01092029
0.01097536
0.01091766
0.01090765
0.01093435
0.01094222
0.01091456
0.01096082
0.01093721
0.01095915
0.01088095
0.01092219
0.01094413
0.01100183
0.01092005
0.01092911
0.01094055
0.01097083
0.01093507
0.01093388
0.01094794
0.01099944
0.01095772
0.01095295
0.01093912
0.01090693
0.01085806
0.01090670
0.01091456
0.01097631
0.01101542
0.01099324
0.01088142
0.01098275
0.01093793
0.01098704
0.01094651
0.01093268
0.01095819
0.01095700
0.01096511
0.01098251
0.01104760
0.01116204
0.01113296
0.01132154
0.01144934
0.01141095
0.01130104
0.01135373
0.01125073
0.01621604
0.01159835
0.01106262
0.01094270
0.01093650
0.01100326
0.01096749
0.01092386
0.01093221
0.01097989
0.01097846
0.01091504
0.01095533
0.01119304
0.01121926
0.01124692
0.01115561
0.01094317
0.01099706
0.01097322
0.01093459
0.01096225
0.01093578
0.01101303
0.01109052
0.01114106
0.01107693
0.01092029
0.01105976
0.01094341
0.01097536
0.01097608
0.01105642
0.01097345
0.01095438
0.01100636
0.01107621
0.01098990
0.01104808
0.01124787
0.01230931
0.01309395
0.01946664
0.01710725
0.01277757
0.01308465
0.01155114
0.01116109
0.01112318
0.01106048
0.01100969
0.01096582
0.01093888
0.01099753
0.01099873
0.01095414
0.01093721
0.01111221
0.01116300
0.01106048
0.01113510
0.01097226
0.01095390
0.01104355
0.01092792
0.01098752
0.01121354
0.01113820
0.01120615
0.01116633
0.01117444
0.01093102
0.01090312
0.01092529
0.01094198
0.01093674
0.01099038
0.01100874
0.01112461
0.01094651
0.01092339
0.01096582
0.01105571
0.01097798
0.01095510
0.01096106
0.01095700
0.01104879
0.01102853
0.01096296
0.01096153
0.01682568
0.01121807
0.01248074
0.01227427
0.01242208
0.02019978
0.01122355
0.01108956
0.01505041
0.01119447
0.01111150
0.01099801
0.01100588
0.01096153
0.01096082
0.01090884
0.01103640
0.01101017
0.01095128
0.01098824
0.01102972
0.01226115
0.01098275
0.01098251
0.01166296
0.01633215
0.01112723
0.01180601
0.01196408
0.01149559
0.01265097
0.01172447
0.01132011
0.01098800
0.01096582
0.01094294
0.01116300
0.01114893
0.01102924
0.01095510
0.01096559
0.01097131
0.01094460
0.01119113
0.01113415
0.01100349
0.01094222
0.01101565
0.01097846
0.01118565
0.01110864
0.01118207
0.01117110
0.01095557
0.01096296
0.01096678
0.01117635
0.01116896
0.01172638
0.01127410
0.01188493
0.01141882
0.01125360
0.01175356
0.01131368
0.01101875
0.01096272
0.01098323
0.01104498
0.01106739
0.01106215
0.01112008
0.01094174
0.01094556
0.01095796
0.01096749
0.01095462
0.01099110
0.01104736
0.01100421
0.01095533
0.01093483
0.01096749
0.01104116
0.01095247
0.01097751
0.01096487
0.01103830
0.01090598
0.01092029
0.01094294
0.01100063
0.01102400
0.01094723
0.01093435
0.01099467
0.01105690
0.01088548
0.01094413
0.01098728
0.01098275
0.01100516
0.01095295
0.01099515
0.01094413
0.01095057
0.01095772
0.01097560
0.01090002
0.01097488
0.01102734
0.01101375
0.01096225
0.01098108
0.01095462
0.01095939
0.01093554
0.01098108
0.01095009
0.01105237
0.01095343
0.01095986
0.01085997
0.01094627
0.01092243
0.01094937
0.01093054
0.01097870
0.01211929
0.01098442
0.01093960
0.01092720
0.01314282
0.01093197
0.01096487
