0.00884008
0.01258922
0.01172686
0.01090097
0.01078463
0.01071715
0.01060891
0.01061606
0.01067853
0.01074576
0.01069641
0.01061463
0.01061153
0.01062584
0.01069498
0.01065254
0.01063514
0.01068854
0.01072741
0.01169491
0.02344108
0.01317263
0.01142240
0.01119924
0.01117539
0.01090336
0.01098561
0.01517463
0.01156330
0.01148653
0.01153827
0.01163626
0.01139426
0.01152754
0.01155567
0.01151276
0.01145720
0.01121330
0.01135945
0.01160693
0.01728439
0.01139212
0.01125717
0.01141191
0.01283693
0.01851916
0.01256251
0.01234245
0.01137185
0.01206088
0.01174092
0.01353645
0.01173544
0.01139832
0.01120853
0.01142073
0.01157856
0.01162696
0.01144361
0.01133895
0.01165938
0.01122165
0.01124454
0.01531172
0.01245427
0.01271701
0.01226783
0.01166272
0.01160455
0.01234937
0.01168370
0.01147795
0.01360846
0.01560497
0.01406693
0.01132059
0.01123309
0.01119089
0.01118398
0.01131892
0.01371765
0.01549125
0.01222849
0.01167464
0.01129198
0.01133919
0.01132321
0.01133132
0.01122093
0.01131034
0.01139760
0.01127553
0.01117682
0.01115251
0.01072383
0.01066995
0.01075768
0.01074696
0.01068592
0.01069045
0.01068854
0.01065302
0.01143265
0.01114225
0.01071525
0.01061964
0.01072907
0.01063371
0.01079917
0.01062799
0.01108384
0.01163936
0.01200819
0.01178598
0.01082420
0.01065493
0.01067710
0.01064706
0.01068091
0.01080966
0.01083350
0.01072240
0.01073217
0.01074791
0.01070285
0.01082087
0.01079035
0.01072454
0.01065993
0.01055908
0.01055217
0.01068306
0.01065445
0.01062942
0.01061726
0.01055193
0.01060247
0.01073647
0.01206827
0.01085091
0.01084781
0.01051736
0.01061797
0.01070547
0.01069546
0.01059937
0.01072311
0.01082325
0.01075864
0.01133347
0.01093817
0.01079559
0.01075673
0.01070547
0.01076651
0.01171589
0.01112461
0.01069665
0.01068878
0.01077867
0.01069951
0.01079249
0.01075172
0.01063681
0.01058793
0.01066518
0.01065993
0.01074743
0.01065731
0.01059222
0.01063299
0.01066327
0.01065755
0.01060891
0.01070094
0.01061654
0.01061010
0.01062179
0.01057625
0.01069331
0.01067233
0.01064968
0.01056528
0.01068711
0.01060104
0.01071358
0.01069856
0.01055551
0.01060987
0.01059151
0.01063752
0.01055813
0.01065993
0.01062989
0.01080465
0.01065135
0.01056623
0.01071477
0.01072025
0.01130676
0.01085520
0.01068997
0.01062155
0.01065087
0.01084590
0.01067805
0.01067638
0.01214099
0.01175833
0.01197052
0.01195431
0.01208496
0.01198912
0.01106191
0.01194763
0.01157451
0.01127672
0.01086974
0.01178169
0.01157165
0.01177049
0.01172519
0.01168990
0.01115441
0.01077104
0.01089191
0.01081371
0.01086736
0.01081944
0.01081133
0.01076293
0.01088095
0.01091838
0.01075006
0.01135540
0.01148367
0.01190996
0.01183534
0.01190829
0.01190782
0.01195502
0.01173806
0.01162958
0.01193643
0.01116180
0.01075387
0.01079392
0.01074553
0.01079297
0.01084876
0.01079297
0.01071095
0.01074600
0.01076365
0.01076746
0.01082492
0.01076031
0.01077294
0.01150799
0.01200318
0.01087189
0.01100612
0.01192284
0.01106548
0.01155090
0.01162863
0.01117396
0.01072145
0.01073146
0.01077676
0.01074338
0.01074600
0.01089764
0.01084733
0.01172805
0.01162648
0.01104236
0.01079059
0.01081300
0.01078439
0.01078796
0.01076007
0.01074314
0.01076841
0.01079464
0.01216936
0.01125026
0.01074123
0.01096702
0.01184154
0.01123047
0.01200342
0.01200747
0.01215386
0.01205945
0.01185989
0.01171112
0.01119542
0.01096845
0.01101422
0.01088762
0.01086617
0.01082540
0.01086092
0.01101470
0.01117873
0.01179719
0.01419187
0.01318765
0.01136875
0.01118016
0.01103163
0.01103830
0.01100302
0.01238370
0.01316476
0.01144648
0.01146770
0.01143646
0.01228595
0.01365685
0.01198578
0.01147056
0.01123405
0.01107693
0.01089072
0.01183867
0.01141715
0.01600766
0.01232243
0.01253700
0.01178694
0.01139116
0.01180720
0.01184249
0.02049088
0.01213455
0.01225352
0.01161456
0.01153874
0.01186538
0.01116943
0.01144218
0.01619601
0.01285434
0.01141191
0.01178288
0.01106787
0.01116920
0.01165056
0.01154518
0.01386261
0.01265240
0.01126003
0.01116395
0.01103592
0.01086402
0.01097941
0.01102662
0.01071882
0.01077676
0.01062822
0.01062894
0.01062751
0.01060438
0.01064181
0.01170945
0.01125717
0.02050400
0.01137066
0.01115799
0.01118135
0.01119947
0.01096821
0.01117349
0.01137161
0.01135683
0.01137614
0.01121092
0.01115561
0.01199460
0.01101446
0.01123714
0.01138616
0.01141477
0.01149678
0.01124239
0.01111722
0.01107025
0.01121330
0.01099038
0.01119113
0.01505232
0.01342130
0.01124024
0.01106119
0.01093602
0.01084852
0.01081133
0.01109624
0.01344466
0.01138091
0.01236844
0.01107121
0.01108193
0.01090527
0.01085520
0.01174808
0.01684141
0.01137924
0.01132584
0.01117659
0.01099157
0.01082587
0.01093411
0.01093221
0.01109076
0.01139259
0.01144505
0.01138020
0.01116228
0.01106191
0.01088881
0.01083398
0.01082253
0.01312113
0.01135898
0.01183200
0.01127505
0.01110911
0.01089072
0.01079082
0.01084757
0.01074195
0.01540327
0.01135898
0.01133251
0.01118493
0.01120448
0.01198077
0.01144218
0.01083684
0.01119566
0.01155496
0.01166296
0.01474118
0.01104736
0.01089597
0.01079130
0.01137996
0.01132250
0.01077294
0.01079345
0.01104856
0.01065397
0.01055217
0.01075840
0.01085711
0.01080275
0.01066208
0.01113462
0.01182866
0.01174378
0.01117730
0.01097059
0.01122999
0.01736546
0.01217675
0.01111388
0.01100397
0.01102662
0.01119423
0.01205873
0.01312470
0.01177883
0.01187348
0.01141739
0.01115012
0.01156187
0.01141477
0.01132035
0.01204658
0.01149821
0.01219511
0.01178741
0.01367259
0.01142001
0.01132488
0.01117229
0.01120901
0.01204515
0.01168036
0.01124167
0.01119757
0.01125240
0.01111698
0.01120758
0.01242352
0.01139140
0.01163483
0.01116776
0.01109314
0.01119614
0.01551747
0.01442885
0.01184392
0.01142406
0.01123309
0.01155257
0.01347041
0.01143146
0.01130438
0.01110387
0.01115489
0.01149869
0.01143479
0.01140809
0.01147819
0.01114488
0.01117969
0.01223493
0.01137662
0.01273513
0.01115108
0.01117158
0.01136923
0.01462841
0.01138973
0.01127458
0.01124668
0.01129174
0.01193476
0.01137090
0.01245070
0.01130152
0.01197052
0.01146364
0.01142812
0.01292157
0.01139259
0.01121521
0.01109433
0.01122737
0.01144004
0.01138449
0.01132274
0.01247287
0.01203990
0.01125193
0.01170063
0.01360774
0.01456332
0.01175332
0.01118040
0.01089025
0.01096225
0.01125073
0.01509285
0.01129484
0.01234198
0.01110482
0.01093459
0.01083922
0.01107359
0.01544929
0.01459503
0.01187491
0.01127243
0.01109552
0.01102209
0.01106858
0.01128459
0.01126337
0.01127386
0.01116037
0.01374364
0.01263309
0.01225448
0.01193357
0.01138973
0.01126528
0.01280928
0.01542950
0.01334500
0.01111341
0.01124620
0.01139069
0.01226234
0.01157928
0.01126122
0.01105189
0.01118326
0.01189208
0.01239038
0.01369619
0.01151562
0.01108527
0.01084590
0.01080608
0.01118231
0.01234412
0.01137328
0.01146173
0.01139975
0.01110458
0.01113391
0.01459718
0.01357031
0.01133919
0.01119971
0.01106262
0.01227045
0.01328635
0.01269555
0.01165366
0.01106620
0.01090956
0.01081824
0.01087689
0.01450300
0.01452160
0.01175833
0.01110530
0.01100850
0.01154637
0.01094818
0.01172018
0.01537180
0.01133680
0.01256990
0.01105189
0.01096249
0.01076150
0.01084280
0.01123881
0.01825261
0.01136708
0.01132584
0.01188898
0.01131296
0.01095366
0.01096702
0.01113248
0.01227546
0.01233912
0.01143456
0.01385617
0.01201630
0.01146793
0.01131034
0.01114821
0.01095891
0.01089668
0.01108575
0.01631188
0.01304483
0.01124310
0.01100302
0.01520157
0.01124358
0.01111531
0.01281214
0.01399851
0.01237655
0.01164818
0.01101208
0.01088858
0.01079321
0.01077914
0.01104522
0.01140118
0.01148534
0.01188779
0.01115465
0.01107025
0.01088643
0.01085544
0.01084948
0.01106977
0.01420665
0.01190662
0.01134062
0.01107550
0.01095200
0.01076126
0.01074815
0.01077294
0.01558542
0.01330018
0.01144361
0.01124811
0.01109028
0.01094723
0.01080585
0.01088810
0.01112676
0.01317954
0.01543379
0.01132298
0.01111126
0.01099086
0.01087689
0.01096272
0.01130509
0.01387477
0.01558781
0.01136756
0.01129127
0.01106501
0.01085997
0.01086807
0.01088548
0.01112580
0.01406407
0.01544499
0.01125598
0.01117897
0.01198173
0.01142478
0.01174116
0.01214314
0.01144195
0.01470351
0.01238894
0.01142550
0.01110482
0.01093698
0.01090670
0.01096869
0.01109481
0.01147747
0.01144838
0.01140380
0.01128983
0.01109958
0.01099038
0.01084733
0.01097465
0.01078105
0.01743531
0.01828933
0.01135921
0.01104569
0.01088238
0.01077890
0.01088405
0.01126218
0.01343894
0.01141644
0.01140928
0.01123667
0.01118255
0.01087070
0.01088691
0.01087737
0.01117110
0.01142859
0.01176739
0.01141143
0.01129532
0.01117539
0.01101565
0.01093054
0.01093888
0.01121974
0.01436830
0.01142764
0.01177502
0.01145101
0.01101804
0.01089382
0.01092768
0.01091290
0.01724982
0.01142788
0.01342416
0.01107454
0.01101947
0.01091170
0.01107621
0.01107168
0.01129794
0.01628733
0.01145816
0.01142859
0.01117682
0.01097631
0.01087165
0.01097012
0.01095104
0.01722145
0.01140046
0.01153588
0.01130986
0.01108193
0.01095200
0.01083446
0.01078510
0.01107979
0.01234126
0.01527047
0.01132536
0.01119757
0.01098156
0.01089311
0.01091480
0.01084805
0.01107073
0.01139283
0.01136756
0.01164746
0.01106882
0.01092029
0.01075530
0.01074147
0.01084232
0.01104641
0.01387405
0.01137233
0.01375556
0.01111531
0.01094961
0.01084089
0.01087189
0.01083350
0.01115489
0.01613569
0.01639724
0.01114464
0.01105452
0.01081395
0.01085353
0.01140499
0.01137686
0.01432109
0.01538134
0.01145697
0.01105499
0.01092458
0.01094794
0.01099229
0.01114225
0.01615930
0.01140237
0.01126504
0.01114845
0.01097107
0.01091003
0.01091766
0.01091790
0.01115847
0.01452422
0.01146245
0.01126575
0.01104140
0.01096916
0.01087999
0.01163507
0.01102948
0.01152110
0.01500821
0.01532650
0.01108766
0.01101732
0.01091695
0.01087475
0.01088309
0.01112509
0.01277375
0.01141834
0.01374125
0.01128697
0.01112103
0.01098490
0.01090717
0.01091790
0.01105428
0.01681471
0.01226115
0.01774859
0.01211739
0.01141000
0.01307607
0.01461649
0.01171303
0.01125193
0.01123762
0.01117921
0.01163340
0.01150012
0.01181221
0.01127958
0.01187372
0.01143599
0.01150823
0.01199770
0.01160693
0.01116061
0.01153016
0.01104760
0.01091480
0.01084161
0.01106334
0.01114440
0.01264834
0.01182556
0.01127100
0.01127911
0.01110768
0.01097727
0.01084709
0.01079273
0.01110983
