0.00824618
0.01068115
0.01086831
0.01130772
0.01082540
0.01046920
0.01043177
0.01048017
0.01036811
0.01036286
0.01041532
0.01043010
0.01044297
0.01052976
0.01043844
0.01036787
0.01042366
0.01042938
0.01038504
0.01045990
0.01051164
0.01041770
0.01041031
0.01042867
0.01042485
0.01043844
0.01055884
0.01064110
0.01152205
0.01103902
0.01051974
0.01053333
0.01058555
0.01047707
0.01052356
0.01056838
0.01065445
0.01068282
0.01042032
0.01038146
0.01038790
0.01041460
0.01049781
0.01048779
0.01044226
0.01045036
0.01042771
0.01040530
0.01044321
0.01050949
0.01050091
0.01040077
0.01040363
0.01039839
0.01056409
0.01061749
0.01048231
0.01045895
0.01041889
0.01040125
0.01046038
0.01049733
0.01046085
0.01042175
0.01038408
0.01034975
0.01045442
0.01055932
0.01045513
0.01046944
0.01039219
0.01041555
0.01049590
0.01049638
0.01046205
0.01050377
0.01049137
0.01044607
0.01046419
0.01046371
0.01047158
0.01049495
0.01042986
0.01039147
0.01040697
0.01047039
0.01047873
0.01048326
0.01050925
0.01042652
0.01049209
0.01037979
0.01047206
0.01044202
0.01045632
0.01048183
0.01047134
0.01038766
0.01045418
0.01054978
0.01047468
0.01046944
0.01049399
0.01042438
0.01037049
0.01046753
0.01040983
0.01053858
0.01052523
0.01038194
0.01039028
0.01045036
0.01039958
0.01056719
0.01049876
0.01042104
0.01035357
0.01047730
0.01042700
0.01050925
0.01051521
0.01039362
0.01039052
0.01039124
0.01044846
0.01054001
0.01049137
0.01049638
0.01042891
0.01041818
0.01043487
0.01048422
0.01051259
0.01051807
0.01040077
0.01034164
0.01041675
0.01046181
0.01049185
0.01047659
0.01043487
0.01037598
0.01040506
0.01057220
0.01042056
0.01047707
0.01050997
0.01037359
0.01037526
0.01039982
0.01043177
0.01047516
0.01046515
0.01037955
0.01039171
0.01044488
0.01041627
0.01041150
0.01052403
0.01048565
0.01035237
0.01036835
0.01041412
0.01038885
0.01041484
0.01047039
0.01041412
0.01037621
0.01038647
0.01042676
0.01042295
0.01048493
0.01041460
0.01038861
0.01040053
0.01042771
0.01040316
0.01051021
0.01044273
0.01038408
0.01040077
0.01046085
0.01042628
0.01049352
0.01046062
0.01040387
0.01040411
0.01051044
0.01040888
0.01046896
0.01052499
0.01042247
0.01033235
0.01041436
0.01042128
0.01043797
0.01048851
0.01043034
0.01035070
0.01041818
0.01037931
0.01040792
0.01048446
0.01048970
0.01038933
0.01038218
0.01043081
0.01047897
0.01041126
0.01043940
0.01043844
0.01040268
0.01039457
0.01092625
0.01132917
0.01071525
0.01081896
0.01044345
0.01048040
0.01083994
0.01072788
0.01124454
0.01088238
0.01056623
0.01046944
0.01049495
0.01048017
0.01046991
0.01048470
0.01053214
0.01058245
0.01043487
0.01041532
0.01045251
0.01047540
0.01051545
0.01051736
0.01036644
0.01038599
0.01039457
0.01037741
0.01051331
0.01047421
0.01038909
0.01041102
0.01041293
0.01051426
0.01047659
0.01051855
0.01043391
0.01035476
0.01038766
0.01052332
0.01042390
0.01045299
0.01041746
0.01035643
0.01041269
0.01049876
0.01045775
0.01069021
0.01046324
0.01035881
0.01046896
0.01042581
0.01043320
0.01050472
0.01048660
0.01038194
0.01047397
0.01044035
0.01042271
0.01042843
0.01046896
0.01043534
0.01046395
0.01041198
0.01044512
0.01039553
0.01045132
0.01037431
0.01045585
0.01040840
0.01044512
0.01041555
0.01049542
0.01046038
0.01046014
0.01038480
0.01039171
0.01034617
0.01046395
0.01037931
0.01037836
0.01043463
0.01039362
0.01040649
0.01044607
0.01041555
0.01039553
0.01034904
0.01041818
0.01043630
0.01040196
0.01037669
0.01085401
0.01137185
0.01060653
0.01062632
0.01048875
0.01058221
0.01056457
0.01050162
0.01057768
0.01049089
0.01060796
0.01161671
0.01090670
0.01061273
0.01061583
0.01051235
0.01048732
0.01062393
0.01053238
0.01052213
0.01047730
0.01043463
0.01042509
0.01053500
0.01044250
0.01039481
0.01041484
0.01037765
0.01046801
0.01054335
0.01040316
0.01037478
0.01037478
0.01043296
0.01045179
0.01052332
0.01042771
0.01040292
0.01043200
0.01041842
0.01049829
0.01050210
0.01042151
0.01039410
0.01038599
0.01035810
0.01043367
0.01044798
0.01035404
0.01037788
0.01035762
0.01037455
0.01051664
0.01058626
0.01037049
0.01032352
0.01044035
0.01045489
0.01050186
0.01044154
0.01045871
0.01039147
0.01042271
0.01046896
0.01049995
0.01052356
0.01045704
0.01043987
0.01049852
0.01051068
0.01046252
0.01050854
0.01055026
0.01160288
0.01078057
0.01098847
0.01160717
0.01074743
0.01134682
0.01164651
0.01076031
0.01070619
0.01089954
0.01062632
0.01052141
0.01057339
0.01059961
0.01057339
