0.00852060
0.01084042
0.01201057
0.01090479
0.01062322
0.01076412
0.01074314
0.01078558
0.01079488
0.01083088
0.01075721
0.01082039
0.01078939
0.01083207
0.01076293
0.01070118
0.01073551
0.01064205
0.01070452
0.01078248
0.01066971
0.01067448
0.01073003
0.01071429
0.01075315
0.01071215
0.01065350
0.01061177
0.01067710
0.01066709
0.01072311
0.01081467
0.01080990
0.01070547
0.01063824
0.01066017
0.01074219
0.01076055
0.01071310
0.01073003
0.01062894
0.01077676
0.01073813
0.01060081
0.01067424
0.01067233
0.01062894
0.01067472
0.01069355
0.01071548
0.01073289
0.01069713
0.01059961
0.01060104
0.01067257
0.01055694
0.01056862
0.01065540
0.01065326
0.01063299
0.01054835
0.01060939
0.01060033
0.01059031
0.01060605
0.01062632
0.01053572
0.01054645
0.01051450
0.01065111
0.01057887
0.01068974
0.01064062
0.01059866
0.01054764
0.01048779
0.01066947
0.01066637
0.01052642
0.01066208
0.01059437
0.01049495
0.01056123
0.01055861
0.01050305
0.01054263
0.01058483
0.01053429
0.01049519
0.01047921
0.01049066
0.01052260
0.01055098
0.01064134
0.01056075
0.01052046
0.01049328
0.01058078
0.01049137
0.01057982
0.01053500
0.01047444
0.01047111
0.01052547
0.01044989
0.01054764
0.01064730
0.01053429
0.01050091
0.01043677
0.01052284
0.01053977
0.01055837
0.01049566
0.01054406
0.01059556
0.01050973
0.01050234
0.01053762
0.01058221
0.01052380
0.01060152
0.01058698
0.01067924
0.01064658
0.01066613
0.01065516
