0.01017714
0.01494217
0.01108336
0.01102614
0.01106691
0.01097059
0.01094866
0.01095867
0.01096296
0.01098084
0.01100492
0.01095200
0.01096916
0.01094675
0.01099825
0.01102161
0.01098394
0.01082587
0.01086020
0.01083159
0.01080847
0.01082516
0.01082635
0.01083994
0.01083088
0.01082444
0.01077294
0.01087928
0.01091480
0.01091194
0.01081562
0.01086926
0.01086974
0.01086307
0.01081586
0.01084328
0.01082850
0.01089358
0.01094890
0.01087236
0.01073670
0.01087403
0.01089311
0.01096916
0.01093149
0.01093006
0.01087523
0.01100707
0.01093316
0.01092839
0.01098680
0.01096296
0.01095104
0.01086712
0.01087189
0.01088142
0.01093221
0.01095629
0.01097608
0.01100492
0.01086879
0.01089406
0.01093650
0.01092362
0.01093698
0.01087761
0.01088309
0.01093984
0.01101923
0.01088166
0.01091528
0.01088381
0.01090598
0.01088095
0.01089120
0.01084018
0.01088452
0.01094770
0.01096559
0.01097393
0.01101112
0.01091099
0.01090741
0.01096702
0.01096416
0.01108122
0.01102114
0.01100636
0.01095009
0.01094055
0.01094413
0.01099920
0.01094913
0.01099873
0.01100850
0.01091862
0.01087022
0.01088953
0.01096988
0.01096773
0.01093769
0.01094723
0.01098728
0.01092291
0.01090670
0.01099777
0.01092482
0.01094866
0.01100516
0.01103926
0.01100683
0.01098442
0.01087618
0.01094437
0.01090097
0.01089382
0.01098704
0.01094127
0.01090455
0.01091528
0.01093674
0.01098824
0.01083374
0.01092434
0.01091337
0.01091981
0.01088953
0.01083350
0.01087952
0.01093507
0.01093125
0.01091361
0.01081705
0.01081443
0.01082516
0.01086760
0.01087594
0.01085639
0.01085472
0.01082826
0.01085758
0.01084495
0.01090646
0.01091599
0.01081371
0.01084924
0.01089978
0.01091790
0.01093721
0.01096487
0.01083589
0.01087356
0.01085210
0.01093483
0.01088333
0.01108170
0.01098204
0.01082373
0.01083779
0.01089931
0.01088643
0.01085091
0.01094532
0.01081443
0.01085448
0.01097369
0.01092386
0.01090908
0.01091504
0.01088047
0.01083970
0.01080871
0.01085877
0.01090074
0.01083064
0.01088047
0.01083755
0.01085734
0.01089644
0.01085019
0.01091194
0.01089549
0.01083326
0.01085496
0.01093745
0.01091838
0.01085854
0.01087427
0.01090956
0.01087427
0.01086569
0.01093936
0.01086307
0.01081800
0.01087475
0.01079607
0.01085949
0.01090837
0.01087999
0.01090336
0.01088762
0.01089978
0.01083446
0.01093841
0.01087904
0.01089954
0.01100659
0.01102066
0.01100087
0.01086831
0.01084876
0.01088166
0.01091790
0.01091504
0.01101685
0.01090550
0.01092768
0.01092744
0.01088452
0.01095366
0.01101112
0.01094937
0.01093173
0.01088738
0.01089573
0.01094747
0.01098847
0.01094675
0.01094532
0.01091409
0.01081681
0.01086402
0.01095676
0.01093912
0.01100445
0.01098418
0.01092815
0.01085281
0.01091075
0.01086903
0.01091909
0.01095653
0.01106763
0.01102424
0.01088500
0.01089787
0.01096559
0.01091695
0.01098013
0.01108289
0.01103735
0.01100612
0.01091671
0.01092029
0.01092863
0.01101351
0.01092076
0.01106954
0.01099992
0.01090455
0.01095796
0.01098490
0.01090193
0.01092529
0.01099443
0.01096845
0.01090837
0.01089501
0.01093173
0.01091671
0.01091480
0.01089907
0.01095366
0.01094818
0.01087356
0.01092029
0.01087332
0.01096869
0.01100612
0.01094770
0.01082563
0.01084375
0.01085520
0.01091480
0.01097369
0.01087499
0.01093411
0.01090670
0.01085401
0.01088309
0.01100349
0.01089740
0.01093984
0.01097059
0.01082730
0.01077580
0.01087570
0.01085162
0.01088643
0.01084042
0.01081252
0.01087785
0.01091671
0.01088905
0.01090097
0.01091313
0.01078558
0.01080608
0.01088738
0.01083469
0.01084089
0.01083136
0.01080632
0.01082897
0.01088214
0.01084042
0.01089692
0.01088238
0.01081705
0.01086473
0.01090908
0.01090074
0.01086736
0.01088977
0.01089168
0.01083064
0.01082063
0.01084685
0.01084781
0.01088881
0.01088953
0.01083660
0.01079869
0.01088905
0.01084614
0.01090646
0.01085639
0.01093864
0.01082921
0.01090884
0.01093888
0.01087070
0.01091099
0.01094127
0.01088715
0.01087856
0.01094556
0.01091123
0.01091909
0.01096535
0.01094890
0.01084971
0.01081347
0.01093912
0.01092815
0.01100683
0.01101661
0.01100278
0.01094961
0.01093578
0.01096916
0.01096940
0.01096082
0.01101589
0.01101542
0.01101661
0.01104283
0.01096034
0.01099491
0.01099133
0.01104164
0.01100826
0.01103830
0.01103568
0.01101017
0.01096916
0.01096129
0.01098704
0.01099229
0.01091433
0.01095796
0.01094723
0.01095486
0.01096821
0.01093078
0.01094246
0.01091719
0.01097298
0.01086402
0.01089311
0.01094866
0.01095939
0.01097274
0.01088929
0.01097608
0.01091099
0.01087737
0.01098585
0.01095724
0.01100111
0.01099110
0.01108670
0.01098752
0.01097631
0.01097012
0.01103902
0.01100492
0.01101851
0.01099801
0.01109076
0.01102591
0.01099324
0.01095986
0.01100516
0.01095915
0.01094031
0.01101518
0.01105213
0.01096034
0.01090932
0.01089501
0.01086473
0.01086831
0.01091456
0.01096535
0.01094246
0.01088929
0.01092052
0.01091027
0.01091385
0.01097560
0.01096821
0.01094127
0.01085687
0.01093173
0.01094580
0.01093674
0.01089525
0.01093388
0.01093149
0.01086783
0.01093006
0.01095986
0.01094198
0.01092649
0.01095700
0.01088691
0.01085424
0.01099515
0.01095700
0.01096129
0.01094580
0.01100826
0.01100326
0.01092935
0.01093268
0.01093507
0.01093054
0.01088119
0.01102662
0.01095057
0.01094127
0.01089311
0.01094842
0.01096225
0.01097488
0.01098847
0.01101685
0.01088643
0.01088762
0.01098919
0.01095009
0.01089859
0.01093054
0.01086307
0.01089120
