0.01081419
0.01096416
0.01134467
0.01096201
0.01071072
0.01068711
0.01068854
0.01068401
0.01067519
0.01066279
0.01069808
0.01067853
0.01069784
0.01066899
0.01067638
0.01066017
0.01068997
0.01067662
0.01065254
0.01066637
0.01067615
0.01064730
0.01067495
0.01065135
0.01070070
0.01066422
0.01068139
0.01068282
0.01069546
0.01062727
0.01071215
0.01069212
0.01073670
0.01068640
0.01065087
0.01062298
0.01070356
0.01068687
0.01076412
0.01066470
0.01072669
0.01064253
0.01070833
0.01062512
0.01067376
0.01068759
0.01067185
0.01066780
0.01065755
0.01062250
0.01064801
0.01065016
0.01067543
0.01075101
0.01065850
0.01065087
0.01066422
0.01066351
0.01070046
0.01071143
0.01079202
0.01078677
0.01078248
0.01076031
0.01076961
0.01077867
0.01079345
0.01076221
0.01077366
0.01080227
0.01081181
0.01087403
0.01083755
0.01076770
0.01076055
0.01076221
0.01076317
0.01074910
0.01075625
0.01072931
0.01078510
0.01081777
0.01083612
0.01076436
0.01076865
0.01078820
0.01077485
0.01080751
0.01080370
0.01095819
0.01261687
0.01078916
0.01082325
0.01079869
0.01074314
0.01075959
0.01078534
0.01082230
0.01078534
0.01076388
0.01076579
0.01073170
0.01079297
0.01079702
0.01079321
0.01073170
0.01074624
0.01071000
0.01072955
0.01078105
0.01078820
0.01071429
0.01074100
0.01072884
0.01082969
0.01077080
0.01071310
0.01074791
0.01071692
0.01073813
0.01079059
0.01074171
0.01076317
0.01078176
0.01072955
0.01075029
0.01072907
0.01072454
0.01068068
0.01070642
0.01074433
0.01074219
0.01070118
0.01071048
0.01073575
0.01073146
0.01075578
0.01078606
0.01075459
0.01077580
0.01077533
0.01076770
0.01082492
0.01078820
0.01078963
0.01078701
0.01083636
0.01086879
0.01082349
0.01081133
0.01082993
0.01086521
0.01089764
0.01088142
0.01086187
0.01090693
0.01085615
0.01081657
0.01088333
0.01086330
0.01082540
0.01082635
0.01081634
0.01090598
0.01089072
0.01080489
0.01083279
0.01081896
0.01079798
0.01086020
0.01084328
0.01082206
0.01085711
0.01080370
0.01088977
0.01083899
0.01082897
0.01082802
0.01079297
0.01076865
0.01076460
0.01076198
0.01082373
0.01076627
0.01079822
0.01082706
0.01085901
0.01083183
0.01079226
0.01077938
0.01078939
0.01078844
0.01080656
0.01077223
0.01080155
0.01079106
0.01079869
0.01077127
0.01079106
0.01080060
0.01079941
0.01079988
0.01079655
0.01080251
0.01083398
0.01077867
0.01077938
0.01076221
0.01082706
0.01072693
0.01071429
0.01075816
0.01067924
0.01075149
0.01066995
0.01067924
0.01069808
0.01060820
0.01079631
0.01066685
0.01064181
0.01065373
0.01067948
0.01066470
0.01070166
0.01065159
0.01069379
0.01066113
0.01064324
0.01064324
0.01063609
0.01064873
0.01063585
0.01065302
0.01064801
0.01063395
0.01065350
0.01066351
0.01067185
0.01063466
0.01067019
0.01063943
0.01071358
0.01063371
0.01065922
0.01064110
0.01071072
0.01068473
0.01064634
0.01060772
0.01062822
0.01058531
0.01072240
0.01062369
0.01064205
0.01061201
0.01060200
0.01061082
0.01064968
0.01062489
0.01063609
0.01063323
0.01065016
0.01065755
0.01061797
0.01065969
0.01061869
0.01062679
0.01061249
0.01063991
0.01064444
0.01060462
0.01065040
0.01066852
0.01067376
0.01066208
0.01064038
0.01066041
0.01061487
0.01069856
0.01068091
0.01065040
0.01065564
0.01065493
0.01062822
0.01067281
0.01065302
0.01075339
0.01072240
0.01060867
0.01063418
0.01062679
0.01070333
0.01064515
0.01065993
0.01065850
0.01064587
0.01071668
0.01064539
0.01063848
0.01066971
0.01065135
0.01070929
0.01064801
0.01065111
0.01078296
0.01077533
0.01074743
0.01085114
0.01076221
0.01078653
0.01074862
0.01081634
0.01085114
0.01081085
0.01076436
0.01081371
0.01076174
0.01082563
0.01082349
0.01080275
0.01082540
0.01079369
0.01083660
0.01085544
0.01080608
0.01079106
0.01080966
0.01079369
0.01080012
0.01080680
0.01080728
0.01075792
0.01077127
0.01079655
0.01086640
0.01081443
0.01080370
0.01078820
0.01077890
0.01079941
0.01080632
0.01083589
0.01076460
0.01079297
0.01079893
0.01088405
0.01075602
0.01077247
0.01078320
0.01078653
0.01079845
0.01080656
0.01079035
0.01081109
0.01075482
0.01080823
0.01084161
0.01083088
0.01080966
0.01084876
0.01081157
