0.01476026
0.01140046
0.01107430
0.01176548
0.01082230
0.01083660
0.01077175
0.01080871
0.01081562
0.01083779
0.01074052
0.01075721
0.01078486
0.01080990
0.01255441
0.01083565
0.01072311
0.01078582
0.01144981
0.01083231
0.01086259
0.01083493
0.01074600
0.01250315
0.01077414
0.01076436
0.01080871
0.01233459
0.01088762
0.01079941
0.01076674
0.01081276
0.01091766
0.01089478
0.01087451
0.01079655
0.01075101
0.01255798
0.01085114
0.01078296
0.01079059
0.01079750
0.01086807
0.01072407
0.01076722
0.01082897
0.01077390
0.01086974
0.01079416
0.01079535
0.01087475
0.01094151
0.01098728
0.01099253
0.01095605
0.01093173
0.01100588
0.01096344
0.01095605
0.01098418
0.01097131
0.01093650
0.01088095
0.01093316
0.01098847
0.01099539
0.01098752
0.01099753
0.01096892
0.01097465
0.01097560
0.01104212
0.01093030
0.01098108
0.01088333
0.01092196
0.01098657
0.01094699
0.01092339
0.01095676
0.01094842
0.01097441
0.01093674
0.01092649
0.01090312
0.01100898
0.01100922
0.01093578
0.01098776
0.01097941
0.01106334
0.01102209
0.01098251
0.01099277
0.01096439
0.01104498
0.01096725
0.01098919
0.01098275
0.01136422
0.01109457
0.01097298
0.01097727
0.01101637
0.01107860
0.01097703
0.01104188
0.01099682
0.01094460
0.01103997
0.01099539
0.01100850
0.01101160
0.01104093
0.01104140
0.01096511
0.01099229
0.01288986
0.01108289
0.01096964
0.01094890
0.01092887
0.01283503
0.01098919
0.01092720
0.01124501
0.01098752
0.01102209
0.01101923
0.01091909
0.01091075
0.01286793
0.01103139
0.01100254
0.01101041
0.01106048
0.01293135
0.01100564
0.01099062
0.01096988
0.01103759
0.01112080
0.01111460
0.01099300
0.01095128
0.01291656
0.01105261
0.01100588
0.01099682
0.01106882
0.01246572
0.01098680
0.01099062
0.01094747
0.01096463
0.01103663
0.01108599
0.01098680
0.01097870
0.01230073
0.01114607
0.01102901
0.01096320
0.01103020
0.01232171
0.01098967
0.01097727
0.01094246
0.01098013
0.01106262
0.01107359
0.01096582
0.01094627
0.01097155
0.01098609
0.01101828
0.01108599
0.01101923
0.01099491
0.01104355
0.01102924
0.01106906
0.01113701
0.01107240
0.01112008
0.01104927
0.01101184
0.01103687
0.01106191
0.01104212
0.01099730
0.01104307
0.01101375
0.01100135
0.01101565
0.01100659
0.01128483
0.01106310
0.01110792
0.01105762
0.01105595
0.01103544
0.01115227
0.01106668
0.01104593
0.01103663
0.01104450
0.01112771
0.01108861
0.01110458
0.01104999
0.01104951
0.01105547
0.01106620
0.01114488
0.01116943
0.01112819
0.01118565
0.01116943
0.01111317
0.01095247
0.01100731
0.01105142
0.01118541
0.01120615
0.01121664
0.01115847
0.01119328
0.01098895
0.01105452
0.01122499
0.01141238
0.01114154
0.01113915
0.01252341
0.01128531
0.01115465
0.01115465
0.01112509
0.01113105
0.01107717
0.01109076
0.01110649
0.01114535
0.01120090
0.01114607
0.01107287
0.01107597
0.01110172
0.01115012
0.01115155
0.01114297
0.01107883
0.01290560
0.01107740
0.01107001
0.01106977
0.01116633
0.01115465
0.01115441
0.01105285
0.01110482
0.01110697
0.01119471
0.01118708
0.01114345
0.01113701
0.01295662
0.01110864
0.01112795
0.01109791
0.01121044
0.01114774
0.01110101
0.01107121
0.01108670
0.01108384
0.01118183
0.01112175
0.01116991
0.01092720
0.01270843
0.01088619
0.01093483
0.01094699
0.01112294
0.01112604
0.01108432
0.01102376
0.01106334
0.01109266
0.01114082
0.01110053
0.01110196
0.01100540
0.01284599
0.01106119
0.01105213
0.01109624
0.01116800
0.01114035
0.01111674
0.01105666
0.01105142
0.01106334
0.01115894
0.01106977
0.01106882
0.01106334
0.01106048
0.01109552
0.01110005
0.01106405
0.01288724
0.01120830
0.01109862
0.01105499
0.01104736
0.01107740
0.01111102
0.01109624
0.01107025
0.01103091
0.01108217
0.01100993
0.01103950
0.01107168
0.01122642
0.01106620
0.01102591
0.01096678
0.01099920
0.01098418
0.01109314
0.01105142
0.01098514
0.01097107
0.01100659
0.01095581
0.01099277
0.01099825
0.01097107
0.01089668
0.01094747
0.01099062
0.01096869
0.01095748
0.01101232
0.01100206
0.01095247
0.01093459
0.01091790
0.01098561
0.01096749
0.01091123
0.01095819
0.01091504
0.01090932
0.01094604
0.01092696
0.01092839
0.01088643
0.01090407
0.01093197
0.01095891
0.01094675
0.01091933
0.01090837
0.01090407
0.01091003
0.01094770
0.01090813
0.01088738
0.01087499
0.01085711
0.01087642
0.01088023
0.01089978
0.01081753
0.01083350
0.01084185
0.01085949
0.01092315
0.01085138
0.01090503
0.01087880
0.01086640
0.01081038
0.01085377
0.01086545
0.01230359
0.01092744
0.01081133
0.01083922
0.01083136
0.01086211
0.01083827
0.01079702
0.01085854
0.01080656
0.01082253
0.01082897
0.01082897
0.01077604
0.01079345
0.01081324
0.01084495
0.01083565
0.01162744
0.01086807
0.01088333
0.01081967
0.01087093
0.01083422
0.01267266
0.01086068
0.01080418
0.01078486
0.01083159
0.01265860
0.01083779
0.01085162
0.01083589
0.01081562
0.01092887
0.01080656
0.01081276
0.01085210
0.01260900
0.01084566
0.01077819
0.01078939
0.01078081
0.01082492
0.01086950
0.01078415
0.01077747
0.01078606
0.01258922
0.01081944
0.01081347
0.01080465
0.01089358
0.01082635
0.01080561
0.01083302
0.01079321
0.01090789
0.01084590
0.01077938
0.01077843
0.01088881
0.01087737
0.01090121
0.01080394
0.01083302
0.01254344
0.01094198
0.01080894
0.01082897
0.01083136
0.01080108
0.01084638
0.01083159
0.01087236
0.01083231
0.01107025
0.01087785
0.01080823
0.01083565
0.01086760
0.01097178
0.01087689
0.01085544
0.01082110
0.01083064
0.01089621
0.01082730
0.01082420
0.01112032
0.01219916
0.01088715
0.01080918
0.01082397
0.01084828
0.01090121
0.01086307
0.01082253
0.01080990
0.01081944
0.01091099
0.01084614
0.01081109
0.01086903
0.01080823
0.01077390
0.01078486
0.01078296
0.01079750
0.01091361
0.01081610
0.01071978
0.01073956
0.01077795
0.01074362
0.01078391
0.01077104
0.01072073
0.01070237
0.01070619
0.01075029
0.01078200
0.01076651
0.01075363
0.01073551
0.01077580
0.01075006
0.01078939
0.01072931
0.01075578
0.01072216
0.01077271
0.01072884
0.01074266
0.01074910
0.01073575
0.01079631
0.01079559
0.01078939
0.01075816
0.01070166
0.01065278
0.01075387
0.01071763
0.01072574
0.01072931
0.01072073
0.01075149
0.01075530
0.01069045
0.01075220
0.01073599
0.01069427
0.01071930
0.01073956
0.01067519
0.01067066
0.01070452
0.01070881
0.01069498
0.01071644
0.01078749
0.01072216
0.01071262
0.01066947
0.01070762
0.01070833
0.01069546
0.01073647
0.01068711
0.01069236
0.01068091
0.01069713
0.01073360
0.01070690
0.01069880
0.01067209
0.01071453
0.01074457
0.01072431
0.01070786
0.01079631
0.01068258
0.01063967
0.01070571
0.01076174
0.01078010
0.01074982
0.01067543
0.01072645
0.01121283
0.01075745
0.01069117
0.01070571
0.01067305
0.01073813
0.01074767
0.01076603
0.01068234
0.01067042
0.01068377
0.01071763
0.01068425
0.01071620
0.01069021
0.01252460
0.01067281
0.01065707
0.01068807
0.01220894
0.01074076
0.01067495
0.01064301
0.01059866
0.01072860
0.01072526
0.01071215
0.01070333
0.01065779
0.01069832
0.01074243
0.01068926
0.01066446
0.01066899
0.01242948
0.01070857
0.01071811
0.01070023
0.01068735
0.01077127
0.01067924
0.01068473
0.01071644
0.01073766
0.01077604
0.01070571
0.01070523
0.01068711
0.01078248
0.01073384
0.01073575
0.01070404
0.01065016
0.01069140
0.01073909
0.01072359
0.01067495
0.01064587
0.01164460
0.01071000
0.01068759
0.01064706
0.01244521
0.01079631
0.01069999
0.01064062
0.01068807
0.01183105
0.01075816
0.01070571
0.01068282
0.01068044
0.01073909
0.01072741
0.01068711
0.01068282
0.01064467
0.01245666
0.01094747
0.01072502
0.01066709
0.01074672
0.01068020
0.01061106
0.01072526
0.01065254
0.01071692
0.01158428
0.01070976
0.01052594
0.01051927
0.01054883
0.01051331
0.01052833
0.01049352
0.01047587
0.01052213
0.01057267
0.01052785
0.01046109
0.01049399
0.01051068
0.01250005
0.01050830
0.01053262
0.01052141
0.01210213
0.01059341
0.01050496
0.01048779
0.01053619
0.01051688
0.01064181
0.01067472
0.01064563
0.01076460
0.01167130
0.01073742
0.01068473
0.01066160
0.01071167
0.01075435
0.01072669
0.01069260
0.01069903
0.01066041
0.01220560
0.01066566
0.01070976
0.01069593
0.01067257
0.01077056
0.01069164
0.01069307
0.01066136
0.01078343
0.01073456
0.01067209
0.01068902
0.01067472
0.01060033
0.01077724
0.01066065
0.01068401
0.01070523
0.01075196
0.01068473
0.01058221
0.01059198
0.01069021
0.01077032
0.01077318
0.01064587
0.01051855
0.01046824
0.01211762
0.01053262
0.01057458
0.01054621
0.01053357
0.01058412
0.01054049
0.01054358
0.01055717
0.01055551
0.01056266
0.01052904
0.01052880
0.01051450
0.01154780
0.01057029
0.01052499
0.01053238
0.01053119
0.01066947
0.01061487
0.01052308
0.01050687
0.01051712
0.01067615
0.01058221
0.01049995
0.01047564
0.01051283
0.01165128
0.01053953
0.01051354
0.01053190
0.01054120
0.01052999
0.01057649
0.01053047
0.01053977
0.01111054
0.01056314
0.01055932
0.01054835
0.01051855
0.01049447
0.01060891
0.01053476
0.01056623
0.01056337
0.01051068
0.01059508
0.01053143
0.01056957
0.01067615
0.01260376
0.01063228
0.01053739
0.01052976
0.01049805
0.01056695
0.01062250
0.01049995
0.01055264
0.01053262
0.01056957
0.01063132
0.01046538
0.01050043
0.01052809
0.01064730
0.01053405
0.01059723
0.01053238
0.01050401
0.01205492
0.01052856
0.01055574
0.01052380
0.01052761
0.01061153
0.01052737
0.01053905
0.01056099
0.01059699
0.01054168
0.01051426
0.01049376
0.01050782
0.01109338
0.01057172
0.01048279
0.01051927
0.01055217
0.01060939
0.01058102
0.01049995
0.01052904
0.01051927
0.01256394
0.01056242
0.01050639
0.01051331
0.01049662
0.01078677
0.01063323
0.01058793
0.01055074
0.01058125
0.01059794
0.01058507
0.01054883
0.01052499
0.01229405
0.01060152
0.01052237
0.01055789
0.01056671
0.01052499
0.01060462
0.01052856
0.01052189
0.01051331
0.01215363
0.01065874
0.01050949
0.01054573
0.01057410
0.01221037
0.01057935
0.01052213
0.01052117
0.01052547
0.01055670
0.01061511
0.01054263
0.01057506
0.01048684
0.01055360
0.01057243
0.01049232
0.01051211
0.01051807
0.01058412
0.01058435
0.01056004
0.01054645
0.01052046
0.01220918
0.01054573
0.01054549
0.01057053
0.01053047
0.01059628
0.01053691
0.01050997
0.01054883
0.01057744
0.01055765
0.01052260
0.01054072
0.01051116
0.01153636
0.01054335
0.01053858
0.01050162
0.01053691
0.01102734
0.01055336
0.01054096
0.01052117
0.01054716
0.01063395
0.01055813
0.01050544
0.01047444
0.01052451
0.01194835
0.01058888
0.01053095
0.01056123
0.01053905
0.01251292
0.01054716
0.01056337
0.01058936
0.01073456
0.01072383
0.01067376
0.01070738
0.01069689
0.01204419
0.01072192
0.01074123
0.01068687
0.01071191
0.01074743
0.01077628
0.01074529
0.01068449
0.01073551
0.01076674
0.01074696
0.01068616
0.01071620
0.01067257
0.01235914
0.01070023
0.01074076
0.01066995
0.01067328
0.01077533
0.01068997
0.01071453
0.01076031
0.01068687
0.01074886
0.01071119
0.01065993
0.01071692
0.01073670
0.01079631
0.01072192
0.01069069
0.01067209
0.01068091
0.01075387
0.01062870
0.01068068
0.01066637
0.01075983
0.01073575
0.01070070
0.01070333
0.01069283
0.01077437
0.01069188
0.01071167
0.01070786
0.01070642
0.01080203
0.01068425
0.01071000
0.01071715
0.01235771
0.01069260
0.01070094
0.01063895
0.01068544
0.01075268
0.01078343
0.01076245
0.01075959
0.01070833
0.01072884
0.01073909
0.01074505
0.01068139
0.01101232
0.01072979
0.01068711
0.01073384
0.01071358
0.01069856
0.01077318
0.01069832
0.01070404
0.01073980
0.01064610
0.01071095
0.01070118
0.01072574
0.01071668
0.01235819
0.01082039
0.01066971
0.01070571
0.01070333
0.01069689
0.01073909
0.01072335
0.01073670
0.01071835
0.01071644
0.01076126
0.01070929
0.01067138
0.01070023
0.01071024
0.01074553
0.01071429
0.01068568
0.01070714
0.01068568
0.01071048
0.01074529
0.01072645
0.01070714
0.01069784
0.01068211
0.01071119
0.01075053
0.01070404
0.01074481
0.01070285
0.01069236
0.01075411
0.01074934
0.01069880
0.01072550
0.01068926
0.01072526
0.01071596
0.01070452
0.01070476
0.01070070
0.01072168
0.01070547
0.01071787
0.01069164
0.01070476
0.01067710
0.01067901
0.01068950
0.01078987
0.01071215
0.01069283
0.01070356
0.01070881
0.01069427
0.01071382
0.01070213
0.01192808
0.01077080
0.01075315
0.01069093
0.01072383
0.01069427
0.01079249
0.01070929
0.01071739
0.01072383
0.01224637
0.01077342
0.01067734
0.01071906
0.01070738
0.01079583
0.01073694
0.01069164
0.01067233
0.01077700
0.01227760
0.01073790
0.01070189
0.01068640
0.01070452
0.01076579
0.01073480
0.01071239
0.01073265
0.01074314
0.01071692
0.01069736
0.01068902
0.01070166
0.01080155
0.01070523
0.01059175
0.01063991
0.01054335
0.01054406
0.01060915
0.01053095
0.01049399
0.01052403
0.01063848
0.01060224
0.01061940
0.01070905
0.01065278
0.01256967
0.01068425
0.01071310
0.01072741
0.01066732
0.01074553
0.01077485
0.01065993
0.01069140
0.01072311
0.01071715
0.01067352
0.01067090
0.01071954
0.01075268
0.01074934
0.01072860
0.01073098
0.01069784
0.01073194
0.01076484
0.01068473
0.01067567
0.01069951
0.01079082
0.01069260
0.01069641
0.01069808
0.01065922
0.01074958
0.01070881
0.01070285
0.01092887
0.01069975
0.01079965
0.01066351
0.01069999
0.01069117
0.01262498
0.01075602
0.01069307
0.01067710
0.01063037
0.01074004
0.01073980
0.01069927
0.01073647
0.01067448
0.01069689
0.01224113
0.01073003
0.01071215
0.01074290
0.01076007
0.01071954
0.01070046
0.01075315
0.01072693
0.01072907
0.01069069
0.01071143
0.01073718
0.01070428
0.01250887
0.01073623
0.01068139
0.01079941
0.01070023
0.01071405
0.01068020
0.01066566
0.01071525
0.01077652
0.01072741
0.01067281
0.01067948
0.01065278
0.01069260
0.01075530
0.01073146
0.01067328
0.01070356
0.01076317
0.01070070
0.01068854
0.01074362
0.01240277
0.01076722
0.01071954
0.01072693
0.01073384
0.01073480
0.01079750
0.01072478
0.01069522
0.01070237
0.01071978
0.01072311
0.01071453
0.01069307
0.01067662
0.01069260
0.01069760
0.01071906
0.01069164
0.01068664
0.01074266
0.01069403
0.01074171
0.01070690
0.01068830
0.01070881
0.01073575
0.01072216
0.01067996
0.01074028
0.01223707
0.01071882
0.01073980
0.01074386
0.01067400
0.01071405
0.01076555
0.01067996
0.01070189
0.01094627
0.01075792
0.01070881
0.01071072
0.01072788
0.01077008
0.01075220
0.01067686
0.01065087
0.01071572
0.01072335
0.01072717
0.01074243
0.01074743
0.01216292
0.01073766
0.01071024
0.01071000
0.01069760
0.01071811
0.01082754
0.01065636
0.01070023
0.01074481
0.01238489
0.01080275
0.01073408
0.01070976
0.01070094
0.01081443
0.01070023
0.01073003
0.01073170
0.01067853
0.01240349
0.01072311
0.01112914
0.01075768
0.01068497
0.01081491
0.01073480
0.01105094
0.01076841
0.01196718
0.01075888
0.01074648
0.01073241
0.01065850
0.01475954
0.01077247
0.01072955
0.01071262
0.01070094
0.01083875
0.01070905
0.01071334
0.01068401
0.01081491
0.01071668
0.01067519
0.01067424
0.01071239
0.01072145
0.01077318
0.01074052
0.01069522
0.01071596
0.01077724
0.01078773
0.01073384
0.01071668
0.01071334
0.01078343
0.01071954
0.01072049
0.01071811
0.01071835
0.01076603
0.01067328
0.01073766
0.01069880
0.01069164
0.01081395
0.01071382
0.01066184
0.01058269
0.01228237
0.01055503
0.01055074
0.01059246
0.01051283
0.01065230
0.01058125
0.01058674
0.01055551
0.01052094
0.01056933
0.01061535
0.01057363
0.01053715
0.01053238
0.01053691
0.01052761
0.01055360
0.01055050
0.01064134
0.01057410
0.01062059
0.01078606
0.01055741
0.01055574
0.01053548
0.01054358
0.01065564
0.01073718
0.01071739
0.01074481
0.01066875
0.01073670
0.01069474
0.01066089
0.01068401
0.01069927
0.01066208
0.01072216
0.01072145
0.01070666
0.01072907
0.01074505
0.01075482
0.01072121
0.01068807
0.01068497
0.01070499
0.01070023
0.01072121
0.01075244
0.01068759
0.01070237
0.01066685
0.01070881
0.01069427
0.01073313
0.01071119
0.01212215
0.01078391
0.01071048
0.01074624
0.01073527
0.01070952
0.01070571
0.01073408
0.01070762
0.01073599
0.01070142
0.01069427
0.01070952
0.01070189
0.01073170
0.01075077
0.01072669
0.01073647
0.01069355
0.01075411
0.01073742
0.01072192
0.01072836
0.01069260
0.01069880
0.01070285
0.01072693
0.01073170
0.01074791
0.01072311
0.01066566
0.01071501
0.01073432
0.01070309
0.01073194
0.01075816
0.01068902
0.01104808
0.01072574
0.01069307
0.01224017
0.01076818
0.01081419
0.01072931
0.01074767
0.01081324
0.01075482
0.01071310
0.01076937
0.01078224
0.01082730
0.01072145
0.01075649
0.01072478
0.01072931
0.01243043
0.01073647
0.01070571
0.01073933
0.01073265
0.01067710
0.01061869
0.01062942
0.01065421
0.01072001
0.01077557
0.01072216
0.01068759
0.01067042
0.01162672
0.01078892
0.01071310
0.01071858
0.01097679
0.01083541
0.01073647
0.01073575
0.01074100
0.01078463
0.01084518
0.01075649
0.01070905
0.01074839
0.01069689
0.01077008
0.01078343
0.01076961
0.01073408
0.01248598
0.01074862
0.01071191
0.01076841
0.01073718
0.01246452
0.01075840
0.01073933
0.01070380
0.01072145
0.01239324
0.01075172
0.01069546
0.01075268
0.01072240
0.01080012
0.01073718
0.01074576
0.01073003
0.01075578
0.01079297
0.01080632
0.01074982
0.01072693
0.01151204
0.01080418
0.01074505
0.01073480
0.01071906
0.01079559
0.01071930
0.01065612
0.01069236
0.01239800
0.01077557
0.01071310
0.01071930
0.01069283
0.01071501
0.01071072
0.01075220
0.01070881
0.01159620
0.01074362
0.01070666
0.01069593
0.01076126
0.01075649
0.01073623
0.01072907
0.01070404
0.01078129
0.01072431
0.01173568
0.01071787
0.01073432
0.01072001
0.01075888
0.01070571
0.01072049
0.01071429
0.01067543
0.01072812
0.01078963
0.01073050
0.01069927
0.01070523
0.01071215
0.01071954
0.01072168
0.01074862
0.01070857
0.01071858
0.01056600
0.01057577
0.01052141
0.01056385
0.01054668
0.01052904
0.01051736
0.01054239
0.01050377
0.01055503
0.01052117
0.01051736
0.01049328
0.01055622
0.01052690
0.01051426
0.01049256
0.01057220
0.01055765
0.01056266
0.01058602
0.01059461
0.01055956
0.01056767
0.01060772
0.01063919
0.01056099
0.01051688
0.01064229
0.01057196
0.01058650
0.01056409
0.01055622
0.01057577
0.01054597
0.01055551
0.01056361
0.01057100
0.01054478
0.01059341
0.01053667
0.01058912
0.01067257
0.01069427
0.01070762
0.01076245
0.01072311
0.01067972
0.01083159
0.01074052
0.01074100
0.01074862
0.01079273
0.01090407
0.01081777
0.01077080
0.01071692
0.01244140
0.01076674
0.01082110
0.01075578
0.01073575
0.01085329
0.01076508
0.01074052
0.01075006
0.01350093
0.01085043
0.01079011
0.01074338
0.01073885
0.01082230
0.01079392
0.01073742
0.01074505
0.01076841
0.01233244
0.01078200
0.01077008
0.01076031
0.01075459
0.01231694
0.01074243
0.01082230
0.01078558
0.01075482
0.01081634
0.01072240
0.01072788
0.01076031
0.01080108
0.01080346
0.01079607
0.01080108
0.01073432
0.01084399
0.01079774
0.01076269
0.01077318
0.01075029
0.01077008
0.01079035
0.01077747
0.01070261
0.01073575
0.01084447
0.01072025
0.01077867
0.01076150
0.01224256
0.01079082
0.01078129
0.01076603
0.01076865
0.01113176
0.01080585
0.01079059
0.01075888
0.01074600
0.01083851
0.01078629
0.01074219
0.01074076
0.01078606
0.01179218
0.01082110
0.01075053
0.01076770
0.01079941
0.01254392
0.01073718
0.01073456
0.01076388
0.01083136
0.01078153
0.01078129
0.01073909
0.01075506
0.01079249
0.01080012
0.01076841
0.01075959
0.01074147
0.01077914
0.01078725
0.01073885
0.01077390
0.01077557
0.01231122
0.01078367
0.01080322
0.01075792
0.01076198
0.01081681
