0.01378107
0.01065898
0.01120329
0.01294279
0.01062226
0.01060820
0.01060438
0.01066113
0.01067448
0.01060939
0.01065493
0.01061320
0.01061416
0.01069546
0.01061821
0.01059580
0.01060367
0.01068211
0.01061130
0.01061845
0.01061797
0.01058769
0.01059985
0.01064372
0.01064038
0.01058936
0.01054907
0.01062751
0.01066065
0.01060486
0.01059151
0.01059246
0.01070404
0.01057482
0.01059890
0.01060748
0.01056123
0.01065016
0.01065230
0.01058340
0.01063538
0.01061630
0.02792120
0.01466560
0.01163960
0.01165223
0.01561904
0.01060867
0.01056385
0.01061153
0.01632833
0.01058173
0.01064110
0.01066136
0.01058960
0.01060963
0.01058650
0.01060653
0.01058793
0.01066351
0.01059651
0.01055408
0.01061320
0.01063943
0.01069212
0.01055837
0.01057053
0.01059508
0.01058125
0.01067781
0.01062322
0.01056361
0.01057649
0.01061249
0.01062608
0.01061320
0.01059294
0.01056790
0.01062846
0.01065350
0.01061654
0.01060605
0.01057339
0.01060963
0.01062107
0.01062083
0.01055455
0.01055217
0.01062274
0.01060343
0.01060557
0.01059365
0.01060176
0.01064992
0.01063323
0.01061964
0.01061344
0.01057005
0.01060677
0.01064253
0.01058292
0.01059079
0.01062894
0.01059842
0.01063204
0.01056623
0.01062918
0.01062584
0.01064563
0.01059246
0.01059246
0.01057100
0.01057959
0.01064277
0.01057863
0.01057458
0.01058507
0.01063085
0.01066780
0.01062083
0.01057816
0.01055980
0.01060581
0.01065803
0.01059413
0.01058531
0.01057410
0.01057529
0.01072216
0.01059866
0.01062560
0.01056218
0.01067615
0.01058364
0.01058722
0.01069212
0.01063395
0.01063299
0.01060295
0.01059079
0.01063585
0.01060820
0.01065993
0.01058459
0.01056743
0.01057029
0.01065183
0.01065779
0.01061630
0.01056433
0.01057076
0.01059103
0.01067376
0.01057601
0.01062155
0.01060987
0.01062775
0.01066971
0.01058412
0.01059699
0.01059175
0.01061726
0.01063323
0.01057673
0.01060057
0.01060200
0.01058793
0.01065803
0.01061893
0.01061702
0.01056504
0.01056910
0.01061821
0.01058960
0.01060438
0.01060534
0.01066947
0.01057339
0.01062918
0.01060653
0.01063395
0.01067543
0.01064014
0.01059222
0.01060915
0.01057410
0.01065397
0.01060772
0.01056695
0.01058054
0.01064491
0.01087666
0.01063728
0.01059008
0.01057291
0.01066923
0.01069188
0.01060176
0.01061440
0.01057029
0.01059890
0.01066804
0.01063824
0.01057291
0.01062489
0.01066017
0.01061916
0.01061177
0.01061249
0.01059318
0.01059771
0.01064253
0.01057816
0.01061606
0.01059818
0.01059747
0.01061249
0.01059794
0.01063132
0.01061344
0.01067352
0.01060295
0.01060700
0.01064563
0.01066852
0.01064897
0.01061535
0.01063204
0.01062393
0.01063323
0.01062727
0.01069856
0.01062894
0.01060748
0.01064992
0.01076603
0.01068878
0.01064301
0.01065898
0.01061845
0.01070666
0.01066446
0.01066542
0.01062036
0.01064658
0.01070976
0.01071191
0.01066351
0.01068711
0.01070261
0.01072288
0.01067686
0.01071835
0.01070356
0.01071239
0.01074028
0.01065969
0.01070166
0.01068473
0.01073289
0.01077724
0.01067400
0.01072574
0.01072288
0.01079822
0.01072216
0.01073933
0.01069379
0.01073194
0.01074243
0.01078534
0.01075006
0.01078033
0.01075482
0.01074624
0.01078129
0.01079011
0.01078057
0.01076317
0.01075816
0.01077867
0.01078320
0.01081848
0.01078892
0.01078916
0.01077080
0.01081085
0.01079321
0.01084924
0.01080203
0.01075459
0.01077175
0.01081109
0.01077008
0.01074553
0.01075530
0.01076007
0.01077390
0.01090431
0.01083970
0.01085353
0.01076078
0.01076794
0.01086497
0.01085830
0.01085401
0.01088476
0.01084471
0.01087356
0.01082778
0.01087260
0.01091576
0.01089239
0.01090217
0.01079369
0.01079845
0.01083350
0.01084924
0.01090717
0.01082182
0.01082325
0.01068234
0.01071525
0.01088262
0.01090264
0.01083970
0.01086664
0.01094007
0.01087999
0.01085305
0.01090145
0.01087213
0.01094818
0.01088023
0.01092696
0.01090169
0.01109219
0.01087832
0.01084828
0.01092434
0.01086760
0.01094532
0.01093602
0.01086020
0.01087737
0.01086950
0.01087976
0.01093745
0.01084638
0.01088500
0.01087761
0.01088333
0.01087999
0.01090503
0.01089334
0.01092124
0.01091361
0.01088762
0.01089334
0.01091027
0.01088428
0.01095605
0.01093102
0.01085591
0.01091862
0.01096773
0.01092124
0.01089311
0.01088619
0.01091218
0.01095438
0.01092052
0.01093483
0.01092029
0.01090622
0.01091647
0.01103354
0.01090121
0.01097012
0.01095200
0.01096463
0.01091528
0.01100659
0.01097417
0.01103258
0.01098919
0.01093507
0.01097417
0.01103377
0.01107407
0.01106739
0.01108122
0.01113701
0.01119494
0.01127625
0.01136899
0.01135039
0.01134825
0.01136518
0.01136041
0.01138186
0.01139569
0.01143980
0.01147342
0.01147151
0.01143217
0.01146460
0.01154637
0.01144481
0.01151466
0.01147342
0.01147103
0.01146221
0.01142144
0.01143932
0.01141548
0.01154733
0.01150513
0.01150489
0.01148582
0.01154828
0.01154613
0.01148772
0.01151609
0.01153374
0.01160574
0.01155305
0.01153827
0.01152611
0.01153183
0.01156640
0.01155090
0.01151872
0.01154900
0.01151514
0.01151705
0.01152062
0.01155448
0.01152062
0.01148248
0.01152062
0.01146793
0.01151419
0.01153851
0.01150107
0.01155400
0.01156282
0.01153183
0.01153684
0.01154304
0.01152492
0.01147962
0.01159787
0.01156044
0.01162028
0.01143360
0.01139307
0.01139903
0.01141572
0.01138234
0.01138520
0.01138234
0.01140928
0.01126385
0.01124096
0.01124310
0.01132536
0.01129293
0.01116681
0.01121140
0.01119447
0.01118135
0.01116514
0.01116967
0.01117539
0.01123476
0.01112175
0.01111174
0.01112795
0.01104927
0.01118231
0.01118350
0.01110816
0.01108980
0.01114511
0.01121807
0.01114249
0.01116443
0.01123834
0.01121974
0.01124096
0.01119280
0.01123190
0.01124167
0.01123238
0.01120400
0.01114345
0.01114917
0.01107073
0.01104736
0.01103377
0.01104164
0.01101017
0.01103497
0.01100039
0.01098537
0.01096511
0.01101136
0.01107550
0.01099563
0.01099277
0.01093650
0.01095581
0.01105618
0.01100516
0.01096749
0.01101542
0.01106310
0.01107693
0.01104188
0.01103115
0.01112080
0.01114321
0.01114154
0.01112628
0.01112962
0.01113462
0.01300788
0.01117659
0.01117158
0.01110196
0.01113200
0.01115274
0.01111650
0.01114941
0.01115918
0.01299453
0.01119995
0.01113343
0.01111317
0.01115632
0.01121545
0.01115775
0.01113200
0.01117921
0.01117730
0.01111603
0.01113868
0.01119041
0.01111650
0.01115322
0.01113796
0.01111078
0.01106501
0.01110291
0.01102567
0.01103091
0.01105809
0.01107192
0.01108313
0.01111197
0.01111794
0.01109719
0.01112223
0.01108575
0.01123691
0.01127052
0.01154494
0.01116180
0.01151490
0.01108837
0.01110458
0.01107574
0.01107860
0.01105523
0.01099157
0.01096153
0.01095748
0.01096964
0.01090312
0.01091719
0.01089454
0.01098561
0.01111913
0.01107001
0.01104069
0.01104426
0.01109004
0.01109457
0.01105428
0.01104093
0.01104021
0.01101351
0.01095009
0.01101661
0.01101303
0.01104236
0.01102638
0.01120043
0.01113200
0.01113272
0.01112962
0.01116800
0.01123714
0.01118493
0.01118565
0.01114774
0.01114559
0.01128507
0.01114988
0.01119685
0.01117802
0.01121187
0.01119542
0.01117468
0.01114011
0.01116967
0.01117897
0.01126337
0.01125956
0.01124430
0.01119757
0.01122928
0.01121068
0.01119852
0.01121902
0.01125312
0.01126480
0.01122713
0.01121330
0.01302791
0.01134396
0.01127887
0.01125193
0.01409531
0.01130509
0.01131320
0.01122332
0.01121736
0.01121259
0.01125669
0.01125884
0.01122880
0.01127839
0.01126409
0.01126218
0.01125836
0.01132822
0.01127815
0.01138353
0.01141000
0.01133060
0.01158094
0.01133466
0.01312685
0.01127791
0.01138377
0.01131558
0.01315546
0.01142621
0.01130223
0.01127076
0.01131010
0.01312637
0.01132345
0.01131248
0.01128411
0.01310325
0.01136541
0.01133657
0.01134515
0.01315260
0.01144528
0.01142979
0.01141763
0.01144028
0.01233125
0.01142526
0.01137042
0.01138377
0.01139784
0.01139522
0.01138878
0.01137805
0.01133895
0.01135898
0.01144528
0.01138067
0.01140523
0.01138711
0.01140904
0.01140952
0.01138020
0.01132131
0.01136231
0.01272774
0.01139283
0.01137519
0.01137924
0.01141691
0.01142335
0.01136875
0.01136827
0.01134562
0.01146531
0.01155710
0.01139212
0.01134467
0.01129460
0.01130009
0.01123953
0.01130033
0.01130438
