0.01112509
0.01336551
0.01149058
0.01120472
0.01075077
0.01073360
0.01078320
0.01099062
0.01087999
0.01088810
0.01085639
0.01089406
0.01090479
0.01095057
0.01085782
0.01084208
0.01088285
0.01088905
0.01076818
0.01076388
0.01072812
0.01074934
0.01088023
0.01477337
0.01075459
0.01073384
0.01073503
0.01079035
0.01077819
0.01073813
0.01075983
0.01077676
0.01077557
0.01069880
0.01072001
0.01073885
0.01071882
0.01077676
0.01078653
0.01085711
0.01085043
0.01089597
0.01088858
0.01086545
0.01084399
0.01092076
0.01086617
0.01086926
0.01081562
0.01086307
0.01085877
0.01098228
0.01084971
0.01087379
0.01085114
0.01076674
0.01071405
0.01072359
0.01071787
0.01078129
0.01069546
0.01072335
0.01070094
0.01081038
0.01072216
0.01073313
0.01067042
0.01077557
0.01079607
0.01076794
0.01070547
0.01068544
0.01068664
0.01078463
0.01073861
0.01074553
0.01073647
0.01067710
0.01068664
0.01072335
0.01071119
0.01069808
0.01076603
0.01073122
0.01072550
0.01070261
0.01074553
0.01079416
0.01068974
0.01074910
0.01075244
0.01099539
0.01083493
0.01079893
0.01076436
0.01086497
0.01086259
0.01088786
0.01081467
0.01088023
0.01089239
0.01085806
0.01079583
0.01087713
0.01081920
0.01091647
0.01098609
0.01224899
0.01093221
0.01087952
0.01088285
0.01091671
0.01086330
0.01091313
0.01082158
0.01093197
0.01091552
0.01086354
0.01083446
0.01084375
0.01083660
0.01089501
0.01085663
0.01092482
0.01083994
0.01096487
0.01090264
0.01087642
0.01089382
0.01084900
0.01087999
0.01077390
0.01072431
0.01087952
0.01083374
0.01085544
0.01078868
0.01232791
0.01086879
0.01081967
0.01080227
0.01084089
0.01083589
0.01093125
0.01083469
0.01084495
0.01083255
0.01085973
0.01085973
0.01089978
0.01083684
0.01085663
0.01078343
0.01093841
0.01084566
0.01086831
0.01084876
0.01087379
0.01089907
0.01082301
0.01086068
0.01082349
0.01083112
0.01087356
0.01091218
0.01087523
