0.01093173
0.01250744
0.01219678
0.01173735
0.01141763
0.01139355
0.01140404
0.01146770
0.01291943
0.01149559
0.01143050
0.01141405
0.01135993
0.01141787
0.01143408
0.01129651
0.01133847
0.01134944
0.01141167
0.01132703
0.01138020
0.01139569
0.01139069
0.01137662
0.01138210
0.01141047
0.01137161
0.01134729
0.01130915
0.01134491
0.01132703
0.01149440
0.01136684
0.01129508
0.01128054
0.01125526
0.01130009
0.01127839
0.01135302
0.01136255
0.01126933
0.01127958
0.01128125
0.01121998
0.01125479
0.01117229
0.01116323
0.01123714
0.01119924
0.01116347
0.01111889
0.01119518
0.01114249
0.01125646
0.01118684
0.01116252
0.01115775
0.01112485
0.01121020
0.01112485
0.01106668
0.01108050
0.01104784
0.01109695
0.01112318
0.01100278
0.01101828
0.01098394
0.01098204
0.01101398
0.01096463
0.01100039
0.01108837
0.01100254
0.01099420
0.01101041
0.01101756
0.01096630
0.01104045
0.01107216
0.01106715
0.01105475
0.01102638
0.01104355
0.01110935
0.01106477
0.01115632
0.01109934
0.01113939
0.01111484
0.01104140
0.01113296
0.01111436
0.01113009
0.01109147
0.01112032
0.01110387
0.01120806
0.01113081
0.01120615
0.01111341
0.01119471
0.01122451
0.01125383
0.01120234
0.01117063
0.01116037
0.01112795
0.01119447
0.01119232
0.01112247
0.01117611
0.01115012
0.01115632
0.01115012
0.01110530
0.01111102
0.01112056
0.01107311
0.01117873
0.01116014
0.01111221
