0.00922203
0.01527262
0.01136851
0.01089358
0.01065660
0.01064348
0.01058817
0.01064134
0.01071024
0.01063991
0.01058960
0.01060414
0.01062965
0.01063323
0.01069355
0.01063752
0.01065350
0.01060677
0.01073098
0.01067662
0.01062799
0.01062703
0.01062250
0.01063561
0.01056981
0.01063180
0.01061678
0.01062846
0.01061821
0.01059508
0.01058674
0.01066494
0.01068735
0.01061559
0.01060557
0.01063132
0.01060581
0.01064253
0.01069856
0.01064110
0.01061440
0.01060390
0.01061893
0.01067805
0.01060581
0.01060438
0.01059532
0.01061630
0.01061559
0.01067662
0.01061726
0.01059794
0.01060057
0.01064324
0.01061893
0.01064038
0.01059198
0.01062512
0.01058435
0.01057935
0.01065040
0.01061606
0.01064086
0.01061368
0.01057076
0.01061106
0.01060486
0.01065993
0.01060891
0.01061726
0.01058578
0.01063752
0.01068783
0.01060748
0.01055408
0.01059270
0.01059985
0.01058602
0.01062369
0.01062393
0.01060724
0.01062274
0.01056647
0.01057291
0.01064062
0.01062846
0.01059508
0.01059532
0.01058769
0.01059675
0.01059794
0.01064348
0.01057220
0.01063180
0.01056290
0.01059580
0.01059723
0.01058578
0.01059151
0.01060414
0.01060867
0.01059389
0.01054883
0.01061678
0.01062703
0.01059842
0.01062465
0.01058435
0.01056075
0.01058507
0.01059365
0.01075315
0.01494002
0.01188827
0.01197219
0.01593208
0.01592565
0.01607013
0.01619101
0.01255894
0.01593494
0.01603460
0.01109552
0.01196027
0.01594901
0.01590490
0.01097465
0.01071858
0.01073194
0.01066279
0.01059914
0.01060009
0.01061368
0.01059532
0.01055312
0.01060176
0.01062584
0.01064849
0.01059484
0.01060629
0.01056981
0.01061106
0.01058435
0.01059151
0.01059723
0.01062441
0.01063108
0.01064301
0.01059985
0.01057649
0.01057863
0.01058340
0.01062012
0.01057744
0.01061773
0.01065803
0.01061702
0.01059270
0.01060319
0.01063037
0.01064610
0.01064777
0.01059461
0.01059937
0.01059914
0.01060748
0.01068282
0.01061559
0.01058197
0.01059031
0.01057339
0.01064420
0.01065302
0.01057982
0.01056814
0.01062751
0.01060772
0.01058149
0.01062584
0.01056552
0.01058149
0.01061535
0.01059794
0.01064157
0.01066136
0.01063013
0.01061773
0.01057100
0.01062083
0.01062560
0.01062322
0.01060200
0.01064682
0.01059437
0.01057577
0.01062608
0.01066160
0.01057816
0.01056290
0.01059914
0.01059103
0.01063251
0.01058102
0.01062179
0.01059222
0.01058054
0.01058197
0.01071548
0.01059008
0.01059961
0.01060605
0.01062560
0.01060724
0.01063609
0.01062202
0.01059794
0.01060200
0.01060748
0.01060915
0.01067972
0.01059747
0.01058102
0.01059842
0.01058221
0.01060152
0.01066804
0.01057363
0.01059246
0.01059937
0.01058459
0.01056242
0.01066422
0.01059198
0.01065207
0.01060009
0.01058984
0.01061797
0.01061988
0.01060247
0.01057982
0.01057172
0.01057363
0.01062298
0.01057196
0.01059556
0.01057792
0.01059222
0.01058936
0.01060534
0.01061749
0.01056361
0.01059508
0.01064062
0.01061392
0.01068091
0.01062465
0.01062393
0.01059818
0.01058745
0.01063919
0.01063704
0.01054907
0.01060629
0.01061296
0.01056862
0.01059723
0.01061320
0.01060438
0.01057529
0.01059175
0.01060867
0.01059437
0.01064157
0.01064730
0.01956224
0.01936793
0.01806808
0.01403570
0.01597691
0.01595116
0.02392244
0.01530504
0.01055193
0.01054096
0.01053166
0.01054883
0.01055503
0.01054907
0.01055574
0.01055622
0.01055789
0.01049399
0.01056480
0.01055479
0.01054621
0.01051545
0.01051116
0.01055384
0.01054335
0.01056099
0.01053238
0.01053786
0.01051617
0.01056123
0.01047826
0.01054788
0.01053882
0.01053905
0.01050186
0.01048899
0.01050615
0.01054382
0.01052570
