0.01499581
0.01253057
0.01200700
0.01183009
0.01177454
0.01178575
0.01184273
0.01188087
0.01177669
0.01176786
0.01174593
0.01183724
0.01185870
0.01181245
0.01179385
0.01179862
0.01186323
0.01180339
0.01176143
0.01177454
0.01182461
0.01176691
0.01173687
0.01176405
0.01179242
0.01183844
0.01186180
0.01181912
0.01183248
0.01181579
0.01180124
0.01180553
0.01178122
0.01173615
0.01170707
0.01177335
0.01180840
0.01178741
0.01175261
0.01174092
0.01177502
0.01185417
0.01197720
0.01182175
0.01176047
0.01175570
0.01176643
0.01177883
0.01174569
0.01178002
0.01175427
0.01177573
0.01172042
0.01172042
0.01175141
0.01187325
0.01176500
0.01177120
0.01172137
0.01175451
0.01191664
0.01181984
0.01176023
0.01182127
0.01176810
0.01183057
0.01178980
0.01180434
0.01179314
0.01181626
0.01179528
0.01179051
0.01178408
0.01181364
0.01185751
0.01185966
0.01180744
0.01174569
0.01183414
0.01183295
0.01185846
0.01185036
0.01180530
0.01180983
0.01182890
0.01180387
0.01185203
0.01185203
0.01181269
0.01183176
0.01175928
0.01180506
0.01179314
0.01183653
0.01184630
0.01178408
0.01175284
0.01182675
0.01187778
0.01184368
0.01182985
0.01177406
0.01178122
0.01178169
0.01177216
0.01176500
0.01177645
0.01181626
0.01180053
0.01186943
0.01183081
0.01181078
0.01173282
0.01190066
0.01180172
0.01182795
0.01175094
0.01180196
0.01187849
0.01176262
0.01173043
0.01177502
0.01183009
0.01191759
0.01177955
0.01175332
0.01171207
0.01181674
0.01176667
0.01178980
0.01174879
0.01179218
0.01178193
0.01176643
0.01175785
0.01179028
0.01178408
0.01186728
0.01175070
0.01175714
0.01173663
0.01182747
0.01184106
0.01181889
0.01173019
0.01176596
0.01176023
0.01184940
0.01178741
0.01176929
0.01176524
0.01179552
0.01183558
0.01180339
0.01176643
0.01181984
0.01180077
0.01173162
0.01170230
0.01176476
0.01178312
0.01187181
0.01178336
0.01176596
0.01175880
0.01178384
0.01183081
0.01181245
0.01181197
0.01172233
0.01178527
0.01174688
0.01178193
0.01177287
0.01173663
0.01186967
0.01175165
0.01175690
0.01174450
0.01178193
0.01189876
0.01179361
0.01175785
0.01176214
0.01181293
0.01189351
0.01181483
0.01181388
0.01172614
0.01173425
0.01174355
0.01175761
0.01174188
0.01169443
0.01178789
0.01168537
0.01170397
0.01171184
0.01175404
0.01176715
0.01173377
0.01173615
0.01170850
0.01172757
0.01174521
0.01174212
0.01171756
0.01169801
0.01166487
0.01171064
0.01173496
0.01172900
0.01183844
0.01173544
0.01174521
0.01175499
0.01178050
0.01176286
0.01174569
0.01168752
0.01168299
0.01174021
0.01174521
0.01176262
0.01171565
0.01166797
0.01167560
0.01171947
0.01172709
0.01171184
0.01164722
0.01166177
0.01177764
0.01171446
0.01173997
0.01175547
0.01168585
0.01168585
0.01174736
0.01172185
0.01177907
0.01176000
0.01169109
0.01174140
0.01174760
0.01173210
0.01169157
0.01172519
0.01169300
0.01167989
0.01169109
0.01166344
0.01170683
0.01171589
0.01167297
0.01168942
0.01166105
0.01174212
0.01172185
0.01174450
0.01166773
0.01161766
0.01165867
0.01170325
0.01173592
0.01172900
0.01167655
0.01165318
0.01166201
0.01169205
0.01176023
0.01171994
0.01165891
0.01167536
0.01170588
0.01177073
0.01174045
0.01170087
0.01166463
0.01169252
0.01176071
0.01166129
0.01172423
0.01174402
0.01175785
0.01168489
0.01168442
0.01170278
0.01172543
0.01175880
0.01164603
0.01166582
0.01168346
0.01174402
0.01171470
0.01164436
0.01158381
0.01163006
0.01167274
0.01165748
0.01165271
0.01163673
0.01162028
0.01168823
0.01170945
0.01164079
0.01166224
0.01162457
0.01172900
0.01167083
0.01168990
0.01165748
0.01171780
0.01169443
0.01163173
0.01165557
0.01167679
0.01172066
0.01171041
0.01165056
0.01170015
0.01164389
0.01166391
0.01175070
0.01171112
0.01168299
0.01165080
0.01169300
0.01170993
0.01172638
0.01168537
0.01165199
0.01172495
0.01164937
0.01163769
0.01170063
0.01176357
0.01181245
0.01169944
0.01168323
0.01167679
0.01170564
0.01173115
0.01171327
0.01169062
0.01167393
0.01172066
0.01169825
0.01166749
0.01171303
0.01169872
0.01169872
0.01171708
0.01169825
0.01170182
0.01173687
0.01168489
0.01171303
0.01168966
0.01172686
0.01175451
0.01174641
0.01168108
0.01165843
0.01166201
0.01169467
0.01167107
0.01172733
0.01167393
0.01165247
0.01169968
0.01170063
0.01173234
0.01174927
0.01167846
0.01173806
0.01178646
0.01175213
0.01172614
0.01173639
0.01170301
0.01172209
0.01172900
0.01175928
0.01174259
0.01172447
0.01166320
0.01169205
0.01169896
0.01175523
0.01173210
0.01167488
0.01169729
0.01167011
0.01171923
0.01179099
0.01172924
0.01171660
0.01172471
0.01171756
0.01177287
0.01175547
0.01174808
0.01170039
0.01176167
0.01176643
0.01177120
0.01176620
0.01171660
0.01181626
0.01169515
0.01174045
0.01174498
0.01175356
0.01177478
0.01171088
0.01171279
0.01169777
0.01176953
0.01176476
0.01172042
0.01228929
0.01205206
0.01180315
0.01182413
0.01176548
0.01169395
0.01167870
0.01478100
0.01172090
0.01171732
0.01172280
0.01180053
0.01182103
0.01175261
0.01176786
0.01170516
0.01185751
0.01178765
0.01171231
0.01169944
0.01165986
0.01173496
0.01175523
0.01173353
0.01170111
0.01168919
0.01176906
0.01177287
0.01173949
0.01173186
0.01169896
0.01175547
0.01173186
0.01173258
0.01171207
0.01177740
0.01184154
0.01172924
0.01174664
0.01173306
0.01173401
0.01175976
0.01166487
0.01166916
0.01164818
0.01168251
0.01171088
0.01170635
0.01166964
0.01167154
0.01173472
0.01168656
