0.01243186
0.01161599
0.01119876
0.01067519
0.01059747
0.01057553
0.01058221
0.01052237
0.01059866
0.01054311
0.01050520
0.01049113
0.01056242
0.01066279
0.01057386
0.01057386
0.01052523
0.01058173
0.01057386
0.01054168
0.01048779
0.01056480
0.01057863
0.01055288
0.01056147
0.01057506
0.01056600
0.01054859
0.01059699
0.01066184
0.01056838
0.01055312
0.01052999
0.01055455
0.01063609
0.01056433
0.01055837
0.01060653
0.01057339
0.01059914
0.01060510
0.01055479
0.01059461
0.01053286
0.01056004
0.01064396
0.01056099
0.01053786
0.01055145
0.01055145
0.01060128
0.01059628
0.01055145
0.01058745
0.01062727
0.01056194
0.01056337
0.01054144
0.01058626
0.01051998
0.01054549
0.01065111
0.01056361
0.01054454
0.01054311
0.01056862
0.01056600
0.01054788
0.01051879
0.01059031
0.01056576
0.01057458
0.01059461
0.01057291
0.01057291
0.01056576
0.01055098
0.01066732
0.01056671
0.01056457
0.01052666
