400.000,48.000,87.000,319.000
393.096,50.323,88.668,315.636
383.471,54.964,90.342,310.904
351.343,67.613,90.567,306.501
318.552,73.114,91.166,302.095
267.870,83.543,90.494,297.769
236.560,88.080,90.012,298.997
205.820,98.124,89.428,302.154
180.146,115.646,90.288,304.615
174.936,128.856,90.117,308.699
178.777,134.855,89.758,309.207
185.704,137.639,88.647,311.882
194.373,139.742,88.172,312.825
205.097,134.844,88.232,315.603
239.091,127.964,88.352,320.651
272.434,121.681,89.404,324.250
301.452,113.984,90.307,325.957
311.697,105.065,91.888,326.025
343.815,100.288,92.262,323.754
356.271,96.290,93.810,326.346
387.574,93.131,94.147,327.978
394.130,88.283,95.943,332.334
398.660,84.630,97.625,334.713
398.832,86.330,99.028,335.465
397.241,84.327,98.855,335.362
394.200,82.123,99.939,336.172
391.485,81.887,100.810,335.192
389.327,85.267,102.118,334.766
385.718,87.442,103.093,336.184
381.013,97.674,103.934,338.469
376.906,106.067,104.789,342.541
374.242,117.376,105.988,342.246
366.421,115.194,105.230,344.779
359.315,104.285,105.790,350.607
366.388,99.351,107.517,354.566
398.059,101.669,107.994,355.375
405.447,105.658,113.256,354.405
466.244,106.357,113.157,354.512
505.768,114.607,116.197,363.889
504.000,111.339,116.288,368.112
476.578,118.860,117.503,365.623
445.190,116.340,116.295,361.370
416.675,109.498,114.845,359.339
410.335,101.875,112.284,361.965
399.448,105.019,112.134,368.646
388.055,121.302,111.826,371.676
374.159,131.522,110.874,365.232
363.835,137.336,110.554,360.830
365.353,136.683,109.708,357.375
370.897,136.288,108.693,354.835
377.619,138.673,110.011,350.816
411.910,139.133,111.758,347.354
450.039,134.049,112.154,346.397
459.973,132.709,112.238,350.152
463.951,117.724,110.208,358.287
463.642,90.139,108.980,364.082
463.713,62.412,107.961,365.431
434.635,55.200,107.263,359.049
399.545,56.854,107.453,350.513
376.437,61.268,106.971,345.750
372.098,68.281,107.121,350.015
371.511,80.763,105.614,347.450
351.429,87.609,104.834,341.588
345.025,94.152,103.904,335.467
341.707,94.948,103.667,333.716
339.048,99.370,101.586,330.803
310.841,91.952,98.731,330.456
278.523,89.688,97.515,330.452
246.240,84.017,97.368,326.533
249.873,74.073,96.785,328.460
277.507,61.054,99.001,329.976
283.257,54.408,101.288,328.021
281.489,62.225,101.201,323.564
278.965,70.171,101.350,317.445
285.603,76.742,101.352,315.495
289.363,81.888,102.883,313.624
282.060,90.661,102.952,308.448
258.738,94.488,103.214,306.173
260.901,93.483,104.182,304.418
266.378,93.923,103.561,302.245
270.172,98.127,103.287,302.291
272.990,92.662,102.215,304.518
270.152,85.924,103.547,305.391
270.171,74.792,103.065,303.010
244.856,74.156,103.417,301.646
237.532,83.518,104.183,299.626
235.539,81.591,104.785,299.001
237.231,71.436,105.558,298.389
228.411,67.686,107.170,294.987
227.509,80.106,104.946,296.401
234.313,95.163,101.102,294.404
288.394,106.575,97.975,292.852
291.600,109.402,97.107,289.875
269.897,113.719,95.225,288.423
245.433,121.563,94.579,289.144
222.775,129.465,93.850,289.761
219.590,145.229,92.010,287.377
216.306,155.410,89.409,289.171
221.934,163.414,86.853,285.163
270.147,163.127,86.412,284.544
294.334,143.979,85.891,282.349
315.923,133.113,86.520,279.728
321.706,114.730,86.573,284.084
323.743,89.194,84.987,286.525
301.277,69.345,85.308,281.943
257.944,50.400,85.647,278.785
214.343,49.861,85.388,274.633
168.610,59.346,83.510,273.683
162.029,65.431,82.953,271.828
187.040,68.434,82.675,271.215
233.764,80.361,81.213,271.299
245.087,93.594,81.507,271.733
251.204,96.093,82.249,270.644
258.832,97.726,82.032,270.046
267.534,98.531,82.807,270.334
250.670,107.884,81.358,271.895
228.428,112.816,81.371,270.800
231.622,115.679,80.215,271.581
295.415,117.422,80.466,268.345
319.222,124.550,82.017,269.001
317.021,124.663,82.618,269.487
318.332,125.866,83.321,268.988
326.508,120.797,84.454,269.149
331.157,122.063,84.369,270.517
307.475,124.314,83.209,267.998
286.156,118.490,84.433,269.832
307.007,121.607,83.439,267.743
332.010,132.093,84.234,270.181
331.767,131.529,83.342,271.717
309.851,134.320,83.433,273.146
306.527,137.690,82.275,274.310
285.773,137.181,81.481,273.599
260.299,143.761,80.318,273.070
233.370,151.473,80.362,274.810
206.833,151.627,79.696,274.210
183.724,150.750,79.473,276.654
185.985,148.346,80.727,276.993
211.695,143.691,81.193,273.282
239.655,138.957,80.934,270.083
268.843,135.955,80.624,269.367
297.037,131.593,80.661,266.641
325.375,125.570,81.180,266.655
333.372,114.487,82.541,272.894
334.056,105.560,81.258,273.522
294.265,96.448,80.904,274.161
252.183,90.223,81.175,274.037
208.936,83.106,81.307,271.195
183.617,82.095,80.433,268.033
160.817,87.989,80.376,269.037
163.584,96.473,79.896,267.742
172.572,106.228,79.184,267.382
199.550,115.588,78.146,267.625
223.878,119.042,77.887,264.667
248.504,120.868,78.208,263.569
255.687,119.856,78.757,264.652
257.525,120.617,78.948,265.463
254.818,121.006,80.042,267.272
254.072,121.908,81.164,267.119
262.130,124.602,81.359,266.112
308.629,123.000,81.622,262.966
332.490,111.308,84.352,261.154
339.567,104.805,89.338,258.511
347.192,100.330,91.306,258.420
346.806,98.461,90.689,256.813
324.593,97.563,88.429,256.165
285.244,97.393,86.677,256.118
245.163,97.926,85.183,256.320
215.513,100.513,86.632,252.839
211.227,105.633,86.712,254.594
218.982,112.173,88.613,256.084
219.539,120.863,89.746,257.653
218.085,126.181,90.140,258.165
220.195,130.126,90.866,257.636
216.152,133.230,90.125,255.461
194.545,131.728,87.746,255.862
168.232,127.697,87.475,254.349
164.571,126.299,88.363,256.676
172.320,126.653,88.961,260.228
202.615,126.015,88.114,258.135
229.238,119.775,87.775,258.136
238.777,121.233,87.794,258.776
245.905,122.304,87.960,259.152
257.252,120.049,88.128,259.289
266.909,117.580,87.542,259.692
262.757,122.359,85.046,257.782
236.090,124.871,84.405,257.252
230.398,133.371,82.977,259.026
226.766,145.669,82.912,257.692
252.251,148.561,81.818,253.500
283.738,151.342,83.449,248.949
305.955,153.843,83.231,247.723
311.842,147.038,82.657,248.370
323.365,137.902,82.709,248.862
323.334,131.887,81.277,244.918
264.770,122.995,80.323,240.879
223.401,114.618,79.767,238.160
200.860,120.469,79.072,237.937
195.901,130.841,77.191,244.638
200.041,145.661,76.180,244.502
240.561,149.771,76.077,240.443
283.294,153.128,75.346,242.119
292.035,159.080,75.577,244.463
315.026,158.417,75.763,241.827
343.283,161.991,75.599,241.625
352.441,165.894,75.043,242.181
351.185,167.628,75.262,239.666
332.366,167.298,75.148,237.574
310.177,166.415,74.871,236.240
274.999,162.756,75.213,236.204
253.017,154.266,75.630,235.713
250.158,145.801,75.151,236.578
289.496,136.294,73.253,233.926
329.914,132.232,72.868,233.409
369.193,135.167,73.697,233.619
406.427,137.695,73.543,233.510
445.580,139.219,73.054,233.356
470.216,142.743,72.302,238.917
476.306,140.137,70.889,243.357
478.838,132.374,69.816,247.145
462.568,126.705,70.740,245.389
426.239,120.707,71.714,241.723
388.717,119.245,73.424,238.355
332.628,124.304,74.102,236.174
294.511,129.543,74.363,235.521
272.909,133.902,74.396,237.903
249.938,141.097,75.467,241.145
245.879,149.594,76.169,243.326
265.863,155.429,76.590,243.390
290.084,158.175,76.930,244.479
312.923,153.670,77.709,246.294
312.791,146.663,77.884,249.264
293.549,142.437,78.795,251.450
270.420,134.923,79.784,250.974
228.969,129.469,81.221,249.233
167.400,124.750,81.649,246.755
121.624,127.320,81.576,248.192
95.809,128.477,82.680,251.168
92.254,126.489,84.086,255.485
95.777,124.479,84.040,256.523
124.239,121.129,83.692,259.215
154.354,121.238,83.967,259.485
182.086,117.862,83.482,258.958
210.857,115.076,83.108,258.786
240.934,114.762,83.798,257.338
267.392,112.320,84.532,257.300
277.564,108.667,85.185,260.046
284.331,107.062,85.678,259.777
280.434,102.133,84.982,260.735
241.546,96.959,84.268,260.517
219.162,92.385,83.575,260.733
195.237,91.738,82.691,260.868
166.345,92.653,82.185,262.238
155.836,96.463,81.259,263.232
157.815,102.786,80.694,262.657
182.733,108.906,80.049,261.141
211.826,116.165,80.755,259.681
241.472,125.400,81.038,258.925
265.834,136.208,80.417,260.307
269.286,141.995,79.714,260.122
276.413,144.068,80.361,263.990
271.331,146.149,80.410,263.783
246.691,142.164,81.354,264.409
226.949,139.199,82.895,267.480
230.721,137.732,83.543,267.830
258.435,129.993,82.931,270.681
267.767,123.485,84.013,271.979
248.798,120.136,84.044,269.697
238.571,120.119,83.542,269.921
237.060,117.490,84.240,272.138
231.706,116.332,83.621,271.285
185.465,115.945,82.878,267.935
135.476,117.995,82.848,265.853
112.057,121.061,85.195,265.618
103.625,125.225,85.467,264.659
80.043,131.101,86.270,263.699
82.433,136.241,86.258,264.321
108.951,136.180,83.608,268.151
137.648,129.092,82.316,274.111
169.528,127.418,81.974,277.319
190.858,117.939,82.037,281.166
199.056,101.907,81.340,290.336
205.517,92.303,79.973,297.691
202.766,85.618,80.337,293.839
157.028,88.004,79.878,294.523
134.007,86.311,79.593,296.195
137.155,92.183,79.115,299.617
142.812,104.249,80.482,300.053
188.623,108.332,82.646,300.098
217.695,112.193,85.699,300.377
240.545,112.690,86.336,300.420
242.081,121.170,86.896,298.846
266.275,123.905,86.947,301.153
269.066,124.556,87.507,305.743
245.939,126.954,86.970,309.221
247.770,131.779,87.828,313.635
297.769,132.007,87.943,318.551
322.640,123.108,88.693,323.132
323.414,114.206,88.752,328.146
325.877,106.471,89.757,332.380
327.743,101.983,91.253,331.189
301.616,90.826,92.824,328.206
246.408,84.374,95.174,321.664
189.932,94.808,95.044,320.406
159.459,103.060,93.500,323.377
131.924,117.924,93.259,327.757
104.008,129.452,92.765,329.098
100.557,139.481,92.001,328.493
99.716,145.030,91.548,329.081
124.689,148.261,93.152,325.313
154.381,149.921,94.896,324.521
182.951,144.282,96.241,324.017
211.236,138.011,96.772,323.227
238.472,137.257,96.171,321.259
242.730,133.578,95.201,322.605
245.920,119.063,94.493,322.658
239.223,112.056,93.573,316.803
208.847,109.835,92.322,313.488
181.599,107.359,91.447,311.168
176.472,110.553,90.437,308.888
178.344,111.432,89.565,309.268
205.448,117.372,88.923,306.632
234.537,124.983,88.685,302.863
261.785,124.278,88.251,302.719
287.182,124.564,88.519,302.909
290.288,123.020,88.491,301.464
291.447,120.596,88.096,299.562
293.761,114.108,87.605,298.346
296.846,107.887,86.721,295.221
296.955,108.070,86.558,293.742
299.007,104.988,87.527,292.755
324.389,96.680,91.402,290.424
351.358,92.622,89.366,288.406
345.211,99.088,86.822,282.931
337.292,98.575,84.287,281.785
