164.000,121.000,27.000,24.000
164.368,121.748,26.963,23.854
165.353,121.150,26.972,23.743
165.736,120.746,27.129,23.603
164.768,121.042,27.369,23.486
166.321,120.660,27.283,23.877
166.316,120.121,27.194,23.860
166.919,119.907,27.042,24.004
166.317,121.134,27.239,23.895
167.821,120.494,27.066,23.809
166.941,120.731,27.057,23.788
167.395,121.173,26.979,23.767
168.399,121.175,27.044,23.925
168.590,121.412,27.138,23.910
167.900,121.816,27.381,24.032
167.974,121.267,27.501,24.033
168.304,121.308,27.717,24.140
168.584,120.910,27.707,24.201
169.200,120.490,27.681,24.391
169.333,120.588,27.829,24.177
169.122,121.010,27.839,24.192
170.178,121.468,27.957,24.160
170.951,120.943,27.994,24.237
170.589,121.366,28.148,24.356
170.696,121.535,28.102,24.284
170.949,121.500,28.057,24.140
171.072,121.534,28.268,24.057
171.524,120.440,28.012,24.121
170.619,119.945,28.107,23.991
170.465,119.161,28.226,23.874
170.392,119.527,28.602,24.077
170.987,120.076,28.557,24.186
170.028,119.826,28.715,24.431
170.674,121.208,28.763,24.628
169.638,121.463,28.759,24.681
169.297,121.621,29.256,24.684
169.628,121.614,29.228,24.895
169.652,120.947,29.068,24.864
169.128,120.973,29.147,24.930
168.759,120.846,29.344,24.835
169.127,120.493,29.529,24.836
169.394,120.563,29.477,24.938
168.319,120.362,29.602,24.890
168.364,121.978,29.616,24.926
168.749,122.745,29.697,25.011
168.092,123.920,29.924,25.097
168.436,124.352,29.816,25.268
168.624,124.210,29.853,25.261
167.756,123.867,29.838,25.372
167.982,123.602,30.001,25.255
168.428,123.237,29.825,25.089
167.784,122.916,29.914,24.808
167.128,123.361,29.891,24.889
167.800,122.603,29.783,24.679
167.403,123.027,29.982,24.571
167.286,122.841,30.140,24.341
167.038,122.238,29.843,24.497
167.673,122.592,30.256,24.377
167.761,123.467,30.319,24.511
167.478,123.092,30.136,24.439
167.589,122.947,29.988,24.511
167.372,123.003,29.955,24.600
167.185,123.819,29.929,24.762
167.220,122.908,29.759,24.503
167.325,122.795,29.643,24.461
167.863,122.800,29.501,24.532
167.226,122.703,29.377,24.398
168.146,122.502,29.403,24.353
167.699,122.165,29.359,24.205
167.538,122.021,29.283,24.196
167.408,121.738,29.435,24.073
167.017,122.515,29.387,24.081
167.543,123.177,29.439,24.037
166.948,123.523,29.721,24.047
167.751,123.549,29.653,23.942
168.277,123.441,29.735,23.855
167.409,122.915,29.680,23.914
167.724,123.255,29.363,24.195
168.179,122.579,29.187,24.440
169.155,122.376,29.343,24.633
168.515,121.592,29.203,24.614
169.196,121.389,28.930,24.836
169.613,121.739,28.960,25.252
169.214,121.790,29.090,25.472
170.080,121.338,28.978,25.374
169.799,120.399,29.070,25.430
169.558,120.362,29.081,25.563
169.718,120.880,29.342,25.836
169.824,121.088,29.145,25.979
170.058,120.906,28.863,26.107
170.595,121.193,28.761,26.304
170.398,121.567,28.735,26.380
170.908,120.982,28.944,26.106
171.171,120.626,29.100,26.126
171.502,120.572,28.838,26.097
171.759,120.555,28.814,26.103
172.145,120.575,28.852,26.223
171.554,121.240,29.058,25.992
172.097,121.562,29.114,26.047
172.770,121.857,28.856,26.019
172.956,121.746,28.775,25.836
172.996,122.207,28.700,25.592
172.837,121.909,28.802,25.213
173.611,121.958,28.861,25.194
173.298,121.786,29.045,25.142
173.744,122.381,29.108,25.288
173.558,121.875,29.105,25.079
173.623,122.314,29.184,25.209
174.119,121.670,29.284,25.281
174.600,120.908,29.165,25.182
174.214,121.010,28.915,25.171
173.835,120.943,28.915,25.326
174.089,121.634,28.825,25.466
174.828,121.461,28.969,25.406
174.570,121.306,29.071,25.399
174.675,121.402,28.612,25.483
174.628,122.440,28.957,25.354
174.526,122.634,29.075,25.305
174.358,122.526,29.097,25.442
174.608,122.629,29.355,25.493
174.436,122.794,29.627,25.717
173.908,122.367,29.684,25.576
174.195,121.467,29.754,25.264
173.864,121.337,29.740,25.511
173.660,122.083,30.034,25.550
173.057,122.242,29.810,25.513
173.409,122.097,30.081,25.503
173.316,122.210,30.400,25.442
172.452,122.909,30.230,25.669
171.655,123.528,30.628,25.525
171.990,123.318,30.841,25.567
171.575,123.548,31.159,25.591
171.597,123.975,31.268,25.809
171.629,123.466,31.016,25.739
172.188,122.589,31.185,25.583
172.050,122.436,30.965,25.570
172.165,122.199,30.726,25.470
172.098,122.719,30.647,25.508
172.414,121.877,30.581,25.336
173.001,121.837,30.216,25.177
172.626,122.138,30.045,25.014
172.709,122.623,30.160,24.954
172.238,122.212,29.863,24.900
173.000,120.820,29.839,24.990
172.321,121.439,30.038,25.041
172.859,120.940,29.708,24.892
173.315,120.671,29.346,24.908
172.821,120.304,29.423,24.761
171.622,120.078,29.423,24.809
172.565,120.561,29.160,25.044
172.247,120.775,29.265,25.200
172.416,120.368,29.221,25.113
171.571,121.064,29.310,25.264
171.667,121.013,29.375,25.334
172.308,120.980,29.288,25.123
172.202,121.373,29.177,25.216
171.948,122.319,29.353,25.592
170.954,122.831,29.488,25.840
171.386,123.251,29.672,25.944
171.387,122.839,30.124,25.707
171.440,122.376,30.475,25.568
171.702,122.154,30.332,25.376
171.429,122.062,30.513,25.450
171.409,122.107,30.448,25.501
170.601,122.307,30.562,25.392
171.285,122.341,30.627,25.450
171.298,122.219,30.710,25.402
170.954,123.046,30.739,25.507
170.430,124.037,30.649,25.711
170.995,124.036,30.610,25.855
170.475,124.106,30.728,25.798
170.914,123.804,30.428,25.865
170.440,123.362,30.217,25.675
170.196,122.868,30.096,25.643
170.671,122.558,29.938,25.682
170.031,122.815,30.040,25.767
170.235,121.802,29.940,25.614
170.067,121.260,29.784,25.418
170.739,121.604,29.897,25.242
169.959,121.613,29.905,25.122
169.966,121.187,29.784,25.009
170.093,120.472,29.745,24.899
170.094,120.392,29.748,24.897
170.395,120.051,29.330,25.237
169.719,119.818,29.230,25.280
169.580,119.743,29.266,25.339
168.998,119.872,29.421,25.458
169.145,119.731,29.272,25.435
168.756,119.490,29.242,25.493
168.737,119.312,29.528,25.274
168.730,118.793,29.240,25.298
168.240,118.673,29.227,25.147
168.705,118.470,29.188,25.146
167.688,117.798,29.298,24.829
168.354,117.683,29.236,24.779
168.002,117.430,29.036,24.927
167.332,117.573,28.989,24.973
167.241,117.709,29.215,24.849
166.973,117.449,29.158,24.890
165.859,117.254,29.061,25.143
166.677,116.809,29.353,24.925
166.332,115.153,29.044,24.900
166.077,114.932,29.016,24.753
165.493,114.888,29.194,24.720
165.478,115.204,29.378,24.837
165.575,114.430,29.456,24.945
164.925,115.114,29.613,25.042
164.938,114.906,29.761,25.334
164.427,115.261,29.929,25.211
163.994,115.885,30.030,25.476
163.142,116.272,30.276,25.569
164.272,116.601,30.037,25.629
163.969,116.825,29.951,25.958
163.253,117.507,30.019,26.240
163.076,118.077,30.148,26.476
163.018,119.206,30.255,26.872
162.719,120.135,30.352,27.073
162.439,120.976,30.450,26.989
162.083,121.611,30.562,26.996
162.196,121.879,30.724,26.731
161.624,122.072,30.712,26.660
161.788,121.898,30.887,26.531
161.730,120.905,30.809,26.466
160.765,120.248,31.000,26.096
160.264,120.193,30.879,26.062
160.703,120.263,30.855,25.846
160.516,120.623,30.795,26.043
159.948,120.174,30.885,25.728
160.475,119.601,30.798,25.663
160.298,119.768,30.917,25.746
159.832,119.098,30.684,26.012
159.885,118.473,30.903,26.067
160.167,118.018,30.864,26.169
160.199,117.753,30.941,26.140
159.741,117.978,31.193,26.157
159.646,117.644,31.182,26.270
160.210,117.846,31.045,26.485
160.000,117.734,31.114,26.417
160.119,117.375,31.065,26.271
160.849,116.040,30.876,26.373
160.410,115.429,31.051,26.334
160.694,114.943,30.943,26.345
160.712,115.648,31.251,26.622
160.466,115.973,31.319,26.728
160.521,115.322,31.455,26.441
161.046,115.197,31.186,26.638
161.139,115.467,31.477,26.932
161.232,115.241,31.393,26.941
161.328,113.813,31.385,26.591
160.887,113.247,31.403,26.466
161.674,113.366,31.550,26.449
161.875,113.072,31.495,26.590
162.180,112.479,31.483,26.732
162.185,113.048,31.653,26.942
162.415,112.175,31.665,27.062
162.228,112.775,31.595,27.250
162.143,113.565,31.637,27.469
163.268,113.502,31.420,27.690
162.955,114.416,31.443,28.035
163.003,114.481,31.505,27.900
163.066,114.531,31.536,27.794
163.206,113.753,31.589,27.624
163.424,113.135,31.589,27.553
164.057,113.311,31.595,27.557
163.986,113.740,31.699,27.523
164.121,112.995,31.714,27.277
164.461,113.162,31.952,27.410
165.112,113.326,31.985,27.355
164.773,113.694,32.170,27.546
165.261,113.880,32.105,27.313
165.755,113.347,31.927,27.382
165.003,113.655,31.928,27.929
166.000,113.553,31.961,27.920
166.524,112.976,31.867,27.981
166.166,113.742,31.910,28.532
166.344,113.525,31.980,28.418
167.109,113.148,31.909,28.644
166.799,113.662,31.914,28.827
167.723,113.670,32.260,28.387
167.816,114.410,32.165,28.664
168.330,114.117,32.187,28.709
168.547,114.538,32.451,28.963
169.200,113.685,32.162,28.866
169.405,113.822,32.239,29.145
169.446,113.620,32.187,29.248
169.545,114.060,32.359,29.407
169.354,113.892,32.374,29.598
169.040,114.366,32.722,29.410
170.713,115.109,32.676,29.386
170.695,114.405,32.630,28.970
170.351,114.285,32.999,29.014
170.678,115.147,32.868,29.170
171.252,115.031,32.849,29.161
171.623,114.937,32.721,29.204
172.051,114.925,32.932,29.029
171.666,115.316,32.727,29.200
172.253,115.770,33.032,29.185
173.180,115.801,33.003,29.356
173.129,115.268,32.878,29.275
172.735,115.130,32.741,29.187
173.290,114.296,32.848,28.953
173.213,114.050,32.594,28.975
173.065,114.321,32.560,29.120
173.364,115.219,32.840,29.142
172.762,115.408,33.082,29.179
173.072,116.259,33.081,29.156
173.243,116.486,32.909,29.250
172.795,116.688,32.931,29.167
173.722,117.082,32.911,29.148
173.463,116.471,32.821,28.977
173.168,116.433,32.796,28.933
173.533,116.578,32.888,28.759
174.167,116.767,32.973,28.701
173.560,116.701,32.580,28.822
173.950,116.886,32.661,29.084
173.288,117.140,32.585,29.426
173.074,117.307,32.533,29.296
173.695,117.394,32.750,29.183
173.083,118.195,33.033,29.205
173.214,118.288,33.038,28.938
172.807,118.584,33.080,28.780
172.995,118.271,33.254,28.656
172.573,117.665,33.171,28.579
172.258,118.111,33.399,28.835
173.022,117.720,33.402,28.549
172.311,118.277,33.478,28.856
172.360,118.527,33.483,28.698
172.979,117.614,33.092,28.558
172.662,117.290,33.229,28.546
172.331,116.226,33.182,28.532
172.428,116.405,33.241,29.023
171.324,117.017,33.479,29.054
171.362,116.482,33.667,28.616
171.024,116.517,33.785,28.650
171.560,116.567,33.898,28.834
170.363,116.871,33.965,29.023
171.034,117.233,34.036,29.253
169.903,117.196,33.837,29.498
170.557,117.655,34.025,29.618
169.271,118.187,34.132,29.670
170.048,117.298,34.000,29.701
169.316,117.487,33.929,29.595
168.305,117.543,34.145,29.723
168.349,117.840,34.453,29.720
167.816,117.525,34.129,29.633
167.055,117.518,34.233,29.582
167.380,117.202,34.235,29.442
166.890,117.317,34.229,29.397
165.698,118.023,34.199,29.488
165.104,118.296,34.478,29.440
164.555,117.846,34.639,29.489
164.558,117.996,34.507,29.512
163.322,117.714,34.337,29.583
163.248,116.864,34.383,29.528
162.877,116.974,34.413,29.635
161.335,117.461,34.406,29.572
161.429,117.375,34.537,29.508
161.893,116.811,34.377,29.195
161.654,117.752,34.433,29.668
162.146,117.780,34.279,29.974
161.610,117.941,34.099,30.197
161.217,116.849,34.131,29.844
161.456,116.923,34.245,29.803
161.379,116.987,34.045,29.649
161.490,117.120,34.186,29.712
160.654,116.989,34.422,29.584
161.762,116.508,34.212,29.576
161.335,116.390,34.268,29.835
161.816,116.345,34.117,29.631
161.685,116.533,33.955,29.850
161.327,116.598,33.996,30.043
161.755,116.249,33.922,29.915
161.978,115.851,33.785,29.970
162.553,115.377,33.635,30.137
162.850,115.469,33.913,30.440
162.743,114.946,33.652,30.176
162.317,115.824,33.495,30.392
162.871,115.796,33.692,30.519
162.954,115.025,33.649,30.423
163.044,114.616,33.833,30.247
163.090,114.579,33.687,30.406
163.171,114.999,33.613,30.707
163.204,114.905,33.801,30.811
163.400,115.025,33.601,30.929
163.157,115.108,33.644,31.159
162.844,115.072,33.767,30.919
162.712,115.644,33.895,30.847
162.703,116.228,34.000,30.769
163.037,115.817,33.934,30.785
163.506,115.958,34.115,30.723
163.185,115.821,34.255,30.436
164.191,115.170,34.368,30.253
164.313,115.031,34.236,30.356
163.976,115.815,34.240,30.429
163.699,116.475,34.377,30.496
164.161,116.819,34.491,30.445
163.899,116.373,34.451,30.403
164.296,116.265,34.464,30.412
164.171,117.479,34.468,30.636
164.262,118.458,34.575,30.655
164.503,118.077,34.477,30.460
164.797,117.513,34.342,30.321
164.584,117.909,34.386,30.553
164.464,118.057,34.586,30.458
164.339,117.872,34.674,30.620
164.874,117.155,34.566,30.525
163.775,117.233,34.407,30.718
164.840,116.726,34.630,30.557
163.519,116.597,34.615,30.319
164.349,118.167,34.575,30.521
164.205,118.266,34.644,30.612
164.284,118.184,34.746,30.607
163.579,118.852,34.766,30.722
163.824,118.201,34.774,30.304
164.038,117.822,34.768,30.239
164.048,118.583,34.803,30.495
164.290,118.498,34.999,30.313
164.919,117.994,35.062,30.043
164.632,117.330,34.756,30.027
164.655,117.571,34.800,30.348
164.499,117.928,34.972,30.582
164.618,117.837,35.130,30.565
164.679,117.562,35.289,30.688
164.568,117.755,35.404,30.880
165.147,117.615,35.531,30.863
164.591,118.185,35.399,31.102
165.469,117.365,35.400,31.149
165.249,117.742,35.554,31.414
164.840,117.268,35.409,31.236
165.013,116.558,35.565,31.258
165.139,116.430,35.623,31.502
164.567,117.990,35.638,31.760
165.029,117.799,36.134,31.762
164.167,117.736,36.447,31.808
164.754,117.145,36.537,31.736
164.313,117.541,36.408,31.997
163.817,117.422,36.482,31.860
164.125,117.906,36.465,31.971
163.699,117.898,36.484,31.962
164.027,117.761,36.567,31.871
163.545,118.333,36.549,31.915
163.934,117.976,36.578,31.700
163.599,118.093,36.407,31.912
163.263,118.259,36.168,32.155
163.349,118.247,36.407,32.273
163.011,117.852,36.515,32.058
162.463,117.557,36.448,31.981
162.655,117.729,36.463,32.419
162.151,117.909,36.535,32.289
161.882,117.819,36.577,32.225
161.279,117.529,36.462,32.343
161.041,117.573,36.430,32.507
160.495,118.122,36.525,32.517
159.761,118.355,36.585,32.604
159.567,117.339,36.562,32.419
159.479,117.383,36.480,32.233
158.827,117.601,36.614,32.707
157.459,118.657,36.847,32.905
156.856,118.393,37.045,32.951
157.428,118.195,37.245,33.036
156.862,118.463,37.119,33.332
156.965,117.795,37.213,33.282
155.908,117.628,37.300,33.230
155.722,117.368,37.034,33.077
155.616,118.035,37.036,33.172
154.450,119.181,37.003,33.087
154.054,118.442,37.160,32.784
153.300,118.598,37.416,32.816
152.544,118.710,37.546,32.736
152.039,118.793,37.668,32.812
151.802,118.429,37.676,32.602
151.731,118.298,37.624,32.837
150.170,118.525,37.660,32.677
149.059,118.365,37.980,32.561
148.695,118.120,37.903,32.768
147.741,117.538,37.975,32.824
147.168,117.314,38.267,33.023
146.765,116.793,38.213,33.236
146.701,116.744,38.312,33.255
145.614,116.167,38.060,33.513
144.113,116.518,38.268,33.735
143.744,116.668,38.321,33.999
143.528,115.663,38.766,33.931
142.463,114.726,39.063,33.857
142.602,115.356,39.015,33.961
141.227,116.007,39.141,34.054
141.340,115.941,39.026,34.075
141.321,116.783,39.078,34.352
140.285,115.746,39.148,34.171
139.202,115.076,39.412,34.429
139.852,115.041,39.446,34.204
138.833,115.642,39.365,34.489
138.580,115.899,39.457,34.566
138.019,115.462,39.581,34.541
138.187,115.353,39.548,34.496
137.936,114.323,39.574,34.899
137.548,114.483,39.360,34.820
137.523,115.111,39.179,35.226
137.173,115.277,39.092,35.455
136.711,114.422,39.325,35.503
136.266,113.506,39.355,35.637
136.406,113.891,39.199,35.225
135.323,113.477,39.465,35.281
134.389,113.742,39.758,34.956
134.323,113.869,39.726,34.996
134.154,114.209,39.731,34.987
133.313,114.966,39.950,35.060
132.745,115.466,40.238,34.689
133.042,115.479,40.238,34.987
132.038,115.565,40.648,34.817
132.383,115.526,40.889,34.760
131.817,115.472,40.997,34.649
130.574,115.977,41.088,34.516
129.894,116.033,41.300,34.212
128.964,116.851,41.303,34.212
128.785,116.773,41.080,33.911
128.397,116.721,41.050,33.653
129.044,116.234,40.817,33.457
128.909,116.859,40.811,33.326
127.713,116.981,40.840,33.276
126.646,117.417,40.976,33.198
125.776,116.958,40.900,33.010
125.784,116.849,40.883,33.137
125.159,117.706,42.262,31.716
123.689,118.394,43.406,30.839
122.988,118.604,43.829,30.139
122.113,118.626,44.175,29.870
121.539,118.598,44.178,29.852
121.190,118.247,44.244,29.566
121.415,118.189,44.116,29.401
119.442,118.819,44.298,29.426
119.356,118.935,44.074,29.333
119.394,119.167,43.974,29.187
120.496,117.563,42.651,30.342
119.262,117.921,42.840,29.774
118.439,118.781,43.273,29.215
118.028,119.157,43.598,28.787
117.536,118.781,43.809,28.707
116.180,118.741,43.886,28.627
115.971,118.072,43.784,28.588
115.246,118.548,44.084,28.389
114.180,118.647,44.212,28.155
113.561,118.846,44.574,28.143
113.560,119.370,45.005,27.999
113.725,118.562,44.398,28.226
113.751,117.915,44.280,28.375
112.674,117.740,44.733,28.257
111.461,118.445,45.089,28.271
109.956,119.200,45.421,28.362
109.576,119.438,45.585,28.769
109.460,119.401,45.920,28.564
108.164,119.975,46.301,28.568
107.155,120.016,46.421,28.637
106.408,120.488,46.839,28.667
105.744,120.532,47.437,28.685
105.341,120.116,47.339,28.816
104.452,119.944,47.197,28.788
104.116,119.477,47.457,28.903
103.527,119.374,47.641,28.874
103.191,119.650,48.280,28.849
102.817,119.682,48.413,28.981
101.396,119.764,48.922,29.045
101.132,119.514,48.962,29.001
100.471,118.884,48.966,29.072
100.667,118.992,49.505,29.118
99.783,119.189,49.907,29.351
99.377,119.044,49.636,29.640
98.718,118.723,49.692,30.108
98.532,119.216,49.881,30.427
98.852,119.576,49.974,30.489
98.278,119.048,49.762,30.783
97.545,118.969,49.722,30.949
97.240,118.889,50.109,31.023
97.482,119.507,50.714,30.571
97.677,119.007,50.447,30.742
97.725,118.166,49.877,30.822
97.237,117.369,49.518,30.895
96.831,117.996,49.699,30.864
97.140,118.035,49.771,30.952
96.787,118.339,49.812,30.793
96.007,118.845,50.236,30.753
95.836,118.782,49.943,30.818
96.425,119.376,50.081,30.852
96.247,119.305,50.101,31.082
96.201,118.555,49.982,31.400
95.512,118.206,49.888,31.456
95.646,117.991,49.645,31.420
95.996,117.829,49.736,31.437
95.836,117.871,49.764,31.236
95.569,118.605,50.157,30.918
95.299,118.282,50.020,31.061
95.512,117.938,49.908,31.190
96.359,116.730,49.347,31.308
95.242,117.155,49.225,31.487
95.050,117.569,49.516,31.172
95.375,117.443,49.124,31.292
96.118,116.464,48.790,31.462
94.996,116.602,48.537,31.708
95.269,117.247,48.633,31.706
95.407,117.262,48.478,31.693
95.099,117.292,48.235,31.747
95.099,117.706,48.452,31.826
95.031,117.471,48.487,31.897
94.975,117.731,48.481,31.849
95.091,117.305,48.148,31.952
95.431,117.185,47.902,32.159
95.464,117.164,48.013,31.880
95.516,116.842,48.018,32.036
95.206,117.047,48.013,32.278
95.084,117.088,48.179,32.242
94.975,117.116,48.317,32.233
94.836,116.617,48.302,32.224
95.438,116.486,47.957,32.791
95.522,116.524,47.524,32.965
95.324,116.017,47.154,33.144
95.885,115.740,46.728,33.155
95.740,115.561,46.705,33.241
95.898,115.990,46.954,33.030
95.588,115.438,46.965,33.325
94.976,115.952,47.108,33.326
94.991,116.032,46.913,33.155
94.824,116.328,47.056,33.067
95.486,116.071,46.865,32.944
94.799,115.973,47.075,32.767
94.388,116.053,47.453,32.677
94.779,115.600,47.647,32.894
94.084,115.700,47.782,32.682
94.190,116.038,47.982,32.422
93.178,116.317,48.525,32.038
93.188,116.550,48.521,31.782
93.660,117.607,48.613,31.553
93.532,117.304,48.396,31.803
93.474,117.209,48.606,31.996
93.555,116.636,48.598,31.896
93.806,116.606,48.381,32.074
93.782,116.691,48.402,32.080
94.028,116.330,48.227,32.238
93.025,116.200,48.284,32.230
92.982,116.063,48.121,32.277
92.550,116.152,48.249,32.384
93.016,116.120,48.324,32.348
92.550,116.258,48.403,32.395
93.327,116.373,48.417,32.424
92.345,116.585,48.511,32.351
92.463,116.834,48.414,32.500
93.253,116.832,48.070,32.595
93.470,116.297,47.970,32.481
92.389,116.653,48.057,32.344
92.239,116.622,48.123,32.609
92.842,116.351,48.098,32.555
92.435,116.430,48.267,32.599
91.617,116.583,48.413,32.609
91.604,116.879,48.605,32.448
91.736,116.899,48.453,32.251
91.707,117.139,48.518,31.948
91.669,117.837,48.678,31.691
90.806,118.291,48.931,31.510
91.277,118.362,48.949,31.609
91.125,118.148,48.633,31.579
91.394,118.310,48.610,31.618
90.672,118.670,48.593,31.594
90.774,119.117,48.599,31.684
91.164,119.001,48.479,31.894
90.504,119.540,48.347,31.724
90.051,119.683,48.185,31.672
90.130,119.346,48.060,31.780
89.713,119.635,48.213,31.844
89.744,118.834,47.846,31.951
89.913,119.259,47.975,31.957
89.480,119.594,47.727,32.128
89.729,119.467,47.702,32.181
89.022,119.111,47.858,32.044
88.911,119.010,48.007,31.971
88.781,119.313,47.974,32.132
88.005,119.778,48.281,32.098
87.393,120.063,48.411,32.006
88.278,119.181,48.235,32.250
87.656,119.135,48.315,32.181
87.442,118.906,48.353,32.127
87.815,119.180,48.169,32.223
87.014,119.419,48.261,32.130
86.526,120.183,48.192,32.010
86.422,120.502,48.306,31.880
85.792,120.887,48.345,31.880
86.676,120.153,48.254,31.818
86.535,119.812,48.044,31.916
86.265,120.017,47.964,31.824
86.263,120.964,47.849,31.925
85.446,121.374,47.737,31.785
86.137,120.757,47.415,31.862
86.490,120.487,47.290,32.056
86.464,120.143,47.269,32.390
85.659,120.252,46.983,32.199
86.024,119.762,46.826,32.300
86.333,118.984,47.078,32.246
85.167,119.216,47.462,32.241
85.473,119.480,47.534,32.114
85.539,119.577,47.551,32.048
85.253,119.987,47.702,31.937
85.059,120.684,47.879,31.644
85.838,120.182,47.439,31.741
85.274,119.836,47.436,31.859
85.154,120.130,47.498,31.687
85.482,119.888,47.394,31.884
85.903,119.568,47.256,31.637
85.681,118.609,47.559,31.366
85.545,118.471,47.609,31.142
85.226,118.360,47.900,31.180
85.640,118.690,47.676,31.207
85.454,118.570,47.795,31.217
85.379,118.830,47.785,31.115
84.936,119.109,47.932,30.990
85.398,118.692,48.114,30.843
85.371,118.299,48.214,30.950
86.310,117.855,47.931,30.897
85.265,117.918,47.924,30.790
85.243,117.770,47.897,30.762
85.405,117.919,48.029,30.686
85.099,117.948,47.978,30.670
85.364,118.277,48.005,30.637
85.603,118.378,47.847,30.587
85.438,118.077,47.768,30.792
85.790,118.456,47.939,30.874
86.781,118.928,47.917,30.417
85.910,118.913,47.731,30.512
85.960,119.199,47.718,30.626
86.558,118.851,47.522,30.547
86.853,118.533,47.656,30.335
87.053,118.341,47.687,30.401
87.625,118.188,47.574,30.300
87.087,118.628,47.510,30.225
87.792,118.851,47.189,30.245
87.936,119.047,47.169,30.030
87.986,118.321,47.097,29.986
88.492,118.716,47.064,29.584
88.393,118.879,47.197,29.417
88.600,119.099,47.233,29.521
88.776,119.424,47.388,29.503
89.005,119.266,47.305,29.667
89.221,119.360,47.543,29.677
90.514,118.862,47.289,29.799
89.253,118.746,47.103,29.830
90.245,118.824,46.977,30.009
90.234,119.100,47.118,29.751
90.267,119.176,47.311,29.708
90.938,118.768,47.146,29.644
90.204,118.649,47.221,29.364
90.306,119.320,46.914,29.575
90.425,119.838,47.066,29.552
91.133,119.794,47.096,29.530
91.049,119.071,46.743,29.644
91.320,118.734,46.824,29.870
91.780,118.420,46.521,30.166
92.013,118.178,46.648,30.191
91.860,118.083,46.994,30.366
92.537,118.724,46.919,30.221
92.238,118.514,46.869,30.038
92.773,117.800,46.719,30.234
92.383,117.923,46.695,30.242
92.467,118.299,46.966,30.088
92.583,118.647,47.173,29.990
92.624,118.893,47.298,29.905
92.261,119.081,47.579,29.763
92.769,118.619,47.343,29.757
92.983,118.828,47.241,29.687
93.568,118.686,47.092,29.868
92.674,118.924,47.437,29.746
93.634,119.164,47.180,29.843
92.786,119.263,47.328,29.758
93.516,118.947,46.830,30.078
94.007,119.629,47.154,29.733
93.823,119.242,47.002,29.737
93.623,118.954,46.952,29.825
93.994,119.070,46.946,29.739
94.798,118.965,46.653,30.113
94.742,118.938,46.823,30.121
94.142,119.391,46.840,29.840
93.924,120.027,46.753,29.731
95.493,119.876,46.640,29.766
94.326,119.688,46.937,29.831
94.855,119.010,46.940,29.731
95.209,118.126,46.748,30.061
95.458,117.649,46.613,30.255
95.710,118.259,46.550,30.243
95.964,117.813,46.150,30.639
95.493,118.476,46.279,30.515
95.953,119.205,46.290,30.498
95.909,119.039,46.179,30.600
96.393,119.034,46.037,30.587
96.509,119.459,46.341,30.644
97.119,119.800,46.406,30.326
97.376,119.391,46.057,30.558
97.695,118.876,45.911,30.672
97.368,118.192,45.842,30.816
97.673,119.114,46.038,30.524
97.197,120.035,46.099,30.408
97.913,120.015,45.875,30.548
98.300,119.534,45.339,30.132
98.906,118.103,45.074,30.122
98.490,118.552,44.965,30.134
99.364,118.908,45.011,30.280
99.428,118.475,44.968,30.293
99.101,118.663,44.977,30.462
98.606,117.749,44.736,30.865
98.066,118.191,44.888,30.865
97.955,117.198,43.821,31.767
98.406,117.483,43.519,32.669
98.581,117.218,43.282,32.965
98.864,116.622,43.052,33.375
99.081,116.442,43.121,33.507
99.038,116.116,43.113,33.481
98.594,116.617,43.038,34.157
97.955,116.317,43.141,34.340
98.303,116.854,43.233,34.198
98.381,116.514,43.309,34.319
97.012,116.728,43.302,34.227
97.790,116.978,43.209,34.394
97.561,116.774,43.356,34.546
97.412,116.732,43.477,34.520
97.312,116.430,43.452,34.515
97.337,116.575,43.360,34.709
97.425,116.626,43.485,35.029
97.093,116.578,43.444,34.990
97.348,116.399,43.311,35.098
97.234,116.317,43.043,35.350
97.729,116.686,42.770,35.263
97.443,116.735,42.575,35.417
97.076,117.198,42.638,35.592
97.183,117.749,42.413,35.780
97.812,118.162,42.000,35.998
98.104,117.690,41.928,36.074
98.516,116.848,41.479,35.968
98.500,116.745,41.483,35.558
99.140,116.348,41.640,35.343
98.165,116.562,42.042,35.095
98.660,116.787,42.271,35.336
98.412,115.953,42.360,35.316
98.286,116.447,42.005,35.702
98.259,116.782,41.689,36.157
98.587,117.167,41.540,36.604
98.298,117.289,41.650,36.722
98.176,117.749,41.503,37.038
99.276,117.323,41.710,37.243
99.200,116.314,41.075,37.325
99.089,116.371,41.118,37.451
98.464,116.171,40.992,37.529
99.643,117.233,41.210,37.758
99.317,116.344,41.249,37.603
98.608,116.032,41.100,37.640
99.478,115.554,40.614,38.057
98.889,114.749,40.248,38.419
98.740,115.217,40.521,38.289
98.138,115.103,40.807,38.277
98.421,114.522,41.118,38.382
97.892,114.648,41.317,38.713
97.554,113.961,41.334,38.909
97.158,114.534,41.459,39.134
97.210,114.196,41.416,39.178
97.338,114.416,41.610,39.304
97.032,114.330,41.704,39.238
97.641,115.054,41.811,39.305
96.569,114.832,41.902,39.009
96.972,114.235,42.161,38.929
96.309,115.414,42.224,38.710
96.297,115.599,42.141,38.559
97.249,114.245,41.548,38.884
96.570,113.500,41.909,38.894
96.274,113.985,42.157,39.003
96.021,113.850,42.407,38.974
96.294,113.319,42.794,39.209
96.229,113.425,42.939,39.096
95.706,114.212,43.126,39.014
95.937,113.482,43.235,39.116
95.354,114.028,43.093,39.089
95.607,113.386,43.265,39.189
95.568,113.358,43.423,39.163
95.746,115.946,43.762,39.090
95.682,115.210,43.839,38.809
95.384,113.957,43.799,39.090
95.368,113.802,43.699,39.150
95.632,114.124,43.816,39.232
95.245,113.976,43.885,39.118
95.020,112.936,43.947,39.386
94.944,112.277,44.282,39.318
94.938,114.554,44.344,39.364
95.057,114.045,44.223,39.553
94.770,114.185,44.255,39.583
95.169,114.098,44.371,39.466
95.303,114.411,44.283,39.462
95.559,114.049,44.423,39.406
95.413,114.561,44.583,39.303
95.874,114.337,44.425,39.229
94.989,117.136,44.403,39.072
94.747,115.570,44.450,38.931
94.809,115.552,44.706,38.994
94.217,114.797,44.768,38.910
94.760,117.306,44.972,38.851
94.293,116.936,45.049,38.976
94.636,119.091,45.231,39.052
94.860,116.637,45.333,39.107
94.563,115.543,45.395,39.242
94.587,114.478,45.700,39.385
94.920,116.497,45.829,39.340
94.055,115.096,45.854,38.999
94.057,114.844,45.806,38.803
94.458,115.207,45.734,38.747
93.966,116.549,45.792,38.497
93.844,116.592,45.964,38.089
93.723,117.019,45.985,38.089
93.836,116.808,46.135,38.014
93.965,116.583,46.253,37.970
94.298,115.469,45.914,38.153
94.097,115.043,46.096,37.684
93.227,116.205,45.783,37.248
93.102,116.891,45.858,37.099
92.335,116.662,46.176,37.046
92.824,117.039,46.520,36.613
92.295,116.935,46.449,36.396
92.031,116.567,46.736,36.304
92.265,117.001,46.868,36.443
92.128,117.047,46.918,36.353
91.792,116.627,46.779,36.376
92.338,116.561,46.706,36.301
92.466,116.865,46.525,36.174
92.526,117.165,46.263,36.021
92.199,116.995,45.986,35.991
92.305,117.284,46.172,35.886
92.521,116.751,46.112,36.112
92.634,116.981,46.295,36.257
92.342,116.970,46.243,36.272
92.603,117.254,46.474,36.311
92.696,117.550,46.451,36.459
92.856,117.481,46.423,36.304
92.519,116.786,45.846,36.061
92.936,116.597,46.022,36.023
93.727,116.488,46.236,36.076
93.232,115.865,46.364,36.063
93.814,115.871,46.398,36.037
93.937,115.807,46.344,36.061
93.581,115.898,46.359,35.933
93.866,115.902,46.334,35.870
93.396,116.375,46.463,36.045
93.799,116.094,46.397,36.140
94.687,115.873,46.479,36.291
95.059,115.834,46.554,36.234
94.506,116.641,46.569,36.053
94.949,115.916,46.447,35.941
95.424,115.579,46.246,35.970
95.586,116.361,46.507,36.232
96.037,116.312,46.417,36.249
96.037,116.962,46.745,36.181
96.017,116.617,46.587,36.251
95.960,117.162,46.729,36.248
96.449,117.010,46.691,36.446
96.894,117.627,46.910,36.467
97.286,117.492,46.665,36.318
97.795,117.730,46.650,36.337
97.799,117.991,46.589,36.394
97.416,117.837,46.656,36.374
97.782,117.550,46.713,36.526
97.867,117.751,46.767,36.517
98.183,117.691,46.835,36.490
98.264,118.088,46.550,36.639
98.245,117.625,46.060,36.505
99.225,117.151,45.889,36.653
98.652,117.161,45.799,36.534
98.666,117.815,45.723,36.848
98.810,116.803,45.786,36.740
98.597,116.810,45.667,36.516
99.214,116.432,45.776,36.430
98.968,116.754,45.767,36.469
99.005,116.985,45.884,36.197
99.463,116.078,46.023,36.533
99.975,116.530,45.871,36.513
99.625,116.091,45.787,36.471
99.029,116.936,46.130,36.381
99.715,116.459,46.276,36.376
100.074,116.313,46.308,36.354
100.274,116.721,46.312,36.299
100.350,116.546,46.445,36.538
100.078,116.070,46.331,36.495
100.313,116.017,46.046,36.360
100.539,116.335,46.085,36.337
99.972,115.788,46.193,36.277
100.273,115.545,46.127,36.276
100.652,115.126,46.183,36.467
100.339,115.792,46.143,36.392
100.201,116.273,46.152,36.615
99.821,116.738,46.030,36.832
99.779,117.158,46.031,36.745
99.823,117.412,46.120,36.946
99.664,118.265,46.182,36.887
99.028,118.718,46.343,36.941
99.392,118.292,46.317,36.914
98.503,118.204,46.043,36.917
98.327,118.537,46.183,36.802
97.835,119.118,46.167,36.676
97.977,119.181,46.389,36.544
97.810,119.237,45.937,36.648
96.833,119.518,46.118,36.812
96.428,120.460,46.360,36.992
95.527,119.975,46.489,37.081
95.229,119.265,46.828,36.977
94.350,120.269,46.773,36.956
93.778,120.250,46.680,36.853
93.259,120.181,46.484,37.001
92.229,119.944,46.263,37.124
92.308,119.724,46.439,37.091
91.463,120.600,46.285,37.156
91.401,120.985,46.438,37.083
90.838,119.425,46.452,37.285
89.876,119.174,46.499,37.220
89.359,119.644,46.509,37.200
90.266,119.347,46.599,37.275
89.712,119.798,46.557,37.286
89.981,119.799,46.865,37.271
89.173,120.204,46.922,37.477
88.652,119.969,46.837,37.626
87.871,120.182,46.740,37.670
88.391,119.504,46.663,37.486
87.862,119.345,46.683,37.499
87.977,119.179,46.765,37.508
88.294,119.122,46.816,37.403
87.166,119.393,46.928,37.378
86.698,119.082,47.065,37.444
86.362,119.262,47.236,37.564
86.986,118.608,47.201,37.778
85.978,118.898,46.938,37.947
86.696,118.658,46.744,37.878
86.131,118.725,46.502,37.867
86.205,118.399,46.552,37.737
86.210,117.966,46.561,38.059
85.844,117.976,46.397,37.864
85.568,117.905,46.665,37.782
86.019,117.980,46.652,37.508
85.586,117.284,46.458,37.602
85.270,117.370,46.532,37.795
84.656,117.352,46.510,37.984
85.137,117.411,46.614,38.095
84.425,117.973,46.716,38.141
84.357,117.197,46.680,38.034
84.905,116.908,46.726,37.838
84.462,117.270,46.655,37.714
84.343,117.162,46.452,37.673
83.884,117.816,46.831,37.684
83.813,118.409,46.989,38.026
84.205,118.752,47.152,38.094
84.269,118.335,47.102,38.035
84.183,118.168,47.074,38.478
84.463,116.970,46.958,38.341
84.881,116.784,47.142,38.229
84.090,118.574,47.162,38.344
84.616,118.492,47.261,38.274
83.921,118.272,46.927,38.189
84.692,118.643,47.115,38.098
84.853,119.190,47.225,38.469
84.693,119.941,47.017,38.546
84.389,120.227,47.263,38.644
84.582,120.617,47.393,38.522
84.795,120.988,47.484,38.436
84.519,120.374,47.587,38.560
85.343,120.321,47.733,38.765
85.120,120.449,47.677,38.802
85.667,120.575,47.576,38.755
85.419,120.819,47.557,38.660
85.063,120.541,47.599,38.927
85.961,119.915,47.652,38.902
85.701,120.173,47.730,38.805
85.620,120.903,47.672,39.176
85.785,121.413,47.883,39.503
86.084,120.271,47.943,39.530
84.990,119.305,47.825,39.452
86.088,118.280,48.208,39.134
85.047,118.845,48.124,39.352
85.393,118.694,47.913,39.289
85.331,118.711,47.894,39.234
85.376,118.417,47.766,39.106
85.803,118.287,47.975,39.332
85.847,118.794,47.884,39.485
85.394,118.526,47.890,39.462
84.756,118.572,48.061,39.458
85.151,118.955,47.918,39.336
85.091,119.632,48.023,39.240
85.013,118.697,47.917,39.314
85.328,118.049,47.856,39.453
84.421,118.501,47.580,39.353
84.933,118.929,47.932,39.237
84.501,118.475,48.061,39.057
84.266,117.347,47.935,38.931
84.354,117.218,48.072,39.149
83.528,118.042,48.268,39.281
83.695,117.648,48.499,39.290
83.877,117.881,48.273,39.316
83.389,117.733,48.177,39.101
83.379,117.802,47.933,38.975
83.609,117.944,48.118,39.185
83.585,117.717,48.239,39.211
83.305,117.791,48.329,39.301
83.478,118.187,48.323,39.347
82.501,117.968,48.185,39.438
82.352,117.065,48.291,39.445
82.991,116.949,48.327,39.452
82.483,117.216,48.373,39.578
82.429,117.846,48.453,39.825
82.404,117.422,48.553,39.961
82.120,117.055,48.608,39.838
82.086,117.201,48.909,39.773
80.654,117.529,49.081,39.740
81.722,117.760,49.151,39.577
82.306,117.486,49.095,39.603
81.292,117.873,49.015,39.705
81.305,117.414,49.019,39.675
81.588,116.914,48.986,39.752
81.734,116.658,49.066,39.813
81.316,116.851,49.049,39.873
81.414,116.894,49.060,39.920
81.498,116.945,49.089,39.979
80.673,117.142,48.900,39.920
80.700,116.778,48.907,39.923
80.611,115.769,48.971,39.980
80.164,116.516,49.026,40.435
79.806,116.461,49.167,40.288
80.051,116.067,49.293,40.405
79.368,116.811,49.408,40.620
79.388,116.561,49.356,40.545
79.119,117.358,49.402,40.795
79.693,116.916,49.161,40.701
79.267,117.077,49.241,40.556
80.248,116.781,49.184,40.396
79.713,116.907,49.157,40.398
80.109,116.921,49.114,40.375
79.692,117.226,49.278,40.298
79.703,117.326,49.103,40.173
79.306,117.303,49.221,40.135
79.216,118.075,49.237,40.383
79.608,117.884,49.195,40.477
79.489,117.371,49.229,40.457
79.899,117.448,49.221,40.443
79.462,117.290,49.075,40.519
79.937,116.812,49.052,40.586
80.267,116.456,49.011,40.680
79.513,116.237,49.052,40.647
79.860,116.613,49.263,40.665
79.753,117.833,48.920,40.873
79.624,117.471,48.976,40.719
79.954,117.607,49.007,40.712
80.107,118.281,49.074,40.797
80.405,117.701,48.979,41.064
80.761,117.406,48.998,41.037
80.002,117.609,48.987,41.055
80.458,117.732,49.124,41.032
80.477,118.310,49.123,41.090
81.098,117.822,48.860,40.855
81.289,116.965,48.521,40.813
80.851,116.692,48.462,40.716
80.894,116.219,48.655,40.706
81.557,115.621,48.650,40.848
81.388,116.070,48.584,40.894
81.091,116.062,48.498,40.897
81.605,115.887,48.419,40.896
80.952,117.109,48.409,40.956
81.602,116.708,48.636,40.974
81.716,116.919,48.630,41.032
81.979,117.431,48.787,41.031
81.953,117.283,48.887,40.930
81.868,116.942,48.791,40.845
82.095,116.786,48.946,40.872
81.786,116.924,48.917,40.819
81.569,117.377,48.851,40.916
81.959,118.603,48.924,41.051
81.920,118.275,48.677,40.760
82.182,118.172,48.777,40.832
81.060,118.848,48.769,40.938
81.714,118.632,48.960,40.699
81.928,118.296,49.102,40.707
81.863,118.142,48.996,40.435
81.960,118.082,48.837,40.399
81.589,118.269,48.997,40.196
81.025,118.207,49.139,40.155
81.068,118.268,49.115,40.110
81.136,118.445,49.090,40.137
81.549,118.163,49.158,40.073
80.679,118.381,48.973,40.174
80.789,118.353,48.830,40.208
80.976,118.590,48.961,40.099
80.763,118.751,49.154,40.203
81.333,119.098,49.258,40.277
80.951,119.010,49.017,40.341
81.598,118.838,48.973,40.292
80.036,119.416,48.872,40.345
80.488,118.853,48.989,40.149
81.093,118.612,49.283,40.039
80.538,117.455,48.860,40.048
80.944,117.316,48.917,40.125
80.188,117.543,48.897,40.074
80.551,117.993,49.017,40.300
80.568,118.312,49.207,40.320
80.726,118.672,49.069,40.371
80.672,118.222,49.101,40.226
80.561,118.336,48.980,40.200
80.036,117.952,49.141,40.063
79.990,118.527,49.044,40.366
79.540,118.839,49.127,40.134
79.665,119.296,49.070,40.454
80.378,117.948,49.356,40.514
79.620,117.454,49.082,40.381
79.704,118.687,49.409,40.425
79.208,119.840,49.341,40.343
79.459,119.490,49.623,40.136
79.532,119.615,49.619,39.992
80.109,119.263,49.614,39.899
80.082,119.312,49.549,39.943
79.903,119.970,49.453,40.377
79.977,120.262,49.635,40.104
80.471,120.115,49.504,40.131
80.481,120.487,49.503,40.197
80.637,120.150,49.403,40.189
80.816,120.330,49.168,40.131
80.819,120.580,49.005,39.983
80.557,120.502,49.172,39.646
81.124,120.354,49.231,39.656
81.481,120.436,49.270,39.595
80.844,119.821,49.251,39.440
81.617,119.553,49.319,39.179
81.561,120.028,49.235,39.693
81.390,120.497,49.233,39.670
81.694,119.875,48.850,39.604
82.046,118.696,49.074,39.608
81.675,117.641,49.266,39.748
81.873,117.979,49.339,39.750
82.243,118.345,49.371,39.885
82.434,118.789,49.358,39.730
82.169,119.296,49.480,39.595
82.757,119.376,49.431,39.433
82.230,119.706,49.418,39.394
82.885,120.218,49.376,39.215
83.189,119.966,49.321,39.009
83.557,119.867,49.516,38.769
83.296,119.201,49.483,38.978
83.915,118.123,49.260,38.863
83.633,118.113,49.175,38.819
83.462,118.599,48.966,38.801
83.363,119.179,49.031,39.204
84.490,119.413,49.047,39.149
83.668,120.169,48.719,38.965
84.214,119.857,48.599,38.666
84.323,119.537,48.414,38.658
83.586,119.949,48.403,38.967
84.212,120.692,48.656,38.867
84.379,120.411,48.721,38.886
84.297,120.971,48.662,38.763
84.841,121.044,48.594,38.780
84.664,121.485,48.529,38.650
85.325,121.774,48.576,38.504
85.102,121.749,48.804,38.083
85.077,121.496,48.770,38.111
85.995,120.970,48.742,37.978
85.690,120.953,49.130,37.899
85.604,121.797,49.022,37.940
85.676,121.798,49.049,38.022
85.727,122.162,48.912,38.110
85.510,122.262,49.196,37.807
85.589,121.783,49.024,37.567
85.537,121.317,48.999,37.691
85.253,120.962,48.995,37.817
85.100,120.889,49.072,38.009
85.605,120.964,49.245,37.937
85.382,121.179,49.277,37.931
85.873,120.735,48.894,37.727
85.860,121.074,48.968,37.887
86.770,120.559,48.927,37.901
86.938,120.381,48.677,37.856
86.440,120.613,48.796,37.830
86.704,120.812,48.816,37.916
86.912,120.595,48.906,37.888
87.351,119.769,48.821,38.178
86.758,119.616,48.823,38.171
87.237,119.268,48.990,38.244
87.297,119.441,48.834,38.290
87.473,119.488,48.726,38.066
87.046,119.561,48.639,38.177
87.120,120.017,48.408,38.056
86.659,120.489,48.261,38.137
86.690,121.075,48.282,38.169
86.793,120.410,48.189,38.218
86.842,120.517,48.672,38.201
86.677,120.132,48.394,38.231
86.833,120.156,48.397,38.219
86.543,119.348,48.092,38.279
86.413,120.006,48.187,38.034
86.557,119.404,47.992,38.196
86.404,119.681,47.804,38.455
86.360,120.198,47.829,38.350
86.327,119.785,47.930,38.255
86.465,120.313,48.114,38.158
85.730,120.727,48.199,38.058
86.209,120.629,48.196,38.238
85.615,120.617,48.350,38.069
86.111,120.166,48.486,38.213
85.584,120.790,48.581,38.190
85.518,120.115,48.266,38.342
85.263,120.271,48.234,38.300
85.051,120.406,48.399,38.121
84.931,120.468,48.506,37.997
84.518,120.618,48.482,38.065
85.031,120.456,48.523,38.198
85.247,120.819,48.667,38.271
84.423,120.956,48.410,38.299
84.621,120.353,48.004,38.181
84.343,120.557,47.825,38.211
84.948,119.368,47.974,38.320
85.093,119.885,48.008,38.277
84.338,120.321,47.749,38.291
84.837,120.953,47.640,38.553
85.336,120.527,47.778,38.531
84.777,120.508,47.590,38.452
84.620,119.732,47.465,38.497
84.777,120.701,47.545,38.763
84.657,120.772,47.628,38.567
84.199,120.706,47.686,38.514
83.765,121.215,47.554,38.490
83.763,121.023,47.802,38.649
84.176,120.770,47.996,38.564
83.769,120.116,47.797,38.690
84.200,120.197,47.758,38.625
83.174,120.364,47.818,38.548
83.184,120.441,47.808,38.559
83.044,120.544,47.963,38.407
83.018,120.600,48.058,38.335
83.773,121.061,47.909,38.883
83.948,121.285,48.065,38.964
83.720,121.489,48.526,38.897
84.341,121.257,48.531,39.007
83.976,120.064,48.248,39.069
83.603,120.167,48.334,39.205
83.924,119.877,48.429,39.126
84.050,120.357,48.310,39.173
83.785,119.797,48.066,39.334
84.406,119.380,48.086,39.245
83.977,118.912,47.973,39.276
84.653,119.082,48.213,39.435
83.726,118.905,47.859,39.719
83.695,119.281,48.012,39.655
83.891,119.370,48.232,39.846
83.753,119.083,48.154,39.458
83.818,118.401,48.075,39.350
84.458,118.236,48.248,39.182
84.017,119.352,48.160,39.519
84.869,118.265,48.043,39.539
83.984,117.344,47.337,39.376
84.054,117.660,47.848,39.536
84.804,117.413,48.098,39.583
84.467,119.042,47.940,39.676
84.965,118.626,48.072,39.630
84.526,118.148,47.801,39.594
84.329,117.471,47.505,39.896
84.150,117.109,47.734,39.822
84.234,117.171,47.792,40.157
83.805,117.454,48.036,40.161
84.257,117.462,48.217,40.270
84.261,116.837,48.347,40.080
84.403,116.777,48.281,39.964
84.492,116.152,48.293,39.933
84.375,115.229,48.288,39.864
83.808,115.172,48.080,39.978
84.231,114.933,47.848,40.084
83.879,116.637,47.620,40.010
83.288,115.630,47.177,39.987
83.839,116.443,47.296,40.151
83.683,117.178,47.356,40.287
83.602,117.932,47.444,40.511
83.453,117.349,47.521,40.389
83.454,117.249,47.825,40.602
83.354,117.048,47.809,40.633
83.016,117.345,48.121,40.967
82.205,117.355,48.173,40.751
81.931,117.325,48.323,40.594
81.460,117.110,48.734,40.677
80.635,118.161,48.939,40.897
80.510,117.828,48.886,40.756
80.734,117.516,49.047,40.798
80.117,117.961,48.775,41.123
80.064,117.869,48.943,41.185
79.865,117.857,48.892,41.262
80.066,117.440,48.749,41.339
79.945,116.615,48.457,40.913
79.075,117.164,48.564,41.069
79.489,116.946,48.419,40.640
79.146,116.925,48.506,40.163
79.236,116.736,48.403,40.047
79.064,116.472,48.309,39.859
77.645,116.513,48.221,39.885
77.567,116.658,48.398,39.977
77.667,116.622,48.474,40.267
77.001,116.241,48.034,40.246
76.582,115.962,48.057,40.247
77.032,114.919,48.091,40.187
76.402,114.302,47.822,40.427
76.532,115.510,47.217,40.511
76.883,116.368,46.706,40.792
76.447,117.076,46.598,40.970
76.649,116.900,46.446,41.058
76.413,116.738,46.052,41.550
77.514,115.766,45.781,41.429
76.890,116.056,45.465,41.389
75.575,115.578,45.379,41.004
75.059,114.595,45.391,40.849
75.698,114.812,45.472,41.061
74.562,115.427,45.159,41.045
74.386,115.936,45.061,41.071
74.857,115.801,44.977,41.377
74.657,116.553,45.072,41.287
74.230,116.308,45.048,41.269
73.689,117.481,45.191,41.228
73.292,116.768,45.136,41.191
72.957,117.108,45.268,41.006
72.460,117.772,45.156,41.100
71.474,117.658,45.174,40.769
71.482,117.360,45.259,40.622
70.416,116.614,45.602,40.071
70.503,116.406,45.422,39.932
69.530,116.389,45.443,40.055
68.831,116.242,45.494,39.866
69.043,116.227,45.379,39.748
68.413,116.130,45.738,39.527
67.506,115.630,45.661,39.326
67.824,115.903,45.895,39.168
66.196,115.257,46.032,38.958
66.649,115.221,46.154,38.823
65.989,115.167,46.106,38.820
65.660,115.582,46.152,38.517
65.271,116.131,46.313,38.684
64.958,115.411,46.674,38.652
64.043,115.359,46.683,38.910
64.110,115.383,46.676,39.038
64.456,115.108,46.925,38.941
63.450,114.048,46.947,39.065
62.890,112.932,47.189,38.694
62.735,112.896,47.256,38.914
62.434,112.449,47.323,39.241
62.501,112.635,47.360,39.921
61.711,112.920,47.304,40.183
62.084,113.155,47.427,40.488
61.729,113.578,47.745,40.840
60.916,113.087,47.949,40.420
60.951,112.636,48.218,40.153
60.379,111.904,48.451,40.283
59.721,112.645,48.642,40.524
59.279,111.922,48.871,40.351
59.429,111.359,49.127,40.158
59.363,111.798,48.661,40.605
57.487,113.082,48.882,40.639
58.376,113.133,49.108,40.702
58.674,112.365,49.080,40.366
58.165,111.143,48.969,40.558
57.018,111.854,49.420,40.998
57.368,111.546,49.427,41.165
56.903,111.087,49.664,41.146
56.644,111.357,50.049,41.294
55.985,111.136,50.475,41.396
55.644,111.345,50.566,41.432
56.086,110.516,50.719,41.421
56.960,110.594,50.313,41.462
55.332,110.703,50.421,41.375
55.382,111.079,50.405,41.426
56.058,110.621,50.193,41.215
55.665,110.444,50.017,41.123
55.267,111.061,49.913,41.118
54.653,111.900,49.890,41.027
55.222,111.729,49.911,40.638
54.923,111.734,49.991,40.419
54.602,112.123,49.770,40.380
54.312,111.514,49.835,40.433
54.675,111.580,49.566,40.492
53.944,112.365,49.477,40.534
54.427,111.689,49.167,40.436
54.043,112.239,49.159,40.640
54.680,111.816,48.971,40.500
54.062,112.645,48.894,40.560
53.734,112.728,48.985,40.366
54.141,112.141,49.025,40.321
52.811,112.633,49.315,40.053
53.392,112.144,49.275,39.749
53.025,111.143,48.959,39.457
52.330,111.379,49.008,39.452
52.076,112.452,49.029,39.427
51.434,112.541,48.956,39.438
52.094,112.291,48.921,39.403
51.141,113.144,48.929,39.498
51.414,112.549,48.528,39.256
50.915,112.623,48.592,39.423
50.996,112.732,48.425,39.272
51.324,112.664,48.369,39.612
50.971,112.584,48.373,39.397
50.361,112.311,48.334,39.463
49.928,112.702,48.389,39.608
50.115,112.295,48.187,39.308
50.298,112.823,48.016,39.329
50.154,112.484,48.032,39.426
50.382,112.424,48.010,39.240
50.077,112.400,48.255,39.200
49.359,113.035,48.069,39.217
49.886,113.934,47.686,39.090
49.411,115.144,47.683,38.990
50.385,114.355,47.544,38.809
49.536,114.441,47.616,38.865
49.762,114.924,47.570,38.885
50.285,114.414,47.537,38.828
49.391,114.812,47.355,38.931
49.694,114.200,47.169,38.682
50.221,113.988,46.914,38.586
49.993,114.654,46.708,38.704
49.523,113.644,46.743,38.452
49.604,113.939,46.458,38.551
49.238,114.049,46.382,38.687
50.088,114.031,46.062,38.830
49.851,113.870,46.077,38.988
49.499,114.244,46.030,39.154
49.066,113.247,46.036,39.026
49.869,112.291,45.771,38.842
49.776,113.618,45.770,38.855
49.623,113.124,45.778,38.609
49.309,113.701,45.889,38.679
48.889,113.677,45.940,38.573
49.562,113.230,45.944,38.627
49.249,113.171,46.202,38.644
49.608,113.276,46.086,38.162
49.724,112.569,45.940,38.266
49.725,111.906,45.685,38.210
50.215,111.446,45.581,38.180
49.700,112.174,45.200,38.292
49.923,111.722,45.040,38.235
50.880,112.203,44.880,38.289
50.644,112.074,44.904,38.141
50.543,112.175,44.910,37.698
51.101,111.282,44.782,37.446
51.230,111.672,44.777,37.480
50.478,112.792,44.723,37.397
50.974,113.050,44.587,37.663
51.293,112.633,44.668,37.660
50.409,113.147,44.815,37.598
51.048,112.108,44.655,37.526
51.350,112.081,44.666,37.454
51.982,112.369,44.312,37.559
51.592,112.383,44.317,37.681
51.886,112.535,44.373,37.814
51.627,113.686,44.325,38.096
51.234,113.453,44.197,37.857
51.830,112.818,44.284,38.189
51.416,112.899,44.311,38.194
50.993,113.213,44.251,38.115
51.673,113.309,44.235,38.083
51.113,113.284,44.301,38.191
50.877,113.130,44.647,38.521
50.867,113.039,44.716,38.413
51.107,113.023,44.841,38.693
50.813,112.696,44.862,38.889
50.682,112.263,44.906,39.142
50.963,111.504,44.934,39.147
51.234,111.522,44.989,39.199
50.523,111.914,45.262,39.503
50.761,111.804,45.244,39.629
51.569,111.518,45.046,39.634
50.340,112.032,45.186,39.696
50.882,111.391,45.208,39.457
51.532,111.406,45.056,39.407
51.320,111.069,45.060,39.355
51.849,111.667,44.883,39.325
51.687,111.802,44.879,39.215
52.044,112.385,44.859,39.263
51.970,111.365,44.810,39.070
51.677,111.022,44.797,39.087
50.684,111.228,44.972,38.773
50.994,111.466,44.844,38.455
52.389,111.378,44.932,38.336
51.383,112.075,44.999,38.264
51.285,112.750,45.195,38.087
51.714,112.446,45.255,38.037
51.996,113.559,45.332,37.734
51.651,113.632,45.519,37.610
52.460,113.443,45.482,37.521
51.473,112.910,45.424,37.408
52.149,112.748,45.293,37.504
53.087,112.524,45.065,37.433
52.217,113.103,45.146,37.515
53.170,113.217,45.062,37.484
52.621,113.277,45.203,37.513
53.372,112.555,44.830,37.493
52.878,113.611,45.039,37.522
53.485,113.905,45.293,37.321
53.593,113.327,45.392,37.399
53.596,112.888,45.367,37.331
52.911,114.164,45.534,37.316
54.135,113.739,45.442,37.395
54.031,112.916,45.307,37.243
53.228,112.205,45.402,37.007
53.963,111.519,45.033,36.888
53.589,112.877,44.913,36.610
54.464,112.534,44.593,36.500
54.854,113.593,44.745,36.623
54.648,112.652,44.559,36.481
54.548,113.076,44.746,36.579
54.482,113.300,44.790,36.527
54.686,112.902,44.988,36.416
54.897,114.037,45.003,36.356
55.518,114.074,44.957,36.271
55.789,112.838,44.851,36.120
54.878,113.155,44.983,36.083
55.626,112.364,44.765,35.978
55.566,112.969,44.833,36.019
55.842,112.973,44.581,36.027
56.110,113.582,44.750,36.112
56.754,112.831,44.644,36.220
56.128,113.187,45.009,36.324
55.779,113.586,45.031,36.383
58.087,113.193,44.423,36.368
57.783,113.792,44.318,36.572
58.526,113.223,44.245,36.468
57.772,113.748,44.110,36.544
57.503,114.071,44.400,36.542
58.823,114.149,44.423,36.478
58.018,114.390,44.190,36.329
57.930,114.375,44.291,36.247
58.471,114.293,44.425,36.267
58.004,114.161,44.095,36.359
57.932,114.175,44.370,36.241
58.533,114.710,44.412,36.222
57.671,114.353,44.365,36.297
57.666,113.781,44.557,36.500
57.833,113.490,44.827,36.511
57.570,112.947,44.913,36.508
57.368,113.207,44.983,36.455
56.650,112.916,45.068,36.593
57.090,112.942,45.511,36.591
57.408,112.162,45.274,36.514
56.515,111.907,44.933,36.490
57.151,111.606,44.765,36.439
57.118,111.837,44.770,36.601
56.351,112.309,44.847,36.683
56.379,112.096,44.552,36.850
55.917,111.867,44.561,36.846
56.583,112.257,44.432,36.716
56.303,111.721,44.649,36.687
55.710,111.534,44.440,36.723
55.812,112.846,44.660,37.003
56.198,113.361,44.647,37.175
55.944,114.379,44.585,37.161
55.526,114.447,44.783,37.124
55.975,113.482,44.379,37.113
55.820,114.053,44.245,37.089
56.738,113.498,43.873,36.736
56.650,113.168,43.463,36.856
56.879,113.138,43.165,36.326
57.401,112.933,43.279,36.125
56.906,113.107,43.303,36.366
56.778,112.886,43.568,36.655
57.306,111.894,43.131,36.502
56.694,111.970,43.059,36.562
57.470,110.924,43.187,36.549
57.132,110.593,43.380,36.690
57.949,110.664,43.180,36.804
57.759,110.536,42.799,36.714
57.733,111.385,42.704,36.733
57.266,112.090,42.823,36.784
57.819,112.344,43.226,36.943
57.490,112.379,43.234,36.715
56.914,113.253,43.329,36.640
57.919,113.310,43.438,36.631
57.970,113.827,43.665,36.822
57.421,113.668,44.059,36.827
57.686,113.177,44.233,37.018
58.721,113.175,44.032,37.217
58.455,113.577,44.222,37.091
57.511,113.807,44.364,36.971
57.619,113.639,44.222,36.854
58.220,113.556,43.864,36.690
60.418,113.363,43.150,36.647
60.245,112.386,43.020,36.523
60.375,111.528,43.279,36.817
59.558,114.539,43.213,36.767
59.551,113.670,43.298,36.854
59.473,112.989,43.512,37.128
59.860,112.235,43.683,37.378
60.430,111.436,43.950,38.013
59.890,110.824,44.004,38.251
59.503,114.311,43.965,38.277
59.632,113.247,44.097,38.475
58.811,115.841,44.217,38.520
28.400,105.822,44.634,36.611
29.534,107.264,44.963,33.930
30.042,109.267,45.089,32.081
30.858,110.626,44.802,30.282
32.581,111.637,44.549,28.864
31.234,112.156,43.631,27.898
29.546,112.954,43.333,26.830
31.609,113.622,42.578,26.186
33.233,114.343,41.649,25.773
33.352,114.606,41.127,25.181
34.347,114.750,40.447,24.894
33.132,114.994,39.834,24.203
35.586,115.214,39.349,23.809
33.674,115.086,38.806,23.330
34.897,115.554,38.039,23.150
35.669,115.210,37.603,22.544
34.066,114.972,37.332,22.243
35.637,115.318,36.929,22.200
37.176,115.240,35.921,22.032
39.101,115.772,35.034,21.849
40.047,115.860,34.302,21.537
38.242,116.304,34.080,21.103
38.815,116.150,33.798,20.817
39.191,116.051,33.477,20.722
39.439,116.774,33.034,20.583
40.944,116.925,32.322,20.549
41.319,116.543,31.743,20.387
41.317,116.993,31.210,20.193
42.144,116.813,31.285,19.988
41.956,117.174,30.791,20.145
42.397,117.195,30.337,20.240
41.761,117.724,30.158,20.316
41.587,117.127,29.934,19.938
42.821,117.281,29.312,20.022
43.182,116.899,28.786,19.949
40.724,116.442,28.913,19.960
42.155,116.488,28.903,19.892
42.889,116.492,28.365,19.903
43.176,116.513,28.362,19.804
43.946,116.911,28.082,19.744
44.131,116.675,28.143,19.565
44.944,116.764,26.898,20.408
45.201,117.631,26.068,20.750
45.151,117.456,26.267,20.309
45.377,117.398,25.386,20.694
45.266,116.510,25.923,19.957
44.572,116.617,26.016,19.673
44.790,117.067,25.847,19.685
44.893,117.941,26.036,19.544
45.559,118.201,25.968,19.686
46.031,117.753,25.185,20.082
45.805,117.646,24.557,20.458
46.237,117.342,24.092,20.563
46.441,117.278,23.734,20.702
46.704,117.440,23.339,20.549
47.018,117.414,23.177,20.785
46.975,117.789,23.035,20.809
46.813,117.374,22.844,20.814
46.516,117.005,22.727,20.731
46.871,117.159,22.539,20.826
46.397,117.658,23.098,19.834
47.290,117.250,22.792,19.785
45.596,116.331,22.781,19.688
45.155,116.972,23.533,19.087
44.212,116.767,24.128,18.644
44.471,117.258,24.576,18.407
43.659,116.923,24.753,17.844
44.076,116.505,24.726,17.737
45.636,115.497,23.816,18.284
45.702,115.374,23.222,18.883
45.912,115.727,22.690,19.379
46.004,115.656,22.329,19.443
45.771,116.256,22.242,19.942
62.135,122.233,23.226,19.300
61.041,122.481,24.229,18.637
59.544,123.021,25.514,17.847
60.848,123.402,26.446,17.352
43.477,117.900,26.224,17.487
43.860,116.652,25.014,18.474
45.079,115.603,24.243,19.205
45.114,115.878,23.652,19.624
44.872,115.763,23.361,19.775
45.101,115.401,23.130,20.015
45.170,115.129,22.975,20.006
45.151,114.714,22.634,19.937
45.283,114.267,22.483,19.889
44.818,114.749,22.452,20.118
45.718,114.201,22.391,20.042
45.240,114.673,22.397,20.029
45.847,114.173,22.433,20.004
46.100,114.291,22.333,20.163
45.860,114.797,22.204,20.362
45.678,114.613,22.198,20.411
45.684,115.288,22.373,20.602
45.943,115.795,22.301,20.550
45.717,115.393,22.277,20.539
46.143,115.435,22.174,20.556
46.150,115.704,21.898,20.546
46.381,115.967,21.674,20.354
46.419,116.167,21.661,20.438
46.638,116.233,21.683,20.227
46.513,116.369,21.636,20.287
47.121,116.209,21.648,20.479
47.590,115.814,21.485,20.388
45.940,115.105,21.488,20.074
46.103,114.602,21.302,19.803
46.902,114.255,21.125,19.929
47.078,114.481,20.917,19.859
46.745,116.828,21.041,19.822
47.160,116.312,21.006,19.884
47.373,116.657,21.080,19.971
48.060,116.899,21.045,19.997
48.426,117.043,20.922,20.171
48.861,117.332,20.802,20.303
48.803,117.342,20.790,20.390
48.725,117.083,20.691,20.423
48.705,114.919,20.498,20.476
49.558,114.017,20.429,20.326
49.838,113.786,20.575,20.032
50.588,113.082,20.435,19.874
51.091,111.147,20.317,20.006
50.879,111.575,20.329,20.223
51.254,112.328,20.248,20.276
51.200,113.215,20.209,20.208
51.142,113.360,20.355,20.237
51.964,113.829,20.343,20.306
51.998,113.468,20.523,20.158
52.362,113.444,20.353,20.113
52.497,113.258,20.511,20.330
52.459,113.451,20.463,20.402
52.740,113.294,20.561,20.236
52.938,113.789,20.491,20.312
53.430,113.462,20.789,20.149
53.840,113.747,20.751,20.045
53.265,113.849,20.926,19.787
53.138,114.072,20.963,19.730
52.999,114.298,21.045,19.656
52.818,114.712,20.985,19.649
53.190,114.171,20.898,19.486
53.172,113.882,20.780,19.545
53.266,114.053,20.636,19.595
53.560,113.718,20.537,19.606
54.195,113.928,20.307,19.470
54.007,113.667,20.302,19.589
53.939,114.164,20.395,19.776
52.599,113.657,20.348,19.722
53.585,113.804,20.214,19.915
37.486,110.992,20.254,19.499
35.824,110.869,20.222,19.081
36.483,111.126,20.199,18.926
36.864,111.505,20.231,18.817
35.156,111.596,20.507,18.835
32.739,111.876,21.248,18.230
35.940,114.118,21.151,18.225
36.620,113.694,20.854,18.283
36.648,112.156,20.862,18.167
35.031,111.972,21.013,18.231
35.557,112.373,20.957,18.180
33.546,112.953,21.641,17.508
36.918,115.228,21.864,16.778
37.463,114.544,21.411,17.088
37.349,114.039,21.181,17.256
35.457,114.320,21.896,16.759
35.736,114.494,21.797,17.037
33.816,114.450,22.237,16.679
37.047,114.681,21.811,16.894
37.398,114.296,21.489,16.980
35.905,114.274,21.443,17.064
36.788,114.576,21.108,17.120
53.367,117.136,20.748,17.732
54.999,116.721,20.584,18.233
55.305,116.664,20.513,18.787
54.848,116.387,20.580,19.188
53.983,116.899,20.850,19.433
54.042,117.121,21.201,19.501
53.253,116.966,21.459,19.811
54.105,116.984,21.582,19.893
53.689,116.806,21.799,20.075
53.581,116.797,21.955,20.074
53.242,116.873,22.139,20.161
53.567,116.527,22.224,20.159
52.882,116.356,22.289,20.295
52.632,116.245,22.461,20.165
52.595,116.451,22.496,20.608
53.012,116.422,22.742,20.687
53.086,116.178,23.031,20.781
52.891,116.122,22.906,20.761
52.531,116.117,22.861,20.933
53.195,116.127,22.924,21.135
52.575,115.681,23.087,21.345
53.100,115.822,22.980,21.337
52.685,115.905,22.854,21.412
53.075,115.359,22.866,21.403
52.718,115.555,23.128,21.402
52.722,115.642,23.007,21.541
53.197,115.887,23.168,21.621
53.662,116.611,23.100,21.533
53.390,116.816,23.251,21.369
53.190,116.749,23.207,21.318
54.074,116.556,23.234,21.314
54.135,116.715,23.144,21.246
53.927,116.539,23.217,21.397
54.417,116.327,23.278,21.361
54.204,113.624,23.557,21.403
54.292,113.853,23.750,21.509
54.403,113.867,23.639,21.418
54.827,114.088,23.626,21.443
54.680,114.488,23.787,21.500
54.232,114.465,23.977,21.619
54.444,114.592,23.932,21.784
54.443,114.873,23.822,21.907
55.024,114.551,23.661,22.075
55.685,114.863,23.755,21.912
55.392,115.052,23.849,21.936
55.011,114.975,23.735,21.832
55.276,114.439,23.536,21.600
55.431,113.963,23.405,21.460
54.681,114.267,23.454,21.153
54.768,114.529,23.335,21.067
55.665,114.577,23.164,21.027
55.513,114.956,23.100,21.145
55.403,114.787,22.990,21.125
55.184,115.253,23.029,21.047
54.748,115.747,22.905,21.515
54.703,115.640,22.999,21.411
54.519,116.119,23.000,21.551
53.846,116.390,22.962,21.438
54.034,115.592,22.948,21.186
53.645,115.658,22.970,21.183
54.070,115.504,23.053,20.896
53.582,116.020,23.057,20.627
52.088,115.556,22.676,20.650
52.616,115.633,22.548,20.539
52.680,115.878,22.509,20.459
52.505,115.627,22.578,20.267
51.811,115.838,22.767,20.166
50.845,116.398,22.851,20.141
50.776,116.117,22.862,20.210
50.805,115.947,22.570,20.368
50.943,115.107,22.316,20.540
50.669,115.468,22.525,20.543
50.915,116.619,22.519,20.624
49.293,116.452,22.250,20.728
50.381,116.108,22.050,20.768
50.758,116.433,22.214,20.719
52.086,116.359,22.173,20.646
51.577,117.386,22.405,20.655
52.028,116.872,22.635,20.667
52.176,116.822,22.786,20.608
51.834,116.458,23.189,20.501
51.631,116.103,23.395,20.509
52.444,115.765,23.473,20.295
52.745,116.191,23.742,20.173
53.218,116.144,23.869,20.225
53.637,116.429,23.842,20.362
52.913,116.311,24.241,20.396
52.781,116.152,24.433,20.374
53.442,115.122,24.562,20.646
53.311,116.604,24.529,20.710
53.093,116.838,24.576,20.613
54.539,116.510,24.444,20.548
53.918,116.047,24.424,20.676
54.042,115.863,24.354,20.710
53.943,116.156,24.515,20.694
54.169,115.879,24.438,20.705
54.785,116.249,24.491,20.956
54.078,116.051,24.622,20.878
54.173,115.712,24.734,20.911
54.530,115.149,24.709,20.944
55.046,115.340,24.931,21.072
53.984,115.483,25.477,21.234
54.039,115.110,25.736,21.363
54.238,115.331,25.809,21.492
54.126,114.980,25.961,21.497
54.065,114.599,26.112,21.467
53.948,114.987,26.206,21.580
53.874,116.427,25.998,21.633
54.105,117.680,25.957,21.407
53.811,117.511,25.939,21.439
53.815,116.800,25.940,21.493
53.774,116.515,25.907,21.508
53.682,115.756,25.826,21.553
53.570,115.441,26.044,21.294
53.658,113.711,26.092,21.288
53.403,112.525,26.109,21.072
52.962,111.693,26.051,21.074
52.380,111.473,26.279,21.241
52.061,110.856,26.270,21.176
51.308,111.159,26.371,21.463
52.064,110.522,26.262,21.657
51.627,111.155,26.183,21.633
51.159,110.621,26.417,21.697
51.083,110.116,26.307,21.614
51.041,110.601,26.281,21.588
50.786,110.908,26.509,21.584
50.255,111.583,26.655,21.630
50.283,111.011,26.736,21.413
49.785,111.476,26.686,21.464
49.734,111.607,26.793,21.270
49.883,111.704,26.642,21.375
49.873,111.698,26.539,21.522
49.572,111.530,26.585,21.536
49.886,111.059,26.491,21.440
49.249,111.303,26.788,21.044
49.117,111.089,26.741,21.200
49.668,110.883,26.638,21.314
49.610,109.906,26.731,21.385
49.704,110.752,26.833,21.283
48.965,110.870,26.845,21.279
48.851,111.271,26.986,21.149
48.598,111.370,27.060,21.256
48.991,112.170,27.037,21.224
48.802,111.895,26.975,21.164
48.838,111.184,26.821,21.219
48.914,110.705,26.892,21.296
48.364,111.035,27.072,21.317
49.039,110.967,26.900,21.501
48.626,112.019,27.098,21.287
48.100,112.206,27.157,21.245
48.068,111.243,27.154,21.185
48.397,111.118,27.120,21.184
48.713,111.133,26.928,21.219
48.091,111.199,26.992,21.222
48.112,111.512,26.697,21.287
47.873,111.346,26.550,21.087
47.398,111.519,26.620,21.084
46.914,111.233,26.974,21.020
46.835,110.026,26.924,21.137
46.546,110.178,27.049,20.729
45.989,110.477,27.245,20.550
45.606,110.716,27.293,20.546
46.252,110.274,27.006,20.922
45.182,109.840,27.195,20.907
45.106,110.592,27.363,20.770
45.598,111.455,27.236,20.971
44.917,111.017,27.432,20.776
43.859,110.998,27.673,20.498
43.547,111.109,27.805,20.226
42.740,111.641,28.088,20.033
41.748,111.369,28.603,19.678
41.850,111.356,28.474,19.450
41.549,111.668,28.726,19.456
41.208,111.844,28.663,19.486
40.613,112.050,28.944,19.289
40.917,112.034,28.989,19.083
40.870,111.855,29.367,18.905
40.033,112.529,29.222,18.902
39.954,113.071,29.302,18.883
39.901,113.136,29.264,18.973
39.671,112.990,29.066,19.056
40.049,112.734,28.928,19.188
39.465,113.955,29.255,19.303
39.749,113.883,29.063,19.309
39.327,113.844,29.057,19.162
39.172,114.596,29.396,19.258
38.977,114.151,29.529,19.197
39.491,114.789,29.608,19.339
38.977,115.332,29.442,19.422
38.259,115.094,29.756,19.141
38.942,114.266,29.642,19.046
39.338,114.179,29.445,18.995
39.044,114.736,28.987,19.300
39.031,114.542,28.774,19.251
39.209,114.538,28.737,19.439
38.614,115.194,28.922,19.396
38.957,115.558,28.677,19.571
38.585,115.732,28.862,19.650
37.940,114.733,29.065,19.499
37.793,114.247,29.307,19.345
36.993,115.322,29.632,19.343
36.847,115.377,29.860,19.211
37.581,115.311,30.055,19.279
37.420,115.863,30.320,19.361
37.941,114.877,29.987,19.367
38.204,114.416,29.687,19.409
38.512,114.473,29.394,19.465
39.155,115.076,29.272,19.377
39.382,115.600,28.967,19.456
39.516,116.449,28.794,19.566
40.186,116.297,28.694,19.365
39.671,116.286,28.394,19.285
40.092,116.038,28.392,19.100
40.392,115.982,28.069,18.926
41.210,117.045,27.478,19.109
41.065,116.888,27.606,18.837
40.871,116.653,27.483,18.931
40.113,116.018,27.477,18.798
39.794,115.922,27.393,18.808
41.094,116.536,26.773,18.956
40.603,116.746,26.731,18.577
40.970,117.215,26.395,18.664
40.703,117.531,26.192,18.817
41.859,118.096,25.952,18.722
42.984,118.278,25.745,18.366
42.901,118.555,25.543,18.280
43.034,118.957,25.238,18.075
43.223,119.107,24.926,17.903
44.389,118.792,23.684,18.683
45.158,118.722,23.822,18.203
45.366,118.942,23.652,18.045
46.267,118.979,23.603,17.773
45.724,119.444,22.987,18.653
46.675,118.639,22.326,19.072
47.834,118.337,21.851,19.647
48.196,118.607,21.443,19.797
48.817,118.198,20.954,20.063
48.843,118.008,20.855,19.939
49.496,118.122,20.751,20.128
49.946,118.184,20.546,20.352
50.124,118.535,20.340,20.562
50.321,118.427,20.114,20.413
50.187,118.920,20.148,20.220
48.622,119.071,19.839,20.072
48.693,119.569,19.757,19.890
48.824,119.874,19.483,19.826
49.290,120.759,19.236,19.455
50.158,120.293,19.048,19.184
51.042,120.461,18.853,18.996
51.551,120.655,18.729,18.889
52.473,120.795,18.524,18.639
52.686,121.395,18.374,18.550
53.303,121.693,18.180,18.309
53.677,121.314,17.942,18.258
54.053,120.930,17.746,18.250
54.424,118.830,17.488,18.259
52.295,121.553,17.421,18.101
60.246,117.583,41.000,37.000
70.870,126.634,18.340,16.685
70.756,126.912,18.986,15.734
70.213,125.547,19.693,14.847
69.910,126.050,20.113,14.199
71.408,126.607,20.346,13.772
71.381,128.686,20.182,13.488
71.489,128.897,20.313,12.982
71.304,128.737,20.367,12.574
71.733,128.669,20.464,12.276
71.710,127.203,20.450,12.049
72.153,128.819,20.187,11.999
72.668,129.150,20.307,11.804
72.947,129.624,20.219,11.707
73.318,129.645,20.024,11.462
73.544,129.556,19.978,11.360
73.800,129.231,19.574,11.337
75.506,129.220,19.342,11.359
73.306,129.764,19.933,10.602
75.498,130.144,19.553,10.776
75.844,129.631,19.130,11.098
77.773,130.175,19.007,11.028
77.415,130.128,18.740,11.002
77.643,130.406,18.749,10.946
77.468,130.874,18.488,11.003
79.512,129.958,17.452,11.690
79.574,128.405,17.598,11.359
79.717,127.083,17.699,11.163
81.117,127.417,17.661,10.974
80.728,127.874,17.717,10.983
80.776,130.099,17.580,10.821
81.168,128.426,17.473,10.744
81.974,128.579,17.652,10.644
82.536,128.378,17.752,10.604
83.390,128.239,17.630,10.627
83.485,129.970,17.488,10.663
84.018,130.083,17.380,10.734
84.573,130.232,17.693,10.709
86.358,130.450,17.529,10.727
86.110,130.767,17.483,10.771
86.530,130.915,17.506,10.753
87.066,130.432,17.516,10.791
87.129,130.474,17.478,10.605
88.887,128.858,17.566,10.513
88.878,128.640,17.555,10.415
90.384,128.760,17.487,10.350
90.246,128.642,17.343,10.247
91.438,128.823,17.171,10.117
90.637,129.280,17.226,10.237
92.089,129.571,17.109,10.193
92.472,129.966,17.055,10.173
92.650,129.879,16.932,10.243
92.481,130.287,16.903,10.303
94.093,131.793,16.781,10.161
94.867,131.415,16.678,10.287
94.870,131.178,16.830,10.102
96.356,129.911,16.940,10.074
96.191,129.709,17.063,10.107
97.688,129.605,16.992,10.004
97.789,128.684,16.719,10.227
98.584,129.931,16.434,10.097
98.713,129.786,16.256,10.192
100.376,131.183,16.193,10.137
100.689,129.672,16.280,10.144
102.302,129.829,16.433,10.280
102.392,130.210,16.380,10.278
102.639,130.165,16.380,10.341
102.624,130.008,16.435,10.181
104.530,128.271,16.322,10.189
105.493,126.932,16.445,10.097
105.232,126.851,16.374,10.000
106.882,128.345,16.029,10.000
107.654,128.217,16.002,10.000
107.166,128.528,16.136,10.034
107.503,128.875,16.201,10.016
109.295,130.186,16.002,10.000
109.464,130.059,16.064,10.000
110.775,130.539,16.156,10.000
110.924,130.612,16.107,10.000
111.431,130.508,16.222,10.000
111.376,130.465,16.331,10.000
111.913,130.436,16.211,10.008
111.875,129.995,16.184,10.000
113.759,131.643,15.957,10.042
112.103,131.816,16.109,10.041
112.349,131.884,16.236,10.052
113.552,131.888,16.368,10.000
113.558,131.616,16.495,10.000
113.429,131.538,16.437,10.000
113.543,132.900,16.405,10.000
113.849,132.515,16.295,10.000
114.059,130.589,16.219,10.000
113.373,128.944,16.139,10.000
112.990,129.254,16.327,10.000
112.648,129.043,16.475,10.000
113.318,128.537,16.596,10.000
112.566,127.274,16.780,10.000
112.429,127.613,16.808,10.000
112.599,127.897,16.778,10.000
112.585,128.121,16.664,10.131
112.999,129.619,16.406,10.138
113.111,129.563,16.353,10.046
112.804,131.059,16.266,10.000
112.870,129.178,16.081,10.092
114.863,130.096,15.435,10.941
112.591,137.009,15.993,10.589
112.092,135.253,15.843,10.365
111.067,134.991,16.131,10.209
111.390,133.210,15.982,10.275
111.885,127.818,15.273,10.870
110.773,126.922,15.785,10.388
111.016,128.491,15.603,10.236
110.628,128.929,15.679,10.122
110.408,129.078,15.882,10.000
110.198,128.989,15.989,10.000
110.112,129.121,15.981,10.000
109.278,127.754,16.126,10.000
109.434,127.455,15.983,10.000
109.290,127.779,16.182,10.000
109.113,127.851,16.219,10.000
108.849,127.744,16.209,10.000
108.989,127.787,16.183,10.000
108.506,127.662,16.121,10.000
108.463,127.576,16.003,10.000
108.650,127.183,15.980,10.000
108.410,127.181,16.166,10.000
108.427,126.888,16.014,10.000
108.279,128.487,16.058,10.000
108.458,128.734,15.964,10.118
108.019,128.593,15.895,10.014
107.863,127.106,15.906,10.000
107.457,127.042,15.869,10.000
107.805,127.389,15.964,10.030
107.532,128.015,16.190,10.050
107.820,128.199,16.109,10.000
107.560,128.229,16.127,10.079
108.426,128.424,16.129,10.058
107.546,129.856,16.065,10.018
107.345,129.834,15.922,10.066
108.622,129.318,15.767,10.030
107.503,129.451,15.944,10.000
108.768,129.020,15.835,10.000
106.599,128.861,15.858,10.000
106.905,129.115,15.733,10.114
107.192,129.385,15.646,10.195
107.349,129.579,15.609,10.168
107.256,129.446,15.501,10.194
107.612,129.223,15.510,10.122
107.477,129.579,15.608,10.040
107.852,129.409,15.463,10.067
107.763,129.266,15.686,10.005
107.249,129.397,15.673,10.071
107.434,129.363,15.715,10.000
107.694,129.144,15.885,10.000
107.499,128.587,15.988,10.000
109.009,128.287,15.875,10.000
108.695,128.428,15.796,10.000
107.173,128.579,15.897,10.051
109.259,126.638,15.212,10.637
108.734,128.426,15.436,10.404
108.450,128.417,15.767,10.191
109.987,128.349,15.665,10.138
109.788,128.053,14.997,10.863
110.140,127.797,14.677,11.497
109.982,128.093,15.007,11.109
109.392,128.196,15.504,10.849
109.031,127.787,15.787,10.554
109.450,126.255,16.138,10.454
109.219,127.651,16.092,10.337
109.698,127.669,16.275,10.230
109.923,127.620,16.407,10.167
111.230,127.693,16.230,10.276
111.353,128.978,16.153,10.181
111.043,128.541,16.161,10.084
110.795,128.400,16.195,10.130
113.062,127.460,15.368,10.705
112.586,128.880,15.614,10.442
112.820,127.451,15.626,10.271
112.328,127.539,15.784,10.356
112.271,127.461,15.860,10.339
111.921,127.090,16.050,10.331
113.235,127.071,16.189,10.359
113.152,127.119,16.289,10.271
112.902,127.305,16.542,10.244
114.102,128.759,16.574,10.091
113.988,128.189,16.581,10.027
113.244,128.008,16.510,10.031
113.405,128.316,16.484,10.208
113.093,129.624,16.256,10.264
113.223,129.399,16.439,10.107
113.642,130.590,16.238,10.186
113.274,129.119,16.207,10.052
113.199,128.291,16.141,10.154
112.938,128.403,16.302,10.017
112.700,128.454,16.415,10.000
113.297,128.735,16.556,10.178
113.019,128.512,16.656,10.325
113.386,129.875,16.678,10.213
113.141,129.419,16.830,10.174
114.673,127.567,16.855,10.272
114.337,127.822,16.963,10.286
114.365,128.997,16.948,10.182
115.373,128.451,16.785,10.131
114.890,128.303,16.942,10.126
114.652,128.510,16.982,10.170
114.559,128.887,16.763,10.302
115.061,130.257,16.764,10.135
115.132,130.232,16.565,10.141
115.562,129.822,16.507,10.294
115.340,129.650,16.505,10.337
115.298,129.543,16.400,10.215
116.738,129.714,16.463,10.318
116.343,129.865,16.479,10.426
115.542,129.836,16.468,10.332
115.845,129.479,16.457,10.323
118.208,129.109,15.621,10.932
117.757,129.440,15.899,10.705
117.138,131.139,15.940,10.447
116.830,130.848,16.092,10.312
117.681,130.145,16.250,10.336
117.469,129.919,16.156,10.380
117.288,129.329,16.007,10.269
117.392,129.404,15.803,10.316
116.976,129.649,16.037,10.590
117.636,129.631,16.205,10.511
116.888,129.335,16.303,10.495
117.163,129.163,16.274,10.514
117.116,129.263,16.539,10.611
117.011,130.503,16.587,10.487
116.682,129.954,16.504,10.322
116.531,129.629,16.642,10.346
116.703,129.685,16.711,10.384
115.818,129.492,16.758,10.548
115.240,129.506,16.922,10.689
115.361,129.029,16.815,10.689
114.789,129.206,17.062,10.774
114.680,129.106,17.412,10.812
114.389,129.000,17.369,10.768
114.355,128.375,17.183,10.780
116.011,127.952,16.497,11.433
115.121,129.753,16.548,11.217
114.909,129.804,16.668,11.081
114.760,129.139,16.779,10.972
115.121,128.732,16.675,10.909
115.307,128.791,16.658,10.873
114.469,129.145,16.969,10.933
114.304,128.977,17.181,10.727
114.077,128.582,17.282,10.710
113.849,128.473,17.482,10.657
113.715,128.477,17.593,10.786
113.041,128.336,17.794,10.776
113.071,128.023,17.910,10.834
112.965,129.776,18.092,10.949
112.798,129.219,18.036,10.922
113.029,129.107,17.894,10.874
113.070,128.573,17.849,10.832
113.163,128.371,17.869,10.763
112.761,128.444,17.913,10.893
113.383,128.673,17.760,11.047
112.655,128.287,17.990,11.025
112.960,128.338,18.140,11.118
112.807,128.316,18.016,11.209
112.649,128.345,17.990,11.180
112.889,128.627,18.202,11.129
112.670,128.356,18.269,11.126
112.665,127.922,18.168,11.304
112.391,127.840,18.095,11.222
113.811,129.369,18.066,11.158
112.988,128.954,17.995,11.150
113.296,130.481,18.057,10.991
112.544,130.830,18.152,11.012
112.750,130.809,17.985,11.014
112.883,130.708,18.024,11.137
113.489,131.018,17.848,11.305
113.025,131.047,17.933,11.571
112.770,130.776,18.038,11.470
112.496,130.321,17.895,11.462
113.020,130.301,18.147,11.456
112.483,130.519,18.311,11.530
112.154,132.371,18.493,11.338
112.121,132.020,18.523,11.372
111.653,132.061,18.532,11.420
112.797,132.082,18.551,11.502
111.423,132.189,18.761,11.484
111.461,131.894,18.709,11.399
111.397,131.340,18.748,11.293
111.761,131.429,18.498,11.400
111.437,129.916,18.528,11.439
111.345,130.074,18.593,11.676
110.941,130.405,18.717,11.719
111.168,130.647,18.751,11.868
111.446,130.893,18.554,11.960
111.541,131.126,18.629,12.029
111.599,130.877,18.593,11.755
110.939,130.691,18.846,11.558
110.785,131.139,18.833,11.740
110.199,131.183,18.850,11.722
110.228,131.321,18.834,11.938
110.126,131.457,19.056,11.879
110.088,131.107,19.092,11.981
109.964,131.422,19.070,11.830
109.932,131.685,18.970,11.857
109.595,131.810,19.194,11.808
109.845,131.907,19.226,11.743
109.853,131.983,19.156,11.639
109.751,131.736,19.334,11.356
109.466,131.388,19.361,11.368
109.176,131.205,19.249,11.277
109.456,131.545,19.191,11.418
108.857,131.661,19.163,11.442
109.314,131.430,18.793,11.470
108.957,131.495,18.803,11.627
109.888,131.759,18.682,11.628
109.490,131.658,18.764,11.614
108.886,131.471,18.820,11.753
108.831,131.020,18.961,11.568
108.961,130.426,18.998,11.775
108.548,130.438,19.073,11.746
107.927,130.249,19.171,11.618
108.166,130.079,19.142,11.659
107.913,130.711,19.279,11.814
107.642,130.605,19.454,11.705
107.717,131.089,19.629,11.913
107.486,130.359,19.573,11.979
107.427,130.401,19.604,12.168
107.122,130.631,19.647,12.263
107.187,130.686,19.525,12.425
107.137,130.346,19.544,12.311
106.329,129.811,19.854,12.285
106.524,130.383,19.763,12.346
106.983,130.725,19.642,12.557
105.748,130.688,19.898,12.647
105.576,130.545,19.977,12.563
105.781,130.608,19.557,12.480
105.311,130.666,19.791,12.502
105.206,132.307,19.926,12.345
105.299,132.173,20.017,12.288
105.754,132.163,20.106,12.388
106.107,132.111,20.194,12.504
105.213,132.202,20.355,12.398
105.637,132.020,20.245,12.344
106.445,131.663,20.031,12.464
106.140,132.050,20.350,12.655
106.637,132.328,20.430,12.654
107.049,130.338,20.200,12.751
107.240,130.119,20.215,12.710
107.928,130.636,20.197,12.806
107.803,131.020,20.390,12.876
108.368,131.307,20.387,12.912
108.168,131.833,20.687,13.037
107.997,132.390,20.651,13.152
108.713,132.044,20.867,13.019
108.907,131.615,21.038,13.012
109.275,131.692,21.257,12.934
109.867,131.649,21.056,12.848
110.500,131.521,20.917,12.709
111.610,131.313,20.895,12.806
111.185,130.706,20.728,12.755
111.781,130.698,20.492,12.808
111.515,130.928,20.754,12.958
112.285,132.571,20.731,12.984
112.721,131.860,20.560,12.915
112.875,131.071,20.672,12.993
113.966,131.244,20.857,13.026
114.046,131.397,21.236,13.018
114.312,131.773,21.481,13.178
114.446,131.163,21.544,13.215
115.371,131.175,21.769,13.229
115.700,130.990,21.696,13.265
115.655,130.994,21.852,13.363
115.946,131.182,21.879,13.384
116.339,131.719,21.796,13.535
116.674,131.575,21.874,13.330
117.288,131.390,21.781,13.232
117.655,130.425,21.744,13.240
117.885,130.260,21.642,13.321
117.721,130.752,21.815,13.366
118.558,130.797,21.853,13.380
119.148,130.734,21.581,13.371
119.184,130.698,21.781,13.545
118.799,131.007,21.962,13.511
119.766,131.206,21.950,13.554
120.125,131.390,22.066,13.499
120.632,131.155,22.185,13.404
120.402,131.246,22.358,13.279
120.826,131.156,22.138,13.344
121.505,130.943,21.856,13.389
121.854,130.842,21.837,13.536
122.540,130.943,21.632,13.638
122.594,131.382,21.879,13.800
122.515,131.571,22.086,13.840
122.636,131.294,22.209,13.828
122.547,131.742,22.398,13.816
123.732,133.772,22.366,13.833
124.291,133.675,22.234,13.922
124.366,133.847,22.056,13.859
124.241,133.800,21.956,13.857
125.181,133.860,21.906,13.597
125.157,133.778,21.877,13.512
124.685,133.316,21.917,13.609
124.781,132.883,22.237,13.535
125.166,132.649,22.448,13.304
126.096,132.746,22.387,13.495
125.770,132.596,22.390,13.576
126.278,131.712,22.348,13.527
126.443,131.183,22.184,13.555
125.899,130.740,22.142,13.521
126.046,130.086,22.063,13.572
126.122,129.926,21.959,13.779
125.841,130.081,22.114,13.754
125.509,129.994,22.260,13.953
124.843,130.150,22.797,13.987
124.579,129.752,22.616,14.029
123.929,129.617,22.852,13.881
124.397,131.488,22.627,13.827
124.078,130.881,22.193,14.436
123.518,130.685,22.444,14.486
107.176,117.132,55.000,49.000
122.403,131.212,22.312,14.367
122.286,131.751,22.583,14.413
121.770,131.787,22.501,14.385
121.433,131.531,22.910,14.393
121.295,131.074,22.842,14.299
121.256,131.054,22.983,14.379
120.410,131.112,23.154,14.336
120.882,131.277,23.068,14.562
121.210,131.101,22.875,14.360
120.643,132.919,22.918,14.171
120.489,132.430,23.052,14.069
119.829,132.242,23.262,14.114
120.652,131.771,23.120,14.070
121.031,131.237,22.934,13.916
121.465,130.898,22.800,13.950
121.426,130.555,22.723,13.943
121.200,130.089,22.781,13.817
121.207,129.961,22.950,13.923
121.230,130.012,22.879,14.009
121.204,129.879,22.814,14.342
121.655,129.856,22.972,14.381
122.272,129.788,23.143,14.360
122.136,129.520,23.005,14.637
122.750,129.553,23.045,14.844
122.818,130.001,23.133,15.084
123.229,129.522,22.944,14.903
123.900,129.755,22.884,14.769
124.148,129.608,23.097,14.493
124.182,130.177,22.749,14.708
124.292,132.347,22.470,14.390
125.021,134.249,22.486,14.134
125.531,134.257,22.535,14.051
125.910,133.408,22.499,13.973
126.437,132.963,22.565,13.848
126.079,130.875,22.683,13.835
127.151,130.054,22.534,13.811
127.381,127.932,22.397,14.065
126.702,127.803,22.433,13.945
126.725,127.736,22.465,13.906
127.184,127.761,22.519,14.047
127.425,127.795,22.666,14.223
127.634,128.029,22.877,14.618
127.463,128.205,22.960,14.807
127.228,128.117,23.123,14.847
126.805,128.432,23.331,14.716
126.862,128.880,23.406,14.938
126.914,129.227,23.399,14.816
127.149,128.966,23.466,14.769
127.287,129.291,23.723,14.831
126.937,129.516,23.975,14.957
127.304,131.632,23.926,14.862
126.791,130.920,23.864,14.687
126.733,130.353,23.776,14.566
126.922,129.827,23.445,14.453
127.874,129.238,23.249,14.402
127.728,129.566,23.300,14.470
127.489,129.368,23.421,14.579
126.808,128.676,23.475,14.454
126.941,128.616,23.352,14.591
126.766,128.819,23.293,14.593
125.712,128.388,23.708,14.449
125.099,127.884,23.764,14.302
125.469,127.483,23.554,14.289
124.776,127.330,23.677,14.362
124.525,127.551,23.539,14.301
123.612,128.221,23.695,14.571
123.717,128.288,23.564,14.408
123.299,128.930,23.893,14.373
122.841,131.332,23.784,14.171
122.683,131.431,23.609,14.106
122.320,131.835,23.227,14.144
121.548,131.772,23.182,14.200
121.947,130.967,22.766,14.329
120.942,130.606,23.154,14.169
120.621,130.458,23.050,14.306
120.990,130.473,22.941,14.414
121.050,130.024,23.133,14.142
120.175,130.283,23.222,14.018
119.815,130.522,23.123,13.983
119.758,130.625,23.092,14.033
119.940,130.693,22.893,14.010
119.690,130.921,22.948,14.051
119.534,132.926,23.109,13.893
119.290,133.271,22.848,13.887
118.722,133.046,23.098,13.845
118.777,134.703,23.086,13.785
118.879,134.105,22.847,13.648
119.183,133.355,22.934,13.539
118.597,132.976,23.008,13.600
118.991,132.445,22.952,13.476
118.930,130.179,22.863,13.782
119.326,130.249,22.955,13.978
119.406,130.630,23.065,14.158
118.753,132.644,23.037,13.981
118.680,132.774,22.945,14.084
118.758,133.369,23.109,14.180
118.601,133.306,23.012,14.145
118.723,133.491,22.853,14.189
118.406,133.616,22.740,14.061
119.079,133.523,22.793,13.945
119.783,133.100,22.663,14.259
119.164,132.810,22.786,14.144
119.459,132.639,22.807,14.280
119.383,132.785,22.968,14.226
119.717,132.588,22.796,14.251
119.384,134.677,23.000,13.881
119.846,134.373,23.007,13.712
119.836,133.853,22.786,13.727
119.653,131.791,22.899,13.868
118.862,131.979,23.109,13.966
119.110,134.139,22.826,13.949
118.666,134.483,22.924,13.991
118.244,134.843,23.161,13.873
118.397,134.474,23.146,13.877
119.028,134.193,23.094,13.830
119.012,134.066,23.144,13.687
119.255,134.375,23.261,13.646
119.415,134.572,23.347,13.445
118.805,134.735,23.381,13.465
118.651,134.737,23.352,13.293
118.650,134.309,23.047,13.240
117.890,133.756,22.908,13.176
118.241,133.308,22.832,13.111
118.154,133.443,22.677,13.227
118.444,133.645,22.565,13.284
117.902,133.749,22.699,13.293
118.341,133.628,22.583,13.221
117.955,133.393,22.843,13.186
117.902,133.674,22.856,13.257
117.623,133.840,22.850,13.174
117.005,133.492,22.683,13.185
116.999,133.715,22.573,13.226
117.245,133.827,22.785,13.184
117.335,133.457,22.655,13.122
116.681,133.231,22.826,13.271
116.253,133.729,22.978,13.419
115.559,133.781,23.060,13.439
115.891,133.732,22.921,13.290
116.026,133.492,22.888,13.148
115.688,133.223,22.896,13.019
115.949,133.080,22.554,13.234
115.931,134.737,22.439,13.073
115.600,134.589,22.571,13.004
114.794,134.101,22.788,12.892
114.908,132.071,22.679,13.088
114.962,132.169,22.719,13.151
114.700,132.357,22.725,13.184
114.498,132.693,22.707,13.300
114.616,132.732,22.560,13.185
114.431,132.930,22.722,13.256
114.575,132.682,22.607,13.238
114.671,132.613,22.560,13.247
114.268,132.228,22.446,13.262
114.446,132.100,22.543,13.328
114.580,132.025,22.655,13.334
114.709,132.044,22.833,13.543
114.911,131.914,22.764,13.574
115.433,133.729,22.430,13.499
115.250,133.926,22.669,13.335
115.379,134.044,22.727,13.231
115.460,133.692,22.704,13.033
115.291,133.126,22.622,12.990
115.379,132.722,22.522,12.868
115.987,132.264,22.266,13.018
116.015,132.549,22.246,13.108
116.077,132.535,22.078,12.987
115.792,132.449,22.011,12.943
116.197,134.074,21.968,12.875
117.018,133.446,22.005,12.789
118.052,133.233,21.711,12.869
118.526,132.714,21.678,12.889
118.292,132.553,21.842,12.954
118.800,132.228,21.793,12.958
118.514,131.920,22.070,12.826
118.751,131.716,21.963,12.853
119.397,133.192,21.715,12.731
119.704,132.832,21.685,12.619
121.298,130.513,21.635,12.768
120.876,130.330,21.793,12.943
121.025,130.359,21.930,12.976
121.075,130.169,21.540,13.165
122.229,130.116,21.819,13.189
122.170,132.146,21.928,12.984
122.844,131.622,21.728,12.881
122.566,131.723,21.890,12.997
122.827,131.436,21.816,12.966
122.819,131.288,21.818,13.079
123.483,131.438,21.679,13.154
125.268,131.291,21.690,13.187
125.196,130.861,21.867,13.149
124.767,130.575,21.808,13.234
124.574,130.291,21.627,13.325
124.866,130.606,21.791,13.513
126.357,132.424,21.946,13.305
126.120,131.958,22.158,13.073
125.469,131.783,22.178,12.987
125.980,131.763,21.979,13.184
125.824,133.481,21.869,13.026
126.366,133.288,21.799,13.067
126.476,132.956,21.952,13.163
126.442,132.958,21.732,13.228
126.377,132.941,22.022,13.235
126.177,132.912,21.961,13.158
125.886,133.100,22.035,13.312
127.405,134.920,22.214,13.113
125.325,134.196,22.260,12.934
126.889,133.933,22.442,12.731
126.338,133.543,22.582,12.775
126.002,133.560,22.443,12.773
126.214,135.496,22.147,12.523
126.533,134.940,21.913,12.589
126.560,134.600,21.679,12.534
126.434,134.645,21.595,12.591
126.414,134.267,21.490,12.612
126.972,133.722,21.419,12.636
126.683,133.360,21.349,12.590
126.865,133.481,21.406,12.660
126.298,133.431,21.545,12.611
126.190,133.754,21.778,12.835
126.452,133.683,21.351,12.919
125.095,133.121,21.027,12.862
125.724,132.757,21.055,12.790
126.288,132.816,21.104,12.755
125.754,133.246,21.231,12.812
124.804,132.965,21.143,12.740
127.061,134.515,21.217,12.739
125.264,134.047,21.173,12.689
125.357,135.567,21.156,12.492
125.706,133.436,21.197,12.575
125.525,132.995,21.075,12.560
125.226,131.183,21.214,12.587
125.061,132.862,21.643,12.640
125.074,132.290,21.672,12.584
125.238,132.253,21.537,12.731
124.915,132.019,21.837,12.701
123.096,131.434,21.964,12.671
123.554,131.310,21.963,12.857
123.504,130.840,21.831,12.891
123.737,130.727,21.704,12.964
123.150,130.646,22.035,13.025
122.892,130.499,22.164,12.984
122.967,130.388,22.262,13.054
122.745,130.608,22.223,13.050
122.882,130.450,22.300,12.943
121.475,130.444,22.244,13.006
122.070,130.507,22.169,13.134
121.565,128.544,22.504,13.254
121.523,128.819,22.768,13.458
123.271,129.068,22.890,13.494
120.585,128.723,23.124,13.304
120.033,128.696,23.175,13.385
120.091,128.689,23.145,13.287
120.540,128.264,23.024,13.286
120.538,128.264,22.929,13.193
119.900,128.036,23.173,13.135
120.308,127.960,23.119,13.126
120.634,127.657,22.865,13.174
120.462,126.003,22.958,13.267
120.451,127.939,23.128,13.242
120.086,127.426,22.613,13.518
118.783,127.317,22.842,13.531
119.444,127.655,22.945,13.554
119.731,128.192,22.930,13.543
120.213,128.038,22.711,13.501
119.641,127.936,23.009,13.436
119.931,127.658,23.030,13.308
119.540,127.180,23.031,13.111
118.794,127.180,23.141,12.998
118.979,126.510,23.025,12.997
121.157,125.976,23.193,12.934
118.880,125.348,23.047,12.893
119.482,125.364,23.011,12.888
118.062,125.138,23.021,12.857
118.088,125.059,23.239,12.979
118.647,125.220,23.371,12.997
118.036,124.880,23.611,13.169
117.197,126.685,23.721,13.102
116.189,126.611,24.908,12.310
116.445,126.521,24.588,12.566
116.413,126.038,24.243,12.711
114.256,126.008,24.288,12.821
114.791,126.062,24.037,13.119
114.947,127.753,24.032,13.180
114.738,127.708,24.154,13.108
114.337,127.649,24.328,13.131
113.938,127.816,24.185,13.441
113.547,128.010,24.596,13.489
113.535,130.197,24.434,13.441
113.291,130.578,24.294,13.551
112.983,130.566,24.495,13.630
112.376,130.504,24.635,13.773
109.845,130.887,24.934,14.037
109.768,131.045,24.902,13.981
111.299,131.151,24.926,14.098
108.967,131.343,24.803,14.229
108.987,131.586,24.756,14.220
109.161,131.928,24.921,14.272
107.503,132.020,24.768,14.174
107.766,131.955,24.722,14.093
109.542,132.092,24.691,14.016
107.014,131.961,24.838,13.879
107.176,132.139,24.926,13.764
107.351,131.852,24.859,13.730
107.187,131.944,24.559,13.720
106.835,131.914,24.265,13.725
106.830,132.013,24.100,13.743
106.628,132.003,24.118,13.780
106.094,131.963,24.197,13.679
104.114,129.851,24.144,13.643
104.592,129.530,24.053,13.671
104.268,129.181,23.952,13.639
104.363,128.924,23.779,13.580
104.300,128.507,23.902,13.441
104.914,129.087,25.223,12.554
104.092,128.354,25.016,12.809
103.857,128.221,24.778,13.032
103.933,128.133,24.511,13.038
103.629,127.668,24.299,13.171
103.105,127.613,24.240,13.318
102.880,127.169,23.972,13.226
103.434,127.085,23.723,13.347
102.998,127.271,23.849,13.423
102.470,127.802,24.105,13.558
100.365,127.572,24.029,13.666
102.139,127.967,23.996,13.764
103.667,127.837,24.270,13.646
102.983,127.591,24.452,13.518
102.212,127.538,24.796,13.446
101.595,127.937,24.929,13.585
100.675,127.744,25.152,13.502
98.927,128.156,26.515,12.626
99.078,127.946,26.189,12.923
98.595,128.068,26.036,13.183
98.329,128.033,25.826,13.340
98.770,127.388,25.488,13.483
98.665,125.171,25.346,13.766
98.601,125.182,25.120,13.826
98.291,125.331,25.280,13.737
99.964,125.682,25.192,13.700
97.448,125.532,25.040,13.628
97.514,125.671,25.019,13.632
97.933,125.682,25.002,13.574
97.984,125.826,25.209,13.708
98.065,125.983,25.148,13.823
97.865,127.773,25.241,13.781
97.568,127.118,25.184,13.743
97.196,127.138,25.231,13.866
97.426,124.797,25.103,14.192
97.575,126.814,24.968,14.039
97.143,126.783,24.992,14.100
82.651,126.646,24.630,14.577
95.640,126.350,24.859,14.304
97.440,126.226,25.218,14.151
97.046,126.390,24.927,14.275
96.630,126.074,25.070,14.256
98.849,128.240,24.902,14.250
98.039,128.087,25.075,14.034
97.854,127.696,24.918,14.006
96.689,129.772,25.880,13.297
96.956,129.247,25.743,13.357
97.238,129.332,25.507,13.524
98.941,129.229,25.769,13.688
98.583,131.104,25.575,13.674
98.392,130.429,25.348,13.589
98.213,129.760,25.117,13.594
98.221,129.783,25.273,13.391
99.125,131.575,24.886,13.368
99.412,130.748,24.644,13.314
99.420,130.639,24.501,13.330
84.947,128.370,24.146,13.689
85.069,128.199,23.703,14.079
85.486,128.478,23.472,14.324
85.097,128.731,23.332,14.465
97.787,130.690,23.539,14.250
99.347,130.784,24.021,13.912
99.180,130.785,24.021,13.859
96.849,130.444,24.098,13.689
99.005,130.096,24.287,13.657
96.604,131.677,24.424,13.502
98.714,131.247,24.309,13.429
97.488,131.595,25.106,12.591
96.989,131.317,24.697,12.584
97.060,131.186,24.622,12.701
98.953,130.866,24.416,12.825
95.929,131.278,25.114,12.219
97.813,131.186,24.719,12.547
97.612,131.175,24.739,12.773
97.262,131.277,24.609,12.831
96.960,131.284,24.666,12.965
97.190,131.462,24.660,13.008
96.788,131.790,24.485,13.144
96.738,131.931,24.533,13.152
97.111,129.572,24.427,13.344
99.482,131.385,24.283,13.307
97.585,130.834,23.917,13.288
99.493,130.889,23.820,13.088
98.801,130.938,23.856,13.116
98.210,130.820,23.894,13.148
97.357,130.598,23.736,12.986
97.194,130.623,23.813,13.138
96.908,130.728,24.188,13.242
97.336,130.848,24.056,13.371
97.194,130.645,24.219,13.212
98.430,130.650,24.082,13.304
98.050,130.595,23.905,13.218
95.533,128.321,24.026,13.194
97.441,128.256,24.009,13.371
96.907,128.210,24.043,13.325
94.545,128.180,23.978,13.437
94.922,129.646,24.031,13.339
95.531,129.606,24.016,13.362
95.496,129.131,23.856,13.391
96.266,128.865,23.729,13.441
96.653,128.679,23.811,13.416
96.277,129.419,24.916,12.545
98.466,129.145,24.418,12.830
97.799,127.118,24.470,13.115
97.681,127.117,24.477,13.183
97.536,126.915,24.558,13.377
97.199,128.851,24.490,13.296
99.706,116.775,24.782,13.297
99.234,114.931,25.473,13.384
96.774,115.429,26.139,13.315
99.174,115.639,26.491,13.448
99.145,116.102,27.549,12.990
96.168,128.328,27.274,13.205
95.268,128.670,28.069,12.714
81.933,126.223,27.659,13.191
81.786,126.237,27.021,13.632
81.704,126.060,26.515,14.070
81.631,125.653,25.943,14.637
81.758,125.610,25.599,14.919
81.102,125.757,25.382,15.100
81.068,125.808,24.922,15.268
93.779,125.910,25.334,14.979
95.484,128.243,26.581,13.916
95.158,128.259,26.472,13.801
95.220,128.113,26.367,13.812
94.988,128.033,25.980,13.747
95.001,128.122,25.939,13.724
94.594,128.019,25.970,13.747
93.837,128.217,25.672,13.714
93.408,127.971,25.321,13.849
93.257,127.304,25.167,13.911
93.387,127.574,24.737,13.870
93.458,127.176,24.311,13.918
92.854,127.278,24.509,13.757
92.597,127.089,24.404,13.630
92.549,127.280,24.371,13.660
91.947,127.392,25.518,12.922
90.085,127.330,25.087,13.007
90.489,127.558,24.824,13.331
91.356,127.884,24.241,13.626
90.910,128.115,24.178,13.818
91.097,128.206,24.351,13.846
89.379,127.986,24.140,13.717
89.787,127.979,23.903,13.689
89.459,127.912,23.596,13.762
89.795,127.868,23.665,13.631
89.381,127.995,23.894,13.603
88.924,128.031,24.011,13.532
88.281,127.874,24.100,13.458
88.567,127.486,23.987,13.434
86.428,127.410,23.851,13.635
86.755,127.347,23.838,13.677
86.315,127.517,23.821,13.737
88.091,129.334,23.845,13.738
87.280,127.304,23.916,13.864
85.049,127.048,23.796,13.619
84.174,126.970,23.834,13.646
84.080,127.116,23.556,13.748
81.734,128.972,23.430,13.609
82.304,128.785,23.234,13.594
82.636,128.557,22.983,13.523
82.070,128.513,23.099,13.532
81.502,128.655,23.303,13.585
79.561,128.446,23.511,13.536
79.377,128.305,23.295,13.538
78.458,128.092,23.349,13.656
78.644,129.908,23.418,13.562
78.054,129.213,23.270,13.438
77.175,129.189,23.359,13.538
75.456,130.719,23.055,13.501
75.584,130.481,23.119,13.526
75.603,130.576,23.156,13.493
75.067,130.588,23.196,13.469
74.493,130.457,23.296,13.646
74.040,130.268,23.496,13.523
72.298,130.156,23.571,13.509
70.166,129.703,23.759,13.410
70.228,129.546,23.796,13.305
68.101,129.673,23.725,13.515
69.799,129.385,23.805,13.514
66.664,129.280,23.804,13.383
65.816,129.354,23.927,13.545
65.454,128.775,23.923,13.521
64.898,128.358,23.926,13.476
64.188,128.615,24.056,13.588
63.006,128.974,24.281,13.633
60.181,128.951,24.356,13.649
57.906,128.899,24.196,13.716
57.961,128.801,24.218,13.714
57.147,128.994,24.095,13.780
56.770,129.181,24.054,14.032
56.654,129.371,24.039,14.017
55.410,128.887,24.020,13.928
54.109,129.277,24.525,13.872
51.701,128.683,24.342,14.000
51.378,128.753,24.365,13.951
50.339,129.162,24.386,14.157
48.913,129.280,24.664,14.184
45.989,129.335,24.725,14.351
46.116,128.851,24.774,14.200
45.171,129.136,24.987,14.216
42.755,128.750,25.023,14.213
42.085,128.263,24.827,14.172
39.552,128.098,24.976,14.262
39.895,128.288,25.034,14.181
38.911,128.019,25.079,14.275
37.880,127.655,24.981,14.444
35.082,128.013,25.064,14.545
34.479,128.176,25.362,14.299
33.753,128.111,25.492,14.219
31.079,127.818,25.341,14.180
30.045,129.705,25.299,14.239
29.333,129.240,25.295,14.298
28.957,128.950,25.234,14.474
