143.000,125.000,30.000,54.000
142.433,126.762,31.232,51.569
142.145,126.513,32.011,49.855
142.078,128.266,32.554,48.506
141.830,128.885,33.164,47.239
141.074,129.952,33.479,46.678
141.571,130.711,33.654,45.945
140.647,131.017,34.042,45.605
140.384,131.047,34.249,45.347
141.278,131.500,34.242,45.245
140.262,130.631,34.338,45.274
141.095,131.172,34.231,45.264
139.965,131.648,34.436,45.410
140.879,131.519,34.233,45.316
140.958,129.382,34.203,45.512
139.847,129.272,34.499,45.618
138.669,127.471,34.485,46.369
139.183,127.789,34.595,47.349
138.530,127.643,35.028,48.393
138.056,128.032,35.396,49.751
138.254,128.059,35.790,51.486
138.524,128.282,36.573,52.562
138.776,128.233,37.496,53.423
138.271,127.751,38.448,54.589
137.790,126.000,39.223,56.051
136.826,126.732,40.147,56.815
135.166,128.083,40.957,58.198
135.361,125.904,41.689,59.578
135.094,125.493,42.745,60.911
135.593,126.126,43.594,62.407
135.439,126.374,44.518,63.827
135.546,127.322,45.358,65.147
135.703,128.485,48.073,64.230
134.918,128.145,48.523,65.972
134.430,127.058,49.188,67.504
132.818,126.745,49.968,68.724
132.811,125.658,50.720,69.287
131.299,125.454,51.030,69.667
130.329,126.145,51.077,69.263
129.964,127.217,50.917,68.724
128.389,127.803,50.352,67.784
127.007,128.556,49.501,66.360
126.608,127.866,49.032,65.160
123.529,129.385,51.502,61.383
120.851,127.765,52.108,57.987
122.267,128.625,51.760,55.547
123.776,128.483,51.126,53.862
124.784,128.223,50.563,52.683
127.825,128.867,49.477,51.442
131.004,129.297,48.675,49.857
133.971,130.062,47.817,48.800
136.634,131.118,47.877,47.355
140.806,131.418,47.437,46.493
141.712,134.047,45.998,46.918
139.707,134.656,45.585,46.619
138.816,135.402,45.021,46.142
137.995,136.198,44.390,45.714
136.210,136.923,44.070,46.194
134.504,139.774,43.897,46.980
133.021,141.879,43.204,47.929
132.229,144.416,42.954,47.611
133.582,144.334,42.964,47.966
134.174,143.519,43.202,49.240
136.175,144.026,43.479,49.767
135.761,142.328,43.746,51.243
133.602,138.054,44.688,52.812
132.889,137.554,46.066,52.830
131.071,136.140,47.265,52.688
128.611,134.510,48.604,54.273
128.994,130.186,48.811,56.511
131.340,121.292,49.357,58.132
131.547,111.312,50.636,59.469
133.302,101.631,51.832,60.934
132.511,95.825,53.103,62.314
130.934,90.382,54.689,63.183
128.449,85.129,56.341,62.895
127.903,81.567,57.561,61.857
124.761,82.990,36.000,66.000
113.441,94.309,36.000,66.000
90.013,115.213,55.853,66.087
89.253,125.727,55.310,69.025
88.955,130.942,55.230,70.426
95.070,143.867,56.134,70.172
101.357,161.956,57.980,69.652
108.161,166.685,61.284,67.477
115.776,169.550,62.684,66.106
126.195,172.245,63.325,65.361
142.480,174.783,62.804,65.244
145.793,176.573,61.655,64.876
148.695,173.703,60.594,65.105
148.873,164.456,59.338,66.630
147.365,154.777,58.180,68.260
144.235,145.297,57.482,69.795
142.170,135.585,56.886,70.136
134.488,128.109,56.633,69.828
127.942,122.045,57.210,68.348
120.631,120.717,57.858,66.581
117.275,121.004,58.232,64.328
107.277,122.654,59.509,62.541
105.690,126.392,58.882,60.995
104.656,129.750,57.529,60.385
105.903,131.857,56.385,60.043
109.297,134.046,55.616,58.293
113.658,135.141,55.304,56.616
117.401,135.351,55.102,55.919
124.451,134.512,54.614,55.495
127.401,132.330,53.418,55.576
134.251,130.116,52.841,54.930
134.893,128.105,52.319,55.045
138.426,125.906,51.402,54.377
141.726,121.457,50.103,54.034
141.669,120.471,49.381,53.096
140.389,116.581,48.774,52.523
138.319,115.723,48.420,51.251
135.119,116.198,47.606,49.743
130.067,116.787,46.600,50.074
129.816,118.821,45.484,49.910
127.631,122.151,45.078,49.354
127.941,126.893,44.397,49.740
128.152,129.868,43.699,49.492
129.137,132.527,43.296,48.989
130.149,132.806,43.252,48.741
130.976,129.686,43.086,49.135
130.561,129.237,43.169,48.443
131.246,127.947,43.373,48.085
130.197,127.232,43.775,47.933
128.771,124.148,43.391,48.278
128.460,122.642,43.212,47.315
128.341,120.303,42.720,46.006
127.746,121.610,42.405,45.110
127.773,121.106,41.897,44.305
127.848,120.844,41.356,43.794
128.168,119.770,41.451,43.779
129.497,118.425,41.279,44.130
127.794,118.473,41.696,44.249
126.659,117.829,42.505,44.521
126.599,116.932,42.703,44.500
126.743,116.573,43.333,44.480
126.829,117.161,44.039,44.402
125.894,116.725,44.455,44.620
126.130,115.964,44.241,45.364
127.346,113.764,43.901,46.265
128.399,111.315,43.497,48.719
128.959,108.087,43.138,51.109
130.005,105.878,42.698,53.331
126.107,103.999,39.928,57.845
126.788,101.376,38.152,61.024
127.092,96.381,37.346,62.999
126.681,93.198,36.919,64.984
126.731,89.261,36.813,66.166
127.740,86.406,36.825,66.191
128.693,82.732,36.892,65.438
151.222,77.370,40.614,63.823
154.779,79.377,44.249,62.254
164.652,80.616,46.803,60.308
168.409,82.367,49.208,58.459
163.916,95.797,54.075,54.970
107.229,106.788,53.914,54.761
108.832,106.145,53.309,54.951
116.233,104.911,51.751,54.634
117.060,103.515,50.347,53.797
118.592,103.171,49.128,52.879
121.661,103.368,48.046,52.005
124.111,102.957,46.915,52.156
120.903,107.655,43.233,54.728
129.457,107.186,41.061,55.890
130.084,106.999,42.299,53.886
126.778,118.034,40.076,55.287
128.505,122.590,38.284,56.155
129.127,121.260,37.508,56.537
125.746,127.090,36.116,56.781
126.834,127.270,35.540,56.555
123.609,131.832,34.588,56.961
123.900,131.622,34.294,57.215
123.491,131.017,34.455,57.027
122.589,135.624,34.399,57.946
123.490,134.666,34.382,58.723
127.122,134.751,37.583,55.484
128.366,136.141,39.892,53.395
132.225,135.874,41.273,51.418
136.821,135.213,41.723,50.155
137.533,135.561,42.381,49.143
137.304,141.820,42.010,49.351
138.498,142.671,41.745,49.231
137.554,142.572,42.523,49.060
138.078,142.069,42.467,48.925
138.965,141.304,42.535,48.795
140.217,140.764,42.424,48.963
140.799,140.795,42.713,48.722
141.675,135.418,42.940,48.428
143.165,135.303,42.484,48.081
149.448,134.374,42.435,48.073
150.621,139.575,42.323,48.354
156.859,133.139,42.465,48.419
158.216,138.293,42.322,49.171
164.601,142.399,42.552,49.698
170.852,141.292,42.414,50.145
173.147,143.882,40.740,52.115
180.639,141.556,39.415,54.262
187.693,146.945,40.125,53.680
194.710,146.242,40.393,53.378
197.366,149.145,38.933,55.191
203.050,140.934,39.794,54.378
194.134,151.527,38.401,56.621
195.671,149.370,37.324,58.424
196.321,147.231,36.627,59.924
197.407,145.671,36.324,60.926
209.080,126.659,38.342,58.921
192.651,116.588,36.726,64.103
194.192,128.011,36.332,66.336
189.530,125.416,35.679,69.450
189.718,110.986,36.101,71.298
184.286,101.841,35.922,74.000
183.214,92.244,36.470,75.666
181.799,82.576,37.224,77.515
174.794,74.616,37.826,78.796
173.492,75.331,38.483,78.791
171.816,75.437,38.812,78.663
161.284,76.946,41.523,76.353
150.696,78.067,45.083,73.829
141.227,78.399,48.513,71.646
130.848,77.342,50.716,70.306
188.744,18.512,52.462,69.480
178.346,15.768,56.476,67.250
183.500,17.289,58.135,65.873
180.540,19.041,59.373,65.095
178.516,20.913,60.434,65.311
175.869,22.877,61.472,65.876
173.533,24.708,62.245,66.581
179.014,26.699,62.972,67.482
64.025,115.989,36.000,64.000
10.225,39.235,61.658,70.956
2.474,33.328,59.625,72.836
-2.841,35.507,57.050,74.565
-0.402,37.070,54.312,76.126
-4.721,39.072,50.146,79.920
-1.947,34.077,47.388,82.131
0.300,35.989,45.776,82.890
1.730,37.701,43.395,84.564
2.988,32.402,42.699,83.686
-0.839,35.457,40.319,85.606
1.626,30.846,39.060,86.001
2.435,33.799,37.627,86.795
3.131,35.440,36.700,87.110
3.834,36.157,35.904,87.427
4.912,31.463,36.442,85.427
4.862,33.302,36.708,83.796
4.840,34.773,36.810,82.631
5.052,35.930,36.804,81.684
113.928,134.175,33.000,60.000
121.212,112.570,39.791,73.984
121.173,113.633,41.722,69.523
120.293,114.482,43.452,65.224
115.305,116.546,43.936,61.916
114.023,117.486,44.828,58.841
112.446,116.957,44.836,56.836
112.270,111.596,44.384,55.238
112.269,111.866,44.029,53.270
112.463,112.095,43.838,51.677
118.651,113.755,46.472,47.985
113.006,113.873,46.055,47.441
112.974,114.092,45.591,46.856
119.238,109.589,45.003,46.124
120.152,110.152,44.224,45.318
120.091,110.785,43.967,44.491
115.584,112.187,43.723,44.158
120.842,113.837,46.007,41.472
121.503,109.979,44.909,41.635
121.382,110.667,43.294,41.879
121.798,112.336,42.555,41.743
121.860,113.606,41.633,41.427
122.623,114.345,40.792,41.242
129.393,109.181,38.631,42.819
131.638,104.501,37.077,43.729
133.426,104.979,34.702,45.731
129.599,104.917,33.653,46.804
128.871,99.967,34.266,45.543
122.955,100.069,35.487,44.020
122.043,103.951,36.397,42.562
116.677,103.356,37.022,41.593
116.289,108.795,36.895,40.658
116.138,113.535,36.496,40.298
116.111,118.986,36.274,40.133
117.049,123.784,36.399,40.045
118.082,129.595,36.550,39.955
119.629,134.605,36.259,40.635
121.275,135.714,36.246,41.040
123.237,138.033,36.255,40.776
126.069,139.169,36.176,40.453
127.244,143.880,35.838,40.310
131.526,142.436,35.804,39.921
131.634,141.455,35.748,39.833
131.765,136.182,36.001,39.799
131.342,134.738,36.224,39.718
131.167,134.311,36.464,39.097
126.372,138.938,36.306,38.977
126.572,134.041,36.604,38.490
126.709,133.529,36.836,38.023
127.920,123.679,35.000,63.000
123.224,145.442,36.534,38.903
123.433,139.707,36.476,39.013
119.991,143.779,36.038,39.456
116.609,151.015,34.067,42.394
118.610,149.331,32.490,44.682
123.471,148.013,33.493,43.853
124.147,151.491,34.083,43.500
121.319,155.054,32.321,46.307
122.733,153.549,31.776,47.601
123.485,152.947,31.618,48.720
124.004,151.478,31.497,49.530
128.256,150.218,32.958,48.651
123.720,153.070,32.624,49.606
125.418,148.254,34.057,49.081
129.959,148.048,35.541,47.800
130.186,152.239,36.156,47.515
135.784,146.196,37.446,46.355
140.607,146.014,39.016,44.964
145.728,146.557,40.545,43.536
140.908,156.308,40.407,43.547
139.710,159.830,37.615,46.198
142.856,163.148,35.649,48.658
144.422,166.485,34.556,50.180
146.054,165.050,33.578,51.454
147.643,163.762,33.229,52.102
148.885,162.483,33.075,52.271
150.199,161.618,32.991,52.508
147.666,161.100,32.227,53.180
149.181,160.056,32.098,53.629
150.144,159.419,32.334,53.342
176.457,159.931,34.354,51.609
176.709,164.584,35.926,50.122
177.112,167.770,34.993,50.793
181.672,168.152,36.780,49.511
181.089,177.479,37.757,48.979
184.510,176.536,39.313,48.775
182.631,175.826,40.771,48.783
181.680,181.759,41.898,48.422
180.648,182.149,43.126,48.166
179.312,182.347,43.937,47.862
172.993,175.490,44.332,47.766
172.467,174.590,44.229,47.602
183.042,167.771,38.000,68.000
176.943,175.318,42.400,50.015
177.263,172.895,42.787,49.993
177.220,176.190,43.155,49.935
176.176,167.690,43.358,49.882
173.516,160.374,43.732,50.403
171.327,157.965,43.988,50.928
169.431,155.577,44.388,51.296
167.132,152.893,44.864,52.083
165.565,150.372,45.356,52.635
163.873,148.250,45.955,53.552
162.130,142.393,46.907,54.207
160.350,142.592,47.593,54.905
160.240,142.044,47.916,55.333
159.825,142.017,48.176,55.629
159.967,141.724,48.324,55.691
159.643,141.677,48.755,55.628
160.005,141.941,49.185,55.448
159.737,142.262,49.358,54.873
160.309,143.102,49.212,54.007
161.198,143.871,49.105,52.760
161.763,145.789,49.215,51.720
163.056,147.163,49.548,50.833
164.790,152.426,49.680,49.921
165.886,152.740,50.025,49.565
165.506,155.471,52.310,47.352
123.495,131.366,51.502,47.155
125.626,131.442,50.220,46.523
121.751,131.619,49.195,46.764
123.185,130.349,47.959,47.160
119.660,135.931,46.707,47.396
120.976,134.310,45.533,47.530
122.256,132.784,44.630,47.634
123.050,132.014,43.610,47.394
123.899,131.746,42.887,47.730
124.079,131.786,42.647,47.938
124.783,132.419,42.749,48.072
126.221,133.879,43.313,47.726
127.203,134.811,43.514,48.587
128.400,140.564,43.832,48.691
129.213,140.393,43.856,48.670
130.228,140.620,43.674,48.765
135.109,135.743,44.558,48.279
133.589,144.840,45.288,48.331
122.067,148.957,45.255,48.869
122.154,136.768,45.739,48.394
116.549,136.473,45.521,48.653
116.278,136.753,45.662,48.486
116.178,132.993,46.436,48.108
116.460,139.478,45.491,48.748
115.398,140.646,45.445,48.359
115.248,142.295,45.604,48.118
116.389,149.029,45.479,47.864
123.426,143.301,45.468,47.736
124.928,143.285,45.940,48.454
130.290,159.351,46.447,49.244
131.108,163.476,46.475,50.265
137.804,154.100,45.430,52.750
143.925,151.135,44.692,54.205
144.755,142.787,43.879,55.561
143.152,140.558,44.403,55.425
141.097,132.046,45.486,55.457
138.553,129.488,46.838,55.308
136.915,126.548,47.577,55.158
130.406,125.087,48.489,55.158
129.229,122.389,49.001,54.614
121.688,126.818,49.339,54.340
109.614,120.442,49.486,54.148
109.607,132.526,49.020,53.681
110.393,130.935,47.979,53.790
110.200,134.862,47.565,54.141
109.929,133.977,47.181,53.706
112.125,127.394,46.866,52.867
114.577,127.291,47.049,52.640
120.765,125.517,47.742,52.859
122.928,123.870,48.306,53.353
129.778,121.208,48.897,53.535
137.676,119.119,49.115,53.651
146.246,116.882,48.834,54.243
153.063,114.573,49.004,54.967
166.479,102.143,48.956,54.948
168.427,102.049,48.505,54.654
169.824,100.587,47.956,54.859
170.629,98.976,47.714,54.739
184.344,93.609,48.254,53.492
184.327,100.162,48.092,52.696
184.561,100.720,46.957,52.495
185.082,102.037,45.867,52.403
185.120,103.380,45.085,52.826
184.693,104.485,44.405,53.502
180.728,108.089,41.869,57.701
181.248,107.063,40.024,61.212
181.229,105.698,39.020,64.430
181.250,104.567,38.667,65.955
180.919,102.414,38.711,66.087
180.129,105.240,38.579,66.344
175.336,103.303,38.806,66.738
175.614,101.414,39.260,66.025
175.119,99.814,39.319,65.238
168.535,104.800,41.017,62.704
173.937,103.031,42.014,60.527
174.582,100.800,41.291,60.989
172.070,106.153,42.490,60.624
169.686,106.222,43.571,61.113
167.933,111.362,45.150,61.552
166.263,109.802,46.418,61.973
134.963,128.041,45.274,62.651
137.903,124.788,43.866,64.712
139.492,128.778,43.260,65.358
141.665,133.066,43.094,65.589
143.496,131.032,42.612,66.517
144.953,129.389,42.568,67.429
145.454,127.461,42.764,68.273
141.892,125.587,42.354,69.300
142.507,122.047,42.557,70.131
138.732,118.747,42.144,70.764
139.880,115.816,42.362,70.891
139.883,113.476,42.597,70.939
140.208,110.851,42.630,71.377
139.997,108.412,42.612,71.697
139.870,112.700,42.375,72.790
139.152,116.834,42.534,73.172
140.009,120.768,42.842,74.487
141.622,124.506,43.298,74.183
142.787,121.621,43.044,74.226
143.932,120.483,43.255,73.861
145.681,125.104,43.315,73.532
147.473,123.206,43.326,74.004
149.083,127.654,43.508,74.473
151.318,132.208,43.687,74.454
152.285,129.890,43.851,74.951
