123.000,87.000,132.000,176.000
121.170,87.270,132.864,179.939
121.699,85.748,133.507,183.108
122.070,85.145,134.053,185.096
122.552,84.102,134.414,186.659
124.421,83.349,134.106,187.955
125.437,81.744,134.258,189.056
126.818,81.953,134.689,189.818
128.497,81.193,135.779,190.078
130.329,81.712,136.431,190.064
130.951,81.362,137.076,190.073
132.037,80.822,137.704,190.234
133.801,81.425,138.042,190.599
134.776,79.461,138.135,190.549
135.649,80.646,138.131,190.739
137.850,80.647,138.170,191.531
139.343,80.581,138.187,191.830
139.229,80.407,138.363,191.894
141.049,80.556,138.287,191.983
141.281,79.260,138.438,192.662
140.015,79.129,138.261,193.128
141.055,78.453,138.438,193.549
140.152,78.785,138.521,194.109
138.382,78.706,138.744,194.872
135.674,77.502,139.017,195.826
133.058,77.675,139.418,196.284
130.456,76.839,139.661,196.660
128.939,76.212,139.760,197.044
127.638,75.954,139.787,197.405
126.484,75.689,139.906,197.406
125.344,74.685,140.403,197.588
124.793,75.978,141.036,197.724
124.688,76.489,141.569,197.915
125.185,76.101,142.476,197.801
126.522,77.145,143.136,197.858
126.677,77.691,143.575,197.869
127.099,77.411,144.140,197.943
127.488,77.278,144.514,198.071
127.811,77.616,145.130,198.027
128.135,77.390,145.245,198.011
128.815,77.461,145.602,198.765
128.387,77.062,145.677,199.111
128.505,76.849,146.392,199.712
128.035,76.964,147.193,200.413
129.092,77.173,147.924,201.154
128.798,77.563,148.367,201.566
130.453,77.412,149.036,202.007
131.096,76.522,149.348,202.604
131.501,76.688,149.591,203.169
131.708,75.645,149.974,203.236
132.364,75.604,149.913,203.573
133.672,75.802,150.223,203.880
134.932,75.110,150.607,204.150
135.669,74.705,150.853,204.193
136.659,73.463,150.917,204.010
137.588,74.447,150.611,203.947
138.313,73.449,150.332,203.494
137.938,72.603,150.145,203.568
138.570,72.335,149.896,203.070
138.508,72.817,150.137,202.754
138.318,72.442,149.789,202.997
137.414,72.658,149.806,202.683
137.034,72.634,149.697,202.721
135.641,72.144,149.689,202.505
135.656,72.303,149.680,202.276
134.060,72.012,149.943,201.870
133.434,72.253,150.088,202.113
132.902,72.308,150.407,202.081
132.218,72.110,150.509,201.886
132.245,72.922,150.457,201.754
131.799,72.940,150.210,201.322
131.257,72.645,150.188,201.396
132.226,73.096,150.183,201.547
132.476,73.129,150.001,201.850
132.703,72.126,149.957,201.927
133.543,71.451,150.344,201.644
133.979,71.138,150.667,201.948
133.545,70.909,151.089,202.350
133.254,71.081,151.894,202.156
133.745,71.981,153.027,202.006
133.455,72.356,153.789,201.777
134.396,72.670,154.088,201.740
134.978,72.561,154.580,201.911
135.949,74.304,154.961,201.676
136.550,74.620,155.095,201.352
136.964,75.570,155.210,200.992
137.108,75.582,155.315,200.801
138.097,77.580,155.305,200.843
138.187,76.979,155.600,200.739
138.762,77.745,155.553,200.855
139.567,77.894,155.565,200.540
140.386,77.340,155.687,200.614
141.358,77.802,155.734,200.317
141.596,78.807,155.896,200.539
141.425,78.384,155.778,200.437
142.053,79.089,155.872,200.664
142.527,79.392,156.162,200.291
142.025,78.434,156.259,200.244
141.998,78.428,156.164,200.432
141.791,78.275,156.095,200.716
141.600,78.187,155.811,201.017
141.211,78.014,155.454,201.046
141.670,76.902,154.981,201.062
142.452,76.998,154.620,201.120
142.784,75.550,154.113,201.261
144.419,76.221,153.694,201.366
144.414,77.303,152.823,201.603
144.979,76.220,152.169,201.233
145.536,77.073,151.544,201.373
146.339,76.424,150.925,201.288
147.240,76.062,150.294,201.892
148.886,75.894,149.617,202.066
150.229,75.287,149.121,201.889
152.190,74.456,148.756,201.442
153.801,75.694,148.283,200.807
157.466,74.819,147.654,200.208
160.252,75.405,146.863,200.163
162.185,74.993,146.315,199.889
166.033,74.604,145.778,199.733
169.626,74.669,145.302,199.022
173.212,73.021,145.050,198.499
176.522,72.176,144.620,198.332
181.671,71.050,143.904,198.209
185.128,70.025,143.246,197.839
188.966,69.071,142.693,197.674
193.412,68.166,141.885,197.228
198.192,67.031,141.334,197.196
202.351,65.132,141.034,196.923
206.320,63.421,140.370,195.908
210.666,62.023,139.835,195.563
215.437,62.166,139.089,194.530
220.341,60.659,138.456,193.556
224.193,60.483,137.846,192.933
228.695,59.074,137.366,192.156
233.916,58.996,137.036,191.585
238.266,58.909,135.622,191.174
241.756,60.524,134.154,190.823
245.605,61.848,133.628,189.806
250.442,62.660,133.430,189.484
253.145,63.487,133.972,188.920
255.518,65.147,134.718,189.481
258.668,65.123,135.999,189.751
262.834,65.069,136.127,189.700
268.044,66.151,136.282,189.148
271.458,65.977,136.233,189.138
277.615,66.671,135.916,188.979
283.295,68.642,134.899,188.830
289.802,68.998,134.382,188.690
295.788,70.672,133.520,188.160
301.421,70.809,132.667,187.661
307.988,72.759,132.178,187.763
314.228,72.218,131.762,187.436
322.099,73.110,131.719,187.503
329.139,72.813,131.770,186.955
335.975,72.175,131.710,186.779
343.441,72.025,131.946,186.723
349.664,71.651,131.916,186.335
356.800,70.806,132.165,185.570
363.723,69.953,132.384,185.040
369.846,70.016,132.413,184.235
374.766,69.156,132.593,184.002
380.674,68.330,132.629,184.069
387.564,68.800,132.791,183.353
391.699,69.413,132.528,182.902
397.680,69.993,132.486,182.622
400.170,69.484,132.318,182.426
403.806,69.190,131.889,182.457
406.392,69.762,131.590,182.553
409.890,69.428,131.242,182.563
411.726,70.536,131.236,182.535
413.907,71.345,131.183,182.084
416.237,74.105,131.104,181.770
417.667,75.433,131.393,181.559
419.008,76.393,131.550,181.568
420.541,78.323,131.666,181.526
421.503,79.462,131.704,181.972
421.376,80.949,131.766,182.268
420.773,81.275,131.198,182.368
420.540,82.538,131.348,182.425
419.786,83.417,131.338,182.461
418.899,83.397,131.274,182.773
416.739,83.649,131.526,182.372
414.687,83.461,131.729,182.246
412.311,83.050,131.718,182.242
409.541,83.308,132.127,182.316
407.250,83.616,132.274,182.146
406.681,83.063,132.118,182.558
405.348,82.899,132.170,182.510
403.330,82.647,132.292,182.582
402.049,83.014,131.984,182.940
400.054,82.821,132.230,182.936
399.249,82.285,132.174,182.779
397.067,82.128,132.277,183.322
395.527,82.961,132.321,183.614
393.578,82.596,132.322,183.741
392.875,84.077,132.304,183.793
393.417,84.329,132.283,184.216
392.443,85.117,132.625,183.648
391.485,86.005,132.614,183.819
391.751,88.268,133.140,184.102
390.007,89.521,133.399,184.679
388.428,91.112,134.403,184.558
386.836,94.578,135.141,184.811
383.023,99.649,135.629,186.419
379.965,100.834,135.304,186.140
377.154,107.845,135.441,187.604
373.692,108.085,135.846,188.486
368.979,111.325,136.469,189.630
365.826,116.450,136.609,191.130
364.650,119.678,136.193,193.059
363.333,122.424,135.796,194.153
363.684,127.045,135.663,191.826
361.734,129.897,136.176,188.936
359.888,132.146,136.904,186.714
358.399,134.100,137.426,184.802
356.512,134.524,138.181,182.737
354.814,138.869,139.070,181.155
352.665,140.492,139.546,180.347
352.126,142.559,139.346,179.885
351.980,142.985,138.820,179.579
351.168,145.479,138.814,178.901
351.428,147.743,138.312,178.548
351.392,149.468,137.767,178.787
351.622,151.271,137.475,179.127
352.235,152.989,137.239,179.643
351.597,156.168,136.726,179.259
352.231,156.960,136.398,179.354
352.908,159.692,135.860,179.538
353.428,161.697,135.545,179.315
354.145,163.850,135.042,179.518
354.635,164.898,134.728,179.368
354.480,165.794,134.376,179.085
355.224,167.443,134.270,179.323
355.115,167.186,133.769,178.951
355.921,167.940,133.634,178.847
354.786,168.573,133.227,179.075
355.709,168.102,132.765,179.046
354.200,168.674,132.644,178.998
354.157,169.113,132.497,178.814
354.031,168.081,132.338,178.751
352.916,169.945,132.383,178.518
352.528,169.866,132.346,178.752
351.700,169.833,132.520,178.892
350.325,170.029,132.242,178.462
349.409,169.445,132.261,178.295
347.632,168.245,132.312,178.273
347.215,167.954,132.795,178.381
345.739,165.025,133.097,178.336
345.100,164.367,133.620,178.315
344.456,162.599,133.994,178.588
343.341,162.603,134.457,178.654
341.610,160.771,134.879,178.622
341.060,158.885,135.137,178.939
340.096,159.389,135.324,179.156
338.887,157.331,135.935,179.211
336.225,155.799,136.334,179.878
335.130,155.038,136.664,179.875
333.426,154.675,136.957,180.232
330.887,155.178,137.369,180.875
327.835,154.748,137.946,181.525
324.325,153.522,138.776,182.671
321.404,154.309,139.236,183.822
317.505,154.756,139.463,185.145
313.520,154.967,140.314,186.125
309.234,154.699,141.074,187.161
305.138,155.376,141.828,188.793
301.398,156.544,142.483,190.227
297.289,156.828,143.388,191.403
293.638,158.132,144.540,192.435
289.472,159.570,145.779,193.516
285.527,159.220,146.285,194.390
281.725,159.803,147.255,194.835
278.677,158.556,147.754,196.022
274.289,158.278,148.256,197.346
269.789,157.903,148.658,197.731
265.658,155.260,148.884,198.601
260.730,153.350,148.645,199.346
256.228,151.876,148.498,200.391
251.051,149.838,148.590,201.292
245.053,149.216,148.741,202.162
239.735,146.700,149.447,202.451
235.180,144.570,150.144,202.863
230.497,142.291,151.160,202.973
226.458,139.815,152.088,203.461
222.424,137.573,153.152,204.239
217.723,134.704,153.852,205.225
214.081,131.316,154.647,205.754
210.398,128.593,155.361,206.674
207.010,125.041,155.821,207.312
202.840,122.203,156.479,207.747
199.293,118.634,157.359,208.846
196.249,116.594,157.701,210.744
194.511,114.385,158.389,212.765
192.401,110.731,158.812,214.463
191.042,109.771,159.309,215.360
188.576,107.379,159.927,216.317
187.426,105.693,160.881,217.415
184.446,105.353,161.617,218.948
183.330,102.850,162.077,219.272
181.228,102.599,162.480,220.341
179.447,103.048,162.950,221.450
177.554,100.588,163.574,221.833
176.118,100.570,164.296,222.739
173.882,99.406,164.524,222.717
171.229,100.567,163.945,223.335
169.122,97.069,164.242,222.679
167.818,98.400,163.567,222.603
164.575,96.165,163.320,221.893
164.352,96.670,163.006,221.393
161.614,95.712,162.366,221.115
160.615,94.421,161.913,219.915
159.395,94.128,161.430,219.754
156.845,91.882,160.718,219.311
157.001,91.242,160.069,219.074
154.657,90.502,159.246,217.833
154.279,90.757,158.212,217.466
153.172,89.022,157.517,216.904
151.863,88.540,156.941,216.217
149.289,88.219,156.443,215.073
147.715,87.399,156.447,214.634
146.222,86.153,156.283,214.460
144.716,85.881,156.090,214.158
143.199,85.049,156.071,213.976
144.162,85.766,156.371,213.556
142.452,84.182,156.284,213.802
141.818,83.121,156.286,213.549
142.310,82.746,155.936,213.547
141.102,80.464,156.137,213.338
141.321,79.659,155.725,212.764
140.454,78.304,155.377,212.514
139.711,77.473,155.036,212.192
139.435,77.700,154.412,212.878
139.249,77.092,153.660,212.859
139.442,77.108,152.876,212.569
139.498,77.122,152.257,212.675
138.995,78.662,151.903,213.101
139.126,78.652,151.527,213.246
138.629,79.775,150.622,212.765
138.510,81.598,149.907,212.914
139.225,81.754,149.204,212.683
139.773,82.477,149.080,211.996
140.216,84.222,149.367,211.151
141.038,82.811,149.594,210.474
143.248,83.812,149.970,209.314
144.187,85.950,150.484,208.597
145.328,86.534,150.943,207.910
145.990,86.961,152.162,206.559
148.356,87.739,153.092,205.798
149.213,89.328,154.164,205.449
150.963,89.538,154.809,205.720
153.600,90.301,154.968,206.169
155.900,90.732,154.772,205.895
158.185,91.730,154.513,205.458
160.900,91.520,154.756,204.671
161.474,92.751,154.857,203.588
162.844,93.371,155.193,202.741
164.401,95.567,155.134,202.488
165.058,93.959,155.488,202.552
165.598,95.565,156.318,202.723
158.228,92.857,161.226,200.516
151.579,93.676,167.629,198.601
149.095,96.085,171.098,198.008
146.694,95.500,173.603,198.975
146.804,96.329,176.313,200.336
149.737,97.575,177.245,202.479
154.389,95.816,176.860,204.722
157.451,94.442,175.606,208.316
159.235,92.301,174.097,211.776
159.290,88.661,173.563,212.269
158.704,87.741,172.174,211.020
157.826,86.421,170.689,210.285
158.061,84.969,169.657,208.901
158.535,85.030,168.450,208.339
158.871,84.977,167.511,207.839
159.345,84.109,166.138,207.395
160.188,82.881,164.950,206.298
161.599,82.845,163.671,205.385
162.862,82.570,162.032,204.620
165.244,82.841,160.517,203.643
166.774,83.303,159.419,202.566
169.059,84.198,159.043,201.218
171.886,85.202,158.178,200.895
174.130,85.800,156.853,201.344
175.491,86.726,156.224,200.959
176.050,87.134,155.294,200.653
178.089,87.930,154.710,200.279
178.326,89.097,154.348,200.294
178.022,91.322,154.463,200.055
178.859,91.083,154.409,200.132
180.145,91.307,154.193,200.181
179.934,92.451,154.170,200.413
180.238,92.140,154.118,200.544
181.992,94.090,153.744,200.738
183.062,94.139,153.435,200.898
182.736,94.139,153.134,200.860
182.735,93.648,152.909,200.453
182.572,94.705,152.962,199.809
182.011,95.217,152.905,199.775
183.267,95.103,152.781,200.242
182.245,96.208,153.062,199.838
182.259,96.641,152.755,200.057
181.872,96.626,152.667,199.844
181.707,96.350,152.646,200.038
181.699,96.109,152.408,199.986
183.040,96.007,151.948,200.160
182.892,96.190,151.782,200.261
183.283,96.638,151.810,200.240
183.984,95.444,151.655,200.022
184.690,95.197,151.650,199.255
184.376,95.339,151.365,198.589
184.280,95.065,151.288,197.804
185.356,95.257,151.260,197.500
185.438,95.223,151.181,197.256
185.826,94.984,151.079,196.931
185.401,94.546,150.780,196.225
185.996,94.590,150.853,195.780
186.898,94.934,150.830,195.400
186.158,94.443,150.653,194.937
186.676,94.481,150.686,194.786
186.493,94.564,150.526,194.983
186.999,94.140,150.686,194.775
186.203,94.691,150.451,195.247
187.172,94.963,150.697,195.003
185.636,94.761,150.565,195.050
186.922,94.527,150.666,195.112
186.589,95.464,150.438,195.460
186.485,95.735,150.252,195.859
185.575,94.899,150.410,196.447
185.805,94.710,150.174,197.124
186.569,94.455,150.192,197.369
186.199,95.383,150.124,197.084
186.301,96.194,149.939,197.482
186.525,95.757,149.949,197.516
186.840,95.740,149.873,197.476
187.579,95.551,149.882,197.145
186.690,96.315,149.985,196.872
186.869,95.931,149.971,196.714
187.251,97.256,149.975,196.443
187.092,97.401,150.087,196.307
186.732,98.156,150.130,196.024
187.263,97.636,150.151,195.729
187.423,97.706,150.318,195.599
186.404,97.653,150.563,195.458
186.407,99.300,150.480,195.380
186.661,98.475,150.410,195.597
187.052,99.607,150.351,195.442
187.084,99.886,150.240,195.349
187.098,99.654,150.389,195.106
187.267,99.824,150.420,194.973
187.455,100.053,150.426,194.674
187.559,101.561,150.146,194.862
187.568,100.840,150.145,195.065
187.774,101.128,150.000,195.551
188.278,100.966,149.681,195.836
188.236,101.056,149.542,196.046
187.995,100.848,149.340,196.381
188.217,100.904,149.293,196.661
188.185,101.168,149.237,196.854
188.214,100.321,149.291,197.125
188.002,101.645,149.264,197.147
188.361,101.442,149.229,197.417
188.654,101.369,149.225,197.593
188.718,102.494,149.254,197.753
188.923,101.735,149.299,197.825
188.777,102.566,149.513,197.734
189.028,102.182,149.719,197.924
188.995,103.664,149.985,197.952
189.218,102.082,150.172,197.398
189.527,103.408,150.670,197.463
190.061,102.828,150.708,197.267
189.675,103.611,150.698,197.314
189.645,103.223,150.612,197.045
190.408,103.023,150.862,196.900
191.191,105.218,151.256,197.061
192.161,104.834,151.176,196.798
193.393,104.608,151.084,196.702
194.264,105.351,151.320,196.479
195.066,105.003,151.138,196.610
195.353,106.773,150.759,196.847
195.589,106.085,150.533,197.097
196.174,105.288,150.369,196.900
196.822,105.839,150.500,197.258
197.842,105.284,150.554,197.177
199.235,104.522,150.624,196.870
199.887,105.653,150.543,197.058
201.584,105.253,150.494,196.469
203.324,105.582,150.706,196.063
204.785,105.686,150.810,196.141
207.553,106.399,150.736,196.207
209.770,106.304,150.559,195.861
212.469,107.309,150.879,195.876
215.265,107.646,150.713,195.415
217.962,107.808,150.724,195.032
220.557,108.925,150.872,195.270
223.102,108.685,150.516,195.067
225.445,108.531,150.480,195.167
227.510,108.467,150.554,195.097
229.734,108.969,150.451,195.180
231.632,109.427,150.511,195.043
233.249,110.089,150.749,195.055
233.455,109.841,150.528,195.972
236.105,109.775,150.418,195.804
236.735,109.894,150.493,195.795
239.670,110.659,150.289,195.370
240.341,110.233,150.488,195.353
241.691,109.765,150.554,195.054
245.023,109.505,150.470,194.451
246.175,110.471,150.491,194.934
247.098,110.806,150.531,194.889
248.151,109.451,150.634,194.727
249.574,110.190,150.789,194.662
252.159,108.820,150.811,194.354
252.991,107.992,150.685,194.998
255.291,107.277,151.235,194.588
257.266,105.618,151.380,194.408
258.910,104.462,151.654,194.539
261.036,103.836,151.581,194.835
262.253,103.196,151.875,194.876
263.942,102.452,152.290,195.332
265.469,102.054,152.330,195.262
266.925,101.188,152.454,195.169
269.457,100.697,152.535,194.770
270.979,99.324,152.951,194.874
273.196,99.863,152.913,194.927
275.846,98.568,152.873,194.824
277.955,96.837,153.073,194.684
280.706,95.471,152.990,195.080
282.890,93.895,153.221,195.514
285.313,93.258,153.413,195.672
287.083,90.415,153.747,195.792
289.263,89.823,154.321,195.936
291.994,88.322,154.737,196.699
293.188,86.486,155.793,197.070
295.990,85.003,156.228,197.838
297.324,85.250,157.095,198.879
300.567,83.189,157.828,200.133
300.230,82.147,159.069,201.327
302.238,81.683,159.653,202.931
302.187,79.616,160.986,204.665
302.691,78.150,162.218,205.970
303.103,76.941,163.652,207.383
302.144,78.005,165.182,208.749
300.600,77.947,166.642,210.433
299.924,77.292,167.952,212.335
297.746,77.454,169.096,214.501
295.101,78.379,169.966,216.738
292.433,79.208,171.093,218.624
289.360,82.384,172.021,219.967
285.526,84.312,172.774,221.467
282.612,85.869,173.399,222.895
278.268,86.182,174.046,223.972
274.342,85.921,174.225,226.004
272.199,86.968,174.125,227.260
269.424,87.322,174.830,229.502
267.003,87.682,176.139,231.403
262.328,90.202,177.887,232.041
258.380,93.219,178.945,232.784
253.551,96.799,179.964,233.512
249.676,98.185,181.075,234.686
247.007,101.476,182.820,236.379
244.159,105.052,184.582,236.318
240.151,105.959,185.872,237.746
236.190,105.565,187.006,239.917
232.463,106.498,187.697,241.822
232.702,107.197,186.995,242.939
233.720,105.398,185.591,244.062
234.303,97.751,182.972,244.880
230.200,87.909,181.080,245.180
228.083,75.251,180.527,246.686
226.638,61.529,179.726,247.268
225.198,47.478,178.855,248.021
225.343,34.348,177.866,248.080
226.868,22.591,176.119,247.687
225.523,13.888,174.961,246.087
223.330,7.712,174.173,243.861
221.419,4.791,172.678,241.056
220.029,4.144,171.946,237.749
219.824,3.975,171.735,234.376
217.830,3.807,171.088,230.679
215.323,4.666,169.762,227.058
214.940,3.730,167.946,224.426
213.794,2.742,166.851,222.065
212.750,6.728,164.968,219.643
211.776,8.849,163.327,217.684
210.172,10.852,162.293,215.280
207.888,14.739,160.943,213.104
205.862,17.073,159.863,211.016
205.417,19.965,158.462,208.965
203.202,23.909,157.219,206.827
203.501,26.095,156.215,205.786
201.892,27.337,155.638,203.477
200.094,28.130,155.004,201.197
197.610,29.338,154.603,199.725
196.365,29.474,154.060,198.015
194.563,31.650,153.372,196.483
193.312,33.421,152.770,195.408
191.262,33.512,152.538,193.820
188.640,34.466,152.690,192.819
186.182,35.682,152.609,191.669
183.689,36.498,152.337,190.348
180.316,39.766,152.110,189.518
177.535,41.916,151.670,189.243
175.016,44.715,151.149,189.214
172.520,48.387,150.304,188.959
171.100,51.568,149.672,189.520
169.974,52.559,149.005,189.981
167.931,54.963,148.776,190.175
166.888,56.016,148.538,190.103
166.868,57.796,148.528,190.414
165.914,58.733,148.461,190.775
166.186,59.720,148.126,191.105
167.771,62.183,146.634,191.844
168.249,65.894,145.315,191.925
167.144,69.348,144.964,191.633
164.799,72.594,144.983,191.606
163.154,76.288,144.831,191.033
161.450,80.362,144.686,190.621
160.084,84.067,144.675,190.509
159.071,88.350,144.583,190.395
157.764,91.571,144.515,190.502
156.757,94.793,144.154,190.621
155.986,95.912,144.114,189.796
156.440,97.625,143.990,189.582
158.183,98.065,143.712,189.534
159.435,99.568,143.374,189.281
163.443,100.404,143.111,188.950
167.466,101.816,142.550,188.227
170.970,102.256,142.046,188.038
173.799,104.044,141.434,187.839
176.578,105.738,140.670,187.265
179.054,107.779,140.615,187.282
181.361,110.161,140.496,187.454
182.534,112.507,140.802,187.181
181.784,112.129,141.713,187.336
180.638,110.654,142.164,188.064
179.164,109.297,142.649,188.364
179.034,108.886,142.822,189.428
177.014,106.749,142.744,189.443
175.341,102.886,143.123,190.531
173.890,98.970,143.649,191.475
170.827,94.466,144.774,192.280
166.992,91.418,145.942,192.781
163.058,88.572,147.271,192.439
160.249,89.513,148.623,192.332
156.821,90.460,149.776,191.784
154.433,91.275,150.483,191.697
151.880,91.434,151.484,191.654
148.960,92.395,152.257,191.777
148.723,92.652,152.468,192.788
145.664,91.396,153.522,192.146
148.804,94.563,152.285,191.904
150.830,94.972,151.728,191.703
153.988,96.125,150.876,192.216
157.385,95.485,150.786,192.175
160.440,94.279,151.008,191.867
164.468,93.039,151.804,191.129
167.479,92.903,152.720,190.200
168.730,91.964,154.404,189.440
170.970,91.690,155.770,189.368
172.671,93.590,156.755,189.444
173.702,93.425,157.457,190.212
175.112,91.964,158.195,190.988
178.171,92.334,157.556,192.213
179.389,88.950,158.195,194.378
181.586,86.842,158.352,196.536
183.698,85.782,158.329,198.869
183.960,84.152,158.415,200.086
182.871,81.730,158.579,200.684
182.668,80.506,158.779,201.436
181.877,81.042,159.427,202.064
182.183,82.155,161.018,202.982
181.362,83.268,163.280,203.298
179.178,83.908,165.271,202.445
178.158,83.747,167.635,201.622
177.644,83.525,169.675,200.826
178.081,82.909,171.031,201.053
179.645,82.635,173.000,201.437
184.541,81.147,174.208,201.766
190.234,78.791,175.277,202.572
196.440,76.090,177.017,203.100
200.708,72.515,178.578,203.972
204.441,70.194,179.815,205.283
208.986,69.166,181.401,206.872
212.130,69.688,183.108,208.756
215.232,71.519,185.577,210.409
216.952,72.115,186.744,212.430
219.429,74.105,188.380,214.090
218.175,73.660,190.891,215.589
216.329,72.910,192.815,217.030
212.770,69.797,193.302,217.525
209.880,65.379,194.260,218.495
204.965,60.183,196.790,218.415
196.960,59.456,200.784,218.323
188.698,58.880,203.914,218.378
182.205,57.695,205.807,218.932
174.697,58.820,207.163,220.146
168.079,60.086,209.154,220.802
160.519,61.273,211.413,220.668
153.455,61.110,214.025,220.313
149.674,64.786,214.663,221.376
149.224,65.730,215.064,222.420
153.194,66.402,214.462,225.290
154.684,65.210,214.800,227.393
157.030,65.829,214.691,229.514
158.733,67.441,214.621,232.309
165.427,68.774,212.760,236.095
169.225,70.474,211.846,238.301
177.285,73.320,210.221,240.652
188.100,78.622,208.960,244.394
198.339,78.505,206.498,248.137
206.237,82.021,204.728,248.745
216.392,82.735,202.460,249.339
223.477,84.293,201.971,249.924
232.456,86.389,202.722,252.393
236.492,81.897,203.085,251.258
242.340,77.946,202.459,251.772
249.416,73.612,202.204,252.644
250.619,69.789,204.094,251.030
252.333,64.585,205.065,249.564
254.477,62.710,205.589,249.533
254.192,58.397,206.320,249.797
254.195,55.902,205.086,249.391
252.452,56.174,201.916,248.664
252.614,57.689,200.267,248.017
249.135,61.317,199.223,245.719
252.973,70.641,196.230,244.313
252.611,78.489,191.510,242.936
251.991,84.578,186.422,240.823
249.934,88.587,181.270,237.035
247.006,92.467,177.832,234.073
241.562,94.753,175.162,230.271
238.604,98.427,174.226,227.228
233.729,105.001,174.120,224.392
230.896,109.830,174.948,221.323
228.934,110.370,174.653,219.846
227.191,110.382,174.101,219.116
231.618,111.767,173.611,217.121
239.806,112.301,173.331,215.294
246.085,113.457,173.566,213.364
252.995,113.844,172.918,210.955
263.728,116.483,172.133,208.561
271.369,118.942,171.529,205.794
279.586,121.050,170.528,203.893
289.912,122.504,169.497,202.134
300.187,126.025,169.402,199.919
308.368,129.894,168.940,197.880
317.929,132.461,168.811,196.139
338.520,139.180,169.746,193.432
340.981,142.858,170.341,191.472
343.988,145.602,169.471,190.501
348.396,147.315,167.886,190.915
353.373,150.007,167.183,190.076
359.269,154.411,166.542,189.567
363.530,156.429,166.270,189.503
370.467,159.294,166.540,188.735
375.236,160.552,164.354,187.688
379.248,162.834,163.314,186.250
383.843,166.403,162.626,184.969
387.496,167.397,162.284,184.518
391.245,170.217,162.859,183.958
395.069,172.397,163.628,183.712
398.138,174.984,163.762,183.751
401.353,178.479,163.722,183.074
402.531,177.691,162.190,184.211
403.315,179.309,161.054,183.990
405.853,178.637,158.754,183.654
407.830,181.184,156.561,182.894
408.450,181.202,154.128,182.543
409.616,181.480,151.899,181.860
410.465,182.763,150.329,180.698
409.535,183.456,148.975,179.672
407.823,185.798,147.874,179.105
406.490,186.393,146.912,178.076
404.353,186.264,146.488,177.005
403.426,186.601,146.179,175.739
402.702,186.956,145.049,174.930
399.292,188.351,144.606,173.948
396.279,186.477,143.753,173.297
394.733,187.596,143.083,171.131
391.718,188.455,143.186,169.516
389.046,188.965,143.242,168.156
387.001,189.223,141.793,166.915
384.753,190.984,140.772,165.712
383.813,189.979,140.276,165.065
383.872,190.878,140.158,163.932
383.441,192.301,139.618,162.574
380.368,191.420,138.468,162.802
379.683,191.020,137.594,162.296
379.022,192.727,136.547,161.420
378.529,194.828,135.585,160.426
376.543,195.693,134.702,159.729
375.160,197.110,133.394,159.237
374.926,198.974,132.062,158.479
373.242,199.086,131.279,158.022
373.131,199.272,129.780,157.785
370.022,199.399,128.904,157.379
366.812,198.689,128.255,157.669
365.407,197.584,126.739,158.297
364.588,197.688,125.408,158.322
363.173,197.164,123.939,158.504
361.935,196.687,122.453,158.642
361.136,197.344,121.855,158.316
360.464,196.352,120.560,157.854
359.883,196.223,119.388,157.718
358.186,196.085,118.579,157.052
356.613,195.328,117.480,156.190
355.508,193.492,117.009,156.015
353.471,192.895,116.757,155.838
353.262,191.227,116.209,155.717
351.579,190.506,115.760,155.574
352.263,191.979,114.825,155.849
351.733,191.480,114.465,155.528
349.788,192.038,114.505,155.360
349.697,191.308,114.058,155.023
348.871,191.947,114.142,154.936
348.403,192.490,114.326,154.983
348.505,191.969,114.061,155.034
347.982,192.512,114.177,155.150
348.046,191.764,113.881,154.429
348.860,193.343,113.550,154.115
347.831,193.254,113.769,153.670
347.408,193.510,113.753,153.115
345.973,194.394,113.908,153.115
345.856,195.354,113.484,153.382
344.784,195.897,113.465,153.079
343.381,196.381,113.603,152.329
341.528,196.060,113.848,151.926
340.596,193.822,113.889,152.111
338.623,194.255,113.429,151.795
336.862,193.024,113.738,151.713
332.679,190.935,114.680,151.188
327.829,189.433,115.732,150.723
323.297,187.864,116.402,150.811
317.334,185.414,117.440,150.847
309.700,185.207,118.010,151.063
303.930,184.675,118.432,150.855
296.722,184.792,118.738,150.859
291.198,186.260,118.655,150.696
285.360,186.975,118.053,150.894
281.987,188.932,117.973,150.386
277.717,188.593,117.893,150.525
273.532,189.385,117.669,150.639
269.764,188.934,117.586,150.829
266.635,187.887,117.522,151.294
264.129,187.539,117.133,151.496
262.008,186.267,117.346,151.368
260.167,185.197,117.210,151.873
261.853,183.835,117.043,152.466
260.685,184.025,117.104,152.525
260.681,183.971,116.753,152.744
260.713,182.823,116.861,153.117
260.178,181.029,117.309,153.655
260.159,179.518,117.614,154.128
260.019,176.662,117.953,154.443
258.597,173.652,118.568,155.188
257.924,169.751,119.736,155.571
255.049,165.634,121.265,156.401
253.488,161.951,122.906,157.053
251.308,157.794,125.044,157.529
248.450,154.798,127.019,158.444
244.544,150.896,128.692,159.225
241.145,149.340,130.281,159.409
237.829,147.071,131.007,159.711
233.077,144.276,131.968,160.428
228.324,140.742,132.721,161.074
223.411,138.033,134.058,161.747
219.125,134.605,135.744,163.015
213.866,133.991,137.016,163.645
209.508,134.378,138.994,164.121
206.198,134.678,140.162,164.618
203.877,134.940,140.700,165.903
201.013,135.356,141.267,167.313
198.821,137.146,141.192,168.436
197.601,138.558,141.530,169.467
195.687,139.374,141.651,169.936
192.476,137.360,143.634,170.736
190.444,137.130,144.231,171.710
187.361,137.219,145.577,173.464
184.934,135.811,145.906,175.575
181.326,135.344,145.896,178.591
178.141,132.461,145.722,182.039
174.049,128.739,145.187,184.723
170.199,123.122,145.707,187.000
165.691,119.240,146.657,188.137
164.071,115.357,147.069,189.753
162.690,113.508,147.224,190.983
163.606,110.621,147.501,193.383
164.298,105.573,148.400,194.923
168.273,101.276,148.958,196.693
173.820,99.170,149.465,196.721
179.860,97.799,150.642,197.401
186.855,95.622,151.520,198.038
196.172,93.311,153.394,198.527
206.805,90.784,156.266,198.110
216.843,90.218,157.557,197.487
224.702,86.843,159.133,197.432
237.234,84.631,159.732,199.186
241.897,81.898,161.899,200.900
245.349,78.041,163.468,202.552
247.183,77.983,164.650,203.954
246.034,76.971,165.922,203.502
245.774,76.782,167.126,203.377
244.651,74.369,169.690,203.654
238.735,72.005,171.729,203.168
232.169,69.007,172.219,203.567
227.401,67.595,172.681,203.837
221.255,65.785,173.278,203.980
213.644,64.715,174.260,204.931
204.806,63.587,175.875,206.533
197.516,63.356,178.607,210.101
190.223,61.658,182.625,213.121
185.522,60.258,186.379,218.060
182.249,59.189,190.230,222.326
178.533,59.001,194.004,227.064
172.784,60.450,196.876,231.719
168.724,61.444,201.462,233.954
166.756,60.256,206.347,236.527
168.054,61.071,209.974,239.609
168.310,62.643,215.097,242.429
169.910,60.973,220.426,244.725
168.117,60.827,224.913,247.581
166.667,57.606,228.127,251.777
163.654,54.936,229.500,256.325
160.375,51.488,230.212,259.464
159.323,49.873,231.634,261.450
158.740,49.702,233.307,264.043
159.916,50.055,235.547,266.460
160.688,51.399,240.191,269.481
162.298,51.177,244.468,272.606
159.434,51.809,247.323,277.163
157.650,49.799,248.241,283.378
159.378,50.396,248.168,290.333
162.024,50.657,246.151,294.224
163.683,51.536,242.275,296.708
167.522,53.052,237.465,299.285
169.128,56.327,233.034,298.638
177.701,57.147,228.052,297.741
183.419,61.496,225.894,293.355
191.456,64.368,223.923,289.808
197.671,68.500,225.310,284.800
205.949,73.620,227.864,277.738
215.525,81.985,230.092,270.844
259.176,91.617,228.016,266.996
297.210,101.112,224.504,264.047
306.362,105.230,221.622,262.975
322.554,109.524,219.486,260.602
337.262,116.290,217.874,257.653
345.619,121.457,215.295,255.765
352.220,126.254,212.349,253.821
359.198,129.802,207.896,250.704
370.059,134.651,204.871,247.912
380.868,136.151,202.764,245.830
388.103,139.220,200.665,242.350
395.343,138.735,200.091,238.860
400.173,141.975,201.042,234.688
402.266,148.691,201.926,231.084
401.383,156.703,201.993,227.191
401.208,160.764,203.076,224.672
403.423,166.306,202.963,222.833
404.149,175.032,202.941,221.100
402.875,181.986,203.729,219.732
400.767,188.244,203.820,219.915
396.415,192.321,202.360,221.066
393.209,200.399,201.903,221.257
389.102,210.016,201.397,220.014
381.320,232.312,199.812,220.035
371.457,232.610,197.953,221.537
364.665,239.048,195.283,221.326
357.927,250.127,192.769,219.194
351.398,262.404,189.249,216.006
343.771,278.510,186.764,210.147
340.091,285.678,183.047,206.010
338.169,291.639,178.373,201.470
335.917,295.172,174.888,197.137
333.335,299.686,171.787,192.483
332.255,302.859,168.380,189.568
330.791,310.211,164.997,185.892
331.240,316.690,161.693,181.017
335.075,322.318,158.703,176.776
338.939,326.384,155.566,172.824
341.744,329.523,152.662,169.672
346.068,331.116,150.361,166.427
350.110,332.111,148.255,163.081
353.430,333.037,146.696,160.256
357.363,331.489,145.634,157.821
362.002,331.695,144.035,156.578
365.888,328.499,141.435,156.378
370.520,322.706,139.037,156.945
374.931,314.706,136.145,158.285
379.425,307.597,133.258,159.976
384.804,299.523,130.850,160.560
387.732,293.927,129.033,159.764
390.657,289.425,127.178,159.328
392.423,285.568,125.558,157.909
393.297,283.354,123.592,156.680
394.004,280.726,122.292,155.655
394.115,278.525,120.528,153.906
394.509,276.722,118.734,152.113
394.932,276.795,117.045,150.194
394.983,275.807,115.473,147.917
394.723,275.674,113.677,145.952
395.766,275.651,111.664,143.754
397.245,275.765,110.114,141.776
398.507,275.703,108.812,139.799
399.786,275.518,107.621,137.971
399.686,274.892,106.674,135.734
400.485,275.491,105.882,134.028
401.629,275.829,104.885,132.285
401.653,276.357,103.996,130.732
402.709,275.939,103.279,129.880
403.221,275.090,102.397,129.254
403.854,273.556,101.602,128.469
404.385,271.282,101.215,127.940
403.960,268.927,100.802,126.862
402.893,267.079,100.323,125.735
401.483,265.498,99.802,125.394
399.736,264.765,99.111,124.715
397.055,263.020,98.973,124.436
393.558,261.779,99.076,124.114
391.212,259.756,98.696,124.442
388.204,258.409,98.709,124.552
384.493,256.137,98.651,124.461
381.286,254.271,98.352,124.311
378.783,253.433,98.274,125.188
375.129,252.568,98.041,125.432
372.637,251.296,97.738,125.932
369.797,250.178,97.527,126.242
368.249,248.650,97.122,126.596
366.386,247.299,96.685,126.767
364.419,245.340,96.723,127.012
362.590,243.849,96.716,127.382
361.900,241.934,96.593,127.521
360.729,241.253,96.719,127.686
361.595,239.363,96.924,128.076
361.142,237.270,97.025,128.384
362.214,236.320,97.098,128.816
363.565,234.930,97.373,129.002
364.504,233.978,97.392,129.183
364.344,231.999,97.485,129.699
365.601,229.272,97.359,129.874
366.290,227.767,97.441,129.784
366.969,225.793,97.379,129.983
367.029,224.095,97.621,130.309
367.863,222.778,97.524,130.625
367.606,220.033,97.706,130.836
367.756,218.272,97.668,130.696
367.673,215.959,97.555,130.833
366.713,213.344,97.866,130.642
365.342,211.739,97.865,130.272
363.793,209.844,98.005,129.929
361.302,208.230,98.074,129.745
359.892,207.261,98.105,129.729
357.969,205.692,98.100,129.528
356.470,204.548,97.989,129.655
355.287,202.294,98.139,129.589
353.664,200.306,98.269,129.510
352.492,199.422,98.195,129.471
351.894,196.793,98.119,129.680
350.423,194.593,98.198,129.340
349.539,193.076,98.175,129.222
349.054,192.705,98.060,129.169
347.316,190.554,98.173,128.967
346.776,188.727,98.201,129.003
345.199,187.545,98.401,128.771
343.836,185.513,98.362,128.454
341.751,185.088,98.314,128.064
340.353,184.105,98.593,127.919
338.591,183.036,98.904,127.756
335.872,183.362,98.967,127.844
333.674,181.290,99.092,128.504
329.675,180.562,99.066,128.762
327.080,179.080,99.065,129.148
322.522,178.552,99.193,128.917
318.771,178.099,99.317,129.030
315.350,177.552,99.372,129.077
311.796,176.733,99.366,129.299
308.729,177.455,99.609,129.423
305.131,176.400,99.855,129.182
302.333,176.682,100.158,129.076
299.582,175.118,100.408,129.233
296.564,174.098,100.180,130.146
294.049,172.633,100.042,130.889
290.767,171.436,99.709,131.079
288.059,169.895,99.708,131.325
286.124,169.457,99.925,131.780
281.861,168.634,100.177,132.652
278.567,167.200,100.219,133.211
274.599,166.433,100.380,133.976
270.966,166.313,100.266,134.349
267.724,165.986,100.393,135.038
265.371,165.589,100.444,136.108
261.264,166.406,100.712,136.689
256.356,165.898,101.041,136.447
254.999,168.317,100.554,137.671
251.901,167.910,100.298,138.710
248.988,167.239,100.648,139.823
245.750,166.357,100.839,140.353
243.207,165.102,100.653,140.532
240.979,164.787,100.328,140.675
238.378,163.626,99.924,140.428
236.320,163.944,99.740,140.239
233.634,163.226,99.457,139.868
230.950,160.753,99.640,139.350
229.432,162.351,99.595,139.390
227.754,161.213,99.571,138.913
225.735,160.625,99.442,139.107
223.238,159.908,99.352,139.302
221.948,159.455,99.325,139.576
218.913,159.764,99.373,139.949
217.323,159.712,99.247,140.724
215.655,159.509,99.488,141.093
214.300,158.688,100.450,141.829
213.346,157.737,101.429,141.972
212.589,157.882,102.983,141.838
213.904,158.515,104.274,142.491
216.972,159.216,104.532,143.982
216.889,156.675,106.915,143.936
219.190,155.373,108.280,143.302
222.380,156.135,108.841,142.114
225.333,159.475,107.645,141.633
229.105,158.801,107.416,141.307
232.685,158.845,107.216,140.918
235.633,158.343,106.958,140.532
239.659,158.597,106.455,140.992
242.402,158.450,106.164,141.504
244.989,157.442,106.094,142.246
245.560,157.881,106.437,142.088
245.831,158.508,106.826,142.783
245.226,158.866,107.593,143.853
244.732,158.404,108.648,144.638
245.167,157.902,109.812,145.771
244.860,156.993,111.193,146.672
243.567,155.938,112.809,147.702
242.184,155.489,114.009,148.431
239.484,152.532,114.870,149.915
237.861,147.967,115.485,151.317
235.017,141.659,115.590,152.541
232.188,136.059,115.725,153.765
228.805,130.278,116.085,154.634
225.814,124.494,116.781,154.888
221.723,120.243,117.439,156.077
217.222,117.446,118.070,157.538
212.665,115.198,118.884,158.450
207.712,115.402,119.132,159.047
202.937,118.269,120.201,159.677
