405.000,256.000,122.000,148.000
406.319,252.835,123.537,147.306
406.079,252.008,124.972,147.467
409.688,250.102,125.741,148.088
411.683,242.532,126.780,148.832
414.657,239.107,127.843,149.435
417.673,234.818,128.723,150.329
418.469,228.893,130.101,151.089
416.739,222.165,131.276,151.594
408.603,218.875,133.472,150.384
400.006,214.325,135.224,150.297
391.089,206.830,136.879,150.266
383.189,197.267,137.878,150.745
374.723,187.981,138.995,151.498
363.248,183.023,139.972,151.483
352.151,180.610,140.776,151.146
342.529,178.594,141.103,151.275
334.352,177.530,141.105,151.678
328.047,178.054,140.775,153.406
325.880,178.782,139.826,154.592
320.659,178.353,139.615,154.795
314.195,177.923,139.392,154.534
312.109,179.218,138.377,154.677
308.770,180.280,137.543,154.781
302.941,179.359,136.736,153.536
296.748,177.920,135.706,152.461
291.055,174.631,134.257,151.405
284.716,169.960,132.781,149.896
274.570,164.752,131.757,148.003
268.300,160.123,130.407,147.634
265.457,156.236,128.739,147.504
266.113,145.944,127.147,148.943
266.797,132.224,125.790,150.584
267.830,121.468,124.826,151.754
272.982,109.111,123.560,153.415
278.537,98.869,122.615,153.916
283.638,87.186,121.985,153.439
289.144,79.767,121.266,152.740
294.146,67.872,120.704,152.627
300.493,57.341,120.815,151.850
305.287,53.458,120.448,149.873
303.440,53.268,120.927,147.022
301.130,55.695,120.838,144.729
299.217,59.654,120.743,143.061
296.214,64.424,120.527,141.805
294.362,70.580,120.333,140.100
291.101,75.010,119.829,138.997
286.222,79.993,119.057,137.441
282.417,84.618,118.665,136.244
276.681,89.217,118.215,135.260
269.371,93.218,117.790,134.756
262.009,96.512,117.280,134.071
255.277,99.063,117.577,133.034
252.440,103.687,117.467,132.489
249.914,107.635,117.541,131.867
249.046,108.825,118.043,132.097
248.975,108.950,118.228,131.810
247.826,109.257,118.246,131.731
247.350,108.863,117.503,132.138
246.238,107.679,117.275,132.078
244.447,109.818,117.715,131.881
243.572,110.837,118.192,131.802
242.516,110.526,118.159,131.828
242.016,108.924,118.064,132.072
241.693,107.662,118.483,132.832
245.670,102.870,117.925,133.398
246.880,98.952,118.332,133.659
247.635,97.613,118.428,134.519
249.137,95.813,118.365,134.775
248.731,92.145,118.547,134.819
248.766,89.208,118.697,135.456
248.848,88.842,118.924,135.755
248.816,86.614,119.650,135.732
249.075,86.331,120.055,135.872
249.243,86.880,120.166,136.081
250.512,85.578,120.059,136.202
251.765,85.493,119.987,136.105
252.566,84.077,120.049,135.691
252.725,84.718,120.433,135.083
255.176,83.831,120.747,134.870
255.580,85.223,120.776,134.464
258.785,83.902,120.938,134.851
261.957,85.129,120.699,135.403
266.540,83.260,120.746,135.438
272.840,83.923,120.154,136.475
278.474,83.511,120.192,136.485
283.892,83.657,120.044,136.753
290.061,84.058,119.865,136.813
296.236,84.074,119.896,136.914
301.852,81.005,120.119,136.771
304.035,79.371,120.518,137.058
307.138,75.484,120.236,137.760
309.625,72.010,120.274,138.217
310.836,69.347,120.650,138.687
311.862,65.790,120.878,138.852
311.732,63.952,121.224,139.008
313.437,64.148,121.600,138.302
314.067,64.955,122.180,138.458
317.780,66.237,122.231,138.526
319.583,69.344,122.626,138.921
321.546,72.291,122.999,139.236
318.068,75.364,123.431,139.022
314.501,81.854,124.076,139.011
311.865,88.970,124.417,139.211
308.923,96.128,124.737,139.058
303.450,104.319,124.448,139.950
296.576,115.944,124.391,139.521
289.539,129.413,124.345,139.137
283.555,139.609,124.702,139.726
277.447,148.590,125.169,140.848
270.359,156.695,125.477,141.337
265.116,166.242,126.336,141.718
260.390,175.078,127.206,141.996
251.979,183.352,127.509,141.722
242.846,191.307,128.134,142.038
234.128,200.116,128.984,142.950
226.090,206.564,129.091,143.556
218.486,213.668,129.947,144.625
212.967,220.111,131.212,144.935
208.221,224.769,132.259,145.443
203.983,229.632,133.305,146.023
202.303,232.657,133.884,147.281
201.970,233.136,134.687,148.311
204.751,232.190,135.054,149.314
209.999,232.309,135.495,149.661
213.691,232.161,136.214,150.157
217.222,233.469,136.882,150.321
221.984,234.794,137.207,150.222
229.834,238.409,138.004,149.778
239.060,239.833,138.376,149.644
248.871,244.489,138.618,150.199
257.721,247.790,138.375,150.895
265.832,251.185,138.866,150.975
275.010,252.833,138.984,151.641
283.844,253.793,139.458,151.835
293.253,249.853,138.952,153.062
300.907,242.105,138.573,153.736
307.189,235.504,138.861,154.330
312.479,231.101,138.446,155.453
314.653,224.436,138.712,156.140
312.690,215.175,139.259,156.773
310.359,212.078,139.144,157.041
306.562,206.450,139.528,158.370
296.395,202.778,140.239,157.955
282.967,199.142,140.686,157.845
272.613,196.031,140.373,158.055
261.541,193.178,140.631,157.664
248.156,189.865,141.106,157.487
232.715,186.832,141.368,157.561
217.170,184.415,141.512,157.145
205.552,181.581,141.138,157.390
193.592,176.559,141.514,156.855
177.684,173.245,141.842,156.769
163.685,167.984,141.610,156.805
155.895,163.981,140.907,156.533
153.192,157.419,140.505,156.669
154.247,149.997,139.568,156.419
155.342,143.212,138.919,156.138
154.207,142.075,139.248,155.977
156.599,140.779,138.962,155.750
159.460,137.868,139.044,154.615
164.607,136.566,138.448,153.832
167.459,134.270,137.968,153.033
173.738,132.376,137.027,151.662
178.399,129.795,136.086,150.808
181.159,127.471,134.877,150.478
182.379,126.216,133.909,149.405
184.177,125.222,133.134,148.609
185.911,124.364,132.147,147.420
186.765,125.329,130.848,146.818
188.848,127.409,129.923,146.233
193.778,130.256,128.851,146.134
202.257,134.765,128.374,144.334
208.857,140.302,127.190,143.094
213.519,145.275,126.021,142.149
220.905,149.788,125.160,140.696
228.627,151.053,124.366,139.663
233.093,152.467,123.106,139.328
237.370,150.256,121.786,138.465
240.367,149.472,120.638,137.880
241.177,146.383,119.574,136.453
241.220,141.062,118.442,135.630
241.163,134.018,117.145,134.793
240.013,126.681,115.689,133.947
238.721,118.607,114.603,133.465
240.117,109.852,113.930,133.810
241.773,97.820,112.872,134.616
241.459,85.352,112.418,135.082
241.135,75.036,111.623,134.757
239.926,64.697,111.036,134.499
240.515,53.024,110.874,134.192
241.645,44.820,110.922,133.349
247.594,38.841,110.668,131.903
260.106,35.821,109.945,129.939
273.636,36.270,109.651,127.732
287.895,41.257,109.388,126.346
301.143,48.277,108.993,125.006
314.134,54.790,108.613,123.806
326.739,61.500,108.436,122.316
339.342,66.640,108.346,120.622
350.526,73.125,108.073,119.483
360.341,77.993,107.467,118.259
368.254,84.417,106.817,117.463
375.030,89.257,106.180,116.264
380.236,96.078,105.656,114.927
384.072,103.410,105.072,114.506
383.593,111.659,104.517,113.917
382.457,119.810,103.789,113.399
379.135,127.671,102.986,113.000
370.668,134.540,102.321,112.215
362.048,140.067,102.032,111.897
352.030,143.646,101.578,111.582
342.301,147.616,101.069,111.183
333.401,150.751,100.911,110.480
325.996,151.837,100.374,109.557
318.393,153.340,99.893,109.297
309.347,157.795,99.439,109.096
299.146,161.394,98.872,108.719
288.176,165.783,98.689,108.776
277.723,166.851,97.990,108.730
267.529,167.269,97.898,108.916
256.377,168.159,97.901,108.988
246.095,169.025,97.691,108.851
237.423,171.420,97.946,108.758
226.919,176.615,97.716,108.751
214.327,182.099,97.729,108.318
202.976,188.588,97.902,108.667
194.952,195.466,98.348,108.789
186.320,201.084,98.906,108.768
177.165,208.176,99.466,109.090
166.457,215.779,100.198,109.280
155.312,222.434,100.807,109.866
144.815,226.615,101.715,110.583
137.611,229.043,102.785,111.610
132.827,229.643,103.064,112.727
128.806,229.898,103.248,113.574
124.906,229.134,103.537,114.160
122.039,228.062,103.933,114.833
120.961,226.029,104.046,116.047
121.992,221.913,103.933,116.175
124.125,217.584,104.209,115.935
125.089,216.379,104.908,116.941
127.579,216.518,106.188,117.407
131.814,216.829,106.930,117.810
136.277,217.201,108.047,118.048
143.363,216.482,108.803,119.176
148.193,215.992,109.456,119.952
151.491,216.643,110.682,120.704
156.636,217.198,111.718,121.464
160.097,217.462,112.703,123.435
162.785,219.974,113.386,126.241
163.793,222.554,114.111,129.399
164.791,224.001,115.024,132.544
164.241,223.287,116.721,134.926
162.586,223.829,118.667,137.647
161.839,223.982,121.239,140.675
161.393,223.852,123.388,144.249
161.336,222.593,125.618,147.011
159.414,221.784,128.332,149.320
158.094,221.459,130.753,151.405
157.312,220.569,132.648,153.509
157.779,219.274,134.675,156.339
158.825,217.953,136.189,159.658
160.296,216.333,137.691,162.145
161.975,212.799,139.228,164.508
164.271,207.694,140.351,167.249
165.939,203.201,142.111,169.754
166.213,197.214,143.097,172.400
165.516,191.582,144.153,174.205
167.531,187.089,145.530,176.128
170.010,181.614,146.928,177.408
171.439,174.736,148.623,178.193
172.220,168.140,149.399,178.535
173.849,161.514,150.554,178.423
180.147,156.173,151.573,178.513
188.837,148.668,152.146,178.948
196.280,142.123,152.801,179.102
201.908,139.971,153.179,178.691
207.326,138.840,153.248,178.160
213.158,138.510,153.231,177.837
216.681,136.923,153.164,176.639
220.405,135.688,152.703,176.038
224.431,134.364,151.886,175.338
227.019,134.970,150.933,174.098
226.811,136.794,149.761,171.964
225.816,137.485,148.684,170.764
227.076,135.504,147.688,169.517
229.056,135.244,146.897,167.822
229.451,135.469,146.128,166.578
230.176,137.204,145.264,165.299
231.977,140.009,144.668,164.022
232.087,137.188,144.517,162.867
232.664,139.186,144.230,162.393
230.139,138.631,144.308,162.528
224.800,141.567,143.789,163.032
219.709,140.809,143.885,162.642
216.464,139.467,144.281,162.596
216.971,140.872,144.435,163.724
216.719,144.005,145.074,163.845
215.762,147.969,145.068,164.189
214.280,152.431,145.288,165.191
215.110,154.918,146.048,166.151
215.444,158.486,146.560,167.040
218.011,160.172,147.331,167.367
222.022,162.251,148.504,168.278
223.943,165.849,149.513,169.187
225.486,169.400,151.134,170.806
228.251,172.215,152.445,172.977
231.138,171.654,154.030,174.978
231.733,170.220,155.837,176.943
232.939,168.133,158.464,178.586
233.475,167.332,161.373,180.674
234.401,165.782,164.065,182.530
233.442,163.649,165.979,185.297
233.101,161.034,168.504,188.076
235.717,155.353,170.967,191.760
241.634,151.976,174.093,195.366
247.549,153.232,177.859,197.694
250.450,151.746,181.266,199.380
253.860,151.199,184.006,202.113
260.944,151.941,186.797,205.839
268.474,155.909,189.389,208.013
272.408,162.813,192.536,210.375
272.864,168.308,194.280,213.071
274.165,172.811,196.449,215.544
275.566,176.358,198.776,217.504
274.746,177.551,200.822,218.605
270.314,179.034,202.989,220.178
264.531,181.424,204.963,222.209
258.877,184.100,207.082,223.280
253.606,183.534,208.540,225.096
250.796,183.852,208.892,226.629
249.484,184.832,209.831,228.180
248.919,183.781,209.959,228.447
248.173,180.253,210.235,227.934
248.379,175.809,210.186,227.439
251.506,171.176,209.309,228.627
254.335,165.993,208.452,228.560
255.992,159.501,207.563,228.185
257.963,156.001,206.276,228.076
260.806,153.994,204.606,227.195
262.950,150.446,202.318,227.535
262.621,144.465,200.559,225.830
260.367,138.575,198.986,225.212
254.850,136.233,197.637,224.449
252.696,130.233,195.029,225.195
250.457,122.184,192.385,225.688
249.114,115.526,190.018,224.909
250.319,109.740,188.088,222.762
253.570,107.947,186.514,220.500
256.344,109.203,185.522,219.191
258.631,113.421,184.967,217.805
260.095,115.456,184.334,214.885
262.858,121.500,183.046,214.002
264.314,126.436,181.207,213.688
265.533,135.471,179.088,212.049
265.071,144.266,176.724,210.736
264.067,152.342,174.669,209.541
260.434,157.389,173.259,208.725
253.935,162.917,173.619,207.940
243.490,166.391,173.281,206.767
224.897,168.639,171.241,204.694
206.142,170.259,169.603,201.541
187.312,170.489,167.709,197.962
175.430,170.825,166.268,194.416
165.775,169.627,165.421,191.117
153.882,167.970,164.920,187.798
143.133,166.768,164.277,186.809
135.486,164.372,164.302,186.928
131.398,159.087,164.848,187.667
125.877,158.221,164.993,187.385
121.519,156.773,164.394,187.983
120.597,152.286,162.853,187.992
120.423,149.567,160.811,188.332
116.798,144.913,158.660,187.779
112.681,139.812,156.822,186.854
111.038,134.044,155.845,186.134
109.135,129.231,156.133,185.045
106.513,126.809,156.761,183.170
103.476,126.077,157.523,181.400
102.079,121.771,157.852,180.037
100.027,117.223,157.342,179.578
100.015,113.563,156.399,178.137
103.235,115.130,154.254,176.854
108.067,114.510,151.387,175.859
115.128,116.147,148.895,173.901
123.334,116.379,146.915,173.019
132.181,116.776,145.258,172.271
138.855,117.992,144.891,170.966
145.222,119.810,145.191,169.363
153.083,123.755,146.209,166.790
162.880,126.403,146.961,163.580
175.305,129.970,146.453,161.001
187.554,130.552,145.767,158.778
198.722,131.069,144.594,158.724
207.497,130.578,143.209,158.180
215.835,130.012,142.013,156.744
223.781,131.576,140.839,155.271
231.590,131.681,139.700,154.082
239.280,131.394,138.676,151.973
249.705,131.604,137.192,150.343
261.645,131.039,135.870,148.573
272.232,132.021,135.436,147.319
281.931,134.478,135.641,146.471
291.236,134.846,135.708,145.972
299.126,134.717,136.243,145.503
322.297,133.809,134.937,146.076
329.587,135.039,134.414,146.337
353.259,127.540,131.995,146.699
360.451,131.232,129.942,145.863
369.578,133.275,128.682,144.926
392.558,127.205,127.528,143.423
396.580,131.496,126.494,141.093
400.853,134.988,125.263,138.642
405.039,134.621,124.395,136.656
406.313,133.249,123.714,135.254
407.750,131.894,123.710,134.402
409.426,131.914,123.343,135.738
408.275,130.977,123.069,136.962
405.026,132.146,123.072,137.665
401.957,130.429,122.152,138.391
398.834,131.517,122.386,138.186
394.015,133.364,123.929,137.342
386.832,135.404,125.554,135.855
380.056,136.960,125.669,135.785
371.817,138.824,125.323,135.707
362.164,140.062,124.138,135.105
353.781,141.291,122.958,133.705
345.629,144.051,122.620,133.239
338.188,145.072,122.667,132.861
333.242,147.327,122.720,132.528
328.404,149.092,122.403,132.449
322.699,152.272,122.414,132.212
318.723,152.924,122.388,132.028
312.341,155.193,122.347,131.833
308.055,154.449,121.974,131.896
303.095,154.322,121.276,131.623
297.668,152.216,121.024,131.347
291.492,150.709,121.173,131.210
285.542,148.621,121.437,131.555
280.593,145.469,121.803,131.831
277.554,140.444,121.907,132.980
272.943,135.580,122.271,134.121
268.225,123.403,123.536,133.536
266.003,122.953,123.924,133.959
262.939,122.329,124.281,134.171
260.845,120.235,124.325,135.086
258.407,117.646,124.730,135.849
256.337,115.856,125.424,136.082
254.735,113.880,126.546,135.925
254.626,112.184,127.354,135.243
254.692,111.515,128.480,134.035
256.053,110.757,130.135,132.790
257.829,111.215,130.926,131.668
260.591,111.471,131.999,130.730
262.010,112.772,133.676,129.777
263.224,113.936,135.001,129.299
263.599,114.421,135.993,129.051
266.098,114.193,136.286,129.484
269.469,113.774,136.924,129.411
272.820,112.987,137.373,129.528
274.726,113.739,138.414,129.137
274.268,114.917,138.642,129.830
272.377,117.088,138.758,130.056
270.432,119.081,139.492,130.133
268.008,120.169,139.985,130.939
264.387,120.654,140.349,131.850
259.540,121.582,140.823,133.058
254.717,122.796,141.386,133.652
250.117,123.974,141.439,134.991
244.988,123.340,141.398,136.887
239.824,123.031,141.706,138.306
234.875,122.825,142.293,139.398
231.735,122.664,142.315,140.457
228.453,123.820,142.019,141.154
225.564,123.904,142.414,141.644
223.334,123.765,142.599,141.717
220.625,127.126,143.105,140.703
220.641,127.702,143.119,141.187
222.287,129.511,143.370,140.501
224.624,130.427,143.356,140.204
227.582,131.948,143.674,140.272
231.059,132.932,143.940,140.127
235.148,134.783,144.587,140.186
239.002,135.036,144.201,139.755
242.014,133.487,144.211,139.858
244.477,132.885,144.182,140.074
247.476,130.192,144.368,139.983
249.593,116.365,145.185,138.466
250.960,118.459,146.105,137.134
253.062,118.680,146.679,136.592
254.155,119.130,147.494,136.214
255.450,119.890,147.509,136.042
256.246,121.796,147.723,135.688
254.306,122.189,147.832,136.424
252.297,137.029,146.385,138.136
248.318,136.521,145.136,138.726
242.577,137.313,143.812,139.098
223.510,138.038,144.659,138.607
219.486,139.900,145.099,137.434
216.892,141.433,144.668,137.084
214.785,154.865,143.979,138.674
210.747,152.948,144.528,139.724
206.069,152.667,145.119,140.587
201.890,153.832,146.139,140.804
199.554,154.939,146.534,140.508
196.630,155.895,147.560,140.451
206.717,159.076,146.125,140.753
201.787,160.799,145.548,141.581
197.872,160.731,146.049,141.520
193.805,160.483,146.787,140.674
189.902,161.453,147.793,139.744
186.782,161.779,148.234,138.994
183.995,161.147,148.763,138.179
193.850,163.185,147.168,138.757
189.665,163.104,145.654,138.919
185.161,163.523,144.533,139.105
181.501,164.570,144.389,138.408
189.967,166.208,142.253,138.665
183.899,167.499,141.786,138.823
179.446,167.628,142.282,137.923
189.166,168.858,141.127,137.967
184.247,170.011,142.343,137.401
193.331,171.893,141.349,137.257
188.496,173.089,141.474,137.162
186.058,172.009,142.428,136.397
195.542,173.136,142.285,136.132
202.971,174.535,140.413,136.587
197.429,175.719,140.543,136.579
195.014,174.434,140.895,136.012
204.694,175.191,140.070,135.955
198.531,175.039,141.154,135.636
206.575,176.039,139.961,135.993
200.990,175.851,140.491,136.559
197.004,174.308,141.075,136.157
204.765,175.793,139.622,136.139
198.794,174.913,139.476,136.642
194.455,174.255,139.258,136.455
203.356,174.276,136.875,136.762
197.987,173.312,136.122,136.900
192.072,173.446,136.582,136.021
200.109,173.154,135.221,135.669
194.128,173.214,134.697,135.022
189.290,171.144,135.446,134.524
200.603,181.863,133.292,135.399
195.084,176.457,132.335,135.884
188.995,172.201,133.695,134.986
197.914,171.519,132.527,134.528
191.339,169.332,133.416,133.869
200.239,168.925,131.867,133.941
193.330,167.085,132.663,133.449
201.922,166.714,131.005,133.048
194.965,164.722,131.883,132.713
161.874,163.618,136.328,132.706
161.253,161.751,140.580,133.452
160.387,160.982,143.985,134.012
160.043,159.159,146.923,134.921
158.467,157.328,149.558,135.931
157.998,156.624,151.926,137.070
157.678,155.351,153.760,137.809
156.745,155.569,155.466,138.637
156.483,155.461,156.297,139.702
155.730,156.367,157.599,140.874
156.320,165.877,158.472,144.967
155.749,164.195,160.319,146.768
157.398,163.329,160.834,147.819
158.922,172.873,161.953,151.589
161.908,169.108,162.450,153.111
165.226,168.238,162.846,154.308
179.065,179.708,163.326,158.915
176.741,176.404,164.124,161.282
176.014,173.224,164.536,163.274
175.350,172.367,165.523,163.998
174.404,171.788,165.904,164.916
173.538,170.256,165.911,166.303
172.407,170.724,165.794,167.249
171.395,172.286,165.734,168.537
169.886,173.624,165.931,169.874
168.859,175.781,166.100,171.293
166.607,178.971,166.289,171.673
164.033,179.818,166.494,172.309
161.988,181.205,167.062,172.156
160.389,181.829,167.550,173.303
158.638,183.386,167.997,173.999
156.373,183.738,169.427,175.016
152.917,181.704,171.102,176.725
151.961,182.938,172.014,178.033
150.938,182.096,172.741,179.619
149.972,181.147,173.583,181.817
149.096,180.006,174.558,183.865
146.753,179.484,175.723,185.359
143.207,178.899,177.368,186.789
141.733,179.636,178.128,188.602
139.428,179.766,178.607,190.491
136.051,179.306,179.835,191.736
133.312,179.260,181.000,192.687
130.966,178.016,182.007,193.818
129.642,177.449,182.238,194.722
127.528,177.258,182.208,195.899
125.716,178.561,182.378,196.724
123.594,179.250,182.522,197.844
119.819,180.670,183.102,198.944
117.186,182.202,183.881,199.956
116.124,182.732,184.051,201.119
118.370,183.800,184.025,200.882
139.406,187.916,184.519,200.851
153.901,191.369,184.639,200.952
153.318,193.607,184.509,200.317
168.751,195.880,184.744,200.652
167.469,198.097,184.892,200.654
185.758,201.205,184.724,200.563
185.399,204.790,184.453,200.203
186.730,204.261,184.575,200.443
185.539,203.983,185.140,201.209
182.615,203.008,186.398,203.756
180.453,215.822,185.401,211.309
174.403,206.348,186.728,218.798
168.279,196.376,188.615,225.468
162.074,190.771,191.184,230.373
155.491,187.011,193.312,234.325
152.556,184.837,196.008,237.467
150.366,183.874,197.961,240.318
171.135,183.985,202.232,242.018
168.633,188.028,203.945,243.282
167.839,187.916,204.504,242.858
166.123,185.415,207.173,240.979
166.688,169.041,210.916,236.166
168.892,181.384,212.132,231.510
173.949,192.288,212.165,225.898
179.444,201.597,212.363,221.270
182.432,210.268,212.544,215.517
204.654,215.693,208.901,212.573
197.205,222.087,207.357,209.682
195.618,244.708,204.845,213.351
196.091,234.922,201.824,220.906
191.110,205.181,198.987,224.308
186.145,179.287,198.924,226.310
160.111,178.804,199.225,227.634
156.794,174.317,200.189,230.624
154.307,122.515,201.899,227.785
153.196,106.139,203.486,223.478
127.169,117.572,204.956,217.516
128.653,121.153,206.562,213.686
129.963,124.264,207.759,211.208
132.797,129.967,210.028,209.662
135.525,138.176,212.981,208.572
140.662,147.836,214.457,206.750
148.983,154.154,214.367,206.294
156.802,157.808,213.960,207.128
165.058,162.032,212.439,207.392
174.322,162.626,210.161,208.154
184.611,161.752,208.476,209.423
192.569,159.831,207.080,210.283
199.908,155.939,204.328,211.203
206.676,150.838,201.561,211.661
213.397,143.436,198.183,213.481
220.094,137.780,195.678,211.614
231.700,134.473,194.862,207.401
244.056,134.448,193.894,203.247
252.800,137.564,193.599,199.575
259.355,145.692,193.000,197.213
261.897,155.275,191.235,196.991
257.599,165.557,188.419,196.066
251.651,172.923,185.064,195.482
240.312,177.065,182.711,194.074
230.522,177.189,180.088,193.063
225.150,172.433,178.780,192.428
218.391,168.012,178.838,192.571
212.019,166.901,179.100,191.752
209.934,166.803,179.065,190.378
216.192,173.931,178.965,189.227
224.815,187.118,180.051,188.304
228.403,199.666,181.517,187.566
229.450,208.306,181.958,188.554
228.613,210.962,182.426,189.524
226.580,212.864,182.845,190.726
226.135,214.810,183.396,191.275
229.444,215.291,184.111,190.906
233.305,215.480,184.734,191.208
236.135,213.366,184.306,192.141
236.752,208.785,183.310,192.225
235.437,202.768,181.225,191.651
233.627,190.685,179.794,191.709
232.751,182.957,179.419,191.758
233.983,173.234,178.922,191.944
233.844,165.840,178.997,191.962
231.223,158.360,178.419,191.213
228.200,148.704,177.259,190.304
230.335,138.300,175.883,191.499
237.977,125.822,174.280,191.239
241.943,120.347,174.135,191.349
243.189,117.584,173.669,190.732
243.774,122.657,172.911,189.302
246.670,131.020,172.592,189.051
245.755,136.352,171.615,187.734
246.189,140.860,170.572,187.045
251.426,144.128,169.536,185.808
260.156,143.701,168.521,185.890
267.897,143.349,167.782,185.565
274.343,144.332,167.067,185.181
280.614,143.892,166.186,183.362
277.497,140.957,165.531,180.982
270.102,142.613,165.808,179.898
265.757,142.867,165.402,178.986
266.507,142.007,165.753,179.135
265.594,139.658,165.420,179.437
260.922,135.045,165.667,179.572
