326.000,414.000,15.000,42.000
327.037,415.554,14.777,41.860
326.736,417.031,14.619,41.558
325.468,416.716,14.490,41.727
325.788,415.403,14.538,41.803
324.948,417.776,14.583,41.674
323.534,418.484,14.560,41.721
322.335,419.771,14.587,41.642
320.209,420.396,14.638,41.517
318.736,419.648,14.768,41.859
318.651,418.824,14.789,41.931
316.640,419.492,14.932,41.756
315.187,420.670,15.033,42.011
315.384,420.350,14.987,41.763
316.445,420.371,14.973,41.573
315.571,420.961,15.015,41.275
316.624,420.874,14.966,41.276
316.804,421.663,15.091,41.157
317.281,422.436,15.094,41.029
317.514,423.205,15.167,41.323
316.879,423.400,15.002,41.386
315.541,423.693,15.089,41.572
316.658,422.326,14.950,41.969
317.911,421.616,14.873,42.087
318.500,421.963,14.881,42.103
319.181,422.487,14.909,42.178
319.629,424.654,14.990,42.227
321.959,427.420,15.278,41.878
323.446,431.409,15.431,41.318
321.884,431.819,15.343,41.196
320.604,431.616,15.261,41.791
320.137,430.104,14.981,42.236
320.321,429.167,15.149,42.724
320.624,426.752,15.194,43.238
319.402,426.273,15.222,43.166
318.091,426.272,15.210,43.089
315.669,427.104,15.384,42.666
314.749,430.144,15.535,42.691
313.335,433.349,15.774,42.687
312.380,436.022,15.765,43.176
312.292,438.153,15.828,43.116
311.491,439.007,15.712,43.270
309.584,439.037,15.673,43.249
308.097,434.901,15.556,43.522
309.314,431.176,15.258,43.753
308.784,426.834,15.209,43.517
304.852,424.005,15.143,43.525
300.723,419.880,15.065,43.658
300.273,421.303,15.178,43.519
299.343,421.336,15.219,43.375
299.099,422.483,15.259,43.396
301.105,425.984,15.273,43.039
301.039,425.019,15.152,43.095
300.037,424.745,15.127,43.191
298.900,424.562,15.088,42.982
298.600,423.182,15.109,42.725
297.215,423.306,15.184,42.507
295.058,423.427,15.305,42.279
293.192,423.139,15.323,42.148
291.872,423.125,15.272,42.477
290.704,422.100,15.318,42.569
287.236,419.016,15.148,42.749
286.846,418.213,15.104,42.846
285.763,417.003,15.103,43.251
285.845,417.581,15.205,43.513
284.749,417.907,15.244,43.654
285.663,419.537,15.284,43.966
287.871,420.076,15.401,43.894
287.816,420.767,15.423,43.693
288.289,421.065,15.373,43.708
288.557,420.784,15.365,43.706
289.121,420.396,15.281,43.429
288.346,420.647,15.398,43.240
286.922,419.502,15.437,43.067
286.249,417.334,15.450,42.700
286.954,414.126,15.455,42.611
285.582,413.687,15.419,42.392
285.723,411.493,15.265,42.603
285.276,409.440,15.194,42.668
284.661,405.938,15.079,43.299
283.640,401.473,15.072,43.727
282.369,397.334,15.034,44.068
282.721,392.988,14.958,44.556
281.765,389.760,15.020,44.773
280.622,386.089,14.858,44.533
279.558,383.954,14.961,44.403
279.225,383.068,15.070,44.749
278.899,381.848,15.173,44.875
277.893,378.046,15.205,45.022
278.169,375.485,15.252,45.382
278.342,375.030,15.294,45.054
277.777,374.665,15.321,44.937
279.846,374.443,15.398,45.039
279.263,374.932,15.481,45.248
279.409,375.474,15.383,45.416
279.786,375.568,15.421,45.969
280.561,377.167,15.515,45.912
279.510,379.021,15.577,46.150
279.509,381.471,15.805,46.065
280.220,382.720,15.927,45.777
278.661,382.883,16.178,45.454
279.458,382.608,16.173,45.439
277.854,383.121,16.252,45.223
277.342,382.966,16.305,44.956
275.660,383.449,16.409,44.985
274.021,383.838,16.418,45.021
271.999,383.831,16.395,45.138
268.808,383.689,16.483,45.414
266.258,383.698,16.414,45.734
265.371,382.464,16.310,45.864
262.701,383.000,16.311,45.724
262.965,382.905,16.283,45.851
262.508,384.171,16.390,45.720
261.994,385.009,16.362,45.536
261.664,384.892,16.357,45.393
261.905,384.805,16.397,45.150
261.117,385.094,16.360,44.893
260.463,385.450,16.331,45.059
260.731,386.064,16.228,45.279
260.415,385.896,16.226,45.237
259.696,384.796,16.123,45.067
259.600,385.390,16.134,45.451
259.273,385.075,16.153,45.412
259.038,386.434,16.212,45.698
259.806,387.389,16.227,45.632
260.753,389.934,16.334,45.707
261.307,392.191,16.326,46.046
262.315,393.931,16.431,45.640
261.861,394.860,16.405,45.229
261.786,395.957,16.585,44.848
262.535,396.524,16.450,44.662
262.371,396.477,16.492,44.408
262.382,396.341,16.429,44.137
262.832,395.765,16.228,43.928
263.133,395.243,16.085,44.022
263.611,394.225,15.986,44.176
262.659,393.099,15.809,44.324
262.978,393.161,15.854,44.596
263.256,392.488,15.919,44.759
262.091,393.620,15.951,44.736
260.727,394.738,16.076,44.333
260.456,395.272,16.169,44.422
260.253,395.209,16.200,44.554
260.026,395.364,16.286,44.695
258.867,395.295,16.348,44.722
258.543,394.511,16.406,44.304
258.312,392.890,16.278,44.089
257.449,393.194,16.237,43.974
255.552,392.075,16.088,44.109
254.873,390.644,16.006,44.293
253.676,387.950,15.898,44.222
251.168,388.449,16.035,44.270
250.251,386.278,16.041,44.455
247.901,384.570,16.113,44.617
245.565,382.272,16.295,44.981
241.518,378.449,16.106,45.032
239.337,376.758,16.279,44.767
238.125,378.275,16.187,44.815
237.795,383.675,16.471,44.860
234.882,387.168,16.540,44.707
234.349,390.442,16.726,44.136
236.450,392.769,16.810,44.681
242.573,398.097,16.952,44.499
248.679,399.360,17.291,43.795
255.185,398.185,17.206,43.931
265.184,396.552,17.037,43.992
274.426,397.318,17.334,43.962
279.051,397.415,17.292,44.067
278.243,395.831,17.238,44.772
276.350,389.980,17.475,45.453
276.284,384.010,17.602,45.387
275.528,381.860,17.759,45.247
270.386,385.432,18.169,45.108
262.297,390.349,18.058,44.821
250.687,394.764,17.997,44.478
241.683,394.287,18.187,44.183
237.762,390.646,18.053,44.272
233.718,385.763,18.252,43.773
229.652,381.728,18.184,43.407
223.250,381.289,18.384,43.535
218.117,382.050,17.886,45.275
214.133,385.946,17.430,45.504
210.501,386.499,17.220,45.268
206.377,386.901,17.020,45.972
201.827,389.972,16.977,46.015
197.719,394.253,16.836,45.595
193.927,392.694,16.607,45.750
192.308,392.803,16.686,45.681
191.053,393.348,16.595,46.013
188.169,397.093,16.490,46.070
187.057,399.368,16.512,46.504
186.216,400.816,16.391,46.760
185.861,399.179,16.393,46.513
186.620,400.920,16.245,46.428
187.621,399.022,16.172,46.543
190.434,400.671,16.301,46.277
193.822,401.033,16.517,45.774
196.747,399.411,16.502,46.057
200.725,394.827,16.327,46.482
202.050,391.461,16.460,46.776
203.825,390.816,16.623,46.447
207.489,389.213,16.760,46.869
208.045,390.279,17.125,47.122
211.115,394.087,17.604,47.135
214.733,395.924,17.755,47.374
217.837,397.471,18.294,47.393
218.841,394.953,18.283,48.047
219.804,393.786,18.323,48.512
219.679,393.016,18.600,48.347
214.998,393.790,18.804,47.837
210.501,395.710,19.026,47.851
209.033,396.923,19.049,47.841
207.906,398.559,19.260,47.510
206.928,400.252,19.021,47.687
205.656,402.489,18.831,47.756
204.564,402.699,18.520,48.013
205.835,403.223,17.921,48.297
206.261,406.721,17.505,48.489
205.190,406.312,17.122,48.706
207.090,404.696,16.865,49.231
210.861,405.174,16.752,49.330
211.668,404.466,16.412,49.601
212.454,402.924,16.203,49.816
212.874,403.085,16.106,49.858
214.654,404.758,15.902,49.733
216.501,404.066,15.978,49.481
217.302,404.081,16.286,48.905
217.818,406.168,16.726,48.674
219.004,408.924,16.998,49.466
218.715,411.434,17.400,49.699
218.096,414.719,17.769,50.324
219.460,417.798,18.480,50.768
218.702,421.715,18.922,51.369
215.925,423.547,19.512,51.968
214.215,425.860,20.036,52.325
210.155,427.670,20.533,52.621
209.907,432.462,20.832,53.129
208.208,430.674,20.944,53.942
206.749,428.596,20.937,54.664
207.761,427.065,20.884,55.919
208.554,424.819,20.921,56.456
208.604,422.427,20.678,57.575
209.569,421.772,20.541,58.370
209.235,420.593,20.335,59.305
209.282,419.917,20.418,59.986
209.802,418.320,20.245,60.809
209.699,418.798,20.562,61.060
209.719,420.129,20.997,61.187
210.446,422.304,21.411,61.510
211.641,424.163,22.119,61.623
212.691,425.851,22.640,61.450
214.359,427.839,22.920,61.462
219.911,427.688,22.927,61.811
220.919,429.325,22.972,62.806
221.108,430.199,22.982,62.768
222.257,431.714,23.236,63.887
223.978,434.654,23.572,64.729
222.986,437.394,23.953,66.053
222.062,438.852,24.508,67.721
220.191,439.338,25.367,69.417
217.663,441.824,26.026,71.804
214.600,443.603,26.940,73.873
210.880,442.705,27.613,76.488
209.268,443.303,29.300,77.603
209.517,442.612,30.516,79.070
207.322,442.143,31.701,80.765
205.527,443.379,32.515,82.690
203.280,443.555,32.502,84.525
201.693,444.076,32.707,85.510
201.723,441.377,33.197,86.876
202.313,436.928,33.321,88.453
201.819,432.346,32.882,88.951
200.760,427.588,31.196,91.181
199.677,422.089,30.687,91.341
198.078,417.297,29.531,92.773
196.308,412.401,29.100,93.040
195.375,408.386,28.776,93.939
195.982,408.542,28.861,93.504
198.225,408.772,29.136,92.863
199.183,411.041,29.437,92.127
202.216,409.368,29.366,92.963
203.940,409.440,29.218,93.172
204.914,408.167,29.042,93.417
203.697,409.704,29.305,93.673
202.761,409.799,29.234,94.313
201.829,409.054,29.231,94.651
200.820,407.112,29.560,94.418
195.302,410.376,32.529,90.810
182.003,412.888,33.973,90.466
177.350,416.938,34.180,91.814
168.244,415.609,33.795,94.383
165.793,415.820,34.312,96.325
160.799,419.227,35.717,96.649
149.749,418.001,36.647,96.994
146.693,420.058,37.531,96.805
145.591,422.255,38.158,97.297
146.568,425.108,38.753,97.146
147.526,427.285,39.280,96.831
147.553,429.429,39.178,96.936
150.823,431.930,39.166,96.878
156.040,433.514,38.803,97.493
161.556,434.600,38.599,97.041
165.485,433.650,37.664,97.787
169.389,434.805,37.482,97.940
172.659,437.537,37.401,98.271
173.433,440.575,37.222,97.794
174.017,443.034,37.211,97.549
174.799,445.409,37.192,97.152
173.650,444.287,36.724,97.329
175.610,445.824,36.776,97.395
176.572,443.112,36.378,97.408
174.374,438.620,36.094,97.925
172.199,432.886,35.492,99.128
164.005,422.926,34.894,100.183
162.240,417.268,34.665,100.796
162.618,414.163,34.955,99.504
162.094,410.766,35.053,98.956
170.019,411.843,35.933,97.503
178.923,416.941,36.644,97.277
188.314,420.195,36.720,97.807
192.695,420.332,37.930,96.940
204.346,422.503,38.262,97.598
213.487,429.706,38.819,98.630
217.710,432.216,39.202,97.911
221.951,436.741,40.316,97.012
227.405,438.649,41.210,95.926
233.493,436.383,41.631,95.163
239.360,435.809,41.773,94.640
244.092,432.047,41.179,95.000
247.234,427.828,40.448,95.534
249.494,423.396,39.682,96.403
253.501,421.935,38.884,96.740
256.463,419.304,38.158,97.471
256.361,417.194,38.057,97.655
255.970,416.550,38.066,98.246
255.842,416.425,37.982,98.862
258.684,419.054,38.101,98.707
257.391,421.358,38.186,98.482
254.093,419.379,37.897,98.988
253.772,418.477,37.859,99.109
250.798,415.833,37.575,99.331
249.823,413.830,37.608,99.278
250.846,412.356,37.680,99.280
252.849,409.297,37.952,98.477
257.083,408.962,38.012,98.525
254.367,408.211,37.742,98.642
252.997,408.743,37.749,98.428
252.287,409.862,37.988,98.911
250.756,406.244,37.874,99.799
251.115,401.034,38.011,100.554
249.786,397.604,38.052,101.968
247.867,393.219,38.049,102.509
247.648,391.638,38.599,102.794
247.781,389.244,39.057,102.776
248.907,384.236,39.278,103.433
250.662,377.982,39.412,102.845
254.380,373.463,39.871,101.617
257.675,372.434,39.902,101.598
257.235,371.460,39.533,102.348
256.631,370.207,39.312,102.220
258.093,369.334,38.995,101.751
260.771,370.581,38.695,101.620
261.664,372.993,38.416,102.565
263.034,374.583,37.944,103.549
263.060,374.750,37.635,104.387
263.784,377.108,37.670,103.950
261.771,384.309,37.779,104.571
261.240,391.467,37.899,104.571
257.655,395.722,37.898,103.943
255.854,399.461,37.880,104.030
254.744,402.425,37.986,104.160
252.971,401.983,38.349,104.849
254.154,401.297,38.708,104.583
257.863,402.896,39.133,104.853
257.812,403.602,40.110,105.814
257.622,401.052,40.801,106.464
257.756,400.992,41.928,107.340
258.628,402.230,42.840,109.014
260.526,396.581,43.574,111.600
264.071,395.281,44.158,112.757
261.480,398.374,45.345,114.487
259.611,401.072,46.376,115.943
259.552,399.721,47.093,117.081
258.466,398.073,48.255,118.914
252.973,397.238,49.213,120.828
252.359,395.280,50.073,122.266
254.029,396.034,51.135,124.172
252.214,395.889,51.558,125.054
250.611,396.585,52.470,127.114
251.415,397.727,53.262,129.649
247.105,396.555,53.603,132.179
246.742,395.455,54.244,134.403
246.687,395.653,54.848,138.083
244.069,393.301,55.360,141.526
244.269,395.780,56.159,144.793
247.658,401.460,57.301,148.612
248.271,409.683,58.873,150.532
245.846,412.198,59.795,152.567
247.005,414.882,60.591,153.887
246.450,424.079,61.460,155.198
247.749,431.534,62.216,154.978
247.417,437.038,62.486,155.442
242.886,435.990,63.297,156.083
238.098,432.198,63.745,157.542
233.341,426.714,64.571,158.969
228.430,422.354,64.995,160.592
223.361,411.043,64.632,162.269
219.327,395.190,63.902,163.496
214.226,384.861,63.678,164.613
216.381,373.303,63.949,167.040
217.174,373.055,64.560,168.824
218.270,373.106,65.001,170.441
222.320,373.213,65.467,170.485
221.318,373.722,65.819,170.366
221.432,376.271,66.288,170.036
223.231,379.048,66.464,169.647
224.941,382.711,66.298,170.989
225.693,381.887,66.728,171.890
225.887,380.167,66.756,172.902
226.369,376.664,67.235,172.364
225.246,375.651,67.533,172.821
224.625,375.608,67.350,173.913
226.577,375.531,67.929,173.716
227.853,375.695,68.533,174.009
231.381,387.643,68.715,175.225
235.054,399.561,69.383,176.636
236.197,408.618,69.855,177.381
237.649,412.706,70.344,176.464
237.582,412.583,70.673,176.029
239.799,416.725,71.180,175.617
235.616,412.710,71.822,173.887
230.534,410.441,72.134,173.071
217.821,411.603,71.897,174.035
214.776,402.106,71.340,175.851
212.325,391.998,71.458,179.157
212.476,387.001,71.611,181.381
213.478,381.302,71.589,181.816
211.194,379.087,71.940,181.634
212.510,380.055,71.255,182.178
213.849,381.215,70.772,182.638
213.649,383.370,70.586,182.510
216.740,391.633,69.306,182.837
217.808,392.423,69.048,180.951
220.610,394.475,68.269,179.748
229.772,395.531,68.518,177.068
231.334,395.683,67.041,176.906
233.117,397.167,66.343,175.639
232.769,398.224,64.977,174.247
231.866,392.385,63.702,173.387
229.864,386.791,62.988,171.378
228.552,384.638,62.475,168.571
226.042,383.329,62.082,167.913
223.555,381.271,60.897,166.359
219.449,383.011,61.118,162.675
215.371,383.277,60.285,160.166
211.262,382.763,59.468,157.827
209.202,383.195,58.309,157.089
208.716,385.745,57.284,155.434
208.348,386.885,55.998,153.745
207.537,388.321,54.665,152.419
206.575,387.857,53.317,152.288
205.375,385.040,52.371,152.414
206.115,382.608,51.401,153.147
206.389,378.332,50.785,152.907
206.639,377.548,50.498,152.368
207.371,378.415,50.577,151.210
207.538,382.728,50.708,149.756
207.319,382.719,50.073,150.252
209.348,381.520,50.007,151.409
210.312,380.462,49.701,152.019
211.839,385.177,49.626,154.710
214.138,383.198,49.688,156.768
215.093,384.072,49.509,158.263
216.606,383.179,49.808,159.378
217.651,384.906,49.932,160.366
226.718,386.334,49.830,159.324
227.400,386.818,49.456,162.419
229.510,387.418,49.291,162.773
232.168,388.625,49.383,162.529
233.462,395.226,48.755,166.292
235.994,394.374,49.073,166.204
236.211,395.509,49.187,165.619
237.960,401.013,48.792,168.146
237.730,399.070,48.740,169.609
238.199,404.489,48.487,171.275
238.952,401.776,48.224,173.290
239.618,403.605,48.264,174.453
240.765,405.309,48.386,174.456
241.720,408.254,48.644,173.476
241.889,409.879,48.607,172.878
241.628,411.278,48.488,171.989
241.230,413.868,48.420,171.508
240.171,416.294,48.669,169.771
240.226,417.182,48.615,168.714
239.969,411.765,48.832,167.653
240.666,408.514,48.555,167.190
241.828,406.096,48.311,166.521
241.520,400.127,48.432,166.487
240.676,395.432,48.456,165.004
242.238,392.359,48.914,162.334
242.187,394.604,48.823,160.920
242.619,392.151,49.300,157.421
243.989,394.230,49.067,155.524
245.412,392.091,49.275,152.930
247.194,396.221,49.030,151.053
249.195,393.122,48.934,148.726
249.964,393.202,48.565,147.059
252.156,390.055,48.208,143.772
253.227,394.681,48.018,141.838
253.621,396.220,47.577,140.626
253.999,394.544,47.782,138.153
254.282,399.195,47.233,136.399
254.962,400.545,46.606,135.636
254.759,405.318,45.701,134.091
253.417,409.837,44.912,132.300
252.411,413.537,44.230,131.487
250.424,419.372,43.472,129.912
245.643,423.681,43.791,127.608
236.155,428.053,43.357,126.493
233.236,430.328,43.411,123.461
230.962,434.355,43.359,120.775
227.974,438.314,43.560,118.871
225.500,440.367,43.581,116.273
224.938,440.181,43.062,114.449
222.347,445.764,42.718,113.509
220.401,444.817,42.377,113.013
220.386,444.777,41.983,113.056
221.628,444.769,41.657,113.392
222.417,444.405,41.463,113.632
222.465,446.612,41.320,113.668
222.178,446.388,41.577,112.720
222.287,447.273,41.765,112.452
221.722,450.374,41.826,111.492
225.636,448.415,41.707,110.083
227.385,451.416,41.722,109.978
227.701,450.948,42.037,110.048
229.142,451.631,42.140,110.196
228.975,450.271,42.605,109.582
230.022,449.298,42.774,109.226
230.828,454.175,42.790,109.743
229.985,453.202,42.933,109.558
231.262,452.598,42.919,110.239
229.837,451.882,42.961,110.566
231.009,453.783,42.767,112.248
231.677,454.451,42.829,112.725
232.072,452.536,42.787,112.970
234.357,454.186,42.577,113.959
236.221,455.463,42.449,114.959
238.195,454.201,42.820,114.367
238.851,454.453,42.556,114.099
236.592,452.921,42.824,112.543
228.418,452.020,42.716,111.668
227.139,449.746,42.461,110.498
233.006,446.277,42.966,109.895
240.440,442.636,42.827,109.989
243.875,439.733,42.315,110.177
242.928,439.511,42.087,110.701
241.679,443.910,41.674,111.551
243.124,449.245,41.127,112.655
242.084,451.169,41.184,112.434
240.588,452.950,41.342,112.180
239.505,451.959,41.638,111.620
238.260,447.595,42.100,111.912
244.437,444.215,42.678,112.078
246.155,442.546,42.726,112.916
248.095,439.439,42.794,113.286
250.032,436.777,42.997,112.860
251.698,435.142,43.545,112.542
254.219,433.410,43.803,112.569
256.207,432.266,43.855,112.532
258.131,431.684,43.455,113.803
257.960,430.387,43.328,115.229
258.262,428.398,43.103,116.268
257.787,426.530,43.252,116.826
259.411,425.950,43.270,118.112
260.876,424.044,43.116,118.532
262.362,426.432,42.952,119.843
262.509,427.031,42.657,120.715
260.692,430.672,42.688,122.510
259.365,433.145,42.488,123.278
258.775,434.137,42.506,123.369
256.354,431.627,43.393,121.611
252.912,434.027,44.090,120.814
248.236,433.045,45.009,119.233
243.841,430.225,46.222,117.035
239.972,430.675,46.367,116.720
235.972,430.106,46.153,117.647
233.658,429.135,46.023,119.403
232.587,427.798,46.121,120.637
233.603,426.606,45.696,121.918
233.444,426.580,45.541,122.717
234.625,425.057,45.769,123.286
235.890,426.091,45.678,124.510
238.358,427.219,45.627,126.299
244.081,426.587,46.365,125.940
242.658,425.104,46.857,125.845
243.640,425.266,46.737,126.093
243.362,426.492,46.851,125.592
241.804,426.845,47.119,125.019
240.636,428.662,47.187,124.317
239.867,429.787,47.042,124.160
239.135,436.523,47.254,124.875
239.648,438.557,47.145,125.436
238.237,439.217,47.477,125.445
236.406,442.357,47.649,125.304
233.961,449.545,48.090,125.432
234.484,454.879,48.002,126.690
235.198,454.598,47.531,129.019
235.385,455.796,47.273,130.525
234.908,454.061,47.831,129.531
235.494,454.960,47.857,129.699
236.405,452.865,48.371,129.102
238.430,451.515,48.862,127.915
240.611,456.427,49.622,126.413
241.652,454.500,49.482,125.236
240.555,456.720,49.555,124.010
239.542,462.046,49.309,124.252
240.176,462.535,48.787,126.562
240.561,467.923,48.412,127.548
241.172,469.684,48.132,128.138
240.871,471.275,48.253,126.921
240.343,472.618,48.656,125.323
240.803,481.010,48.022,125.497
241.480,483.629,47.402,125.637
241.523,487.207,46.866,125.284
242.320,490.535,46.404,124.881
242.054,493.677,46.071,124.369
240.756,495.228,45.877,124.146
241.150,496.312,45.580,123.400
241.077,496.880,45.453,122.074
238.958,495.211,45.404,121.965
235.152,495.565,46.097,120.566
231.787,495.627,46.646,120.078
229.853,494.842,46.317,120.743
229.326,493.884,46.135,122.284
230.268,492.595,46.078,123.575
232.380,490.285,45.632,125.622
234.326,490.089,45.782,127.949
235.295,488.953,45.970,128.685
236.502,487.195,46.571,130.244
236.871,486.264,47.426,130.278
236.987,487.389,48.269,129.859
236.188,491.417,48.675,129.516
236.504,489.551,49.707,128.283
236.861,488.857,51.093,126.098
236.473,491.487,51.965,125.217
237.053,494.559,52.288,125.067
236.185,498.006,52.402,126.148
234.719,498.410,52.542,127.355
235.063,496.961,52.989,128.291
236.091,496.308,52.846,130.014
235.441,499.914,53.038,130.582
235.409,500.777,53.039,131.131
236.277,502.604,52.901,131.141
235.968,504.252,52.564,130.190
236.154,506.031,52.301,128.515
236.933,505.929,52.070,126.915
237.451,509.095,51.678,125.946
238.216,510.390,51.348,125.791
238.809,510.593,51.107,125.530
239.186,510.683,51.068,125.068
239.029,507.717,51.309,124.449
239.704,506.044,51.524,123.510
239.652,506.658,51.798,123.162
240.126,506.234,51.766,122.946
239.384,507.547,52.002,122.803
239.101,507.015,52.192,122.854
239.019,504.152,52.446,122.884
239.413,503.879,52.975,123.425
238.590,501.024,52.753,124.875
237.821,495.080,53.591,125.730
238.945,492.147,54.016,127.126
238.104,487.793,54.382,128.141
237.121,481.179,54.761,129.338
236.206,477.633,54.683,129.611
235.875,475.173,54.771,130.071
235.258,474.799,54.847,131.483
235.895,476.410,54.800,134.032
238.607,470.208,54.934,135.614
246.812,471.327,54.570,137.390
247.158,472.099,54.823,139.107
247.943,473.342,55.231,141.714
250.548,473.667,55.151,143.496
252.579,470.608,55.356,144.271
255.303,470.741,55.212,144.913
256.029,469.072,55.563,144.550
255.583,469.600,56.055,143.524
257.211,468.572,56.168,142.757
258.594,467.778,56.146,141.177
260.530,467.525,56.264,140.684
261.031,469.837,56.801,139.429
261.146,470.209,56.885,138.995
261.913,471.261,56.950,138.565
261.542,472.286,57.159,137.019
261.846,474.153,57.191,135.198
262.682,476.941,56.982,132.467
262.763,479.730,56.869,129.328
261.740,481.427,57.133,125.242
260.477,481.958,57.219,121.231
258.840,484.521,57.461,117.473
257.766,484.971,57.403,114.441
256.846,483.959,57.128,111.789
256.009,484.024,57.211,108.649
254.832,483.167,57.505,105.815
255.444,480.338,57.151,103.440
254.938,480.017,57.445,100.506
254.789,479.711,57.631,97.909
255.434,479.448,57.556,95.531
255.694,480.425,57.606,93.091
256.294,484.212,58.564,89.246
248.346,489.267,59.049,86.215
247.634,494.307,59.266,82.627
246.711,497.571,59.135,79.546
